55.281586,55.1833,55.61268,55.526955,55.4199,55.496216,55.219032,55.363968,55.22403,55.335518,55.51029,55.589367,55.876225,55.559925,55.825474,54.926212,55.304527,55.211266,55.50659,55.609066,55.534435,55.715603,55.927364,55.711082,55.97098,55.796684,55.806973,55.46875,55.68348,56.030445,56.06931
58.825775,58.65532,58.954216,58.691025,59.107773,58.762615,58.651737,58.728848,58.83095,58.82335,58.536697,58.83607,59.179585,59.3256,59.222782,59.000656,59.032177,58.99836,59.131382,58.911728,59.342213,59.285393,59.429035,59.21232,59.105965,58.915657,59.38934,58.960518,58.91512,59.550335,59.389366
44.91386,44.520935,44.542038,44.828297,44.87075,44.799305,45.171772,44.840473,44.48459,45.10033,45.119625,45.1809,44.863857,44.9981,44.572914,45.07123,44.885124,45.06467,44.991776,45.045563,44.956154,45.156277,44.942284,44.805397,45.008495,45.40119,45.11463,45.231026,45.072624,45.02363,45.191406
54.429874,54.08758,54.460976,54.545124,54.908577,54.854576,54.69021,54.837517,54.395603,54.632236,54.36376,54.677032,54.942238,54.68948,54.68447,54.757248,54.522293,54.606903,54.679745,54.3564,54.93297,54.86382,54.86205,55.03076,54.559975,54.521263,55.134506,54.816753,54.65899,55.03334,54.723076
54.077515,54.030365,54.039307,54.52506,53.963676,53.994698,54.237564,54.100945,53.95074,54.36916,54.34336,54.369648,54.302998,53.891914,54.340153,54.00393,53.964634,54.221684,54.191555,54.475204,54.58975,54.501083,54.38512,54.25997,54.373356,54.203705,54.307186,54.636856,54.746986,54.482807,54.34575
48.597404,48.14868,48.6159,48.685616,48.580574,48.676353,48.616512,48.808224,48.597942,48.301342,48.619614,48.95092,48.630154,48.873596,48.44246,48.93744,48.902313,48.761135,48.591934,48.741234,48.766308,48.73121,48.867046,48.716393,48.844887,49.079697,49.229984,48.81593,48.684616,49.088997,48.786396
44.298416,44.3847,44.095856,44.278057,44.373093,44.071938,44.58989,44.326595,43.997395,44.40375,44.01577,44.433506,44.60037,44.387302,44.696377,44.564884,44.701614,44.7927,44.577225,44.88873,44.60471,44.683258,44.623085,44.580994,44.80345,44.467674,44.78112,44.670547,44.34303,44.38781,45.143333
47.143658,47.163235,47.14048,46.92325,47.010986,46.946724,47.180138,47.13116,47.089973,47.440502,47.18089,47.402,46.900925,47.28873,47.332054,47.099377,47.231903,47.54596,47.500786,47.29054,47.264217,47.51343,47.384983,47.20601,47.34554,47.562515,47.344925,47.64177,47.30425,47.33143,47.47494
40.392506,40.781116,40.29489,40.53722,40.45674,40.26786,40.582455,40.52323,40.307,40.713356,40.202793,40.595253,40.944622,40.590336,40.787632,40.563755,40.672268,40.80939,40.63438,40.761375,40.79928,40.941143,40.90999,40.78617,40.863045,40.34202,40.612648,40.918564,40.52835,40.680008,40.937622
44.66075,44.549316,44.98477,45.1819,45.03147,44.648308,44.966953,44.624886,44.71557,45.107174,45.315784,44.989445,45.07384,44.746376,45.17782,44.910862,45.087135,45.058815,45.228386,45.311874,45.25287,45.02309,45.32367,45.167587,44.899837,44.80786,45.440697,45.093105,45.203983,45.026905,45.300365
53.04979,53.167347,53.408348,52.769077,53.166817,53.13341,53.260216,52.915367,53.16002,53.48545,53.330326,53.205215,53.125187,53.175713,53.658897,53.124813,53.34802,53.447956,53.53787,53.42237,53.483746,53.738094,53.398624,53.524902,53.192314,53.512062,53.522144,53.602062,53.786556,53.380737,53.650146
44.729927,44.872444,44.783478,45.13922,44.616753,44.956112,44.85548,44.953743,44.921688,44.83405,44.999866,45.09071,45.14236,45.025284,45.061684,45.124245,44.94133,44.92572,44.913155,45.196167,45.06525,44.794838,45.10336,44.989655,45.38075,45.225143,44.996853,45.383152,45.45835,45.37385,45.26905
46.761448,46.85725,47.040855,46.401184,47.036057,46.838436,47.029472,46.78839,47.157204,46.770046,47.01067,47.119297,46.962627,47.126587,47.046337,47.367176,47.690395,47.029137,47.08484,47.155216,47.090008,47.393253,47.483288,47.70031,47.151222,47.36207,47.682163,47.037605,47.279545,47.452133,47.484646
45.728657,45.755077,45.545364,45.467342,45.84977,45.55846,46.220272,45.714157,45.615223,45.95283,45.847153,45.959206,45.61689,45.804928,45.815983,46.36798,46.116627,45.935776,46.00265,45.991135,46.024803,46.223927,46.173267,46.125343,45.928917,46.13517,46.055817,46.215664,46.073082,46.14252,46.264065
49.582134,49.570396,49.512047,50.012943,49.57897,49.415897,49.658955,49.76439,49.49556,49.81255,49.547905,49.915592,49.786903,49.65358,49.868355,49.46328,49.753574,49.914703,49.671894,50.09107,50.124897,50.022358,50.051525,49.586525,50.052628,49.791855,49.91662,50.079746,49.597908,50.06325,49.838562
61.282986,61.420673,60.908707,60.98586,61.53232,61.378464,61.294228,61.54508,61.594753,61.666283,61.182922,61.31085,61.306103,61.32338,61.859776,61.09595,61.473114,61.3422,61.420086,61.56288,62.09078,62.17526,61.886673,61.7976,61.91467,61.719124,61.442833,61.72061,61.613995,62.476856,61.626167
50.29126,50.520786,50.51268,50.761044,50.590164,50.3498,50.74379,50.407536,50.49539,51.08116,50.635235,51.298393,50.93548,51.019676,51.033802,50.478477,50.787468,50.785282,50.664383,51.018494,51.135708,50.920055,51.46369,50.81733,51.359055,51.019295,51.09584,51.027847,50.627808,51.41106,51.313618
47.56102,47.566055,47.51773,47.751743,47.72268,48.06367,48.111122,48.08087,48.10372,48.094566,47.95868,48.018864,47.822464,47.994877,48.278816,48.211384,48.31511,48.53627,48.115494,48.37942,48.449383,47.886482,48.1967,47.95974,48.60105,48.324326,48.176613,48.40719,47.96354,48.29299,48.207905
43.395493,43.48126,43.496803,43.62916,43.355026,43.096268,42.981415,43.159126,43.52253,43.48577,43.597652,43.88125,43.49534,43.831764,43.16551,43.391914,43.2736,43.397644,43.65464,43.582436,43.282837,43.167355,43.708424,43.51245,43.60311,43.911392,43.735836,43.633156,43.72318,43.76979,43.786724
46.921215,46.923946,46.860092,46.87419,47.11592,47.085663,47.175674,46.914543,46.836987,47.379852,46.924664,47.251038,47.36551,47.2348,47.28534,46.922577,47.03826,47.423637,47.205177,47.210094,47.501354,47.529118,47.383766,47.241463,47.43194,47.184402,47.39925,47.23807,47.270454,47.340748,47.55841
49.161243,49.03608,48.94001,49.229103,49.19912,48.77494,49.113308,48.932045,48.941025,49.106373,49.14381,49.315224,49.342793,49.402294,49.03291,49.49054,49.410904,49.11426,49.3227,49.411724,49.241833,49.250813,49.52027,49.410736,49.38275,49.353836,49.566376,49.368763,49.45571,49.575485,49.731228
52.56379,52.52975,53.022865,53.005,52.74031,52.70899,52.50291,52.72105,52.81324,52.689014,52.813442,52.887997,53.08478,53.077206,52.964222,52.609474,52.935898,52.923958,53.023,53.049046,52.902443,52.77537,53.22381,52.985077,53.22332,53.070778,53.320423,52.925537,52.803936,53.09565,53.218925
49.108543,49.188194,49.186676,49.425995,49.321648,49.02295,49.18849,49.141415,49.38563,49.129814,49.184826,49.341938,49.539272,49.46736,49.52925,49.673367,49.610416,49.327255,49.371613,49.551632,49.77352,49.540623,49.783737,49.84175,49.652275,49.254807,49.92031,49.451347,49.748077,49.96054,49.898205
41.993004,41.528774,41.79254,41.87037,41.926003,42.194786,42.236004,42.09321,41.944874,42.211983,42.255043,42.49264,42.191944,42.38777,42.18042,42.38223,42.364223,42.63036,42.281933,42.162678,42.278763,42.191563,42.16524,42.254547,42.375633,42.36705,42.666534,42.426594,42.428062,42.298016,42.555843
54.29017,54.20809,54.31437,54.45336,54.443268,54.4011,54.014755,54.37667,54.602962,54.289577,54.281605,54.20449,54.698883,54.697163,54.44789,54.59387,54.431618,54.478443,54.57208,54.415466,54.70921,54.56448,54.416058,54.873367,54.524002,54.484886,54.91424,54.641037,54.943306,54.844315,54.741657
37.080025,37.492218,37.092728,37.53287,37.15148,37.490665,37.26379,37.5127,37.688007,37.55268,37.487267,37.741493,37.639824,37.521694,37.87493,37.320267,37.66895,37.4929,37.160362,37.850407,37.95288,37.611412,37.73265,37.54441,38.032143,37.728813,37.545094,37.92308,37.91146,38.304115,37.67383
42.729286,42.74369,42.571487,42.553135,42.98858,42.674015,42.584038,42.565502,43.022606,43.00167,43.092987,42.88121,42.84281,42.47906,43.077557,42.751526,42.86636,43.048058,43.216415,43.093975,43.17282,42.86473,43.175854,43.32345,42.795013,42.615158,43.07394,42.798805,43.29129,43.059265,43.011673
46.42843,46.340874,46.587074,46.564484,46.61908,46.69332,46.64475,46.47969,46.659924,46.789906,47.09382,46.75198,46.757885,46.54639,46.93067,46.634792,46.87835,46.771404,47.011803,46.920925,46.81779,46.548904,47.1296,46.910088,46.935673,46.750565,46.873966,46.817978,47.080807,46.97071,46.972572
51.65531,51.6439,51.392754,51.552616,51.889824,51.632523,51.503376,51.55055,51.890587,51.816628,52.028694,51.629734,51.756344,51.26509,52.345234,51.41142,51.903408,51.64748,52.024467,52.229908,52.22881,51.95416,52.240246,52.250404,52.101727,51.689003,51.94169,51.70924,52.431393,52.470215,52.198257
51.050842,50.696705,50.941322,50.89323,50.81888,50.829983,50.816822,51.004627,50.76801,50.520706,50.6389,51.048363,50.88161,51.138138,50.51483,51.233128,51.21777,50.96447,50.931744,50.844078,50.86829,51.036114,51.126785,50.90406,50.913174,51.06408,51.26993,51.091972,51.075214,51.214417,50.881115
44.090626,43.82743,43.53086,43.85608,44.412933,44.0095,44.196304,43.782124,44.261353,44.708286,44.598877,44.518723,44.18705,43.9064,44.404835,44.156033,44.309475,44.662373,44.47721,44.71387,44.842495,44.40398,44.311794,44.6641,44.258633,44.249634,44.77943,44.25555,44.880722,44.472614,44.65068
57.771526,57.339787,57.294113,57.79583,57.47693,57.553036,57.29971,57.641815,57.71395,57.608543,57.483673,58.026104,57.605347,57.69621,57.3443,57.29172,57.57504,57.94175,57.729214,57.674732,58.025772,57.655685,58.119476,57.55078,58.152966,57.59749,57.90949,57.577885,57.86309,58.202564,57.505085
58.746536,58.789528,58.6801,58.780125,58.692802,58.910236,58.90694,59.116165,59.011967,58.969715,58.98648,58.6933,58.77016,58.648262,59.15515,58.718204,58.93194,58.94769,59.024673,58.993484,59.243942,59.496204,59.110756,59.295113,59.324253,59.165863,58.982807,59.33802,59.336452,59.39682,59.06793
46.08022,45.973717,45.71247,46.116554,45.852386,45.957054,45.67347,45.895008,45.821453,45.92673,45.868603,45.813004,46.23171,45.923164,46.03685,45.561394,45.85162,46.19483,46.065014,46.302814,46.245556,46.280075,45.91173,45.923485,46.36181,46.03257,46.113262,46.015907,46.53697,46.153446,46.34557
35.20424,34.74617,35.00673,34.81056,35.269756,34.954525,34.93118,35.056534,34.84684,34.981594,34.818546,35.259216,35.002472,35.44184,35.11555,35.224125,35.024387,35.588753,35.353703,35.011993,35.255543,35.407894,35.111385,35.09108,34.99701,35.225357,35.68436,35.031662,34.91858,35.17337,35.543354
40.086098,39.746872,39.84594,39.67394,40.106773,40.341656,40.2227,40.165813,39.79756,40.04493,39.93644,40.08453,40.07709,40.17575,39.984524,40.289757,39.996742,40.41147,40.15969,40.010223,40.15329,40.421227,39.728386,40.155807,39.998505,40.44584,40.453575,40.293266,40.46161,40.034264,40.414936
45.900597,46.22448,46.44243,45.8569,45.951416,45.73404,45.84899,45.80422,46.18463,45.817993,45.84176,46.13518,45.994102,46.719547,45.89814,46.572063,46.093266,45.97334,46.013332,46.005295,46.125683,46.578484,46.150078,46.371162,46.018448,46.78782,46.560207,46.420532,46.378826,46.519127,46.598965
52.909557,52.988617,52.56974,53.00398,52.789818,52.774174,52.949642,53.068035,52.740547,52.852444,52.773594,53.02874,53.1181,52.659767,52.984486,53.339855,53.24917,52.743416,53.00808,53.23357,52.842678,52.61377,53.112984,53.112907,52.928867,52.82605,52.80944,53.61975,53.380173,53.220127,52.92164
41.248962,41.05957,41.408012,41.052963,41.102043,41.29993,41.062317,41.453495,41.576347,40.871643,40.930626,41.389652,40.974155,41.693848,41.00384,41.648617,41.613426,41.89234,41.44221,41.14001,41.393887,41.43542,41.349827,41.409782,41.45063,41.562866,41.975304,41.34302,41.29654,41.39952,41.358562
47.879787,47.178173,47.172203,47.559895,47.850006,47.785816,47.441055,47.714096,47.432796,47.663143,47.579197,47.974926,47.8936,47.570736,47.61699,47.514805,47.46877,47.964886,47.78725,47.835007,47.891308,47.660614,47.51623,47.748222,47.638332,47.70324,48.116135,47.669014,47.996998,47.84476,47.844864
51.418625,50.89488,50.959427,51.453064,50.97985,51.545403,51.523163,51.914455,51.62888,51.576668,51.835308,51.702335,51.148724,51.50384,51.70311,51.504784,51.541378,52.022747,51.73737,51.462524,51.78623,51.744316,51.637146,51.63156,52.229515,51.863075,51.68902,52.023994,51.73898,52.01083,51.712334
44.687267,44.625645,44.82222,44.17211,45.3545,44.726734,44.814926,44.339684,44.844227,44.93158,45.03681,44.715908,45.143185,44.778694,45.399914,45.24804,45.202778,44.8933,45.346684,45.00251,45.19538,45.16189,45.29143,45.82322,44.55674,44.60177,45.529675,44.721043,45.468258,45.186558,45.627483
42.771908,42.585197,42.7325,42.916676,43.09018,42.74912,43.0831,42.710026,42.756996,43.15084,43.05702,43.185978,43.188763,43.101334,43.214977,43.28964,43.130623,43.241432,43.169033,43.15554,43.4271,43.20247,43.326797,43.317863,43.059086,42.880074,43.551697,43.155,43.239746,43.305523,43.540924
54.281704,54.132248,54.311417,54.168438,54.473045,54.281918,54.532204,54.181026,54.52246,54.562294,54.830948,54.529987,54.393078,54.41989,54.83401,54.64729,54.75518,54.64974,54.831657,54.888725,54.84123,54.68821,54.951775,54.91298,54.870102,54.834618,54.90029,54.62087,54.886055,54.950783,55.12496
45.65924,45.41427,45.943962,45.578846,45.61463,45.75784,46.090855,45.766735,45.47281,45.61109,45.8411,45.874027,45.705887,46.097885,45.591393,46.27298,45.983925,45.969563,45.957348,45.678802,45.678165,46.087143,45.971714,45.88748,45.908783,46.266335,46.190308,46.08555,45.8832,45.832577,46.214607
51.019497,50.995308,50.890945,51.14186,51.183662,51.062862,51.011303,51.14291,51.21368,50.911827,51.02319,50.753376,51.09312,50.835533,51.170692,51.49129,51.294563,51.13339,51.25081,51.366592,51.487892,51.20025,51.12172,51.441994,51.036186,51.000717,51.37392,51.375534,51.70364,51.400967,51.187023
57.690723,57.233685,57.144836,57.578724,57.573067,57.508205,57.592846,57.674896,57.526085,57.56106,57.629593,57.352036,57.407074,57.26944,57.773148,57.469078,57.758858,57.882893,57.741905,58.000572,58.197155,58.15918,57.655003,57.705788,57.935596,57.714508,57.919777,57.754337,58.068123,58.02191,57.84307
45.50468,44.888546,44.70479,45.226063,45.19599,45.174984,45.178154,45.2222,45.07904,45.39517,45.53089,45.444557,45.14759,44.94129,45.298996,45.07655,44.966793,45.734745,45.54953,45.567493,45.657005,45.44005,45.289803,45.15522,45.479473,45.29767,45.322296,45.306026,45.632515,45.413143,45.436962
45.294212,45.09037,44.843445,45.161114,45.163643,45.4151,45.112972,45.53943,45.14188,44.873676,45.11751,44.801334,45.156902,44.943054,45.048172,45.505817,44.893196,45.207634,45.313072,45.262085,45.192432,45.27186,44.724693,45.362267,45.198135,45.49685,45.192192,45.497723,45.74404,45.234364,45.356907
44.444977,44.53288,44.679535,44.15116,44.28736,44.437317,44.023243,44.404076,44.574993,44.007057,44.317123,44.374596,44.50338,44.69402,44.090538,44.484528,44.4472,44.234596,44.404858,44.166718,44.14412,44.813858,44.33019,44.897606,44.321754,44.842644,44.816776,44.52223,45.02815,44.670895,44.6451
51.784462,51.878983,52.181778,51.961758,51.782204,51.865227,51.916832,51.98481,52.025547,51.782127,51.744915,52.07809,52.08529,52.127068,52.018353,51.830643,52.448975,52.20891,52.0296,52.017235,52.26373,52.42196,52.74892,52.195175,52.48545,51.92189,52.394882,52.011536,51.911026,52.40689,52.068813
50.85013,50.50558,51.157944,50.90913,50.85811,50.771072,50.74892,50.78662,50.552784,50.655025,50.66284,50.840458,50.862526,51.146126,50.8691,50.888275,50.60028,51.00259,50.94899,50.778954,51.101746,51.32717,50.953396,50.745422,50.791977,51.1212,51.277653,50.98479,50.877422,51.06409,51.142143
58.813652,58.65975,58.807,58.55239,59.09153,58.916225,58.936367,58.622673,58.720413,58.88666,58.760006,58.974422,59.259712,58.857086,59.04768,58.954433,59.09501,58.94513,59.08598,59.09479,59.224506,59.11794,59.442196,59.31498,59.089745,58.860527,59.278614,58.848686,59.22398,59.276814,59.27094
56.36922,56.351063,56.39013,56.280033,55.959496,56.17586,55.981495,56.26291,56.770416,56.08214,56.490833,56.13476,55.896137,56.36372,56.168007,56.4248,56.367256,56.55525,56.64714,56.448517,56.53453,56.5054,56.531418,56.46437,56.735924,56.736526,56.43155,56.505554,56.95995,56.721127,56.421783
51.306168,51.210526,51.708466,51.23722,51.18332,51.769375,51.46583,51.8401,51.62543,51.199596,51.54526,51.421177,51.12219,51.369637,51.19847,51.606094,51.526196,51.557888,51.65776,51.187523,51.21361,51.455437,51.553394,51.576454,51.464542,51.87873,51.51968,51.85435,51.596607,51.489853,51.100025
44.174763,44.121265,43.91828,44.246162,44.14035,44.069557,44.1548,44.177967,44.24288,44.249714,44.19509,44.43344,44.238964,44.310566,44.185844,44.22827,44.24676,44.561047,44.336063,44.518124,44.576374,44.435356,44.516644,44.32585,44.72315,44.491753,44.53938,44.32171,44.392956,44.57451,44.598347
43.24035,43.413902,42.987045,43.229084,43.36798,43.555473,43.48175,43.678867,43.793255,43.84237,43.646664,43.66807,43.388805,43.552166,43.88686,43.541435,43.722187,43.87503,43.605453,43.89468,43.972248,43.70908,43.691433,43.647156,44.02125,44.020683,43.545628,44.079754,43.651817,44.104996,43.716396
56.853996,57.221714,57.119057,57.240284,56.990364,56.805527,57.07617,56.943954,57.328514,57.28358,57.277763,57.16146,56.951298,57.05446,57.35189,57.041515,57.48149,57.053024,57.24977,57.593147,57.55464,57.40635,57.751053,57.35279,57.603024,57.466278,57.33286,57.529263,57.575024,57.830288,57.39208
49.487198,49.500927,49.08145,49.69484,49.09854,49.55959,49.477386,49.801582,49.602634,49.514614,49.322605,49.789555,49.538292,49.473896,49.45687,49.549866,49.549057,49.860077,49.459843,49.706375,49.799244,49.582542,49.57528,49.547928,50.08904,49.68663,49.6159,50.036705,49.997772,49.88018,49.553288
51.399136,51.05195,51.363266,51.073635,51.674004,51.22282,50.949383,51.148857,51.313698,51.643723,51.352108,51.510403,51.490105,51.56719,51.66872,51.18349,51.502857,51.50836,51.86894,51.20267,51.47971,51.476128,51.610073,51.809334,51.00004,51.114975,51.962185,51.54005,51.761314,51.70765,51.628452
46.631077,46.462788,46.539284,46.509533,46.524765,46.521145,46.596657,46.751274,46.853157,46.385506,46.739765,46.620003,46.4918,46.869804,46.790478,47.227554,46.895695,46.897774,46.949135,46.75896,46.86067,46.869354,46.90223,47.067986,47.024113,47.01011,47.065758,46.925823,46.98183,47.145046,47.192696
58.28877,58.045418,58.1156,58.146496,57.92444,58.115067,58.26,58.25638,58.063698,58.00674,58.35477,58.339977,58.04625,58.06658,58.418503,58.325233,58.27077,57.998985,58.223045,58.376957,58.4118,58.54727,58.629803,58.243965,58.54632,58.561928,58.12284,58.61313,58.743668,58.980755,58.417137
52.55697,52.04355,52.171143,52.557064,52.964348,52.0163,52.473667,52.019733,51.76544,52.78627,52.389435,52.463375,52.808475,52.40989,52.44751,52.442253,52.35011,52.59255,52.86322,52.74643,52.73118,52.66331,52.56946,52.617973,52.096977,52.180183,53.039062,52.49622,52.609596,52.35486,53.01455
43.739838,43.550415,43.92843,43.621796,44.15545,44.011147,43.816433,43.574245,43.855938,43.909733,43.84647,43.8641,44.04564,44.0178,43.715164,44.062702,43.72675,44.223316,44.08343,43.895096,44.239502,44.12596,43.812954,44.207924,43.663216,44.013443,44.57219,43.750046,44.328266,43.82727,44.203876
50.15253,50.016617,49.930573,49.79504,49.945564,50.13963,49.583908,50.071224,50.288895,50.00373,49.552395,50.11499,50.04118,50.255978,49.94438,49.7874,49.656944,50.580746,50.227005,49.651215,50.473965,50.494205,50.095272,50.324844,50.231712,49.866844,50.444454,49.959892,50.488697,50.31824,50.08508
47.44063,47.894012,47.592964,47.71263,47.638176,47.71531,47.827965,47.895023,48.261234,48.448566,48.174854,48.140923,47.68841,48.196594,48.4294,47.884163,48.302193,48.164764,48.212147,48.24025,48.209496,47.920048,48.428944,48.113815,48.602303,48.484512,47.976498,48.669235,48.05644,48.647568,48.32244
44.7169,44.256653,44.555298,44.767433,44.582733,44.568428,45.115715,44.74781,44.147434,44.537086,44.95692,44.842793,44.703766,44.50914,44.60506,45.20387,44.692577,44.750484,44.87603,44.82583,44.656815,44.803432,44.915897,44.71457,44.72743,44.85383,44.80878,45.025154,44.82313,44.708702,45.013798
48.471832,48.11651,48.835663,48.64675,48.546997,49.19622,48.709538,49.095295,49.06745,48.601944,49.109646,48.760418,48.777706,48.978016,48.856945,48.924564,48.857265,49.146976,49.07487,48.534523,48.883533,48.825394,48.970375,49.19155,49.218006,49.122025,49.272247,48.967663,48.967033,49.05344,48.945
56.917923,56.8472,56.85421,57.003445,57.24111,57.155006,57.398533,57.311295,57.358456,57.385754,57.30042,57.45884,57.214684,57.04241,57.719074,57.591743,57.90719,57.471355,57.61001,57.555565,57.626102,56.956467,58.11274,57.654175,57.678764,57.053497,57.47677,57.640785,57.233765,57.861843,57.35206
35.022327,35.251896,34.90847,35.072468,35.06526,34.817593,34.842484,34.95449,35.251965,35.307568,34.917877,35.588497,35.278496,35.612274,35.059895,35.434746,35.491756,35.42873,35.151707,35.314556,35.316013,35.094566,35.309242,35.223335,35.118004,35.230667,35.505894,35.591118,35.353302,35.51632,35.30392
40.14059,40.603916,39.9729,39.816994,39.974533,40.01252,39.807392,40.26805,40.589283,40.21408,40.05352,40.18834,39.85153,40.363922,40.079617,40.09901,40.201252,40.304554,40.189686,40.313324,40.252697,40.636135,40.10262,40.356323,40.423878,40.895798,40.169067,40.596317,40.49237,40.62465,40.321312
61.6281,61.251427,61.09835,61.049538,61.58362,61.32853,61.01475,61.42307,61.419697,61.17528,60.92311,61.209755,61.39155,61.2785,61.36236,61.443634,61.432537,61.46176,61.65261,61.266434,61.701263,61.5656,61.69683,61.65191,61.29134,61.02565,61.51374,61.363983,61.641888,61.87793,61.24147
55.682926,55.631046,55.842484,56.185234,55.82733,55.79896,55.82349,56.01634,55.85678,56.03152,55.934902,56.013218,56.020046,55.971977,56.49502,55.74827,56.05348,56.046032,56.132736,56.290386,56.327637,55.999577,56.41871,55.992416,56.46732,56.089607,56.20505,56.36776,55.977432,56.534874,56.330254
45.42793,45.34247,45.93187,45.830635,45.498444,45.647778,46.100933,45.61113,45.6093,45.69132,46.394062,45.954712,45.569614,45.59819,45.685585,46.00555,45.96271,45.77958,45.907394,46.097054,45.7421,45.83018,46.11822,45.894363,46.021614,46.36628,46.089523,46.05521,46.049965,45.84538,46.1109
38.69859,38.919083,38.501183,38.620426,38.823097,38.179653,38.54826,38.367027,38.45632,38.619423,38.272404,38.790466,38.845512,38.648434,38.804905,38.90252,38.484528,38.797184,38.867775,38.79328,38.92423,38.98381,38.899513,39.185112,38.663,38.403145,39.148308,38.67273,39.08317,38.82272,39.405502
48.398773,48.16108,48.48139,48.06029,48.513016,48.335003,48.143982,48.289646,48.495235,48.17441,48.57351,48.398113,48.39972,48.534702,48.46046,48.669086,48.56482,48.29639,48.72412,48.306717,48.374435,48.501774,48.761047,48.87184,48.31624,48.562622,48.742275,48.44575,48.742687,48.87384,48.691273
46.43176,46.67322,46.505013,46.766163,46.789192,46.436962,46.31249,46.402737,46.65024,46.58917,46.70088,46.253742,46.91546,46.486145,46.74537,46.782074,46.61317,46.370564,46.850597,46.874924,46.807728,46.543022,46.781094,47.003227,46.513924,46.45864,46.71926,46.82035,47.17062,46.916286,46.88739
59.44128,59.410175,59.676285,59.5266,60.03791,59.565475,59.86849,59.347824,59.561398,59.645348,60.31297,59.46974,59.910767,59.14684,60.0059,59.824368,60.047665,59.088833,59.997658,60.19022,59.83344,59.82796,60.393818,60.48246,59.767776,59.85048,59.98788,59.694862,60.33066,60.24184,60.241276
51.893284,51.847828,51.604774,51.59089,51.96808,52.0431,51.87299,51.993122,52.106926,52.23468,52.0433,51.934883,51.9488,52.11747,52.00574,51.825996,52.143764,52.089455,52.121292,51.94152,52.305683,52.486515,52.26028,52.241623,52.299732,52.26883,52.07262,52.240654,52.337162,52.60986,52.106853
46.270687,46.400337,46.827232,46.06316,46.623856,46.426693,46.480125,46.151855,46.553265,46.61224,46.82457,46.215435,46.407967,46.434742,46.631245,46.487103,46.45801,46.5971,46.799667,46.565712,46.6784,47.244293,46.421867,47.113426,46.211678,46.92479,47.05721,46.624153,47.134304,46.445816,47.003967
44.155293,44.705315,45.24919,44.350067,44.76683,44.420135,44.51329,43.99222,44.403233,44.627834,44.328903,44.79079,45.05248,45.06913,44.73197,44.592537,44.65498,44.51721,44.68462,44.641396,44.613686,44.904793,45.02787,45.080605,44.52177,44.87879,45.35521,44.602398,44.84064,44.668526,45.357006
48.19546,48.239643,48.119255,47.913837,48.666687,47.960674,48.368973,48.023388,48.0993,48.444187,47.944405,48.176743,48.319733,48.401985,48.287434,48.86367,48.4473,48.589684,48.70366,48.482944,48.53116,48.40367,48.45986,48.61155,48.00159,48.277008,48.690155,48.52341,48.24145,48.227043,48.684288
45.08131,44.666027,44.801025,44.96598,44.913544,45.067196,44.93974,45.23706,45.133694,45.26334,45.318317,45.387302,44.998028,45.36356,45.47379,45.305843,45.21595,45.47841,45.511967,45.048824,45.218033,45.034138,45.24413,45.285873,45.32455,45.255028,45.403534,45.632698,45.4456,45.57192,45.480915
54.60467,54.654743,54.5297,54.16565,54.71868,54.34766,54.572998,54.207397,54.41232,54.26246,54.48039,54.506077,54.40193,54.192272,54.2588,54.709217,54.661793,54.312317,54.629448,55.034466,54.540012,54.67562,54.76989,54.75387,54.496624,55.03988,54.714596,54.456516,54.980095,54.68877,54.807236
53.72302,53.362015,54.134346,54.016113,53.83934,53.98544,53.560066,53.906048,54.074574,53.805332,53.997864,54.368565,54.115856,54.580734,53.74488,53.982716,54.12321,54.129684,54.096825,53.91791,53.952187,53.60683,54.40876,53.901405,54.24403,54.39554,54.480713,54.093636,53.71969,54.404057,53.985863
48.8099,49.02171,48.95027,48.569836,48.906723,48.66543,49.068634,48.74697,48.822113,48.851967,49.069828,49.30387,48.990753,48.773952,49.130016,49.10014,49.560886,48.647285,49.07333,49.24756,48.787117,49.022213,49.75409,49.43283,49.16038,49.14705,49.12887,49.174347,49.22903,49.478687,49.321148
58.784092,58.981796,59.259018,58.665314,59.17993,59.326828,59.06148,58.913017,59.265114,59.22778,59.12115,58.669098,59.283943,59.038704,59.40487,59.222725,58.962437,59.260025,59.492794,59.043785,59.48546,59.439846,59.30081,59.667633,59.11575,59.13938,59.26502,59.30309,59.632874,59.2319,59.33936
48.51913,48.14213,48.24958,48.379116,48.163597,48.465897,48.527096,48.971577,48.66823,48.19146,48.818604,48.223183,48.024853,48.600266,48.396275,48.964634,48.667225,48.66429,48.783558,48.39155,48.462383,48.886005,48.517384,48.742393,48.921825,49.133118,48.59929,48.97695,48.643646,48.919113,48.7463
44.48678,44.82212,44.700943,43.992992,44.686317,44.49938,44.647274,44.28147,44.665527,44.76554,44.535248,44.912254,44.7448,44.803104,44.655956,44.703762,44.984337,44.75556,44.733162,44.774273,44.774426,45.074448,45.176975,45.00541,44.710766,44.92005,44.87017,44.738674,44.831917,44.958813,44.911465
60.34504,60.260612,60.18187,61.048107,60.244774,60.300865,60.43059,60.61555,60.420017,60.578022,60.55421,60.287037,60.69369,60.596157,60.884075,60.481018,60.601315,60.533386,60.594597,60.85284,61.088528,60.84132,60.83633,60.571823,61.220383,60.590622,60.652145,61.07261,60.9412,61.26675,60.960022
54.3186,54.536537,54.105934,54.89604,54.42189,54.448193,54.43877,54.448315,54.59675,54.93854,54.841736,54.75601,55.04732,54.60804,55.02474,54.50813,54.657112,54.507034,54.720566,55.165672,54.95481,54.38764,54.985382,54.813164,55.271584,54.780067,54.583,55.16727,55.196762,55.294098,55.12296
46.353615,46.12509,45.86582,46.260864,46.225845,46.328953,46.366898,46.545467,46.24674,46.436153,46.125626,46.547592,46.28204,46.54867,46.358326,46.5055,46.17514,46.712334,46.40043,46.352898,46.738804,46.65102,46.452354,46.30488,46.74741,46.623894,46.4764,46.705482,46.405212,46.81086,46.589905
50.85837,51.098442,51.14438,51.216545,51.015984,51.346214,51.32743,51.410282,51.327503,51.098236,51.470596,51.024837,51.210613,51.072823,51.349,51.578575,51.373142,51.07767,51.38818,51.50338,51.16277,51.0472,51.35628,51.52874,51.5825,51.763016,51.22141,51.787285,51.59094,51.49,51.4867
46.4947,46.378914,46.365242,46.64479,46.775948,46.721996,46.804165,46.662678,46.32686,46.817966,46.443604,46.599358,46.986267,46.67496,46.542934,46.784367,46.621685,46.932552,46.712692,46.78234,46.916706,46.92271,46.495815,46.827248,46.62214,46.704987,47.071674,46.963383,46.880405,46.549076,46.913124
43.512943,43.501503,43.52056,43.810547,43.549347,43.645035,43.950428,43.754654,43.542362,43.8842,43.870296,43.92334,43.89605,43.973553,43.740284,43.89678,43.97026,43.86664,43.738586,43.827305,43.93551,44.163643,43.97717,43.972816,44.145786,44.060417,44.131824,44.18059,44.063187,44.12277,44.22512
50.31189,50.048428,50.0857,50.096592,50.333054,50.39486,49.682365,50.021004,50.42794,50.33463,50.1692,50.242287,50.37531,50.51445,50.015648,49.827675,50.148663,50.419548,50.30126,50.19807,50.616783,50.532772,50.154408,50.302032,50.23267,50.382492,50.662415,50.17023,50.963673,50.69487,50.239017
45.295105,45.860435,45.27001,45.596985,45.597443,45.664425,45.601337,45.737175,45.878765,45.916927,45.146076,45.300262,45.824425,45.795643,45.907944,45.895557,45.843044,46.09036,45.651104,45.876442,46.387775,46.058815,45.636528,45.84326,45.915756,45.56443,45.77813,46.236725,45.96407,45.97713,45.761055
54.996292,55.21661,55.52047,55.083538,55.50329,55.296608,55.04259,54.900036,55.381584,55.30847,55.243073,55.43332,55.49654,55.2601,55.377293,54.9506,55.09767,55.203865,55.37656,55.563725,55.58099,55.440205,55.685917,55.681717,55.43844,55.66976,55.79398,55.128933,55.61222,55.61765,55.650993
42.01789,41.726418,42.062866,41.79262,41.836685,41.840336,41.90571,41.888687,41.71095,41.530052,41.76228,42.16024,42.147243,42.103382,41.698345,42.288258,42.153854,42.1669,41.95016,41.973915,41.797432,42.24682,41.8019,42.320076,41.80685,42.144356,42.69404,42.05643,42.344852,41.815296,42.3813
44.040714,44.304108,44.272385,44.64429,44.090622,44.19892,44.21417,44.477875,44.229824,44.493797,44.16555,44.476982,44.538822,44.60897,44.46684,44.383076,44.260468,44.539387,44.398575,44.498825,44.441685,44.281254,44.43302,44.232643,44.59265,44.56669,44.406773,45.024746,44.245186,44.496815,44.499653
47.46648,47.502068,47.388252,47.8654,47.401733,47.921894,48.066597,48.072277,47.746418,48.244633,47.887905,47.85376,47.842766,47.88379,47.93758,47.596703,47.713604,48.527065,48.033,47.890823,48.167362,48.217003,47.86754,47.921722,48.63223,48.135323,48.021587,48.34799,47.878754,47.78989,48.184284
40.323887,40.149303,40.36299,40.381172,40.49572,40.683125,40.40811,40.60209,40.687675,40.600857,40.439926,40.261555,40.517033,40.964634,40.57932,40.780624,40.52997,41.102318,40.681816,40.37014,41.006794,41.12034,40.111507,40.87246,40.596794,40.795074,41.287807,40.828434,41.058334,40.679996,41.001034
50.06975,49.93915,50.224335,50.62122,50.07637,50.19035,50.11785,50.28883,50.290825,50.19046,50.154495,50.20765,50.31192,50.43798,50.75634,50.303516,50.323788,50.68038,50.40912,50.611343,50.937946,50.451496,50.52165,50.20938,50.803726,50.318657,50.713165,50.563885,50.5421,50.77814,50.719852
42.923515,43.000755,43.343506,43.11922,42.675682,43.50115,43.509686,43.605167,43.232563,43.14727,43.11065,43.260178,43.184914,43.279095,43.44117,43.408924,43.54573,43.879574,43.272106,43.187153,43.435345,43.628536,43.318542,43.26368,43.630455,43.376717,43.438984,43.836777,43.339275,43.170795,43.222137
42.32111,42.997837,43.016167,42.697823,42.414734,42.580246,42.507824,42.665516,43.01535,42.6575,42.367443,42.69722,42.687485,43.088116,42.639786,42.85547,42.752407,43.044113,42.733727,42.77513,42.8879,42.964302,42.81948,42.88169,42.96772,43.113426,43.030685,43.12652,42.819168,42.77596,42.893784
47.76975,47.489788,47.02813,47.846634,47.45511,47.29054,47.496223,47.727123,47.491577,47.622353,47.46943,47.931263,47.504818,47.7778,47.64279,47.835964,47.95292,47.84066,47.663204,48.132526,47.91681,47.50853,47.851494,47.287605,48.06621,47.88578,47.69577,48.126934,47.748894,48.268307,47.825798
46.21528,46.64786,46.638786,46.256287,46.75711,46.44011,46.395763,46.291508,47.027164,46.556423,46.74691,46.467556,46.565456,46.435722,46.829964,46.54279,47.172802,46.60681,46.75038,47.080193,46.930386,46.906914,46.992065,47.364563,46.802853,46.88456,47.296036,46.55444,47.141083,47.019554,47.056362
44.913895,44.94561,44.81752,44.6774,44.95804,45.075733,45.33301,45.04012,45.24486,45.279083,45.51911,45.159737,44.869694,45.039036,45.509705,45.432762,45.353127,45.366535,45.420105,45.4014,45.451515,45.440823,45.46297,45.494957,45.57764,45.588783,45.24633,45.48348,45.603756,45.618126,45.681705
50.167522,49.746334,50.1149,49.863976,50.241493,49.913036,49.999252,49.82415,50.03458,49.920017,50.205296,50.352295,50.039684,50.418877,49.718857,50.64313,50.209427,50.138023,50.30423,50.168785,50.132336,50.080402,50.32312,50.24038,49.91573,50.539627,50.559418,50.17198,50.313053,50.407307,50.33551
49.266342,49.580288,49.59926,49.70264,49.630142,49.48875,49.58098,49.5498,49.57729,49.561134,49.633965,49.1167,49.776756,49.74673,49.62288,49.959305,49.966763,49.500614,49.815643,49.96891,49.618656,49.63377,49.619793,49.86235,49.74018,49.98993,49.847588,50.094147,49.900227,49.721478,50.040142
54.036095,53.767677,53.70665,54.06813,54.07798,54.186867,54.142323,54.204067,54.117523,53.85967,54.301666,53.88915,54.090324,53.69581,54.2477,54.246185,54.412464,54.05978,54.214058,54.53673,54.470127,54.13299,54.49759,54.253372,54.52418,54.18866,54.125465,54.195484,54.47787,54.664413,54.196785
45.63344,46.056282,45.792824,45.811283,45.56286,45.72003,45.820568,45.98347,46.30264,45.871014,46.07152,45.97889,45.76575,45.95319,46.34412,46.246307,46.456406,46.068012,46.194225,46.287346,46.04593,45.830643,46.432125,46.321823,46.534035,46.21685,46.0214,46.47766,46.30782,46.50067,46.327003
47.193565,47.20057,47.3805,47.48652,47.507103,47.5774,47.83803,47.37996,47.07284,47.631096,47.78716,47.154476,47.768566,47.054928,47.835354,47.62685,47.52502,47.549706,47.766365,47.893467,47.638058,47.621128,47.465225,47.756393,47.505253,47.522194,47.623947,47.878773,48.015816,47.280224,47.965874
32.717274,33.182415,33.009987,32.782032,32.812916,32.71698,32.559784,32.78172,33.017586,32.81987,32.715088,32.7229,33.106716,33.151367,32.954838,33.062042,32.86096,33.04534,33.073513,32.803974,32.86764,33.207092,32.78209,33.40863,32.806496,32.914597,33.261395,33.15863,33.370384,32.884907,33.37165
42.35655,42.328663,42.26525,42.784138,42.31433,42.157475,42.537445,42.441055,42.600163,42.681705,43.11234,42.672512,42.517365,42.568066,42.81501,42.633076,42.79655,42.778168,42.902077,43.012722,42.81756,42.646194,43.12776,42.778748,43.245327,42.80912,42.75592,42.834316,42.72767,43.017105,43.164352
49.604794,49.503036,48.783104,49.03033,49.652863,49.112812,49.219604,49.395657,49.322952,49.503178,49.26402,49.171074,49.43493,49.034744,49.90773,49.435562,49.39729,49.48428,49.80185,49.69974,49.70354,49.83584,49.413227,50.065475,49.45095,49.261894,49.604942,49.622288,50.00344,49.788307,50.066223
40.455383,40.605732,40.698578,40.522312,40.50067,40.623714,41.07722,40.640213,40.583782,40.89154,40.90797,40.79266,40.511112,40.640182,40.89017,40.938095,40.773827,41.164852,40.920624,41.033756,40.946026,41.133316,40.771626,40.852165,40.971176,41.225784,40.999336,41.15483,40.979755,40.62317,41.21986
42.948868,42.830906,42.935745,42.832127,43.050674,42.85769,42.69737,43.09559,42.97236,42.74805,42.39139,43.19259,43.150936,43.307724,42.928837,43.01302,43.190224,43.227474,42.82941,42.808353,43.2969,43.538467,43.14966,43.29087,42.92361,42.87928,43.689915,43.056927,42.9272,43.396305,43.078102
49.418392,48.921543,49.474213,49.49857,49.74891,49.453037,49.440105,49.202553,48.980717,49.535988,49.52809,49.623295,49.71558,49.31437,49.21289,49.240845,49.301617,49.595577,49.697723,49.60728,49.49871,49.3974,49.56026,49.460556,49.171604,49.429626,49.9716,49.345432,49.54338,49.216167,49.566956
39.161053,39.436333,39.294945,39.00427,39.529472,38.96061,38.948265,38.72518,39.280052,39.153236,38.80898,39.340153,39.596424,39.55228,39.436123,39.549915,39.542336,39.51427,39.36379,39.690273,39.672626,39.38479,39.485573,39.571693,39.171837,39.19793,39.910717,39.1683,39.62852,39.49406,39.866287
53.635006,53.847523,53.42463,54.10011,53.742622,53.660347,53.99506,53.9143,53.64967,54.217934,53.734154,53.92648,54.065998,53.865833,54.101406,53.73747,53.747913,54.013317,53.914757,54.24003,54.330612,54.21259,54.1547,53.94654,54.497696,54.114708,53.92731,54.406605,53.993076,54.291016,54.326862
54.770573,54.9371,54.797134,54.976006,55.143356,55.15573,55.18113,55.281612,55.05194,55.266968,55.179684,54.99796,55.233116,54.89011,55.25129,55.082882,55.13904,54.85655,55.28136,55.084896,55.186504,55.171154,55.58741,55.537117,55.393257,55.190445,55.032017,55.496094,55.184895,55.583176,55.188644
49.30387,48.666515,49.39035,49.40935,49.404778,49.885143,49.74674,49.760788,49.30034,49.501045,49.73212,49.85503,49.739574,49.70812,49.785915,49.520813,49.661224,49.94708,49.738285,49.473083,49.73156,49.62379,49.96144,49.692238,50.12469,49.77569,50.0686,49.64804,49.439335,49.864292,49.93006
48.530487,48.527573,48.450226,48.04244,48.3096,48.233944,48.222633,48.14979,48.24791,48.417812,48.121586,48.404972,48.228725,48.336853,48.11127,47.993908,48.24596,48.66789,48.359566,48.482136,48.603256,49.200546,48.230034,48.353127,48.230328,48.70751,48.64406,48.448032,48.816322,48.335598,48.4292
45.550644,45.445,45.690804,45.5417,45.52738,45.600685,45.565975,45.652462,45.541122,45.603992,45.439857,46.05341,45.797623,45.997604,45.407516,45.577282,46.018463,45.9547,45.732445,45.64491,45.56388,45.742016,45.994133,45.752968,45.906597,45.872574,46.19485,45.808357,45.604042,45.778347,45.807953
51.638836,51.463055,51.65506,51.240517,51.991714,52.020573,51.54191,51.64072,51.985996,51.54518,51.71761,51.458843,51.880867,51.804802,51.751324,52.017803,52.01361,51.79893,52.064053,51.641197,51.95394,51.8204,51.983173,52.360115,51.76596,51.735863,52.210297,51.60193,52.33803,52.145008,51.978848
42.402462,42.316284,41.92166,42.124294,41.979553,41.729702,41.66089,41.8876,42.389206,42.084763,42.619057,42.43946,42.011875,42.07036,42.02408,41.977154,42.320496,42.12664,42.472557,42.495667,42.03552,42.158165,42.454006,42.490044,42.42921,42.428642,42.336742,42.18598,42.95022,42.619556,42.53904
50.748795,50.51904,50.728233,50.581905,51.00099,51.204685,50.73032,50.957443,51.107224,50.911484,50.75681,50.845394,51.05728,51.01087,50.84318,50.748554,50.866997,51.24973,51.062515,50.572124,51.39929,51.3371,51.25814,51.351143,51.1627,50.73867,51.369347,50.718357,51.149513,51.323257,50.901615
48.11108,47.866,48.15264,48.170574,48.31138,48.11661,48.220894,47.910713,47.82983,48.2058,48.290405,48.15724,48.511395,48.2751,47.994766,48.27641,48.1689,48.222603,48.410286,48.252415,48.183727,48.393368,48.195465,48.542107,48.140625,48.316895,48.76086,48.239983,48.708015,48.12511,48.745373
41.263187,41.405224,40.982513,40.978867,40.830856,40.89926,40.601727,41.15168,41.45842,41.074535,41.118256,41.542416,40.882397,41.523125,40.90267,40.979256,41.297276,41.09691,41.070908,41.16675,41.09194,41.330914,41.386246,41.06115,41.41074,41.712402,41.103,41.481262,41.47467,41.92754,41.10015
44.616356,44.54322,44.576996,44.366364,44.583015,44.719276,44.58278,44.690414,44.660812,44.483383,44.8116,44.4506,44.690777,44.503113,44.686455,44.934658,44.690643,44.695343,44.973354,44.607296,44.503716,44.772533,44.543575,45.206627,44.583565,44.777885,44.900486,44.906765,45.327274,44.65477,45.010998
38.415157,38.86697,38.51921,38.41131,38.321754,38.48435,38.431164,38.662567,38.478508,38.54144,38.15525,38.471157,38.666138,38.81767,38.701645,38.58924,38.461838,38.620003,38.46694,38.452724,38.65227,39.13517,38.47943,38.712692,38.698837,38.79705,38.59849,39.0697,38.876244,38.843372,38.89946
46.27346,46.093468,46.105507,46.056053,46.016823,45.889023,45.897953,45.993267,46.10886,45.98039,46.260593,46.507397,46.26499,46.281776,45.714214,46.33277,46.02886,46.1371,46.285164,46.069572,45.9493,46.21858,46.330925,46.48137,46.10328,46.36769,46.402462,46.269394,46.50656,46.304073,46.31842
46.648014,46.87793,47.03518,46.55509,46.894623,46.82815,47.125885,46.600403,46.879612,46.9931,47.02752,47.299404,47.081528,47.12778,47.26268,47.178345,47.285133,46.843945,46.930798,47.080868,47.235203,47.39497,47.599735,47.43763,47.227737,47.265076,47.386654,47.154137,47.45394,47.644745,47.57139
46.502438,46.485962,46.629807,46.602734,46.720184,46.60741,46.697285,46.572235,46.76313,46.775555,47.05338,46.66318,46.78101,46.75206,46.949104,46.926987,46.968758,46.772438,46.920326,47.039043,46.992218,46.95252,46.990242,47.030525,46.87715,47.035393,47.00173,47.023148,47.068455,47.12775,47.118458
38.818897,39.192486,39.12523,38.896736,39.131332,39.034267,39.0718,38.969788,39.178238,39.432743,39.034718,39.470177,39.33719,39.59937,39.15511,39.124386,39.293,39.316216,39.045036,39.249153,39.38283,39.618546,39.32225,39.369263,39.262863,39.646027,39.57157,39.530792,39.244884,39.507397,39.484077
45.092564,44.900974,45.08248,44.965378,45.009674,45.63487,45.482002,45.602757,45.241714,45.23499,45.36847,45.08826,45.33205,45.525314,45.2963,45.661747,45.14744,45.61412,45.530655,44.899685,45.28843,45.669167,45.13959,45.70822,45.662457,45.67105,45.515244,45.69865,45.66622,45.37996,45.747486
36.848957,37.314434,37.19725,37.341824,36.77751,37.03774,36.805042,37.15508,37.565666,37.195583,36.888046,37.457687,37.138615,37.89748,37.132206,37.01738,37.24913,37.674404,37.108894,37.253857,37.580498,37.446762,37.5277,37.098045,38.01822,37.680603,37.59904,37.387318,37.191895,37.741444,37.545162
44.37702,44.550922,44.136757,44.340527,44.38674,44.020584,44.17434,43.88709,44.32286,44.584995,44.468697,44.446136,44.28762,44.215607,44.29804,43.95333,44.22798,44.498177,44.310368,45.0286,44.889202,44.933247,44.39666,44.279625,44.55038,44.84359,44.566254,44.382893,44.957005,44.662544,44.738018
54.856693,54.3922,54.632713,54.55779,54.797485,54.779713,54.432983,54.72799,54.60909,54.518642,54.521046,54.68679,54.77583,54.786438,54.60886,54.580776,54.575718,54.718033,54.70419,54.579998,55.012352,55.20814,54.750202,54.831963,54.61639,54.805595,55.06039,54.730705,55.092525,55.188354,54.73431
49.08439,48.99689,49.272728,49.2645,49.223244,49.17755,49.28794,49.245636,49.15245,49.29191,49.68039,49.145695,49.39123,49.145985,49.58662,49.202816,49.298187,49.37124,49.792095,49.51085,49.144638,49.380875,49.462433,49.870354,49.682228,49.605476,49.737873,49.47522,49.659195,49.270905,50.110386
59.20792,58.72347,59.428123,59.538036,59.518066,59.11235,59.44912,59.018208,58.97106,59.594574,59.471966,59.519882,59.58173,59.468464,59.444115,59.48256,59.48605,59.643074,59.7268,59.56187,59.71158,59.45183,59.66869,59.5346,59.23851,59.255814,60.101097,59.603653,59.58617,59.39782,59.73911
33.251007,33.14742,33.011066,33.3791,33.226257,32.837578,33.270138,33.07854,33.200386,33.39421,33.550415,33.486595,33.00332,33.47807,33.126415,33.925655,33.285065,33.52597,33.621292,33.4603,33.37472,33.115326,33.370003,33.26214,33.198578,33.50323,33.48371,33.686535,33.563194,33.446964,33.663006
32.92794,33.12644,33.1903,32.75326,33.008915,33.190063,33.204536,32.98145,33.165188,33.26635,33.362026,33.363445,33.184464,33.339302,33.13867,33.34553,33.257008,33.379276,33.220604,33.19652,33.151325,33.49062,33.11438,33.445267,33.120605,33.63014,33.474625,33.477535,33.626015,33.20207,33.52593
55.777664,56.236668,56.15204,56.33661,55.835304,56.209206,56.350517,56.55046,56.040585,55.91923,55.735443,55.959785,56.3613,56.052593,56.17564,56.305943,56.29581,56.06535,55.9572,56.345284,56.205032,56.444305,56.257545,56.393967,56.617527,56.515053,56.249054,56.81485,56.2018,56.3146,56.29053
46.378727,46.275146,46.12481,46.528614,46.200394,45.995247,46.543037,46.253624,45.883995,46.164444,46.43456,46.347927,46.376247,45.86165,46.54098,46.403458,46.323444,46.248966,46.35472,46.810925,46.499844,46.77268,46.400345,46.599854,46.516964,46.43873,46.617744,46.601673,46.977295,46.488167,46.980583
49.52005,49.03917,48.881943,49.223404,49.36904,49.669685,49.76606,50.054707,49.4964,49.27305,50.048008,49.17797,49.15874,49.091385,49.63617,50.095528,49.806717,49.36133,49.94314,49.52647,49.259357,49.43609,49.55977,50.022606,49.84758,49.897324,49.412937,50.02596,49.9741,49.932465,49.83358
47.85831,47.79962,47.601868,47.66962,47.700417,47.847115,47.64282,47.5997,47.893486,47.950115,47.795242,47.86838,47.85794,47.78507,48.064407,47.395195,47.714615,48.307285,48.0333,48.11107,48.366478,48.31792,47.981544,48.005295,48.406742,47.967934,48.20387,47.734596,48.56913,48.14862,48.3817
47.334633,47.31495,47.249878,47.274223,47.345345,47.416832,47.679718,47.39969,47.5082,47.59271,47.893158,47.305614,47.318207,47.12803,47.60531,47.785233,47.775146,47.68423,47.856457,47.752834,47.61182,47.6537,47.53238,47.94951,47.57359,47.617615,47.713406,47.881683,48.26344,47.51215,47.82635
47.106186,46.76418,47.003372,46.803913,47.524025,46.82979,47.238167,46.793713,46.972702,47.22646,47.63492,47.181458,47.09966,46.65599,47.624214,47.389687,47.35485,47.15952,47.701458,47.527145,47.37318,47.281986,47.587864,47.861603,46.904774,47.010864,47.681503,47.12574,47.620316,47.35814,47.779385
54.584087,54.592304,54.56221,54.639004,54.86622,54.76415,54.49248,54.747124,55.06229,54.77594,54.78483,54.765152,54.819798,54.93738,55.011642,54.965637,54.64742,54.843826,55.094254,54.92084,55.080162,54.697197,55.031338,55.268913,55.165813,55.141,55.145695,54.96924,55.13442,55.366917,55.291763
53.06006,53.1373,53.291252,53.311928,53.338142,53.457462,53.218266,53.263958,53.67002,53.45301,53.571796,53.538345,53.505226,53.261597,53.58797,53.365932,53.666424,53.543583,53.718678,53.608356,53.63936,53.03376,54.014732,53.79651,53.790405,53.31758,53.695644,53.488953,53.7726,53.798603,53.49358
53.951344,54.00713,54.557472,53.956512,54.194794,54.450176,54.35337,54.341667,54.394535,53.912315,54.09174,54.105354,54.23137,54.229107,54.255108,54.858852,54.34784,54.33702,54.460144,54.00599,54.37271,54.310715,54.56613,54.767654,54.175335,54.27073,54.598892,54.48389,54.509693,54.39229,54.254734
47.044163,47.09386,47.339134,47.606987,47.235283,47.35206,47.908695,47.493313,47.29018,47.987034,47.98209,47.875633,47.532448,47.78938,47.94632,47.721416,47.668015,47.76179,47.836197,47.776,47.657997,47.582157,47.96796,47.714676,48.195312,48.12599,47.83394,48.263367,47.60651,47.882908,48.32271
51.32869,51.309204,51.234886,51.98661,50.947212,51.360584,51.1971,51.81128,51.305046,51.163345,51.271202,51.019596,51.43108,51.31754,51.501034,51.126274,51.341835,51.51925,51.306004,51.72087,51.646755,51.766136,51.207546,51.155945,51.944817,51.674248,51.388657,51.959476,51.65623,51.65968,51.50445
55.29673,55.314278,55.231483,54.962666,55.409264,55.571728,55.30719,55.465183,55.640915,55.73271,55.58293,55.20544,55.410477,55.457996,55.86786,55.35856,55.511803,55.6023,55.82803,55.363045,55.74347,55.892296,55.60127,55.950714,55.637737,55.61113,55.545856,55.863476,56.041473,55.936066,55.734016
48.755302,48.93633,49.08648,49.234432,48.989304,49.085842,48.926098,49.079292,49.458298,49.22307,49.094444,49.41758,49.13186,49.563152,49.511047,49.058865,49.33502,49.38898,49.018356,49.54001,49.87341,49.429874,49.625217,49.129356,49.824932,49.709435,49.597694,49.44874,49.23148,50.07988,49.490192
41.81717,41.90043,42.36847,42.114445,41.942528,41.843792,41.972054,41.773727,42.010326,42.05136,42.327633,42.20039,42.1129,42.32836,42.12717,42.254826,42.093166,42.255177,42.465332,42.219368,41.961452,41.965065,42.329266,42.312202,42.224766,42.41619,42.547184,42.27092,42.335373,42.03952,42.688736
51.254425,51.3232,51.30445,51.416607,51.265038,51.65666,51.504967,51.822742,51.62782,51.49619,51.37004,51.4863,51.479393,51.599693,51.560886,51.558388,51.664158,51.58841,51.456394,51.35389,51.7754,51.87685,51.73456,51.744247,51.871056,51.7044,51.6562,51.989952,51.743618,52.07123,51.478516
49.155052,49.312775,49.183693,49.198666,48.796288,49.55493,48.991096,49.727192,49.867035,49.26532,49.28317,49.69846,49.39795,49.98927,49.30217,49.313507,49.54741,49.574177,49.327187,49.099583,49.386665,49.49117,49.745903,49.59613,50.26645,49.965805,49.46465,49.832798,49.530277,50.205677,49.45352
45.04286,45.024265,45.582825,45.26519,45.050804,45.46644,45.10309,45.34034,45.496227,44.866993,45.377293,45.361767,45.224285,45.38657,45.118954,45.3916,45.388428,45.405125,45.333668,45.364895,45.25992,45.178562,45.487373,45.381737,45.54342,45.752594,45.657333,45.341,45.48199,45.462208,45.333633
53.577507,53.64111,53.025673,53.274914,53.954895,53.27237,53.549625,53.33936,53.3587,53.887268,53.25934,53.366894,53.611103,53.46025,53.685978,53.76954,53.37579,53.57705,53.820168,53.803524,54.041008,53.911316,53.65715,53.85685,53.457905,53.57756,53.650196,53.831528,53.88974,53.927135,53.976055
47.355022,47.034126,46.87136,47.295677,47.199806,47.203575,47.179955,47.4045,47.451847,47.474335,47.217136,47.73736,47.201817,47.700134,47.30574,47.529545,47.230934,47.775517,47.42098,47.284954,47.806652,47.62563,47.393597,47.522423,47.68678,47.62078,47.861473,47.67743,47.72049,47.943066,47.696102
50.764606,50.573803,50.536224,50.52187,51.06388,51.055565,51.250813,50.88929,50.987984,51.320866,51.447166,51.054413,51.034058,50.61283,51.271862,51.08424,51.06806,51.216183,51.261356,51.20684,51.39502,51.40963,51.1855,51.67907,51.151093,51.170982,51.339245,51.231113,51.549484,51.246128,51.39771
48.417946,48.618378,48.147728,48.786842,48.168533,48.461597,48.255653,48.704567,48.945145,48.627323,48.316574,48.76427,48.36427,48.784855,48.48312,48.33331,48.712017,49.03412,48.54015,48.87345,49.089535,48.62312,48.89797,48.365646,49.463474,48.88153,48.698544,48.857563,48.748184,49.207943,48.583378
47.200764,46.99427,47.084023,46.898514,47.06034,47.28484,47.276863,47.453518,47.442745,47.299564,47.613552,46.99109,46.82145,47.394806,47.20951,47.495655,47.141037,47.459717,47.601974,46.94896,47.32687,47.94339,47.076344,47.76828,47.441864,47.875916,47.5592,47.667896,47.841312,47.55973,47.700592
45.606857,45.72294,45.526443,45.572613,46.1136,45.696217,46.188736,45.81785,45.842636,46.32348,46.243904,45.990303,45.909966,45.760567,46.42825,46.339333,46.04334,45.947018,46.315548,46.15477,46.18216,46.13156,46.241707,46.638687,45.99421,46.12925,46.228065,46.43835,46.257862,46.314095,46.621155
47.928383,47.988956,47.80687,47.93915,47.98954,48.15677,48.12058,48.043312,47.972233,48.04241,48.107533,47.81879,48.320538,47.842365,48.119236,48.00257,48.06528,48.0841,48.06478,48.18277,48.357227,48.638508,48.080368,48.528435,48.313503,48.133476,48.293594,48.21929,48.756878,48.29175,48.428333
49.36151,49.713554,49.64531,49.83361,49.565224,49.400173,49.63276,49.5126,49.694897,49.642303,49.42476,49.58636,49.823215,49.953583,49.827015,50.02305,49.837395,49.83814,49.819084,49.964252,50.015255,49.787758,49.973953,49.94822,50.109993,49.86165,50.09779,50.031086,49.957954,50.00657,50.289974
51.59518,51.572712,51.573982,51.381832,51.581314,51.592068,51.849667,51.66352,51.616005,51.792503,51.713646,51.897465,51.647186,51.55714,51.811516,51.77057,52.01735,51.87615,51.95353,51.712345,51.860767,51.931232,52.360054,51.98432,51.940662,51.609108,51.793472,51.941742,51.852306,52.036324,51.76453
49.089226,49.016724,49.215446,49.359962,49.081573,49.466755,49.464634,49.34764,49.274963,49.541412,49.778774,49.851746,49.40818,49.340782,48.875084,49.33931,49.383945,49.28144,49.320873,49.395245,49.162018,49.14198,49.5755,49.37036,49.5007,49.891014,49.407524,49.807796,49.64268,49.517033,49.14866
34.04079,34.177963,34.261745,34.194527,34.378487,34.086323,34.465004,34.154663,34.258904,34.53057,34.479786,34.522335,34.368378,34.7165,34.107914,34.86905,34.520245,34.64766,34.649715,34.377056,34.30282,34.329712,34.571,34.596844,34.35287,34.65257,34.75375,34.651527,34.246857,34.277973,34.764977
50.79692,50.80256,50.8236,50.953472,50.854538,50.70986,51.02847,51.064137,50.74153,50.79355,50.725353,50.826363,51.07474,50.95341,51.032036,51.39555,51.395786,51.03863,51.150787,51.094227,50.980762,50.971577,51.309326,51.154083,51.046803,50.818092,51.103638,51.425697,50.872124,51.107952,51.09801
53.82231,53.57724,53.782776,53.969814,53.60878,54.05029,53.704216,53.935623,53.962135,53.901268,54.220924,54.089863,53.872944,53.870533,53.91803,53.750748,53.868965,53.910526,54.019203,54.047092,53.983345,53.750824,54.067966,53.842262,54.21447,54.2725,53.92414,54.266384,54.473186,54.366188,53.896843
54.196743,54.371593,54.303795,54.25847,54.468277,54.389477,54.222008,54.488926,54.403522,54.175407,54.190544,54.08041,54.413994,54.269993,54.562763,54.502956,54.709614,54.137295,54.50506,54.699295,54.419228,54.29304,54.629463,54.540466,54.50532,54.633095,54.412636,54.724308,54.53402,54.822227,54.48811
38.385094,38.653732,38.26831,38.386753,38.286217,38.500175,38.6817,38.565105,38.498173,38.651318,38.837654,38.502205,38.335876,38.36938,38.43712,38.69582,38.51956,38.455315,38.601936,38.65363,38.497196,38.776325,38.541725,38.666435,38.708355,39.005272,38.351353,39.031967,39.127956,38.771374,38.740086
63.71386,63.14429,63.596603,63.254948,63.736816,63.79827,63.414692,63.51647,63.337814,63.41631,63.381927,63.332153,63.729248,63.41186,63.435688,63.4048,63.17779,63.62098,63.802647,63.250782,63.73926,64.05919,63.43509,63.98899,63.306206,63.49472,64.01467,63.481857,64.204834,63.606617,63.69027
43.530148,43.527733,42.959602,43.418068,43.351982,43.439926,43.48644,43.673035,43.666454,43.45515,43.569878,43.285297,43.146797,42.90756,43.65286,43.36935,43.645348,43.81316,43.587288,43.969643,43.96489,43.956295,43.40126,43.738075,43.852768,43.62858,43.666073,43.698143,44.194668,43.764168,43.678967
45.829506,46.252502,46.19097,45.618385,45.921272,46.109474,45.899834,45.89347,46.32331,45.89966,45.880608,46.089817,46.218876,46.46977,46.226276,46.15942,46.226635,46.1455,46.111927,46.112175,46.232716,46.529877,46.39943,46.604805,46.62031,46.617355,46.481857,46.138573,46.554493,46.606663,46.766182
43.915596,44.12799,43.579597,44.308495,43.702744,43.4003,43.86638,43.681656,43.99064,44.118153,44.205696,43.82131,43.857986,43.862175,44.051174,44.07444,44.06018,44.12888,44.1647,44.45319,44.42471,44.32244,44.151382,44.139694,44.397568,44.006256,44.103024,44.32449,44.740723,44.35113,44.528126
43.25346,43.29295,43.023598,43.588932,43.172623,43.029922,43.35192,43.20527,43.25146,43.554344,43.70459,43.632427,43.28998,43.189365,43.660007,43.216442,43.67625,43.478195,43.50355,44.097755,43.65462,43.31208,43.829243,43.19079,43.891975,43.651978,43.38431,43.73547,43.650856,43.859665,43.728565
48.75928,48.608963,48.35125,48.203224,48.369347,48.767372,48.859196,48.882366,48.44727,48.644146,48.83829,48.81245,48.399536,48.443283,48.44472,48.56514,48.756794,48.60426,48.821037,48.600273,48.271587,48.91629,48.771317,48.812492,48.99388,49.240036,48.504395,49.025223,49.085373,48.84952,48.827515
42.40971,42.4313,42.46688,42.77964,42.477364,42.611595,42.848984,42.757946,42.524166,42.710304,42.700188,42.591705,42.751137,42.582775,42.794228,42.88569,42.912,42.9145,42.731686,42.78363,42.969563,42.98041,42.78937,42.889145,42.84898,42.587196,42.977867,43.106297,43.016476,42.816914,42.893185
42.53467,42.79659,42.564224,42.82843,42.75042,42.718136,42.982296,42.906487,42.559814,42.91399,42.57212,42.934135,43.088127,42.987144,42.916946,43.101166,42.917465,42.842667,42.76483,42.959988,42.93808,43.010056,42.959114,43.02166,43.052876,43.05237,43.024837,43.369648,42.90002,43.089546,43.23906
43.468746,43.24109,43.39028,43.53161,43.42697,43.600792,44.047573,43.63549,43.43101,43.86962,44.30423,43.807434,43.418983,43.2682,43.738434,43.67775,43.617146,43.867874,43.950912,43.84865,43.709526,43.949917,43.793674,43.968636,43.958927,44.057564,43.887745,43.976013,44.144894,43.660614,44.125706
61.830715,61.063423,61.09617,61.24531,61.579857,61.52773,61.109867,61.6581,61.516373,61.216335,61.208965,61.249508,61.188026,61.530247,61.32925,61.76032,61.34411,61.668617,61.75767,61.3941,61.784225,61.55373,61.31838,61.400208,61.33245,61.591522,61.598984,61.664547,61.829193,61.959084,61.346077
50.230774,50.15238,50.11061,50.295437,50.038124,50.189682,49.968628,50.26477,50.067043,50.15421,49.91076,50.04306,50.421494,50.356117,50.120285,50.129757,50.03113,50.62161,50.490597,50.312263,50.20135,50.280308,49.956158,50.276726,50.43642,50.350235,50.490677,50.498703,50.513767,49.978333,50.56536
40.20982,40.889168,40.628487,40.652905,40.453293,40.47955,40.83478,40.921055,40.808815,40.92676,40.652576,40.841484,40.80553,40.869286,41.218582,41.115345,41.133087,40.832237,40.817547,40.979485,40.775093,40.821552,41.028408,41.11988,41.014885,41.029045,40.816563,41.674164,40.65088,41.042377,41.094887
40.534676,40.82939,40.630226,40.47515,40.677277,40.55812,41.272152,40.68859,40.63952,40.98774,41.21856,40.785435,40.52336,40.436157,40.597263,41.12736,41.171616,40.830593,40.896954,41.21743,40.764183,41.18383,40.975006,40.989708,40.77735,41.355644,40.750298,41.30195,40.970818,40.7027,40.916058
41.718998,42.12031,42.3188,42.014168,42.01438,42.07838,41.885384,41.892982,42.064487,42.13306,42.420727,42.170937,42.283176,42.1937,42.050697,41.799698,41.85542,41.71459,42.040245,42.240173,41.887955,42.281,42.168633,42.339554,42.17623,42.86209,42.22091,42.34764,42.400433,42.328236,42.464188
46.59778,46.66468,47.338898,47.222942,46.522667,47.122776,47.1837,47.260216,47.21063,46.57111,47.518036,46.89775,46.890163,47.017036,47.07875,47.406395,47.499207,47.06149,47.1389,47.275414,46.98344,46.97336,47.53843,47.13131,47.64865,47.57643,47.151955,47.40799,47.06965,47.32645,47.152405
47.752865,47.37036,47.68972,48.11994,47.389732,47.653328,48.026306,47.943954,47.512264,47.491825,48.425823,47.833252,47.741302,47.747612,47.605362,48.190613,47.913685,47.612186,47.99091,47.952114,47.48293,47.80604,47.97345,47.987747,48.2715,48.365784,47.960346,48.223595,48.267937,48.03404,48.348118
47.992302,48.299496,47.926414,47.65826,48.090057,48.071693,47.824715,48.15248,48.4535,48.004707,48.15078,47.89007,48.153103,48.04008,48.47164,48.21004,48.17793,48.098473,48.355087,48.33958,48.235035,48.409786,48.266136,48.76776,48.419895,48.50831,48.18956,48.367577,48.530453,48.582985,48.59086
51.47029,51.31999,51.45877,51.07271,51.9338,51.663834,51.83288,51.500786,51.327976,51.538425,51.495777,51.3732,51.54563,51.05702,51.69641,51.63027,51.804222,51.67631,51.86399,51.84045,51.7635,51.84048,51.828358,51.974228,51.42808,51.56909,51.92414,51.510334,51.740135,51.51787,51.766132
54.984047,55.28956,55.68065,55.11364,55.286278,55.527477,55.468487,55.578545,55.519413,55.4207,55.08446,55.383625,55.609005,55.80335,55.876083,55.679848,55.854034,55.575935,55.54512,55.26389,55.68442,55.78398,55.998432,55.8116,55.699074,55.524307,55.71688,55.983994,55.31914,55.94479,55.59391
45.356556,44.89458,45.437164,45.718376,45.31919,45.40435,45.19969,45.24498,45.32469,45.185223,45.5602,45.5571,45.43157,45.360817,45.275608,45.31436,45.35979,45.726017,45.564156,45.647453,45.682213,45.2624,45.536957,45.316444,45.572044,45.422005,45.98462,45.274082,45.815693,45.49214,45.57832
57.45,57.18122,57.262856,57.03763,57.203255,57.25209,57.080055,57.46648,57.06337,56.959698,56.79992,57.228554,57.312862,57.30895,57.250137,57.312042,57.174088,57.19155,57.222263,57.04823,57.361,57.80519,57.31611,57.40625,57.130013,57.32686,57.3831,57.574642,57.48739,57.678024,57.23387
51.010574,51.005222,50.82599,51.168453,50.830086,51.259563,50.656063,51.223198,51.33615,50.947918,51.08303,50.694153,51.097836,50.829575,50.978878,50.741314,50.867203,51.188583,51.135315,51.079025,51.377865,51.28215,50.96251,51.202682,51.321926,51.029083,51.031105,51.21511,51.736267,51.34289,50.875717
45.85021,45.66952,45.671265,46.061565,45.34369,45.527767,45.31045,45.75722,45.746357,45.307392,45.626717,46.076508,45.796844,46.032047,45.28677,45.896046,45.833897,45.754852,45.649426,45.911915,45.6046,45.412766,45.917637,45.43686,46.013474,46.026382,45.800636,45.984688,45.929264,46.11208,45.65847
53.871216,53.830475,53.607117,53.76139,54.05146,54.029095,54.198,54.029934,53.735184,54.176014,53.932224,53.845722,54.028812,53.633915,54.1562,53.883316,54.076942,53.965794,54.02957,54.16313,54.343616,54.495216,54.143276,54.232224,54.09574,54.038597,54.069324,54.319725,54.4187,54.327885,54.138683
51.31436,51.014046,51.345238,51.47007,51.492973,51.173504,51.39752,51.03917,51.15941,51.532536,51.75338,51.741478,51.585766,51.505108,51.35123,51.24118,51.46126,51.445282,51.55529,51.827988,51.60189,51.62203,51.767742,51.58204,51.690605,51.8917,51.990646,51.420696,51.6962,51.721676,52.00429
43.14269,43.104958,43.309303,43.141342,43.390312,43.244926,43.513172,43.345997,43.184135,43.102325,43.050655,43.46294,43.342045,43.328915,43.240685,43.720894,43.994484,43.415222,43.261154,43.392353,43.55044,43.566456,43.83655,43.52111,43.26547,43.181175,43.79913,43.47928,43.324593,43.668606,43.280773
46.142685,46.362305,46.514008,46.364616,46.129013,46.66261,46.45968,46.54209,46.399193,46.55085,46.473488,46.390987,46.533558,46.431602,46.22651,45.96197,46.401096,46.796303,46.517582,46.55274,46.368233,46.75166,46.390408,46.47023,46.87678,46.96814,46.62232,46.6935,46.560642,46.162594,46.533657
43.552998,43.93872,43.76654,44.001587,43.40792,43.496098,43.732704,43.905804,44.177692,43.78539,43.757233,44.09928,43.63723,44.37461,43.947388,44.33292,44.264683,44.185257,44.03111,44.09555,44.04581,43.718727,44.419918,43.89791,44.635536,44.309425,44.061905,44.415516,43.83444,44.465233,44.267967
47.75059,47.976315,47.925323,48.255714,47.75872,48.062683,48.032166,48.26078,47.79663,47.98164,47.523663,47.899826,48.394444,48.056778,47.85089,47.85294,47.869026,48.25473,47.91642,47.813366,48.164455,48.470886,47.981747,48.288025,48.302265,47.84645,48.356613,48.36262,48.178593,47.91139,48.133675
37.28968,37.21592,37.042526,36.92635,36.592094,37.06883,37.06984,37.274143,37.489037,37.14491,37.46018,37.510002,36.703205,37.448895,37.277958,37.374187,37.419353,37.741005,37.38597,37.309654,37.269016,37.5663,37.16209,37.255783,37.690815,37.855034,37.402775,37.692318,37.870407,37.57972,37.606823
43.692318,43.90352,43.778687,43.877148,43.544334,43.53136,43.89487,43.744892,43.85397,43.987976,44.142574,44.124413,43.80177,43.964382,43.898838,44.114468,44.18688,43.95493,44.05693,44.1662,43.81504,43.885757,44.195953,44.020737,44.142605,44.240784,43.960484,44.451332,44.204502,44.134785,44.199127
50.043083,50.615112,50.390205,50.064857,50.121307,50.038338,50.206345,49.84694,50.462704,50.534443,50.428616,50.617657,50.32245,50.65778,50.45029,50.215206,50.401627,50.265903,50.273643,50.850876,50.616726,50.685375,50.81166,50.36075,50.88155,51.24588,50.367542,50.6501,50.668606,50.990395,50.878754
46.04107,46.174656,45.83731,46.22092,46.127777,45.863277,46.194874,46.036983,45.819027,46.21478,46.29233,45.77399,46.106857,45.691265,46.01918,46.309265,46.326332,46.039413,46.395466,46.670113,46.011795,45.941727,46.064087,46.034286,45.95187,46.220306,45.88082,46.633694,46.411186,45.917618,46.156006
50.88876,51.397205,51.275482,51.32935,51.064842,51.16554,51.329884,51.21153,51.224697,51.380196,51.107307,51.255646,51.468803,51.299347,51.490326,51.292953,51.367218,51.329247,51.30324,51.595688,51.480923,51.45657,51.523315,51.497223,51.684055,51.57106,51.434525,51.787113,51.555756,51.492558,51.663895
53.326958,52.71785,52.44966,52.87532,52.64451,52.861855,52.923786,52.892483,52.70984,53.072456,53.20141,53.365192,52.630714,52.605927,52.492985,52.71474,52.63988,53.11618,53.016617,53.002796,53.020527,53.192757,52.799263,52.79963,52.98879,53.213387,52.933228,53.203323,53.83802,53.13761,52.84685
52.51935,51.988235,52.16723,52.171173,52.551018,52.451973,52.804737,52.559265,52.13793,52.38766,52.6214,52.47701,52.233055,52.207687,52.47284,52.99449,52.468327,52.528946,52.79323,52.495094,52.54876,52.572075,52.64179,52.676437,52.40845,52.661636,52.61787,52.75329,52.706387,52.66672,52.722183
54.360497,54.242638,54.19899,53.97462,54.118805,53.957813,53.8481,54.00144,54.119392,53.99659,53.94281,54.080036,54.172554,54.527245,53.89627,54.24501,53.9316,54.172752,54.29356,54.074368,54.257076,54.698635,54.190876,54.307465,54.22525,54.5888,54.35508,54.29769,54.56419,54.523773,54.510975
51.18717,50.943207,51.066597,51.318127,51.345474,51.373802,51.098026,51.170948,50.962406,51.110188,50.929825,50.715992,51.510296,51.328358,50.943066,51.39331,50.980354,51.457436,51.402317,51.291157,51.476177,51.298126,50.929554,51.10446,51.150833,51.224792,51.40215,51.322006,51.496567,51.054115,51.342857
46.905704,46.213608,46.993347,46.953087,46.70611,46.653175,46.902386,46.796124,46.522205,46.73456,47.28689,47.35688,46.905537,46.910606,46.65321,46.97847,46.991127,47.00922,47.19317,46.66468,46.6616,46.86578,47.39363,47.07048,46.8316,46.78006,47.354992,46.946625,46.926247,46.94469,47.000435
39.073868,39.13447,38.901207,39.12947,39.174545,39.04675,38.90449,39.088924,39.042038,39.12046,39.02381,38.99126,39.391563,39.18264,39.282677,39.222137,39.099495,39.322144,39.363396,39.355427,39.232224,39.175323,39.03168,39.37098,39.207554,39.1557,39.387527,39.36245,39.50478,39.187668,39.605057
47.93583,47.81009,47.49153,48.01839,47.855057,47.689037,47.729424,47.74294,47.988087,47.76273,48.01844,47.833527,47.82909,47.520546,47.9926,47.57787,48.378605,48.059246,47.989143,48.54097,48.423923,48.147526,48.400043,48.00889,48.503128,47.83065,48.21507,47.709435,48.45405,48.467403,48.15903
51.21281,50.99816,51.02851,51.091244,51.05368,51.43677,51.52521,51.42426,51.164463,51.316803,51.704765,51.23497,51.23786,51.29622,51.57494,51.593945,51.24643,51.351677,51.508488,51.57426,51.389526,51.540813,51.297874,51.43181,51.778984,52.07914,51.249588,51.85771,51.79061,51.699207,51.895008
50.860065,51.188534,51.388824,50.937157,51.089973,51.35007,51.09725,51.288906,51.547146,51.25295,51.409653,51.027626,51.23962,51.2491,51.779472,51.07469,51.346863,51.32998,51.52719,51.32338,51.53252,51.58126,51.836628,51.64029,51.779034,51.530586,51.260265,51.466827,51.337887,51.79113,51.52466
46.08831,45.931774,45.919777,45.80594,46.010452,45.663017,45.85901,45.750187,45.59255,45.804256,45.703354,45.932465,45.958103,46.151543,45.744286,46.10043,45.73606,46.045563,46.11468,46.055553,45.912067,46.325634,45.81933,46.03665,45.902,46.361275,46.321777,46.057823,46.201454,45.937252,46.556038
50.57373,50.15034,49.985413,50.248905,50.315125,50.38021,50.184353,50.493137,50.55825,50.57441,50.463715,50.622547,50.21557,50.285744,50.7303,50.041126,50.496975,50.99745,50.767414,50.620605,50.90499,50.736835,50.671032,50.588837,50.906372,50.421906,50.786953,50.497597,50.85913,50.88312,50.680576
45.386715,45.352665,45.269653,45.28361,45.50528,45.04223,45.16847,45.122902,45.373425,45.389374,45.458874,45.34782,45.414482,45.412376,45.665268,45.57928,45.369907,45.43013,45.647675,45.633366,45.687805,45.73342,45.48693,45.844345,45.34458,45.5039,45.834957,45.57496,45.970886,45.77598,46.03249
51.422413,51.241028,51.394608,51.537064,51.48725,51.883347,51.77962,51.633274,51.727257,51.930218,52.11785,51.724426,51.76132,51.50882,52.105778,51.301605,51.644512,52.05451,51.96141,51.903408,52.16708,52.078762,52.049095,52.063255,52.469227,51.937195,52.01893,51.75397,52.24206,52.088207,52.255413
46.4192,46.07823,46.130737,46.4242,46.252632,46.245724,46.1908,46.42375,46.333252,46.264374,46.18298,46.548355,46.38589,46.68775,46.078693,46.79338,46.42655,46.848648,46.606922,46.46755,46.448788,46.153126,46.324764,46.297318,46.45744,46.54258,46.714424,46.693867,46.41673,46.388737,46.4841
42.13021,42.232452,42.455147,42.46555,42.10025,42.161404,42.482224,42.42093,42.431877,42.85427,42.78336,42.615532,42.370644,42.95285,42.81204,42.696117,42.433296,42.868336,42.863846,42.41647,42.504395,42.788734,42.445114,42.809097,42.750206,42.97947,42.91056,43.273907,42.76783,42.602848,43.258514
39.58623,39.959408,39.522522,39.69928,39.582275,39.465076,39.840347,39.575893,39.763508,39.907986,39.795235,40.069153,39.76426,39.677486,39.55949,40.101723,39.778458,39.841007,39.73628,39.970497,39.881042,39.924377,39.82627,40.10292,39.7583,39.977173,39.957447,40.225834,40.3358,39.883804,39.991722
49.153526,49.647774,49.414253,49.762978,49.414795,49.659187,49.453087,49.680233,49.929707,49.83438,49.943386,49.39965,49.71271,49.558304,49.941307,49.556828,49.42995,49.554134,49.8594,49.86148,49.891098,49.531147,49.968746,49.91021,50.24199,49.969437,49.417156,50.095047,49.950165,50.13481,49.893814
54.57085,54.799633,54.62806,54.98161,54.5607,54.70663,55.08239,54.74165,55.018364,55.279083,55.17979,54.917408,54.812492,54.7318,55.38146,54.926598,54.865845,55.266415,55.080868,55.31077,55.677204,55.386353,55.297634,55.15413,55.54934,55.085823,55.009693,55.42748,55.507095,55.406925,55.35071
46.71512,46.871063,46.244873,46.51693,46.887558,46.63936,46.4235,46.51665,46.74184,46.81306,46.468616,46.405342,46.788273,46.660336,47.127712,46.580254,46.615463,46.78598,46.68829,47.30586,47.398216,47.201397,46.535374,46.75071,46.920025,47.046577,46.814873,46.90788,47.369987,47.320877,47.24534
48.481213,48.67289,48.698746,48.59545,48.343353,48.409073,48.2805,48.61217,48.5578,48.615196,48.323887,48.556416,48.676525,49.005367,48.677406,48.374664,48.682434,48.75943,48.68988,48.588417,48.647808,48.993877,48.740635,48.586166,48.86291,48.876503,48.764977,49.029785,48.663586,48.889805,48.842503
52.762062,52.173717,52.587563,52.667015,52.28163,52.639,52.287415,52.674423,52.504677,52.350254,52.223248,52.934326,52.588165,52.93518,52.23691,52.173355,52.461533,53.214428,52.576256,52.459328,52.869366,53.00841,52.68235,52.376495,53.04383,52.775414,53.192,52.47566,52.66964,52.75932,52.631687
41.107807,40.64488,40.351685,40.484337,40.660454,40.725014,40.27127,40.89606,40.60517,40.592117,40.19229,41.199055,40.67749,41.05632,40.45609,40.52663,40.46759,41.07791,40.51789,40.698574,40.852676,41.09867,40.29143,40.46553,40.62784,41.151474,41.05143,40.935078,40.93883,41.056103,40.741436
40.844204,40.944466,41.11058,41.069912,41.312866,41.24419,41.649765,41.205437,41.119114,41.75729,41.50598,41.48085,41.3792,41.40604,41.520725,41.625717,41.591,41.671597,41.678642,41.37119,41.402027,41.325397,41.547382,41.719757,41.400875,41.431602,41.77963,41.8237,41.438957,41.259613,41.795372
50.730854,50.669163,50.53689,50.830456,50.660408,50.981884,50.882915,51.01642,50.907932,51.02481,50.952015,50.80919,50.84548,51.065186,50.976654,50.9909,50.75659,51.15993,51.044262,51.056797,51.14912,51.08064,50.794857,50.923523,51.38799,51.47103,50.976044,51.39373,51.24815,51.22141,51.28461
51.59243,51.540943,51.39572,51.83768,51.37874,51.83855,52.13867,52.140903,51.55815,51.859707,51.54447,51.959305,51.851986,52.007027,51.75225,52.1508,51.826584,52.10995,51.72333,51.750134,52.010273,52.132954,51.84459,51.857437,52.36382,52.1565,51.946278,52.52204,51.930588,52.08362,52.08494
55.91705,56.525303,56.144066,56.108624,56.493927,56.181587,56.776234,56.256138,55.971313,56.454464,56.253242,55.951996,56.673065,55.924118,56.45945,56.71095,56.6066,55.829487,56.422417,56.665585,56.343143,56.5221,56.857426,56.815178,56.39479,56.406296,56.04655,56.857857,56.4076,56.522377,56.57264
56.03665,55.656704,55.829727,55.752583,55.972946,55.783707,55.59571,55.686253,55.939716,55.669567,55.981884,56.02662,55.96468,55.75838,55.81576,55.796413,56.11334,55.818027,56.077976,55.984623,56.097214,56.050518,56.400635,56.26085,55.96224,55.777153,56.288643,55.72231,56.468483,56.44894,55.9854
49.868584,49.933575,49.92769,49.91839,50.461548,50.252296,50.319714,50.117523,49.96281,50.147102,50.095016,49.696148,50.434383,49.77503,50.59549,50.301838,50.09277,50.103916,50.285065,50.436874,50.607327,50.63829,50.151394,50.779297,50.15424,50.172806,50.53491,50.293552,50.593582,50.334293,50.729378
48.996357,48.805016,49.01452,49.48193,48.94474,49.486168,49.26655,49.490307,49.225464,49.183075,49.6045,49.17444,49.297157,49.327076,48.97326,49.21462,49.319614,49.13661,49.27316,49.155125,49.20073,49.273518,49.35277,49.360954,49.753475,49.66459,49.409245,49.592335,49.724064,49.654427,49.362644
55.504856,55.118614,55.833008,55.71311,55.39261,55.88162,55.90859,56.020504,55.55657,55.494854,55.859314,55.7686,55.557888,55.821598,55.70442,56.047737,55.759926,55.80738,55.877823,55.522087,55.674637,55.76383,55.959557,55.735832,55.9538,56.111282,55.89265,56.213425,55.729218,55.97744,55.75718
36.414055,36.60083,35.92248,35.707413,36.52472,36.108643,36.095596,35.983166,36.42042,36.25481,35.875465,36.427124,36.357388,36.285187,35.802345,36.53737,36.496048,36.668705,36.36379,36.496258,36.498688,36.514297,36.364815,36.597046,36.111286,36.27124,36.587593,36.103447,36.56773,36.25912,36.32429
38.018745,38.353477,38.447906,37.736088,38.52726,38.45993,38.62506,38.053253,38.30097,38.726395,38.218155,38.66114,38.53456,38.688465,38.3591,38.592117,38.55908,38.583748,38.269073,38.24261,38.733864,39.115738,38.511917,38.824974,38.12201,38.672836,38.95424,38.645805,38.7883,38.593018,38.67606
49.698982,50.339268,50.52076,50.31698,49.747864,50.239098,50.08767,50.277973,50.612293,49.919777,50.15312,50.155464,50.19446,50.52995,50.481712,50.272274,50.48065,50.20394,50.173763,50.431267,50.47608,50.362087,50.90165,50.378967,51.180145,50.806488,50.34009,50.52324,50.355293,50.955177,50.588593
48.56687,49.128685,48.583656,48.667694,49.053154,48.83948,48.5946,48.857986,49.086864,49.11048,48.414566,48.78144,49.311207,49.006294,49.335236,48.77294,49.269012,49.039494,49.105633,49.169235,49.215862,48.89165,49.323048,49.39936,49.284515,48.71608,49.147736,49.17324,49.04386,49.34693,49.253605
43.73161,43.72333,43.446564,43.964443,43.43888,43.42025,43.91065,43.65726,43.64511,43.970837,44.08361,43.930157,43.616016,43.62561,43.99203,43.84295,44.273342,43.98368,43.970825,44.20123,44.071266,43.984646,44.20609,43.77487,44.202576,43.753777,43.871315,44.27033,44.406326,44.22423,44.09859
51.098568,50.739185,50.796173,51.043987,51.118797,50.62003,50.837944,50.668087,50.533577,50.8574,50.77255,50.816147,51.23298,50.900864,50.962337,50.903805,50.93627,51.151108,51.20662,51.23255,51.209217,51.35921,50.996834,51.223305,50.979843,50.79496,51.557705,50.874676,51.37294,50.943295,51.6032
42.66714,43.25992,43.04953,43.048264,42.84684,42.82157,42.885563,43.034855,43.04474,43.3256,42.892044,43.185772,43.118774,43.30913,43.191826,42.831654,43.104748,43.168137,43.22945,43.20802,42.919815,43.07333,43.239033,43.216568,43.414566,43.478622,43.224045,43.612297,43.047314,43.15516,43.468132
46.93949,47.41914,47.239403,47.29978,47.355682,47.257572,47.337784,47.206726,47.587784,47.75033,47.231056,47.401836,47.658344,47.959248,47.513268,47.613483,47.786797,47.75851,47.544502,47.67619,47.81352,47.59215,47.716236,47.663567,47.87498,47.759842,47.81386,47.87582,47.490383,47.773293,47.87595
49.32572,49.176235,49.470757,48.98483,49.191574,49.283096,49.415855,49.182335,49.445747,49.260334,50.05898,49.403168,48.88153,49.078106,49.147682,49.442745,49.244835,49.044586,49.574074,49.21256,49.229275,49.81732,49.572258,49.85907,49.30272,49.95964,49.509815,49.488293,50.23356,49.755016,49.590714
39.976234,39.673897,39.440163,39.967495,39.870956,40.01883,40.40029,40.464153,39.638298,40.14211,39.99448,40.3192,39.864315,39.924255,39.943096,40.505005,40.0924,40.245335,40.070614,40.063713,39.98398,40.00856,39.932438,39.92964,40.049076,40.294403,40.01048,40.78454,39.953884,40.133873,40.044434
59.50947,59.22389,59.398033,59.963974,59.35929,59.763935,59.522804,60.08339,59.664318,59.54145,59.28463,59.64652,59.733677,59.93001,59.590927,59.628777,59.805576,59.95829,59.627506,59.5657,60.060036,59.795185,59.963673,59.494774,60.23521,59.67502,59.850555,60.096012,59.521233,60.215168,59.463364
46.69277,47.370766,47.25628,47.074467,47.000153,47.253685,47.415474,47.237106,47.396038,47.35088,47.161488,47.339516,47.32445,47.392315,47.122902,47.570305,47.44697,47.27388,47.14863,47.435196,47.323734,47.329018,47.48273,47.508934,47.55193,47.835938,47.339836,47.84788,47.35303,47.431805,47.356983
42.92713,42.673374,42.642982,42.716423,42.687805,42.635666,42.69559,42.878574,42.563305,42.638985,42.314987,42.83663,42.724716,43.1173,42.841988,42.785114,42.90801,43.214485,42.908775,42.698254,43.03925,43.368614,42.87812,42.837425,43.099453,42.828613,43.331173,42.903744,42.997177,43.091286,43.302895
49.780888,49.684055,49.548584,49.01084,49.69951,49.691032,49.23154,49.638687,49.838833,49.535816,49.509453,49.402004,49.44478,49.74492,49.45231,49.545727,49.519753,49.70439,49.954258,49.333134,49.55364,50.063496,49.55538,50.059135,49.533886,49.937958,49.799885,49.66512,50.10805,49.879448,49.770557
45.29137,45.659615,45.520775,45.426247,45.340797,45.46029,45.341587,45.419815,45.904373,45.55787,45.864445,45.70269,45.546238,45.415607,45.775105,45.501446,45.764458,45.549305,45.717297,45.89123,45.67953,45.558167,45.970066,46.013496,45.95184,45.866547,45.720806,45.80471,46.137604,46.018665,45.843323
49.71737,49.905067,49.62652,50.193913,49.629196,49.74961,50.191895,49.975273,49.812912,50.060722,50.224277,50.12138,49.938915,49.708057,49.81723,50.08104,49.690388,49.959248,49.964718,50.354275,50.058083,50.08079,50.02542,50.1481,50.470016,50.55091,49.993923,50.47053,50.346226,50.08115,50.378304
55.753883,55.60804,55.17572,55.638885,55.598152,55.745304,55.39324,56.115852,55.63238,55.573982,55.71279,55.36991,55.688347,55.236877,55.886654,55.27567,55.550217,55.4763,55.839535,55.92758,55.61704,55.79483,55.649567,55.838936,56.028683,55.959503,55.388042,56.062016,55.877747,56.079376,55.732094
51.97358,52.45099,52.31063,52.023083,52.09751,52.25358,52.37374,52.43865,52.716644,52.632465,52.683193,52.394054,52.06069,52.311615,52.524902,52.497852,52.78366,52.268986,52.533558,52.4772,52.387375,52.571144,52.728218,52.7731,52.527954,52.89357,52.295628,53.152187,52.707718,52.88192,52.313564
41.83891,41.829945,41.638023,41.370556,41.978447,41.682415,41.603382,41.706673,41.9215,41.907948,41.91974,41.776234,41.78091,41.858414,42.22912,41.987717,41.94092,42.06046,42.230072,42.156975,41.955917,42.029762,41.804585,42.237846,41.80983,42.18206,42.13017,42.09612,42.2106,42.065426,42.43052
45.625763,45.207756,46.056076,45.356777,45.518814,45.988155,45.90047,46.00779,45.7062,45.355602,45.88181,45.79147,45.716564,45.888367,45.705517,46.27172,46.00069,46.06592,46.039333,45.35522,45.51952,45.974194,45.876057,46.22336,45.678337,45.933174,46.256126,46.012737,45.86084,45.662483,45.891766
54.337147,54.332275,54.09498,54.24142,54.09748,54.018135,53.717506,54.35223,54.199986,53.957382,53.558235,54.488483,54.37823,54.508274,54.016556,54.04584,54.29467,54.182793,54.043335,54.242958,54.301132,54.333527,54.519863,54.091682,54.390335,54.315628,54.29842,54.47311,54.09586,54.804546,54.03131
47.449306,47.261646,47.457764,47.638214,47.674118,47.8842,48.213017,47.967987,47.51095,47.905807,47.76499,47.728092,47.8831,47.98762,47.77342,48.455418,47.8154,48.098988,47.975372,47.60853,47.97409,47.965134,47.833096,48.062912,47.97288,47.968826,48.075405,48.35053,47.83078,47.85667,48.151043
42.774914,42.74722,42.330788,42.988167,42.62523,42.423687,42.559357,42.903732,42.62261,42.66745,42.23783,42.794304,42.961296,43.223934,42.80021,43.03175,43.0476,43.17663,42.87503,43.00216,43.03611,42.827652,43.01121,42.642212,43.29547,42.738846,42.99442,43.126385,42.545837,43.145687,43.171185
51.292953,51.46598,51.167305,51.127666,51.46039,51.302032,50.97512,51.12485,51.830376,51.486366,51.33183,51.30968,51.377335,51.53322,51.337517,51.510292,51.35497,51.550114,51.56432,51.51764,51.863716,51.60298,51.452724,51.838356,51.465153,51.59104,51.732628,51.519768,52.12297,51.893147,51.596863
47.931087,47.190243,47.16304,47.67076,47.80793,47.75226,47.42309,47.799175,47.59704,47.479954,47.54817,47.863407,47.68002,47.587746,47.65854,47.760387,47.578815,47.962975,47.708984,47.896763,48.1735,47.70862,47.671547,47.549667,47.71242,47.66546,47.97556,47.674934,47.9471,48.183174,47.659523
45.659584,45.526855,45.337173,45.968994,45.519775,45.7693,45.29466,46.000233,45.87317,45.512455,45.657917,45.750423,45.702347,45.907776,45.746555,45.61635,45.61176,45.754322,45.721577,45.921978,45.920444,45.52133,45.88084,45.496964,46.324085,46.113617,45.67513,45.96784,45.77198,46.423637,45.81446
43.25785,43.70915,43.40824,43.760883,43.16806,43.336918,43.310135,43.524727,43.724766,43.575577,43.678364,43.46334,43.33308,43.526726,43.718616,43.40324,43.423656,43.657166,43.652405,44.06295,43.71687,43.48122,43.643925,43.38018,44.150887,44.164497,43.406303,44.00104,43.791817,43.85797,43.87903
55.485336,55.728645,56.054832,55.169834,55.773926,56.349583,56.200455,56.164783,56.313145,56.272842,55.662403,56.11897,55.908394,56.379356,56.219242,56.163216,56.188686,56.593006,56.18958,55.430588,56.375774,56.63365,56.38418,56.65783,56.35146,56.224068,56.48271,56.43536,56.065685,56.315506,56.10299
48.10598,48.028606,48.100098,48.433678,48.165382,48.19935,48.140514,48.29888,48.16902,48.524822,48.509068,48.48911,48.382072,48.310352,48.42968,48.07557,48.24422,48.289524,48.39392,48.46631,48.370743,48.345657,48.342537,48.389282,48.419434,48.585243,48.517395,48.797966,48.647987,48.616154,48.51849
53.10724,53.10183,53.49762,53.202812,53.470078,53.668793,53.939293,53.44408,53.56335,54.066772,54.17806,53.8302,53.62063,53.681904,54.016014,53.561684,53.654957,53.745674,53.87246,53.64597,53.900116,54.08187,54.103962,54.16259,54.1175,54.190918,53.978584,54.004192,53.91958,54.07597,54.254864
45.82397,45.317646,45.329277,45.040005,45.70488,45.56233,45.26885,45.430748,45.448875,45.435448,45.47001,45.492264,45.371304,45.334457,45.253757,45.415855,45.412422,45.74702,45.729008,45.40136,45.662476,45.9453,45.389004,45.672966,45.095966,45.486282,45.773304,45.396854,45.998158,45.583332,45.39719
49.552273,49.36382,49.74285,49.96811,49.529808,49.891327,49.783325,49.929165,49.817535,49.673977,49.91109,50.063755,49.741558,49.82017,49.812477,49.896442,49.752922,49.87262,49.80082,49.759777,50.053123,49.741432,50.185696,49.82379,50.146492,49.961967,50.02305,50.082092,50.02747,50.313698,49.79231
55.479362,55.27528,55.198776,55.465916,55.650597,55.473183,55.70789,55.575733,55.56981,55.69712,55.2929,55.73599,55.49835,55.67363,56.165592,55.75594,56.04199,56.036823,55.62987,56.157948,56.540512,56.00768,56.11368,55.538307,56.138058,55.74565,56.01459,55.89578,55.668903,56.44846,55.977325
38.145554,38.567028,38.468475,38.060707,38.055214,38.342678,38.514393,38.45239,38.36314,38.3192,38.289497,38.57754,38.316265,38.598133,38.388874,38.72796,38.51174,38.418823,38.31595,38.342144,38.26564,38.74778,38.4673,38.61634,38.521656,38.946014,38.47409,38.969196,38.668983,38.610374,38.688595
48.719513,48.773975,48.89486,48.985046,49.15545,49.176567,49.028675,49.06531,48.96098,49.26752,48.929203,49.146572,49.49991,49.231087,49.43454,49.03745,48.99646,49.322544,49.25491,49.229645,49.37396,49.124607,49.27765,49.406105,49.394825,49.19845,49.47906,49.351196,49.107246,49.289093,49.565765
48.29092,48.138718,48.15844,48.287876,47.836,48.328365,47.578354,48.39694,48.709976,48.070934,48.00417,48.557373,48.246605,48.913914,48.014416,47.942474,48.147305,48.669415,48.172462,48.050884,48.54162,48.55746,48.312218,48.254448,48.87063,48.70117,48.679783,48.37671,48.598675,48.93806,48.318573
35.26827,35.45132,35.11317,35.095608,35.519806,35.12078,35.38955,35.222576,35.515236,35.34388,35.273975,35.41947,35.25451,35.45654,35.507015,35.962135,35.664097,35.47646,35.4095,35.50377,35.87077,35.83455,35.61825,35.846024,35.30968,35.407715,35.81336,35.581047,35.884575,35.974754,35.78443
60.88751,60.385223,60.71319,61.110577,60.58226,61.010876,61.099266,61.194763,60.422905,60.74729,60.800743,61.0715,61.171936,60.933212,61.288925,60.748554,60.768147,61.10115,60.974693,61.10586,61.117012,61.219887,61.170643,60.906067,61.735924,61.25454,61.173298,61.266685,61.017757,61.30745,61.553226
49.35476,49.517616,49.601013,49.31029,49.438942,49.440937,49.36116,49.32389,49.6221,49.204044,49.494694,49.39231,49.51846,49.500347,49.621677,49.48725,49.602787,49.40035,49.535915,49.694187,49.76716,49.9405,49.91062,49.898796,49.912323,49.845848,49.84017,49.419662,49.993217,50.05634,49.99673
48.592785,48.626266,48.56299,48.85191,48.348854,48.60017,48.95651,48.669228,48.750614,49.07344,49.21462,49.567795,48.79738,49.00725,48.97314,48.611523,49.042755,48.99918,48.75418,49.362366,49.047817,48.98538,49.44446,48.723732,49.761883,49.645905,48.970356,49.2656,49.002686,49.508907,49.334152
44.07164,44.27068,44.420128,44.33007,43.86226,44.416454,44.65548,44.546535,44.391724,44.320686,44.50703,44.560314,44.36387,44.50656,44.720608,44.463005,44.792103,44.629932,44.275787,44.57525,44.64811,45.03063,44.703957,44.631844,45.087597,44.891,44.722034,44.92821,44.791836,44.865753,44.880684
53.062767,53.389854,52.89952,53.482315,53.031425,52.97682,53.07959,53.101204,53.326294,53.30979,53.268726,53.4297,53.30204,53.031384,53.481876,53.03504,53.475216,53.13125,53.27505,53.850872,53.612675,53.09232,53.931812,53.255394,53.963234,53.349403,53.147507,53.520695,53.656445,53.99993,53.463688
49.501183,49.670723,49.956375,49.948334,49.58268,49.820488,49.706177,49.707775,49.91031,49.74185,50.13155,49.790928,49.736423,49.68916,49.807564,49.587753,49.750004,49.730873,49.74009,50.20664,50.02258,50.03703,49.9113,49.832253,50.102444,50.469566,50.00053,50.07532,50.248615,50.11763,49.96867
55.448536,55.560856,55.798714,55.121365,55.803032,55.88514,55.61326,55.36125,55.792446,55.82871,55.7659,55.79676,55.808014,55.718925,55.847317,55.359493,55.64674,55.654858,55.714756,55.784294,56.103977,56.23581,56.160908,56.027397,55.905243,56.142998,55.94631,55.615147,56.100815,56.261433,55.91886
49.556473,48.84794,49.174667,49.51711,49.237434,49.68775,49.080807,49.70428,49.505024,49.070534,49.472687,49.328274,49.367264,49.499928,49.36443,49.31694,49.03031,49.76339,49.537792,49.296356,49.76517,49.66812,49.270412,49.43268,49.804443,49.65223,49.758293,49.377693,49.809204,49.820305,49.582382
45.46087,45.590775,46.00702,45.784843,46.14518,45.81627,45.56362,45.54555,45.447514,45.718994,45.605057,45.401653,46.359455,45.964497,45.747444,45.612312,45.57524,45.461277,45.88706,45.618195,45.739132,46.088615,45.781414,46.282303,45.528694,45.769188,46.35662,45.712925,46.0507,45.78939,46.306202
45.750183,45.65346,46.16169,46.10615,45.929718,46.294903,45.7168,46.159,46.095997,45.80303,45.940037,45.6974,46.246864,46.285538,46.08057,46.199535,45.862083,46.291145,46.270992,45.958992,46.10418,45.82238,45.894264,46.048943,46.089428,46.15979,46.257923,46.273037,46.10915,46.00029,46.123394
58.401,58.103584,58.32817,58.321014,58.72606,58.419327,58.557964,58.330208,58.18445,58.738644,58.794193,58.399742,58.70324,58.429634,58.902714,58.692585,58.345623,58.38359,59.016525,58.650055,58.563446,58.53175,58.654224,58.98825,58.473732,58.70716,58.76419,58.88986,58.976242,58.75561,59.198746
49.895676,49.80655,50.225655,49.961086,49.856453,50.18114,50.25118,50.258167,50.36322,50.22934,50.470257,50.389034,49.92912,50.21355,50.42836,50.05295,50.54323,50.487362,50.298378,50.204666,50.516113,50.71151,50.711586,50.467697,50.664333,50.519485,50.58471,50.47282,50.372513,50.716507,50.33922
52.967144,52.919247,52.261993,52.647327,52.905197,52.763607,52.54512,52.82826,52.94698,52.800537,53.00066,52.66099,52.79773,52.20141,52.94224,52.38351,52.709446,52.531334,52.804325,53.172123,53.205425,53.360508,52.938118,53.280403,53.03938,52.943703,52.78758,52.83812,53.681034,53.522667,52.960026
42.86638,43.136726,42.53215,43.316193,42.378998,42.568214,42.986553,43.05815,43.149437,43.036556,43.095036,43.266083,42.760372,43.0804,42.94377,43.33137,43.163902,43.31311,43.110607,43.35518,43.10564,42.958195,43.07721,43.17668,43.754208,43.395897,43.19277,43.675117,43.65221,43.333363,43.55085
55.841877,56.19389,55.54284,55.62648,55.82225,55.62498,55.56423,55.766483,56.101097,55.95581,55.833977,55.938446,55.81723,55.70427,56.064816,55.711323,56.16274,55.640457,56.0517,56.248917,55.99308,55.87886,56.429516,56.188103,56.27574,56.087326,55.72384,56.183605,56.35567,56.63641,56.040524
53.539433,53.102737,53.752716,53.381332,53.613625,53.536503,53.494415,53.388153,53.3974,53.428825,53.378174,53.428513,53.661835,54.016518,53.654114,53.7909,53.583176,54.006283,53.968136,53.388702,53.868275,53.9815,53.79203,53.81147,53.722443,53.620506,54.26026,53.536633,53.7654,53.721386,54.16167
35.91145,36.35901,35.373314,36.212936,35.701126,35.67607,35.960438,36.07478,36.08324,36.49649,35.939903,36.220314,35.953865,36.28118,36.321278,35.95492,36.031834,36.490044,36.05214,36.59939,36.54556,36.386314,36.07658,35.829197,36.80829,36.535843,35.935608,36.742733,36.27666,36.55823,36.592384
51.915604,51.88431,52.319183,51.96566,52.514656,52.350796,52.531036,52.147263,52.450806,52.596165,52.77991,52.469246,52.401245,52.622387,52.496548,52.51539,52.82775,52.435753,52.67093,52.544456,52.60887,52.572895,53.101284,52.82164,52.79121,52.910988,52.84707,52.48413,52.292843,52.913788,52.83612
46.68483,46.823593,47.017395,46.870922,47.195,46.97592,47.308872,46.998894,47.034294,47.3226,47.176586,47.362656,47.232292,47.39533,47.300095,47.404778,47.4974,47.21866,47.38798,47.20495,47.223633,47.141445,47.77384,47.561546,47.48266,47.39656,47.597126,47.410637,46.99731,47.51927,47.66801
34.504528,35.157288,34.58293,35.060616,34.48297,34.67536,34.92119,34.93844,34.910095,34.974854,34.718815,35.073032,34.768753,34.70768,34.6509,34.618084,34.8018,35.055237,34.61196,35.16442,35.10703,35.16427,35.061314,34.821167,35.431316,35.19731,34.864216,35.193974,34.958534,35.020546,34.920097
46.64428,46.1541,46.451088,46.344887,46.58075,46.807163,46.233276,46.777077,46.604725,46.465378,46.47758,46.590252,46.54835,46.672825,46.454113,46.33647,46.495014,46.852535,46.713634,46.301003,46.70009,46.833443,46.527203,46.643814,46.500572,46.618492,46.900635,46.616585,46.74272,46.8129,46.41275
52.549847,52.37582,52.53257,52.65678,52.5057,52.564373,52.31832,52.513393,52.693714,52.593315,52.818336,52.4728,52.637943,52.737297,52.80042,52.320442,52.615936,52.806534,52.905216,52.917942,52.858875,52.860416,52.760876,52.7754,53.153267,53.048798,52.983414,52.696785,53.060402,52.9993,53.17844
31.094646,31.61153,31.905987,31.664297,31.223642,31.763628,31.735094,31.624912,31.869032,31.631382,31.894922,32.038013,31.862293,32.120014,31.346777,31.814901,32.087105,31.87998,31.490406,31.75004,31.53775,31.755621,31.923046,31.872663,32.12821,32.33725,32.12062,32.028194,31.805737,31.748455,31.876074
47.51493,47.507423,47.824394,47.49965,47.853012,47.832996,47.64092,47.613388,48.068546,47.860443,48.06183,47.675064,47.748444,47.92343,47.56748,47.935677,47.89681,47.987022,48.065914,47.740517,48.00859,47.97167,48.04376,48.158745,47.78068,48.04521,48.13724,47.84437,48.013,47.974197,47.799347
36.752865,36.800465,36.623215,36.76931,36.831406,36.505802,36.606075,36.596592,36.81997,36.752808,37.161358,36.412567,36.39562,36.683407,36.87927,37.017155,36.510048,36.66329,37.0312,37.03287,36.997364,37.115498,36.57896,36.916428,36.684193,37.2687,36.86505,37.02245,37.47351,37.128845,37.323467
51.608128,51.154037,51.502853,51.466446,51.66662,51.894344,51.994194,51.83003,51.410137,51.69049,51.5649,51.95595,51.742134,51.98392,51.684917,51.903664,52.01162,52.062946,51.797188,51.779377,51.936874,51.903038,52.063675,51.60869,52.14265,52.100403,52.09522,51.925156,51.593224,52.061264,51.979122
40.35007,40.29552,40.135933,40.425625,40.19387,40.5809,40.562294,40.549892,40.326824,40.623558,40.510147,40.280415,40.565063,40.45018,40.49923,40.64609,40.39275,40.93102,40.590008,40.547504,40.694626,40.818428,40.0195,40.585205,40.54898,40.597282,40.653275,41.007675,41.132107,40.311012,40.762466
49.82705,49.281456,49.84144,49.36544,50.096252,49.753433,49.518505,49.391964,49.66396,49.611454,49.885395,49.847893,49.7342,49.842327,49.222862,49.877308,49.648205,49.697746,50.063663,49.42967,49.664368,49.826283,49.849472,50.201607,49.25592,49.82347,50.44045,49.42941,50.271885,49.825314,49.880177
43.31917,43.58324,43.520195,43.5222,43.289085,43.49153,43.25595,43.616318,43.606853,43.450436,42.9074,43.687775,43.675255,44.23139,43.423477,43.58063,43.36113,44.00195,43.487785,43.482655,43.77066,43.75459,43.61036,43.427444,44.06718,43.99209,43.858868,43.81194,43.30133,43.786243,43.87562
49.358402,49.33781,49.570885,49.835342,49.570366,49.746155,49.660816,49.80258,49.71055,49.626194,49.78582,49.67127,49.7228,49.88221,49.781498,49.879543,49.816048,49.745766,49.81355,49.942596,49.80822,49.555466,49.81783,49.800865,50.14012,50.23037,50.048115,50.095856,49.87225,50.066296,50.1029
49.86484,50.06984,50.088303,50.097298,50.26899,50.23514,50.416725,50.322712,50.148052,50.169964,49.995213,50.175,50.45472,50.363293,50.457138,50.78623,50.473343,50.23743,50.280407,50.40364,50.4907,50.302002,50.56542,50.56124,50.458355,50.439713,50.465706,50.70644,50.223915,50.6352,50.580364
39.306526,39.40384,39.669403,38.871464,39.439987,39.762825,39.467484,39.626976,39.681007,39.540703,39.492523,39.669495,39.353348,39.874454,39.511738,39.34529,39.696045,39.86359,39.62427,39.404724,39.489204,40.049355,39.649185,39.718246,39.77529,40.29635,39.89768,39.666977,39.4469,39.721897,39.75961
53.4708,53.133564,53.609795,53.537567,53.651672,53.823013,53.318943,53.694824,53.85598,53.649113,53.581642,53.788372,53.70377,54.05616,53.88074,53.449898,53.531082,53.98607,53.90177,53.44833,54.109337,53.84595,54.08537,53.898933,54.153873,53.81939,54.2197,53.61181,53.755527,54.32591,53.973988
46.210106,45.893097,45.726257,45.962833,45.860123,45.67006,45.88735,45.833828,46.040382,45.83018,45.941963,46.07824,45.696297,46.013233,46.109833,46.35763,46.235912,46.38426,46.16269,46.327873,46.55359,46.3511,46.17559,46.019775,46.18909,46.03128,46.365307,46.162052,46.6495,46.52577,46.35911
46.237267,46.209282,46.321426,45.905308,46.220436,46.156986,46.35898,46.163536,46.368423,46.202698,46.317505,46.510746,46.163742,46.463017,46.262123,46.81248,46.64848,46.494038,46.46588,46.38386,46.456043,46.51658,46.68974,46.541252,46.31759,46.57601,46.561756,46.580376,46.536922,46.657192,46.471714
41.847614,41.790737,42.2016,41.87441,41.81466,42.158035,42.047626,42.169613,42.27137,41.976204,42.408424,42.316048,41.971138,42.241024,42.023262,42.010944,42.223305,42.325348,42.235695,41.99255,42.04151,42.43851,42.35355,42.52912,42.513775,42.630768,42.622208,42.20092,42.324715,42.324768,42.44465
64.23171,64.11718,63.895386,63.849873,64.52931,64.15999,64.25842,64.19029,64.32727,64.61828,64.13776,64.19931,64.29002,64.16164,64.75977,64.423386,64.45685,64.39264,64.70331,64.32196,64.85174,64.63701,64.780464,64.871284,64.35143,64.053825,64.51406,64.633286,64.741425,64.96374,64.55254
55.878952,55.491043,56.090736,55.59633,55.697754,55.92978,56.020283,55.852036,55.788902,55.693752,55.940308,56.194633,55.79651,56.04324,55.58024,56.118282,56.299305,55.986496,55.94982,55.668453,55.95686,56.205578,56.506306,55.956924,55.927193,56.02111,56.153667,56.04649,56.032253,56.293182,55.65898
44.938244,44.734463,44.531944,44.712387,45.4141,44.76847,44.628193,44.527187,45.016163,45.19316,45.159023,45.102245,45.199375,44.82771,45.1363,44.957336,44.9745,45.090862,45.430393,45.31455,45.23381,44.763268,45.161133,45.594543,44.885845,44.84175,45.57661,44.796917,45.583073,45.22611,45.561817
48.376537,48.182774,48.357086,48.089573,48.77636,48.56212,48.312557,48.28497,48.51877,48.521843,48.633472,48.41348,48.679077,48.50409,48.3846,48.433342,48.61218,48.418148,48.632233,48.431934,48.704437,48.857952,48.736336,48.985596,48.351925,48.567368,48.913376,48.378803,48.87004,48.87572,48.637196
55.146988,54.927868,55.02314,55.136032,55.46273,54.99343,55.152298,54.927116,55.115894,55.47709,55.23672,55.259537,55.281357,55.366215,55.18164,55.492996,55.137745,55.4556,55.722557,55.32495,55.496365,55.131054,55.52484,55.48735,55.219925,55.239616,55.609524,55.384495,55.450386,55.39169,55.602
50.074574,49.846947,49.610046,50.150833,49.817688,50.07554,50.132545,50.060123,49.978695,50.22911,50.15713,49.840958,50.022995,50.171978,50.139988,50.18252,49.77469,50.51703,50.22978,50.286354,50.631874,50.608917,49.80772,50.07022,50.587383,50.468964,50.240696,50.454067,50.793728,50.337437,50.650295
47.183098,47.09097,47.254013,47.543003,47.010857,47.36753,47.240013,47.67899,47.601913,47.404686,47.558445,47.616325,47.32364,47.77336,47.43297,47.29853,47.87458,47.64883,47.46432,47.46462,47.50753,47.595062,47.74561,47.496956,48.06463,47.851112,47.785706,47.88863,47.49851,48.009888,47.574112
47.080456,46.818794,46.445175,46.215805,47.382645,46.47724,46.776493,46.364273,46.57978,46.9428,46.89046,47.08119,46.919357,46.484615,46.715004,47.004787,47.002647,46.698963,47.221546,47.08117,46.787827,46.9413,47.105064,47.53508,46.381607,46.741524,47.298405,46.65547,47.424477,46.981052,47.307304
54.45088,54.151848,54.40322,54.22085,54.099075,54.26675,54.213764,54.10528,54.40372,54.22539,54.563995,54.59109,54.021194,54.230064,54.61874,54.13278,54.455868,54.609467,54.541782,54.80527,54.77828,54.554745,54.829193,54.148415,54.824905,54.7415,54.50078,54.37122,54.89421,54.93525,54.60441
52.173122,51.89895,52.593422,52.299107,52.283028,52.438572,52.401993,52.272877,52.51803,52.35573,52.350983,52.7253,52.329357,52.856865,52.338524,52.55158,52.617844,52.96425,52.613377,52.398617,52.83024,52.570282,52.952538,52.464775,52.851513,52.70733,53.10482,52.414425,52.376705,52.751366,52.64349
59.518658,59.020596,58.834335,58.71421,59.492584,59.28896,59.32801,59.36443,59.112343,59.191505,59.219936,59.062847,59.265297,59.11422,59.32317,59.727898,59.491104,59.284702,59.829895,59.158276,59.19729,59.37605,59.451996,59.905785,59.24834,59.212166,59.467453,59.474445,59.81677,59.562965,59.6666
54.427925,54.518707,54.609505,54.16,54.878662,54.371605,54.889313,54.141422,54.378876,54.691833,54.661633,54.717976,54.70579,54.011192,54.309155,54.78734,54.82869,54.626217,54.898922,54.863014,54.602745,54.706608,54.980156,55.32145,54.235638,54.45173,55.106403,54.529392,55.03111,54.238426,54.742107
59.26168,59.31346,59.49135,59.217155,59.71456,59.858513,59.64826,59.655792,59.514713,59.564472,59.140392,59.274242,59.891216,59.692997,59.724277,59.89989,59.867588,59.61253,59.64828,59.46508,59.912918,59.785748,59.797222,59.9237,59.551617,59.48417,59.823383,59.94742,59.777565,59.925922,59.576385
52.238884,52.69886,52.48236,53.01605,52.49244,52.73202,52.73473,52.74346,52.83388,53.212505,52.955738,52.674004,52.929604,52.566757,52.817593,52.45431,52.467842,52.694626,52.64639,52.853554,53.210342,53.12728,52.808556,53.031563,53.016678,52.908348,52.751244,53.390152,53.31032,53.093452,52.739464
59.91017,59.590412,59.761223,59.999023,59.730995,60.020027,59.593857,60.250755,59.950714,59.629593,59.69054,60.057774,60.182873,60.162983,59.890415,59.553066,60.094475,60.063114,60.049786,59.97143,59.91588,59.950172,60.42384,60.07261,60.766422,60.207497,60.240284,59.96583,59.729675,60.449547,60.136555
52.674255,52.77611,52.917694,53.31525,52.904175,53.14828,53.239105,53.459023,53.011185,53.23632,52.77109,53.29196,53.347046,53.30939,53.295696,53.196045,53.42873,53.327755,53.043118,53.08075,53.483734,53.21649,53.65614,53.157074,53.565884,53.015526,53.3233,53.73297,52.77938,53.605373,53.002193
49.89369,49.95433,49.711647,50.017525,50.11431,49.593254,49.84219,49.326405,49.944122,50.17816,50.43091,50.040016,50.078743,49.589787,50.180298,50.063652,50.261276,49.80171,50.234097,50.721085,50.316166,49.82545,50.24995,50.333588,49.915844,49.961723,50.2932,50.131386,51.109093,50.368633,50.47162
48.317417,48.31612,48.49183,48.420204,48.28218,48.551178,48.128998,48.467876,48.422993,48.165375,48.195824,48.36157,48.49149,48.429432,48.303085,47.961742,48.557316,48.555275,48.379723,48.62546,48.52946,48.576603,48.623398,48.269806,48.783546,48.672707,48.63332,48.372498,48.50226,48.631836,48.384464
37.527035,37.66228,37.41159,37.22506,37.377106,37.362602,37.26572,37.290417,37.528618,37.437435,37.385307,37.651966,37.51067,37.633694,37.030224,37.465923,37.51209,37.722282,37.496815,37.568985,37.413654,37.81689,37.30228,37.700478,37.444504,37.869423,37.859962,37.575714,38.004833,37.407986,37.702713
36.778625,37.203903,37.103546,37.069935,37.26602,37.027985,36.995895,36.938095,36.873978,37.18638,36.727974,37.023804,37.327568,37.428707,36.990105,37.19384,36.877277,36.98446,36.94232,37.161274,37.262527,37.36477,36.99123,37.06907,36.928265,37.464928,37.314438,37.402744,37.16543,37.273857,37.39304
49.7875,49.89268,50.389435,50.12951,49.92646,49.97265,50.226204,50.10441,50.132298,50.175156,50.572353,50.00054,49.966076,50.31284,50.4156,50.386066,50.22132,50.068104,50.522476,50.112717,50.11774,50.38873,50.526077,50.504333,50.41971,50.626755,50.37304,50.64225,50.404133,50.497852,50.69694
41.65446,41.673805,41.941483,41.842747,41.48117,41.73611,41.694397,41.826813,41.830593,41.63399,42.143284,41.88422,41.71928,41.84311,41.776405,41.91834,41.869724,41.80398,41.997612,41.845535,41.612244,41.800198,41.984665,41.96331,41.989597,42.173225,41.93314,42.146538,42.17631,41.98173,42.034058
51.40054,50.66465,51.274628,50.85403,51.406914,51.28865,50.513252,50.91987,51.105427,50.491543,51.00427,51.12113,51.17739,51.16767,50.83874,50.92425,51.02953,51.10528,51.253437,51.234936,51.153324,51.015026,51.205395,51.057137,50.943066,51.352837,51.607697,50.534195,51.354156,51.41096,51.145573
40.61318,40.296562,39.98893,40.16558,40.35742,40.161404,40.349594,40.48009,40.280094,40.446716,40.305668,40.742546,40.131115,40.514565,40.232994,40.806763,40.46117,40.6811,40.48583,40.52875,40.437057,40.622044,40.067345,40.473442,40.158806,40.824104,40.749157,40.94683,40.813873,40.585674,40.634495
54.061222,53.725574,53.15609,53.928207,53.75135,53.387764,53.680443,53.775883,53.43109,53.790436,53.902824,53.906666,53.796345,53.29085,53.904415,53.623184,53.82569,53.595028,53.917484,54.311836,53.935616,53.847977,54.10694,53.758575,54.016163,53.747025,53.57531,54.072144,54.163876,54.30815,53.967953
40.072212,39.546215,39.835617,40.13154,39.974,40.150658,40.122417,40.11987,39.59928,39.639748,40.01331,40.083546,40.258095,40.074974,39.902065,40.438972,39.899494,40.09405,40.08981,40.006176,40.002575,39.99245,39.9624,40.099014,40.12707,40.1111,40.39823,40.09464,40.40004,40.127293,40.48844
44.894005,44.50193,44.749123,44.944565,44.478386,44.484173,44.469254,44.74127,44.633778,44.441998,44.754246,45.035572,44.65225,45.034786,44.707634,44.81033,44.727272,45.008068,44.93512,44.925743,44.719448,44.786606,44.828617,44.70504,45.105263,45.154465,45.22855,44.91527,45.01525,45.018684,45.288517
51.651634,51.844627,51.602318,51.788,51.702896,51.525135,51.502026,51.62465,52.053295,51.790665,51.79592,51.637203,51.734478,51.92083,51.947704,51.835835,52.177242,51.82978,51.92124,52.145252,52.238297,52.041348,52.21814,51.97545,52.194313,51.964806,51.97671,52.044964,52.22894,52.515514,52.05182
49.776363,50.06231,49.827866,49.721947,50.09339,49.912052,49.83589,49.850822,50.14317,50.1037,49.955467,49.76723,50.000774,50.041225,50.09875,50.329716,50.22257,49.993683,50.317974,50.24594,50.08097,49.843315,50.094532,50.305107,49.973606,50.229973,50.092632,50.42036,50.41808,50.245937,50.243034
40.70873,41.281788,41.10662,41.09699,40.690254,41.363255,41.157326,41.50498,41.877747,41.346615,41.413986,41.42353,41.054188,41.59352,41.356884,41.565678,41.631165,41.56308,41.324196,41.259457,41.372364,41.166225,41.552113,41.564064,41.949318,41.8254,41.33672,41.970726,41.526665,41.798103,41.33234
39.781303,39.917416,39.911568,39.720642,39.50184,39.91712,39.4851,39.888702,40.22713,39.93709,40.111713,40.243862,39.915554,40.508846,39.86182,39.911385,39.79804,40.123592,40.17978,39.707268,39.699764,39.82797,40.095604,40.135033,40.425014,40.509346,40.057045,40.240852,40.296436,40.33308,40.341038
60.36446,60.26824,60.274147,60.701347,60.500175,60.730568,60.590137,60.90948,60.628445,60.51304,60.641174,60.309242,60.66692,60.300964,60.753807,60.516094,60.847965,60.551464,60.696663,60.882977,60.88699,60.648335,60.955463,60.734787,61.082066,60.71424,60.57208,60.959854,60.68473,61.08536,60.51751
46.299618,46.498425,46.70771,46.787384,46.538246,46.47866,46.918114,46.700314,46.523846,47.095257,47.029957,46.723034,46.63449,46.617992,47.1887,46.627434,46.81101,46.865726,46.919662,47.00611,47.00659,47.105534,47.053886,46.791573,46.92015,46.987587,46.80022,47.380196,46.696346,46.94076,47.01737
52.680687,52.525143,52.83837,52.920628,52.54158,52.79593,52.995003,52.75008,52.734734,53.175976,53.36809,53.170017,52.819958,52.921314,53.16037,52.75598,52.8955,53.00331,53.009884,53.1311,53.119614,53.212,53.08257,52.93383,53.221066,53.413414,53.09768,53.46685,53.453476,53.300068,53.286953
50.878017,50.961628,50.680443,50.789295,50.79959,50.849182,50.59637,50.971474,50.965355,50.509052,50.367004,50.706306,50.920094,51.182972,50.568947,51.431263,50.719406,50.859695,50.886387,50.840786,50.926983,50.809883,50.722862,50.99819,50.970467,51.218735,50.981686,51.197918,51.204113,51.20077,51.063446
55.98581,55.761154,56.214104,56.195095,56.429504,56.044617,56.284695,56.053658,56.195515,56.174744,56.57002,56.00615,56.15781,56.10194,56.23481,56.662846,56.62379,56.155064,56.616898,56.55158,56.388985,56.10364,56.636364,56.535347,56.1482,56.38978,56.597103,56.446552,56.381058,56.477737,56.414146
47.33046,47.4589,47.28099,47.502804,47.417007,47.503124,47.298775,47.621704,47.44401,47.638767,47.180943,47.58388,47.6149,47.77719,47.37365,47.52486,47.31557,47.73861,47.592358,47.611816,47.510723,47.395496,47.304184,47.43715,47.636936,47.938026,47.645657,48.02675,47.514843,47.536934,47.64636
44.748108,44.83937,44.94313,44.973656,44.829453,45.100857,45.26108,45.048466,44.969555,45.250683,45.249508,45.44244,45.178406,45.24538,45.253292,45.085552,45.13908,45.33301,45.17412,45.33176,45.250713,45.153778,45.54573,45.107582,45.719486,45.602722,45.213203,45.42363,45.055138,45.414047,45.502647
47.071617,46.902515,47.149765,47.177567,46.774635,47.017902,46.68343,47.012993,47.22697,46.86649,46.876724,47.55806,47.159866,47.39367,46.99787,46.814587,47.267063,47.45277,47.079586,47.121433,47.335144,47.146534,47.568554,47.04879,47.568863,47.11429,47.572166,47.042633,47.3079,47.570614,47.146442
47.901714,48.101524,48.092117,48.271,47.83705,48.496998,48.211506,48.62158,48.656338,48.14842,48.09362,48.15391,48.211895,48.45399,48.291676,48.396004,48.74528,48.75611,48.207348,48.439365,48.665054,48.44707,48.41311,48.31086,48.927578,48.587128,48.50163,48.75444,48.396282,48.64331,48.167046
50.224743,50.62298,50.77952,50.600193,50.833336,50.81175,50.803665,50.521145,50.61506,50.880375,50.558865,51.02235,51.16169,50.91459,50.66529,50.554527,50.84144,50.590088,50.563076,50.918922,50.961292,50.849056,51.36709,50.914,51.085567,51.08909,51.01741,50.829235,50.600773,51.15462,50.898724
49.989567,50.200302,50.153343,49.880836,50.110344,49.875404,49.991188,49.964973,50.178703,49.953403,50.326015,49.8665,50.085323,49.892162,50.24535,50.28534,50.296062,49.85623,50.44556,50.253918,50.026234,50.284416,50.491776,50.713585,50.175247,50.248245,50.222103,50.29212,50.59836,50.414795,50.50297
51.83409,51.66187,51.4246,52.16898,51.49424,51.764057,52.079586,52.210068,51.856377,52.098515,52.203194,52.04484,51.802467,51.880116,52.235813,51.850765,51.99874,52.224255,52.078354,52.257545,52.27807,52.34336,52.17021,52.04193,52.821487,52.371307,52.050724,52.53534,52.24142,52.48102,52.466125
51.875362,51.657806,52.04283,51.3678,52.2818,51.8209,52.110638,51.47286,51.74928,52.06877,52.320675,52.070457,52.00496,51.748623,52.27701,52.013958,52.342957,51.837307,52.217113,52.259502,52.252064,52.444904,52.581234,52.414207,51.76187,52.10293,52.351654,51.909187,52.374706,52.415504,52.36362
41.875378,41.760815,41.657143,41.474613,41.920403,41.82309,41.9764,41.652058,41.790245,42.023544,42.291687,41.853073,41.725815,41.607426,41.912724,42.21183,41.886173,42.028408,42.278877,42.157654,41.85272,41.90919,41.732918,42.19004,41.661175,42.21102,42.008682,42.188828,42.60184,41.79105,42.263245
44.56866,45.07238,45.013756,45.284126,44.7007,45.141483,44.892956,45.334476,45.09557,45.056217,44.788174,45.03353,45.44205,45.243153,45.36602,44.940388,45.128696,45.165413,44.969036,45.19879,45.18008,45.04726,45.259556,45.13115,45.584858,45.214622,45.075043,45.67701,44.970146,45.341213,45.189022
38.658443,38.759617,38.164444,38.49285,38.548737,38.583168,38.771217,38.573086,38.660286,38.964867,38.81034,38.79617,38.59012,38.515926,38.665585,38.62416,38.82636,38.96443,38.684776,39.016644,39.102455,39.159306,38.765182,38.73516,38.95031,38.881226,38.711697,38.975327,39.280907,39.01656,38.87024
53.964874,53.610733,53.858665,54.251728,53.92662,53.935677,53.995907,54.096264,53.912693,53.953445,54.401756,54.195606,53.99466,53.943832,53.97264,54.29568,54.06062,53.909813,54.33631,54.237244,53.89344,53.642235,54.221066,54.19895,54.204185,54.369926,54.25022,54.454132,54.428364,54.329,54.2953
54.12252,53.946407,53.675713,54.048176,54.23719,54.105507,54.01158,54.2161,54.230217,54.1834,54.114235,54.08108,54.08118,53.78437,54.04284,54.236286,54.43391,54.244106,54.44493,54.314354,54.34154,53.897984,54.467392,54.373962,54.181236,53.8685,54.218204,54.338326,54.46617,54.43434,53.907673
45.99164,45.1576,45.266106,45.663372,45.165253,45.958126,45.630352,46.187103,45.496452,45.28013,45.720676,45.816,45.524616,45.662834,45.14035,45.917347,45.58852,46.1165,45.874283,45.36118,45.364826,45.47704,45.46961,45.441124,45.940044,45.788948,45.594177,45.961403,45.931126,45.593044,45.42252
47.918976,47.629536,47.70349,47.89592,48.022133,47.7633,47.78119,47.80313,47.563675,47.840137,47.652946,48.07697,48.139263,47.989452,47.958164,47.756756,47.921368,48.021973,47.92662,48.127983,48.130398,48.1715,48.04356,47.989388,48.04217,48.0122,48.414295,47.94171,48.043392,48.184376,48.34581
40.644478,40.633183,40.195786,40.50318,40.496185,40.250256,40.68665,40.552307,40.68115,40.71387,40.81048,40.81864,40.470734,40.975655,40.836285,41.253136,40.978104,40.873764,40.89062,41.040157,40.88224,40.83514,40.88263,40.845955,41.11964,41.190636,40.872955,41.150566,41.019924,41.267044,41.42993
42.84188,43.55897,43.762695,43.129017,43.143997,43.090588,43.277184,43.018253,43.185436,43.2153,42.826733,43.1656,43.65766,43.608055,43.362225,43.234562,43.601273,43.449516,43.25303,43.317177,43.426346,43.916546,43.727642,43.631958,43.479355,43.317566,43.722923,43.449524,43.265163,43.265625,43.679672
53.845337,54.13836,54.137054,53.479626,54.11228,54.04829,54.038868,53.83601,54.237286,54.020363,53.87498,54.051388,53.97504,54.068882,54.229465,54.071205,54.335968,54.02653,54.14295,54.084652,54.403957,54.595985,54.626797,54.575996,54.28989,54.290092,54.38999,54.08,54.5029,54.673306,54.352554
60.598194,59.975967,60.17578,60.22363,60.594566,60.445328,60.29693,60.547832,60.181393,60.136,60.21281,60.528656,60.619297,60.288555,60.438084,60.549847,60.606377,60.332943,60.606846,60.395653,60.45994,60.449657,60.72372,60.79908,60.39,60.277428,60.8195,60.492577,60.680386,60.85774,60.544846
43.076195,43.62281,43.184143,43.4263,43.22583,42.987305,43.38724,43.114666,43.164436,43.44312,43.33758,43.181797,43.46714,43.13126,43.446342,43.597363,43.552475,43.352184,43.572876,43.982475,43.265377,43.12068,43.384277,43.47319,43.46408,43.557083,43.317425,43.88651,43.709106,43.177185,43.798725
31.66203,31.51955,31.850668,31.681334,31.434746,31.562191,31.54903,31.574219,31.418306,31.27187,31.590702,31.945206,31.928438,32.118385,31.415302,31.779182,31.80412,32.01954,31.773243,31.771748,31.351326,31.772018,31.68816,31.782423,32.021656,32.10653,32.333065,31.610977,31.77433,31.482231,32.405556
41.27356,41.743908,41.627823,41.90627,41.037468,41.2025,41.233997,41.563522,41.663498,41.476154,41.41721,41.730766,41.611084,41.903725,41.265812,41.261295,41.79764,41.736492,41.524307,41.68657,41.42145,41.6643,41.85504,41.56636,42.177933,41.88047,41.82611,41.897358,41.57531,41.70328,41.75578
55.916264,55.595806,56.051422,55.961834,56.070778,55.98009,56.05932,55.88214,55.98745,56.06832,56.447258,55.950127,55.87486,55.68092,56.12984,56.0608,56.15787,56.14107,56.418545,56.321842,56.227493,56.075027,56.26229,56.270355,55.97681,56.173515,56.356255,56.214184,56.482555,56.13024,56.150482
50.752697,50.818684,50.49386,50.491344,50.83362,50.529797,50.69961,50.518837,50.825615,50.886333,50.6186,50.730442,50.87436,50.727818,51.251556,50.933174,51.157307,51.178585,51.185104,51.21174,51.262363,50.991585,51.213,51.19748,51.140324,50.619102,51.135902,50.923046,51.263676,51.14603,51.389126
48.015656,47.97836,48.535126,47.769955,48.378746,48.466743,48.18184,48.152966,48.732414,48.099876,48.746807,48.366478,48.280396,48.290237,48.458252,48.872242,48.554935,48.24224,48.731083,48.117893,48.33072,48.12382,48.88413,49.125267,48.19437,48.382896,48.677273,48.34845,48.80994,48.75912,48.441845
57.776016,57.45145,57.719894,57.572735,57.966972,57.77445,57.84255,57.69802,57.58713,57.711613,57.746117,57.80576,58.027493,57.7522,58.009766,57.87156,57.92717,57.856094,58.152645,57.825535,58.0458,58.004536,58.47377,58.21328,58.08646,57.65937,58.1325,57.724705,57.936413,58.22302,58.204876
46.950447,46.974464,46.620728,46.85892,46.857742,46.697273,46.74405,46.760384,46.990433,47.041374,47.17415,46.996895,47.059994,46.799812,47.026276,47.062405,46.965347,46.99698,47.333694,47.102077,46.95766,46.902958,47.137993,47.485344,47.10907,46.88862,47.11615,47.194687,47.691578,47.17429,47.400635
43.692024,44.20762,43.691216,43.71346,43.65586,43.87953,43.575832,43.967285,44.26813,43.739082,43.579865,43.861763,43.824547,43.736427,43.97085,43.81599,44.09417,43.94745,43.74112,44.099174,44.212162,44.072304,44.098415,44.088997,44.169525,43.960808,43.874058,44.160194,44.32962,44.408634,43.753933
51.431526,51.335167,51.331055,51.38118,51.485252,51.278263,51.23711,51.26447,51.162365,51.50002,51.024986,51.193615,51.579353,51.500343,51.22754,51.286003,51.23016,51.74314,51.514088,51.5021,51.752045,51.887352,51.25499,51.339523,51.240932,51.39093,51.660477,51.594173,51.559002,51.294598,51.464226
52.358486,52.455925,52.473534,52.38683,52.34227,52.375107,52.515217,52.67464,52.710247,52.447384,52.74275,52.54947,52.441277,52.41551,52.620075,52.745277,52.88134,52.545967,52.857388,52.611183,52.465565,52.608273,53.041126,53.072937,52.862057,52.72261,52.68586,52.925457,52.71827,52.877857,52.71277
53.186695,52.936806,52.770096,53.36301,52.770073,52.98004,53.099216,53.24827,53.02178,53.109375,53.42083,53.435825,53.00357,53.172604,53.043243,53.060696,53.271862,52.99798,53.00063,53.529446,53.33407,53.293907,53.520496,52.770187,53.71495,53.75621,52.909027,53.63387,53.363705,53.96393,53.15092
45.859898,46.064445,46.13758,46.148323,45.91742,46.43356,46.238914,46.341064,46.270695,46.322777,46.044006,46.34816,46.5109,46.432922,46.31822,46.032562,46.2195,46.54448,46.08307,46.09725,46.59886,46.78649,46.37816,46.541023,46.720528,46.388046,46.617096,46.537926,46.545067,46.538353,46.45434
50.40945,50.495583,50.473427,50.611744,50.513664,50.326416,50.301598,50.33006,50.433567,50.660942,50.812866,50.504246,50.538788,50.512974,50.761745,50.271767,50.516914,50.454033,51.01286,50.9634,50.4422,50.215183,51.006756,50.499695,50.992107,50.906258,50.457928,50.723434,50.691193,50.835854,51.017002
50.49837,49.964344,49.689865,50.20983,50.51233,50.207672,50.173183,50.223534,50.075565,50.32262,50.12723,50.485207,50.306873,50.207546,50.025043,50.448368,50.150772,50.427727,50.322365,50.513916,50.66739,50.341885,50.219273,50.23768,50.172337,50.378487,50.54574,50.397255,50.649967,50.64949,50.335598
40.454666,40.415203,40.67063,40.238182,40.7703,40.575886,40.552166,40.463024,40.717674,40.54176,40.486263,40.909805,40.70489,40.60558,40.966022,40.84645,40.83974,41.00736,40.793205,40.75661,41.08306,40.818794,41.135593,41.00614,40.58278,40.451828,41.145668,40.58146,40.668182,40.941265,40.820053
47.444496,47.305332,47.140892,47.616695,47.213326,47.251255,47.233932,47.44804,47.13183,47.182137,47.345333,47.55843,47.515102,47.299603,47.027977,47.38837,47.488956,47.118793,47.22291,47.553974,47.320293,47.306858,47.61851,47.15403,47.440434,47.476974,47.229908,47.693295,47.592503,47.787617,47.153183
47.029587,47.756252,47.173218,47.58915,47.300117,47.450306,47.047516,47.423874,47.729187,47.696278,47.34999,47.042633,47.587017,47.600773,47.481853,47.062637,47.152794,47.489017,47.623314,47.767456,47.613583,47.383076,47.440327,47.51709,48.142517,47.98221,47.293503,47.78878,47.713116,47.694267,47.81945
55.17476,55.45162,55.2493,55.48958,55.348602,54.934975,55.450077,55.167255,55.020256,55.513268,55.365192,55.32575,55.605175,55.121777,55.54133,55.251003,55.283367,55.08459,55.42608,55.648148,55.55369,55.851425,55.762184,55.77131,55.541283,55.427124,55.478107,55.73634,55.670563,55.67567,55.844917
46.692543,46.894085,46.738388,46.714306,46.786774,46.40136,46.445404,46.381172,46.93657,46.977028,46.943333,46.986656,46.627804,46.945484,46.759438,46.60231,46.57456,46.846947,47.046738,47.04651,47.029613,46.925976,47.18323,46.906662,47.054115,47.22502,46.970634,46.84209,47.088512,47.23859,47.19784
45.02145,44.912018,45.1761,44.824165,45.19587,44.62408,44.657024,44.277225,44.84969,44.92079,45.167316,44.949913,44.92391,44.882095,45.2057,44.81589,44.993294,45.048615,45.284332,45.57472,45.270596,45.155697,45.11819,45.050667,44.80765,45.210625,45.488544,44.76322,45.649117,45.132465,45.621136
44.13937,44.289345,44.846657,44.21122,44.64736,44.648075,44.744854,44.39542,44.3912,44.63767,44.58904,44.716904,44.799873,44.99321,44.928288,44.909218,44.875378,44.60987,44.7831,44.60882,44.60789,44.661182,45.053856,44.85192,44.702206,44.97844,44.99833,44.899376,44.55371,44.895866,45.157516
49.826042,50.4249,49.870125,49.954517,50.276527,49.677177,49.812347,49.674953,49.949215,50.419285,49.79258,49.927795,50.584476,49.855057,50.687286,49.715454,50.098003,49.895893,50.124115,50.430683,50.56876,50.66532,50.365753,50.740105,50.045826,49.714752,50.333416,50.355427,50.689617,50.511326,50.639496
44.653187,44.620403,44.581963,44.13939,44.794907,44.88428,44.476902,44.59403,44.74456,44.625854,44.811085,44.302376,44.623493,44.537117,44.60363,44.51306,44.57424,44.65277,44.946243,44.57216,44.645348,45.07638,44.54709,45.107025,44.60033,44.966316,44.838417,44.620907,45.326347,44.782516,44.934006
49.630497,49.69147,50.010406,50.181858,49.76217,49.551456,49.77115,49.544724,49.76318,49.824123,50.00853,49.933918,49.92809,49.955498,49.87909,50.008507,50.07503,49.875866,50.08254,50.221107,50.007668,49.718647,50.249325,49.945656,50.05402,49.995857,50.288845,50.103756,50.268692,50.09612,50.261875
40.355522,40.453342,40.840393,40.62669,40.73285,40.778275,40.506462,40.678753,40.845844,40.53691,40.790077,40.656162,40.867184,41.014294,40.896755,40.876247,40.985428,40.77205,40.783024,40.947086,40.815968,40.764664,40.801544,40.98768,40.87646,41.203728,41.265873,40.92259,40.87289,41.038506,41.16363
46.485268,46.110912,45.881866,45.875187,46.209618,46.214924,45.79943,46.26667,46.35956,45.810974,45.85236,46.20134,46.003986,46.149517,46.182266,46.283047,46.17465,46.318016,46.120003,46.13311,46.669716,46.65846,46.22312,46.32421,46.15448,46.1429,46.43515,46.127087,46.78797,46.911156,46.158234
57.043983,57.241894,57.12034,56.89434,57.11698,57.15853,57.196552,57.175846,57.1898,57.13654,56.907444,56.80452,57.078217,57.195942,57.44604,57.37895,57.26591,57.279842,57.357887,57.3787,57.53253,57.608963,57.314774,57.342842,57.436146,57.50631,57.219913,57.58291,57.53082,57.554535,57.515465
55.539696,55.33637,55.437668,55.53011,55.76127,55.570084,55.79776,55.5666,55.478115,55.813126,55.79022,55.79536,55.8548,55.822273,55.398556,55.98935,55.870617,55.72582,56.004837,55.756153,55.606834,55.565517,56.0342,55.97876,55.84016,55.93905,55.960224,55.952744,55.75719,55.813164,55.958893
46.522552,46.499756,46.55742,46.459446,46.664703,46.87179,46.659588,46.86149,46.663742,46.90693,46.897194,46.393658,46.883675,46.596413,47.001896,46.4551,46.426487,46.88609,46.95412,46.568546,46.84888,47.433334,46.431225,47.35711,46.793953,46.936066,47.047527,47.059086,47.25288,46.72749,47.205475
47.27253,47.60629,47.821396,47.73685,47.7145,47.259018,48.122208,47.298,47.390804,48.091515,48.144108,47.962017,47.78167,47.696854,47.97373,48.12383,48.3105,47.49379,47.953518,48.137985,47.777603,47.740036,48.45256,47.982292,47.69646,47.892265,47.937397,48.36229,47.975353,48.04859,48.15573
52.95823,52.921883,53.157272,53.28733,52.976425,53.19187,53.27152,53.327213,53.01737,53.129337,53.34391,53.24646,53.55481,53.220737,53.472805,53.357853,53.258953,53.154892,53.404057,53.250355,53.116867,53.294086,53.42643,53.754723,53.59173,53.388924,53.543583,53.68252,53.587345,53.432487,53.797306
42.134247,42.067783,42.100212,42.113415,42.21016,42.2191,42.218998,42.258144,42.414837,42.327415,42.58163,42.427197,42.16163,42.21186,42.577724,42.498146,42.55793,42.41406,42.528,42.481304,42.518833,42.288464,42.655365,42.526657,42.426483,42.395294,42.45802,42.600727,42.65885,42.78736,42.47776
46.845497,47.234524,46.911995,47.05923,46.57718,46.717712,46.721897,46.85519,47.236618,47.113598,47.039314,47.19589,46.889957,47.402718,46.71335,47.04689,46.88061,47.086124,47.06404,47.03101,47.021267,47.16917,47.0979,47.13816,47.443203,47.606888,47.1047,47.484066,47.536118,47.389732,47.323536
53.477158,52.98181,53.54595,53.459377,53.741837,53.510426,53.287155,53.333485,53.257133,53.293453,53.537437,53.412067,53.593456,53.590706,52.974995,53.334972,53.310616,53.39917,53.590034,53.467033,53.47759,53.69351,53.480267,53.6015,53.34096,53.880447,54.055264,53.28141,53.61404,53.547367,53.637115
44.801266,44.523537,44.40673,45.063553,44.663704,44.47473,44.50221,44.648872,44.518883,44.84383,44.950844,44.6764,44.896812,44.856884,44.67195,44.654392,44.299664,44.929287,45.081955,44.881245,44.813416,44.888714,44.55908,44.926292,45.027863,44.971634,45.0675,44.944927,45.223103,44.790154,45.44596
57.22734,57.65002,57.799973,56.810085,57.79059,57.614166,57.60689,57.393295,57.602634,57.727325,57.22512,57.645626,57.718254,57.794483,57.467796,57.653393,57.782963,57.42751,57.668583,57.335682,57.531353,58.01558,57.986076,58.217796,57.39165,57.939087,57.93268,57.828068,57.623623,57.821987,57.68223
50.6327,50.7206,51.253296,51.252758,50.62452,51.293507,50.93658,51.63149,51.27385,50.82268,51.012306,50.973415,51.04018,51.76189,51.198303,51.57186,51.155243,51.215218,51.224472,50.987835,50.84874,50.804474,50.98379,51.07036,51.607864,52.008057,51.275387,51.993423,50.852966,51.40405,51.37399
50.653893,50.280827,50.20791,50.44856,50.801216,50.569675,50.903816,50.69452,50.38311,50.623116,50.748646,50.796997,50.55323,50.21882,50.715485,51.034992,50.87296,50.623062,50.755806,50.98967,50.867805,50.689213,50.827835,50.869987,50.52769,50.74156,50.861923,50.970394,50.970882,50.965164,50.76524
52.57526,52.65127,52.614662,52.672134,52.518112,52.52868,52.593224,52.60109,52.44697,52.559326,52.372894,52.39373,52.724567,52.70141,52.58131,52.672398,52.57846,52.795822,52.79344,52.79596,52.747402,52.95679,52.574783,52.74949,52.84879,52.881325,52.8835,52.940536,53.00136,52.636753,53.040165
53.160015,53.109375,53.429535,53.396828,53.165894,53.27827,52.866745,53.159996,53.50809,53.138393,53.218353,53.227146,53.34426,53.66822,53.082127,53.231205,53.184532,53.453094,53.388454,53.323948,53.561024,53.42265,53.415154,53.323936,53.545856,53.652664,53.66834,53.37404,53.602894,53.654816,53.422115
53.972126,54.01671,53.92282,53.720848,54.116524,54.12232,54.32028,54.13318,54.22117,54.41415,54.291885,53.97733,53.973747,53.956585,54.490807,54.088936,54.42435,54.42805,54.417625,54.360096,54.590393,54.850063,54.396862,54.611015,54.449562,54.42206,54.424576,54.497337,54.594967,54.502865,54.51071
42.239883,42.223763,42.188606,42.2115,41.770195,42.191334,41.92365,42.336372,42.722286,41.995934,42.45247,42.50673,42.06033,42.44125,42.283234,42.058865,42.61344,42.711136,42.320385,42.545765,42.558655,42.561115,42.76992,42.296547,43.12953,42.70484,42.475292,42.28344,42.478226,42.88163,42.42133
52.386635,52.481873,51.771156,52.200462,52.56301,52.692535,52.641743,52.913544,52.594414,52.686974,51.98497,52.25,52.58144,52.30637,52.80491,52.8283,52.515896,52.948647,52.61741,52.628654,53.109344,52.89197,52.340748,52.956596,52.78675,52.45601,52.653187,53.069134,52.841194,52.799973,52.69273
42.166355,42.184677,42.10665,42.19142,42.59095,42.359566,42.453453,42.51156,42.701637,42.82864,43.069992,42.63952,42.59873,42.604458,43.150253,42.68037,42.92626,42.69062,43.174904,42.7874,42.513145,42.300247,43.120514,43.274994,43.096607,42.788406,42.87537,42.847507,42.58423,43.021637,43.366394
34.22661,34.350773,33.70204,34.05271,34.351357,33.602882,33.77816,33.786865,33.964577,33.919605,33.714436,34.326557,34.228218,34.0483,34.260006,34.222393,34.243572,34.105034,33.99826,34.757652,34.46409,34.26648,34.192856,34.24298,34.08928,34.16324,34.536488,34.07064,34.45928,34.571644,34.70628
50.12028,50.039555,50.302795,50.609848,50.42832,50.798992,51.034817,50.817158,50.662758,51.03989,51.197052,50.69526,50.619057,50.499443,50.940166,50.69114,50.942444,51.02444,51.029922,50.820183,50.87785,50.6882,51.024094,51.088104,51.31083,50.94207,51.01512,51.148758,50.85612,50.82714,51.051327
37.76856,38.022106,38.400818,37.424202,38.32216,38.04072,38.25065,37.693054,38.056976,38.26814,37.942112,38.456524,38.27841,38.645016,38.12325,38.628292,38.699554,38.441444,38.357594,38.135773,38.106808,38.23242,38.51228,38.523987,37.878708,38.400055,38.821217,38.304623,38.12883,38.124844,38.563503
49.637566,49.301643,49.08589,49.35218,49.53032,49.69898,49.5287,49.866688,49.853737,49.56907,49.674232,49.387634,49.374664,49.39576,49.735943,49.638145,49.658066,50.025303,49.810112,49.64122,50.167614,50.172333,49.67536,49.98072,49.980618,49.66922,49.857098,49.735092,50.025925,50.081974,49.732117
37.044945,37.73098,37.835487,37.450687,37.710434,37.5822,37.857742,37.322056,37.731087,38.13352,37.822453,37.901188,38.055946,38.039745,37.79009,37.848156,37.88119,37.909603,37.94961,37.715824,37.822433,37.829147,38.313828,38.248062,37.968304,37.862053,38.093605,37.948837,37.71088,37.75065,38.216713
47.19419,47.402016,47.281975,47.308735,47.004555,47.315327,47.312634,47.398235,47.47547,47.424244,47.627567,47.42776,47.193104,47.315174,47.630566,47.199104,47.416683,47.537876,47.530075,47.814316,47.479263,47.53515,47.55696,47.37036,47.984764,48.060394,47.329937,47.812675,47.70778,47.708084,47.761185
53.924458,53.597385,54.271523,53.93274,54.050262,54.232277,54.326965,54.130096,54.118553,54.13173,54.501896,54.27435,54.01739,54.196503,54.484985,54.265438,54.399673,54.34987,54.362846,54.35082,54.4573,54.505966,54.537132,54.374413,54.463165,54.669914,54.626354,54.426723,54.384865,54.599747,54.553764
45.26701,44.90378,45.070206,45.44032,45.14885,45.217983,45.487892,45.310043,45.243793,45.177185,45.82241,45.552147,45.28051,45.070328,45.455986,45.622883,45.62576,45.518375,45.65801,45.75468,45.406925,45.133213,45.72973,45.61656,45.81316,45.51172,45.701633,45.483288,45.800713,45.58574,45.844635
58.809856,58.72292,59.038452,59.100704,58.381386,58.995674,58.650436,59.150444,58.874172,58.27942,58.635395,58.82658,58.896652,58.82774,58.74715,58.883915,58.809906,58.86814,58.778225,59.043457,58.82069,58.75892,58.972095,58.69033,59.325043,59.271744,58.84745,59.19565,59.0408,59.104485,58.776688
47.675457,47.725677,47.44561,47.64323,47.78737,47.291656,47.788273,47.63163,47.604126,47.59492,47.761623,47.646973,47.41641,47.388763,47.76088,48.096245,48.049934,47.552204,47.909245,48.144535,47.82796,47.75987,48.063114,47.91928,47.727764,47.873207,47.82388,48.01779,47.979797,48.10038,47.979153
37.760193,37.473797,37.51307,37.399673,37.24388,37.6733,37.44888,38.12746,37.98697,37.45456,37.573277,37.742634,37.318375,38.288815,37.697495,38.13923,37.995216,38.2879,37.96084,37.293983,37.657627,38.056816,37.58279,37.924156,38.026253,38.05343,38.101982,38.209133,37.893654,38.075542,37.992992
62.962982,62.56913,62.29779,62.497112,63.09749,62.49922,62.518463,62.35352,62.578903,62.87365,62.806202,62.447147,62.722507,62.18808,62.96462,62.595116,62.616814,62.692554,63.14021,63.159798,63.23904,62.985462,62.8451,63.07094,62.536205,62.514114,62.90102,62.700985,63.5752,63.085648,63.02576
44.128723,44.642918,44.35575,44.592564,43.837814,44.402218,44.44275,44.65255,44.442745,44.420902,44.10789,44.690815,44.53395,44.964806,44.261513,44.607487,44.72643,44.51318,44.187428,44.470493,44.386147,44.54406,44.625248,44.26303,45.076313,44.997993,44.39803,45.236877,44.600807,44.892128,44.559227
45.84348,45.917114,46.08609,45.689312,46.10653,45.889317,45.70278,45.706604,46.31661,46.120495,45.956238,46.114273,46.19536,46.244892,46.199047,45.97668,46.528248,46.38979,46.21542,46.09312,46.462585,46.4778,46.36077,46.631905,45.99827,45.861267,46.813854,46.05074,46.54475,46.387142,46.28707
42.89728,43.291,42.829315,42.923725,42.875328,42.935658,42.927784,42.88046,43.36529,43.09094,42.904327,43.022617,43.06006,43.127407,42.73863,43.165115,43.274902,43.43732,43.084988,43.290367,43.374664,43.403896,43.049156,43.435677,43.376137,43.282204,43.476753,43.21312,43.728153,43.153492,43.30016
45.082973,44.965794,45.45172,44.646805,44.96225,45.275166,45.157818,45.054966,45.15263,44.82363,45.099697,45.391335,45.074955,45.30462,44.85949,45.63925,45.31069,45.25259,45.22365,44.87658,44.92235,45.262447,45.157364,45.49993,44.841015,45.450127,45.58158,45.372025,45.685192,45.147663,45.20499
40.6822,40.425163,40.620415,40.970695,40.61241,40.795662,40.750587,41.0711,40.617985,40.716064,40.706837,41.07508,40.96145,41.117268,40.63194,40.848263,41.050953,41.01875,40.735603,40.77111,40.78999,40.960945,40.86065,40.818123,41.032192,41.037277,41.270107,41.195057,40.765812,41.04505,40.942806
47.962708,48.669697,48.318085,48.31505,48.408676,48.171883,48.399857,48.109013,48.457916,48.466373,48.392967,48.077827,48.648327,48.182213,48.751114,48.637955,48.660027,48.3733,48.58315,49.150623,48.649757,48.33197,48.684387,48.711655,48.67429,48.651237,48.380497,48.789825,48.663624,48.504787,48.870087
48.78293,48.73702,48.860703,49.175102,48.74739,49.041256,48.87638,49.184074,48.970707,49.105595,48.84227,49.342785,49.161476,49.26191,48.934883,48.57763,49.21653,49.273994,48.8901,49.053715,49.261444,49.26956,49.404686,48.91362,49.56798,49.209717,49.337017,49.29164,48.910713,49.46222,48.971252
46.222286,46.248173,46.57849,46.61684,46.464676,46.61455,46.498825,46.392105,46.46616,46.521263,46.67675,46.53872,46.842747,46.63051,46.647934,46.481144,46.544754,46.64623,46.557552,46.79921,46.791283,46.76727,46.603733,46.80101,46.816772,46.87982,47.051014,46.707504,46.977604,46.721596,47.025894
56.275562,56.02156,56.598785,56.07832,56.69982,56.627163,56.099056,56.214024,56.339424,56.357796,56.173046,56.234062,56.742218,56.45148,56.384796,56.12968,56.19418,56.498714,56.591442,56.146214,56.634308,56.797565,56.389626,56.92752,56.091824,56.291145,57.096313,56.23735,56.833492,56.443764,56.556686
53.725304,53.710567,53.372025,53.817757,53.85739,53.7766,53.791805,53.958485,53.671623,53.928265,53.587524,53.64722,54.051876,53.747242,53.926598,53.897354,53.636795,53.96152,54.00962,53.96155,54.07041,54.02126,53.789474,54.15909,54.088078,53.900703,53.99423,54.203133,54.07691,54.000626,54.20919
50.98549,50.8558,50.656982,50.736656,51.423744,50.792732,51.042454,50.784298,51.14877,51.6375,51.414207,51.283394,50.987724,50.987877,51.679996,51.125866,51.467583,51.18014,51.523335,51.44689,51.693165,51.309906,51.745686,51.48932,51.11095,51.02398,51.35945,51.401215,51.485443,51.921703,51.444958
45.8442,45.68852,46.430977,46.025295,46.431656,46.22693,46.376965,45.940212,45.954056,46.29241,46.206806,46.347855,46.312634,46.24975,46.371685,46.257355,46.40929,46.517105,46.489914,46.3261,46.483585,46.274384,46.6825,46.387344,46.169647,46.198486,46.88896,46.15868,46.12066,46.197685,46.51997
50.595085,50.520916,50.477745,50.425003,50.729637,50.69384,50.778427,50.5013,50.38065,50.771503,50.28359,50.547756,50.773556,50.541668,50.320557,50.742443,50.558617,50.997013,50.729275,50.622147,50.915062,51.05577,50.415512,50.857437,50.404453,50.57193,51.078316,50.821697,51.160347,50.37085,50.721836
46.446007,46.32126,46.4356,46.809666,46.832024,46.75361,46.996857,46.755703,46.552288,47.064716,47.04507,46.600403,46.781654,46.79091,47.026615,47.13522,46.706158,46.92749,47.074833,47.006123,47.08085,46.809658,46.752247,46.90876,46.900795,47.08722,46.99689,47.30857,47.040432,46.961723,47.28058
50.61748,50.9972,50.613907,51.23887,50.786865,50.649567,51.110706,50.880917,51.03147,51.655716,51.083153,51.379406,51.16908,51.386414,51.73738,51.07191,51.322536,51.309032,51.173843,51.536392,51.69865,51.262825,51.599503,51.18582,51.838566,51.314278,51.290844,51.864674,51.348415,51.891693,51.791046
41.15238,41.24273,41.45485,41.371044,41.219543,41.57457,41.196743,41.67163,41.32241,40.97812,40.93233,41.04791,41.647522,41.902607,41.02638,41.845997,41.26297,41.551296,41.44835,41.08465,41.10656,41.354454,41.019875,41.540657,41.46287,41.74539,41.69703,41.727306,41.34514,41.192596,41.651924
40.52167,40.58025,40.70449,40.447533,40.388336,40.72409,40.826546,40.972977,41.036583,40.311405,40.768,40.69991,40.29316,41.013256,40.712074,41.5782,41.19038,41.00429,40.926353,40.790775,40.7319,40.6943,40.984474,40.9077,41.170795,41.350883,40.943993,41.152405,40.820465,41.139076,41.034283
56.926315,56.15624,56.697853,56.7,57.176437,56.757713,56.84902,56.472523,56.45543,56.737362,57.267597,56.654522,56.82724,56.45191,56.92103,57.021088,56.92231,56.83142,57.499737,57.160175,56.857582,56.472656,57.122215,57.051086,56.676697,56.736053,57.222675,56.64772,57.337154,56.844303,57.286476
41.76006,41.877754,41.694397,41.37418,42.119682,41.561344,41.526264,41.496696,41.8872,41.90362,41.901573,42.011913,41.89801,41.920742,41.712902,41.814262,42.221714,41.67138,42.07839,41.984737,41.71346,41.817776,42.30137,42.246796,41.696762,41.985275,42.132473,41.79535,42.001137,42.217957,42.058678
44.643314,45.08759,45.014137,45.00156,44.844345,44.61284,45.07151,44.64773,44.703968,45.07746,44.729122,45.182365,45.16012,45.042683,45.015068,44.91108,45.086094,45.052826,44.915936,45.262867,45.20534,45.311825,45.41519,45.10936,45.258244,45.099915,45.29871,45.197407,45.08396,45.130272,45.42241
46.463806,46.768044,46.93828,46.83347,46.742455,47.099674,47.082527,46.86173,47.009796,47.010075,47.06088,46.950985,47.182373,47.003452,46.8709,47.097057,47.01845,47.199642,47.072594,47.11889,47.040398,46.938026,47.12734,47.29155,47.367893,47.32617,47.251705,47.213474,47.199207,46.883575,47.26851
45.77385,45.71609,45.57808,45.57964,45.72854,45.365063,45.574635,45.344994,45.593456,45.767296,45.810837,46.0204,45.61306,45.604286,45.628895,45.690983,45.517754,45.786846,45.905186,45.988842,45.886055,45.831028,46.014477,45.813896,45.75736,45.93022,45.889675,45.73239,46.087208,45.9601,46.04093
46.91073,46.7413,46.87307,46.514378,46.81762,46.597992,46.80361,46.51925,46.724865,46.749504,46.985584,46.94664,46.806343,46.68032,47.104958,46.987778,46.869556,46.95513,47.045998,47.019306,47.112274,47.357796,47.047806,47.27047,46.747288,46.902596,47.23273,46.925385,47.523834,47.120087,47.351105
36.647926,37.181004,36.971764,37.29074,36.814766,37.128487,37.08019,37.226906,37.39007,36.929302,37.273163,36.88518,37.100048,37.165585,36.97473,37.09401,37.473537,36.98073,36.85682,37.364338,37.356213,37.50876,37.3749,37.33229,37.776608,37.616882,37.30255,37.33704,37.47212,37.686245,37.336426
44.20869,44.92762,45.17209,45.172527,44.75419,44.592083,45.02009,44.693615,44.672398,45.079674,44.679626,44.88265,45.21391,45.157024,45.251614,45.032513,45.194218,44.9543,44.94066,45.277626,45.05329,44.92805,45.26993,45.03241,45.156826,45.090065,45.296543,45.52277,44.790825,44.944138,45.436386
38.204998,38.180046,38.210228,37.734123,38.04473,37.906693,37.84951,37.94473,38.228287,37.785133,37.82181,38.452152,37.797737,38.299835,38.078598,38.190937,38.261127,38.385017,38.083504,38.27037,38.378742,38.452843,38.462967,38.03192,38.205746,38.44822,38.44239,38.00949,38.18577,38.58632,38.26421
51.859207,51.9087,51.95266,52.118023,52.02237,52.283894,52.170708,52.447178,52.296505,52.06955,52.051983,52.077152,52.203987,52.2929,52.289455,52.327644,52.51575,52.210526,52.11112,52.23314,52.521713,52.416336,52.56477,52.32405,52.625767,52.406364,52.313442,52.57711,52.173176,52.84347,52.1726
53.590935,53.875904,54.005005,53.93532,53.54972,54.211903,54.19985,54.567318,54.26775,54.07417,54.014736,54.328697,54.185986,54.592712,54.42468,54.38026,54.416553,54.091164,54.10485,53.74509,54.08426,54.29839,54.747402,54.546516,54.962273,54.55017,54.175163,54.901886,53.986217,54.94895,54.397133
46.020786,45.671,46.157593,46.14458,46.333084,46.227318,46.40211,46.2688,45.77608,46.389774,46.381584,46.65056,46.54092,46.283943,46.4357,46.01075,46.347904,46.33838,46.329773,46.3806,46.25611,46.481697,46.60034,46.4338,46.40159,46.518394,46.755936,46.4482,45.993176,46.414776,46.650703
59.283337,59.368496,59.24489,59.263744,59.634804,59.342625,59.347088,59.282234,59.137234,59.43108,59.338165,58.87044,59.651558,59.203228,59.704006,59.637928,59.15301,59.086124,59.71038,59.667274,59.476902,59.515625,59.23107,59.823006,59.251564,59.634285,59.435207,59.846294,59.98881,59.55046,59.97418
37.431255,37.300423,37.196617,37.26618,37.34751,37.19699,37.010014,37.028122,37.47376,37.37694,37.65852,37.497307,37.402874,37.49223,37.35941,37.424488,37.323456,37.637722,37.693905,37.68534,37.45633,37.337814,37.287422,37.612556,37.469097,37.674004,37.79491,37.391705,38.10958,37.509426,37.96392
40.682415,40.352066,40.60685,40.277042,40.555725,40.4461,40.362907,40.470222,40.38014,40.278606,40.411053,40.797012,40.562218,40.89065,40.357212,40.80121,40.755917,40.737125,40.747364,40.5173,40.39211,40.571022,40.762558,40.547523,40.491444,40.777855,40.89821,40.59365,40.570187,40.722145,40.78413
58.342216,58.27435,58.39805,58.09797,58.291817,58.53072,58.13696,58.289448,58.323692,58.042923,58.068768,58.468597,58.657085,58.312683,58.2372,58.5306,58.432354,58.233265,58.362694,58.418167,58.343967,58.133793,58.61645,58.483788,58.31042,58.388687,58.36758,58.528984,58.743835,58.64993,58.188747
67.18988,66.856155,67.28186,67.08588,67.444046,67.22348,67.53337,67.11439,66.86769,67.37317,67.14251,67.62346,67.48796,67.13126,67.59399,67.336845,67.662094,67.15009,67.35196,67.502235,67.65929,67.4962,68.04107,67.45169,67.29119,67.19461,67.61345,67.57863,67.47304,67.90252,67.3736
45.339077,45.570415,45.941483,45.623146,45.697266,45.965862,45.817215,45.739292,45.96581,45.919113,46.17531,45.63539,45.894028,46.027596,46.026234,45.96447,45.969997,45.873924,46.012806,45.942013,45.96546,45.965717,46.050396,46.0588,46.077824,46.352264,45.973633,46.20655,46.037468,46.12007,46.12678
43.23057,43.20021,43.061317,43.15942,42.96946,43.649837,43.26287,43.652054,43.53494,43.299927,43.076283,43.440804,43.30828,43.816868,43.195244,43.478153,43.426903,43.857094,43.2136,43.309204,43.621353,43.710567,43.102066,43.2657,43.85674,43.97625,43.603252,43.82031,43.65766,43.701244,43.47947
44.54695,44.87644,44.56077,44.58542,44.808296,44.573288,44.801422,44.520638,44.563324,44.89837,44.92134,44.31383,44.812706,44.403873,44.644672,44.870506,44.790283,44.528465,44.91285,44.95982,44.727497,45.032158,44.6058,45.1119,44.46344,44.844162,44.726376,45.124626,45.413464,44.65514,44.96716
47.835426,48.010555,47.926476,47.836575,47.959473,47.895775,47.711815,47.893932,48.150635,48.140675,47.800037,48.28692,48.099632,48.178547,48.036514,47.810783,47.89884,48.13722,47.957386,47.9773,48.369263,48.394325,48.25581,48.282806,48.104546,48.15119,48.339783,48.219296,48.265934,48.492104,48.09213
55.271603,55.813347,55.66301,55.50111,55.873703,55.613693,56.17496,55.26882,55.656834,56.445057,56.03841,55.93879,56.00425,55.743847,56.140842,55.802128,56.033493,55.784275,55.886295,56.393612,56.296383,56.222958,56.258614,56.18264,56.093224,56.31859,56.04742,56.306553,56.30251,56.16861,56.411938
47.77442,47.495304,47.76124,47.333508,47.97969,47.77216,47.79809,47.571552,48.043365,47.742695,48.036613,48.047897,47.72544,47.770386,47.98882,48.261368,48.18977,47.95626,48.041004,47.825787,48.277687,48.146736,48.31835,48.47741,47.688084,47.75347,48.431286,47.806793,48.48183,48.451603,48.05023
46.434788,46.13181,46.49048,46.466618,46.124916,46.589268,46.276096,46.555702,46.30022,46.37903,46.449657,46.75275,46.61499,46.723824,46.206814,46.253002,46.124928,46.760963,46.52118,46.246674,46.340473,46.633377,46.351395,46.47313,46.681454,46.827477,46.771866,46.685135,46.689102,46.43361,46.631104
45.320484,45.180004,45.100296,45.722786,45.20211,45.310574,45.583485,45.52396,45.139072,45.450974,45.385334,45.427414,45.31762,45.325264,45.085,45.564713,45.36414,45.690506,45.58471,45.51635,45.50099,45.350544,45.487682,45.261314,45.70419,45.47725,45.535416,45.74932,45.604588,45.353455,45.50581
44.797012,44.891315,44.910194,45.24034,44.0661,45.12709,44.38004,45.290787,45.28651,44.66752,44.91555,44.882988,44.90335,45.126446,44.636677,44.462727,44.656063,45.347694,44.771385,44.854374,44.857216,45.157124,44.354877,44.86563,45.501293,45.479866,45.09182,45.42223,45.57372,44.908962,44.869984
49.53737,49.174732,49.450447,49.289673,49.69948,49.50059,49.14372,49.395077,49.16127,49.52313,48.809715,49.780155,49.752415,49.864532,49.253433,49.144493,49.415615,49.842327,49.561638,49.28213,49.61139,49.59996,49.599354,49.344093,49.302185,49.339684,50.027683,49.422085,49.272724,49.5333,49.436047
56.318974,56.207237,56.47538,57.026814,56.84884,56.638687,56.190773,56.45039,56.374805,56.911377,56.205837,56.54395,57.269264,56.99018,56.82732,56.107826,56.356136,56.77367,56.63244,56.775467,57.178967,56.745964,56.5693,56.642235,56.749866,56.5129,57.282135,56.810413,56.81306,56.922535,56.9821
49.042343,48.83765,49.069374,49.06808,49.032845,49.322407,49.292355,49.14975,49.294163,49.385597,49.49756,49.59751,49.22223,49.237446,49.2774,49.162468,49.520805,49.490368,49.23896,49.366364,49.57497,49.541214,49.47684,49.488556,49.498024,49.50299,49.732536,49.511032,49.838314,49.670406,49.38644
42.276237,42.534374,42.546143,42.612835,42.647614,42.167908,42.329323,42.123455,42.459007,42.37042,42.67695,42.394512,42.849903,42.544537,42.700558,42.967133,42.79524,42.42569,42.910583,43.09364,42.438984,42.063953,42.813236,42.916435,42.593094,42.622818,42.862904,42.678116,42.86301,42.572453,43.234245
35.95243,35.831276,36.00335,35.906384,35.341965,36.112675,36.19589,36.42147,35.824894,35.833298,36.38175,36.258247,35.621758,35.904076,35.761726,36.100677,36.070515,36.259632,36.186054,36.007225,35.338047,35.89479,35.805344,35.82955,36.282795,36.77038,35.86775,36.671318,36.149235,35.697186,36.061615
48.378677,48.803528,48.500793,47.87042,48.65702,48.53026,48.924915,48.373505,48.40528,48.555485,48.51469,48.461025,48.555534,48.109768,48.750065,48.898235,48.626354,48.346138,48.585094,48.79134,48.693085,49.13435,48.768715,49.159073,48.429245,48.88057,48.55276,48.84925,49.111633,48.73989,48.9257
49.608883,49.824734,49.590538,49.45299,49.827248,49.560265,49.463154,49.466385,49.94879,49.691166,49.84573,49.589237,49.677895,49.567486,49.74175,50.122166,49.664482,49.66548,50.06822,50.067387,49.80451,49.439846,49.83173,50.063248,49.59824,49.98487,49.707653,49.97665,50.201973,49.91877,49.912636
43.761482,43.109604,42.93136,43.657223,42.94316,43.108723,43.513542,43.52622,42.931236,43.226124,43.54247,44.148586,43.213505,43.31335,43.147804,43.43439,43.489277,43.629627,43.375786,43.77434,43.284595,43.35124,43.55918,43.017807,43.885586,43.802773,43.524757,43.75178,43.71797,43.701332,43.683945
42.753918,43.176136,42.88884,42.90041,43.16326,43.19539,43.455338,43.115917,42.799564,43.553932,42.948532,43.08792,43.506725,43.28414,43.513252,43.15251,43.063595,43.176018,43.105907,43.17409,43.447613,43.838886,43.176907,43.550438,43.390533,43.41916,43.373993,43.695732,43.50771,43.418503,43.83943
46.449947,46.710926,46.530083,46.531616,46.879326,46.643154,46.507805,46.36512,46.681557,46.868427,46.847305,46.5101,47.042126,46.826202,46.837696,46.781487,46.573128,46.48359,46.88706,46.90863,46.877953,46.804825,46.83946,47.10144,46.789833,46.98845,46.830994,46.885807,47.251987,47.097458,47.263287
50.624405,50.829678,50.48577,50.730553,50.997498,50.7362,50.78943,50.66405,50.502304,51.20232,50.85828,50.733974,51.13466,50.686813,50.92628,50.693,50.340748,50.619125,51.004482,51.02807,50.923477,50.889698,50.887306,50.96753,50.827457,51.0754,50.604954,51.212772,51.001865,50.976643,51.137764
47.53668,47.866028,47.6203,47.22522,47.787125,47.88333,48.146328,47.83522,47.88182,48.161224,47.873596,47.87272,47.82428,47.67118,48.3524,47.913258,48.155685,48.036,47.920513,48.00973,48.28056,48.60325,48.160805,48.415787,48.079704,48.098793,48.029537,48.331966,48.26405,48.28732,48.22215
49.983845,50.09306,50.655266,50.429134,50.254387,50.762592,50.203854,50.65721,50.576466,50.173954,50.590103,50.364887,50.694904,50.693874,50.336845,50.3072,50.54027,50.05217,50.325268,50.18054,50.25935,50.49978,50.7271,50.764885,50.721684,50.913322,50.667103,50.6951,50.574062,50.97929,50.436386
50.377216,50.77016,50.36924,50.333866,50.41095,50.763443,50.328976,50.899178,51.238274,50.708073,50.407265,50.336784,50.567833,50.79284,50.83418,50.538055,50.71309,51.006645,50.734024,50.52185,51.152122,51.298347,50.70703,51.235985,51.187416,50.861916,50.892963,50.99208,51.0869,51.200726,50.79864
40.898872,40.63858,40.74536,40.608765,40.87281,40.77467,40.805225,40.860294,41.088493,40.72849,41.242886,41.07085,40.601013,40.940277,40.93762,41.142773,41.309544,41.11768,41.19141,41.20296,40.964508,40.986282,41.178288,41.195587,41.175026,41.41056,41.36956,40.967533,41.210556,41.316414,41.33567
43.150887,43.260757,43.401855,43.453945,43.447037,43.425037,43.446693,43.40093,43.277916,43.60506,43.546005,43.62613,43.77471,43.578575,43.626762,43.1812,43.71572,43.580395,43.586487,43.770565,43.516796,43.555576,43.906277,43.578644,43.891888,43.735703,43.759193,43.643723,43.338432,43.673107,43.847675
45.588024,45.854023,45.80899,45.78681,45.828682,45.577797,45.70368,45.5868,45.516216,45.717163,45.274525,45.374657,46.020603,45.77187,45.82046,45.878704,45.545303,45.95117,45.778408,45.838684,46.125675,46.40411,45.449623,46.11564,45.55211,45.66986,46.2786,46.004463,46.2501,45.589863,46.248676
44.370815,43.8561,44.28453,43.938576,44.109573,44.4216,44.120506,44.362457,44.05552,43.65788,44.04761,44.32296,44.21021,44.267677,43.74987,44.40255,44.086666,44.382748,44.24576,43.947727,43.97547,44.434975,44.003258,44.46367,44.138737,44.52614,44.755157,44.102577,44.565437,44.11378,44.385525
47.115948,47.25793,47.018837,47.32128,47.155617,47.019203,47.392498,47.202366,47.29895,47.561314,47.32892,47.63451,47.421886,47.3784,47.297012,47.44866,47.39379,47.742897,47.572655,47.586174,47.584984,47.373245,47.815716,47.552017,47.817867,47.42206,47.534637,47.613777,47.297264,47.46286,47.648697
45.768654,45.524586,45.24894,45.3356,45.619614,46.14109,45.588783,46.08228,45.738426,45.73116,45.442703,45.772343,45.714214,45.712234,45.613598,45.54822,45.570484,45.921104,45.607166,45.46342,45.85783,46.16151,45.271656,45.96283,45.77995,46.00585,45.998962,46.05029,46.395866,46.028976,45.73582
37.1087,37.73883,37.558296,37.456364,36.6277,37.33364,37.060543,37.67037,37.91028,37.174202,37.22468,37.534363,37.139004,37.85798,37.153862,37.486885,37.63761,37.69368,37.30655,37.250732,37.28048,37.528633,37.522907,37.3993,37.968937,37.913513,37.41075,38.009712,37.627068,37.718662,37.299202
42.547882,42.582783,42.47715,42.26133,42.454872,42.383904,42.74775,42.641056,42.79372,42.482346,42.671467,42.62664,42.26746,42.415997,42.72074,43.037937,43.266006,43.06408,43.012707,42.823433,42.74818,42.799335,43.070187,43.062668,42.86357,42.582985,42.971764,42.821976,42.88086,42.74795,42.8571
37.767815,37.905354,37.90319,38.315907,37.729004,38.1615,38.16709,38.261036,38.00065,38.176456,38.144646,38.240826,38.214794,38.175488,38.16782,37.885223,38.19916,38.440228,37.965824,38.384674,38.34891,38.373493,38.159004,37.980507,38.674667,38.476646,38.32573,38.504654,38.203533,38.269184,38.337727
52.00719,51.863518,51.6401,52.18591,51.962402,52.140858,52.01911,52.339092,51.754387,51.843292,51.36989,52.13487,52.430393,52.106625,51.897736,52.16031,52.05123,52.21415,51.893887,52.059982,52.296856,52.0578,52.218296,51.97883,52.362415,51.85073,52.16927,52.312737,51.969967,52.325447,51.988335
50.57465,50.548237,50.41162,50.9203,50.467598,50.477394,50.50956,50.568024,50.559845,50.843105,50.880516,50.78537,50.70541,50.655045,50.636494,50.573467,50.450207,50.68456,50.799076,50.985344,50.804108,50.621136,50.712685,50.59977,50.92922,51.03392,50.67583,51.125378,51.103294,50.94825,50.911694
49.19198,49.538322,49.039253,49.414997,49.159096,49.445164,49.800446,49.674984,49.143753,49.667732,49.323143,49.45199,49.668144,49.34256,49.625793,49.62394,49.367943,49.467632,49.437763,49.62118,49.54497,49.748173,49.556427,49.63115,49.92842,49.768074,49.227196,50.21478,49.676125,49.6587,49.8168
59.65457,58.916008,59.245636,59.725105,59.173965,59.323704,59.701565,59.65046,59.19903,59.28147,59.829243,59.327873,59.265057,59.222195,59.529793,59.867382,59.490433,59.794884,59.96049,59.643185,59.637817,59.61549,59.634483,59.581,59.85296,59.545326,59.66515,59.852737,59.938328,59.585545,59.855705
47.93691,47.34936,47.32499,48.1049,47.59909,48.04278,47.802265,48.179276,47.606377,47.811016,47.731968,47.92059,47.86585,47.83178,47.511288,47.57521,47.607876,48.239243,47.65234,47.904793,48.215546,48.258556,47.48769,47.539253,48.16654,48.11508,48.104626,48.109318,48.136395,48.024853,47.76948
39.6159,39.53575,39.601448,39.524666,39.664864,39.38505,39.45594,39.2971,39.471905,39.7132,39.952232,39.585953,39.7514,39.7311,39.686584,39.644917,39.627586,39.697353,39.928104,39.845524,39.620934,39.934216,39.56507,39.95147,39.555847,39.920013,40.033085,39.7926,40.239864,39.688023,40.289474
54.233974,54.353786,54.333397,54.809853,54.319984,54.520782,54.725643,54.575176,54.317318,54.663933,54.60528,54.23196,54.806267,54.373,54.57435,54.832397,54.6631,54.611774,54.658554,54.8329,54.717316,54.568443,54.439335,54.687172,54.65035,54.573128,54.60558,55.24838,55.066902,54.483513,54.700886
42.57534,43.23062,43.16127,43.26414,42.67634,43.092976,43.366245,43.279224,43.170742,43.246414,43.239674,43.238934,43.113754,43.237934,43.016693,43.202858,43.230858,43.064312,42.94782,43.219353,43.1523,43.438107,43.39921,43.27619,43.648,43.76774,43.14455,43.81307,43.26241,43.4116,43.280502
51.914932,51.87638,52.17655,52.137245,52.338173,52.71361,52.140305,52.333344,52.284824,52.306293,52.304585,52.167183,52.530758,51.9608,52.21497,51.855434,52.35851,52.19743,52.15423,52.366432,52.44854,52.33654,52.19152,52.502396,52.17948,52.373352,52.606693,52.416714,52.75611,52.406174,52.010807
50.033577,50.082893,49.955147,50.284523,50.184,50.071175,50.016838,50.372757,50.319214,50.184788,50.024986,50.52529,50.295364,50.450184,50.381264,50.306515,50.502728,50.2947,50.270336,50.554016,50.45038,50.04881,50.76315,50.246857,50.7278,50.543503,50.41378,50.586838,49.973206,50.919556,50.384712
52.27402,52.185112,52.150192,52.738472,52.00585,52.0479,52.398415,52.669216,52.446808,52.28283,52.66441,52.264668,52.030327,52.460655,52.669403,52.84808,52.552082,52.419544,52.724308,52.621864,52.496628,52.41012,52.62685,52.54122,52.965824,52.829636,52.48202,53.14197,52.70787,52.986782,52.912273
46.698036,46.91453,46.967422,47.28238,46.717407,46.91175,47.218548,46.98176,47.045567,47.300518,47.340168,47.093983,46.874435,47.038963,47.267906,46.99419,47.155342,47.28191,47.159924,47.413525,47.48071,47.338547,47.3906,46.991608,47.62132,47.447723,47.185448,47.54602,47.417564,47.434788,47.384804
47.26862,47.31541,47.880676,47.435497,47.445213,47.94286,47.905468,47.76807,47.85589,47.549454,48.051937,47.565865,47.397827,47.558678,47.591446,47.92241,47.903168,47.83631,47.85228,47.700325,47.77802,47.770397,48.04092,47.80282,47.917297,48.14611,47.780865,47.919155,47.80639,47.820004,47.564724
61.36258,61.747337,61.8525,62.25593,61.67475,61.75937,61.95775,62.0352,62.083954,61.940063,62.03133,61.59213,62.151157,61.85988,62.54914,61.9957,62.162506,61.959248,62.206326,62.320107,62.380844,62.046818,62.615345,62.460068,62.854572,62.029343,62.147285,62.412098,62.03123,62.498375,62.526833
48.349926,48.179058,47.938316,48.642277,48.269897,48.576614,48.787685,48.943813,48.345707,48.790565,48.70963,48.283333,48.527126,48.521893,48.489513,48.78917,48.30259,48.916092,48.86637,48.524914,48.580322,48.739697,48.237644,48.772064,48.99577,48.915253,48.59343,49.248398,48.715843,48.4325,48.963203
40.00493,40.35482,39.962463,39.872776,39.859177,39.697582,40.13409,39.990253,40.303017,40.444206,40.464806,40.31192,39.930725,40.285168,40.716125,40.314907,40.425644,40.372078,40.491055,40.406525,40.400993,40.659668,40.611233,40.581886,40.60889,40.488327,40.24164,40.72579,40.609337,40.75613,40.880226
44.79289,44.75463,44.59591,44.412197,45.03679,44.646297,44.78734,44.40379,44.693005,44.938866,45.084087,44.97928,44.94572,44.704636,44.92315,45.068413,45.166924,44.6488,45.009502,45.211895,44.91283,44.82617,45.129677,45.121407,44.61511,44.983635,44.98202,44.997826,45.42068,45.22738,45.147717
40.66227,40.817905,40.514595,40.63123,40.478172,40.785965,41.01248,40.97094,40.621864,40.814716,40.968624,40.92587,40.85391,40.915596,40.651283,40.81618,40.978508,40.708565,40.65846,40.88622,40.660034,41.386826,40.857723,41.044876,41.300117,41.531067,40.88217,41.2835,41.15259,41.161026,41.267376
40.72543,41.237335,40.929634,40.94853,40.94648,40.871685,40.9742,40.71606,41.34252,41.312134,41.32719,40.860672,40.973366,41.028053,41.202023,41.014923,41.281853,41.320885,41.234093,41.59135,41.47887,41.436764,41.123295,41.377525,41.411785,41.49845,41.37239,41.316048,41.76643,41.263145,41.579914
49.77854,49.813023,49.98371,50.00063,49.736237,49.97198,49.84619,49.952473,49.83942,49.87465,49.804695,49.767143,50.037434,49.88557,49.962097,49.937943,49.66878,50.202576,50.187412,49.90094,50.03842,50.035145,49.90872,50.112045,50.08752,49.940483,50.138123,50.198185,50.312088,49.81495,50.169147
52.01327,52.103928,52.054916,51.78878,52.212814,52.168556,52.27547,52.16529,52.432194,52.192368,52.18003,52.48524,52.2723,52.16352,52.22932,52.605503,52.542515,52.43556,52.43148,52.343124,52.414986,52.245144,52.759315,52.826576,52.45295,52.336205,52.57392,52.40372,52.39362,52.54429,52.38084
42.022396,42.218597,41.862465,42.52452,42.157463,41.802128,41.96682,41.90008,42.141487,42.53013,42.242264,42.75905,42.526398,42.429325,42.38956,41.92176,42.463303,42.291756,42.123623,42.8198,42.622128,42.257572,42.666363,42.228584,42.68821,42.40841,42.62173,42.50906,42.508575,42.868443,42.6888
47.0379,47.48717,47.91336,47.224556,47.47982,47.259563,47.50601,47.0276,47.693092,47.581608,48.10126,47.810665,47.488247,47.3681,47.65776,47.644558,47.872807,47.18524,47.739567,47.787365,47.446285,47.420067,48.348427,48.05426,47.48828,47.853394,47.72857,47.702988,47.8518,47.905605,47.71518
60.381638,60.48247,60.468452,60.111824,60.734306,60.440434,60.423542,60.0922,60.473053,60.44541,60.2788,60.262165,60.884594,60.144352,60.811596,60.2182,60.792194,60.53557,60.624077,60.81396,61.106617,61.156887,61.085308,61.18271,60.69644,60.153496,60.98223,60.209156,61.10573,60.88534,60.874287
48.451687,48.67777,48.69973,48.657562,48.724884,48.894115,48.58455,48.865932,48.70593,48.829777,48.6968,48.566372,48.957684,48.736084,48.842197,48.478577,48.71006,48.701313,48.81446,48.882374,48.764713,48.87148,48.803593,48.84336,48.89462,49.08397,48.743843,49.11651,48.78214,48.906242,48.796967
48.88057,48.6405,48.644493,48.35215,48.970703,48.81176,48.66578,48.75414,48.663635,48.77239,48.565723,48.78897,48.872498,49.019398,48.906483,49.24703,48.600906,48.981464,49.10354,48.77639,48.8679,48.886517,48.628635,49.036903,48.55774,49.084114,49.0321,49.131985,49.08167,48.944523,49.199894
48.4364,48.67948,49.062645,48.89172,48.722702,48.782333,49.154274,48.789864,48.692547,49.211887,49.42043,48.846413,48.857563,48.527035,49.32576,48.677063,49.093628,48.77477,49.063286,49.141266,49.00593,49.316822,49.209206,49.220284,48.917133,49.115036,49.05901,49.48136,49.317204,49.0424,49.14625
54.845726,54.75574,54.711967,54.833553,54.796257,54.679176,55.058857,54.781746,55.01405,54.977673,55.593636,54.836773,54.694004,54.169632,55.674564,54.842373,55.27493,55.08271,55.436085,55.74363,55.27909,55.151714,55.34514,55.54001,55.45521,55.13086,55.234367,55.169296,55.778137,55.263805,55.668705
42.396347,42.30703,42.7005,42.563347,42.855667,42.51696,42.671627,42.36122,42.846256,42.74396,42.931374,42.727192,42.83649,42.983273,43.08357,43.105072,42.90291,43.146896,43.155582,42.93312,43.19727,42.90728,43.11158,43.372215,43.03091,42.814865,43.60876,42.655727,43.045666,43.00996,43.642174
58.66936,58.5436,58.332115,58.37643,59.037613,58.938423,58.74243,58.810947,58.72446,59.163914,59.124447,58.582855,59.004654,58.480442,59.332268,58.57129,58.930817,58.53959,59.273975,58.875835,58.89431,58.89186,59.184532,59.437134,58.97962,58.780693,58.773132,59.122353,59.386024,59.39818,59.176
52.752193,51.841137,52.055733,52.80941,52.28605,52.84902,52.6635,53.135696,52.262043,52.45934,52.468754,52.68037,52.523895,52.800083,52.196587,52.761723,52.542797,53.18584,52.875786,52.45284,52.55327,52.313763,52.51463,52.146843,53.11166,52.777954,52.687,52.95471,52.406586,52.592,52.513626
57.62329,57.28315,57.842728,57.924957,57.64836,57.650234,57.927094,57.733604,57.41179,57.647648,58.043587,57.631657,57.834698,57.699806,57.898808,58.0706,58.05057,57.757957,58.096756,58.112858,57.696857,57.665207,57.94592,57.830162,57.875195,58.056488,58.03651,58.24762,58.015297,57.816433,58.14991
46.934406,46.960102,46.751297,47.48178,46.827423,46.665314,47.00876,46.9658,46.792126,47.316723,47.10275,47.035343,47.269993,47.321266,46.97475,46.809074,47.09042,47.36313,47.211845,47.380848,47.300274,47.47558,47.22536,47.03618,47.6894,47.308273,47.35226,47.412342,47.175682,47.206474,47.643734
37.925236,37.923843,37.469116,37.92615,37.768837,37.905926,37.86415,38.01678,37.882336,38.046078,38.07858,38.094574,37.98239,38.054897,37.834415,37.938354,37.583954,38.086685,37.93583,38.13913,38.03721,38.25622,37.655575,38.087387,38.331703,38.623283,38.09236,38.29796,38.43122,38.198437,38.50929
44.844368,45.11438,45.20674,44.981255,45.05259,45.037907,45.221916,44.947624,45.29004,45.176357,45.11362,45.789627,45.305088,45.490173,45.21918,45.244953,45.556297,45.352787,45.08156,45.503147,45.424908,45.39331,45.773495,45.55858,45.760906,45.74321,45.87025,45.298122,45.36698,45.719063,45.747616
42.07002,42.158558,42.025642,42.342907,42.430878,42.249016,42.444794,42.077618,42.093082,42.49399,42.5186,42.17309,42.627743,42.204075,42.47583,42.56005,42.33144,42.4282,42.47769,42.85205,42.59891,42.39469,42.235626,42.552986,42.409077,42.57065,42.596226,42.62494,42.809875,42.32814,42.918648
56.08969,56.105507,55.826035,55.95982,56.04422,56.23209,56.23614,56.1675,56.07144,56.317905,55.89221,56.274185,56.28807,56.046535,56.25629,55.88965,56.328205,56.498356,56.096584,56.551464,56.70117,56.61058,56.494167,56.078125,56.659172,56.35636,56.195255,56.403126,56.30995,56.545006,56.174236
50.449387,50.085438,49.935432,50.35308,50.447388,50.54242,50.327244,50.578697,50.44501,50.62699,50.363464,50.647488,50.588852,50.49435,50.606995,50.17099,50.60056,50.894806,50.674698,50.564014,50.83868,50.65332,50.71135,50.69799,50.99499,50.441505,50.91364,50.547855,50.73816,50.889606,50.767754
49.12287,48.892487,48.8742,48.95775,49.175827,49.066013,49.231014,49.35405,48.963905,49.17334,48.935524,48.927532,49.061886,49.46234,49.156704,49.746864,49.25091,49.4258,49.521214,49.060913,49.17503,49.304924,49.01974,49.328102,49.154724,49.422516,49.40954,49.732822,49.221085,49.258938,49.557648
43.568615,43.590454,42.696175,43.488396,43.50592,43.399315,43.195663,43.81337,43.56937,43.670628,43.28661,43.53199,43.649673,43.49939,43.62786,43.16597,43.568996,43.659954,43.559673,43.749676,43.77141,43.805176,43.598053,43.735634,44.094646,43.644554,43.57307,43.794502,43.665913,44.112926,43.811123
47.65743,47.67797,47.539383,47.904556,47.6026,47.58451,47.527653,47.708424,47.55966,47.89691,47.583584,48.125973,47.842773,47.74691,47.70968,47.15528,47.74229,47.907433,47.739338,48.05083,47.91482,47.762432,48.199272,47.452057,48.197453,47.895103,47.79547,47.89396,47.608963,48.07603,47.737038
50.767864,51.00376,50.953323,51.36829,50.901566,51.260815,50.995773,51.427094,51.06052,51.307648,51.01148,51.09544,51.55179,51.449078,51.618553,51.175297,51.08213,51.164066,51.30867,51.22339,51.213512,50.92342,51.334343,51.201767,51.667282,51.346146,51.050453,51.92466,51.180996,51.590954,51.484035
38.468002,38.39399,37.989716,38.602863,38.288544,38.163643,38.393253,38.487488,38.39668,38.666454,38.73873,38.603226,38.332687,38.513123,38.72541,38.443054,38.781914,38.615276,38.611153,38.88142,38.731987,38.706688,38.683975,38.425095,38.885143,38.729393,38.56496,38.947483,38.86863,39.073097,38.898174
49.547245,49.128796,48.520798,49.241783,49.319916,49.27367,49.16213,49.58435,49.055946,49.34035,49.20214,49.402153,49.17837,49.292774,49.432774,49.10099,49.35669,49.276062,49.300785,49.769386,49.504757,49.425926,49.332542,48.936394,49.809326,49.894135,49.129246,49.680428,49.407722,50.08255,49.57344
46.352333,46.53286,46.610435,46.22672,46.710426,46.648308,46.58965,46.43085,46.81349,46.839237,46.859688,46.51533,46.57612,46.861298,46.53651,46.674408,46.68402,46.645447,46.8014,46.542023,46.86186,47.182003,46.846645,47.09501,46.73788,47.127533,46.963356,46.788998,47.050175,47.04272,46.958298
59.707653,59.399273,59.687187,59.220753,59.75319,59.94365,59.46854,59.719902,59.606876,59.337307,59.502876,59.47752,59.799778,59.587215,59.633595,59.569656,59.81283,59.562206,59.92814,59.549767,59.589336,59.682693,60.079224,59.900208,59.80823,59.71151,59.734833,59.551903,59.86204,60.009842,59.652473
57.36173,57.115192,57.242157,57.35795,57.265984,57.259533,57.101215,57.3774,57.08749,57.05719,57.121304,57.26341,57.557343,57.392708,57.67613,57.373352,57.50007,57.206802,57.565933,57.500378,57.37407,57.179787,57.80767,57.337975,57.66518,57.28028,57.34085,57.56614,57.463837,57.891956,57.64195
49.198227,49.068794,48.50743,48.51961,49.079247,48.97239,48.901527,48.827515,48.96064,49.335155,49.24099,48.711555,48.851425,48.777763,49.30067,48.85444,48.721237,49.069595,49.288383,49.167587,49.42257,49.7502,48.80177,49.288765,49.018017,49.30372,48.897728,49.288826,49.9986,49.461746,49.478302
54.835583,55.23221,55.01841,55.077473,54.814262,55.142887,54.989296,55.309723,55.18459,54.92649,54.66442,54.76035,55.195587,55.084236,55.395866,54.8418,55.158287,55.197918,55.010406,55.26216,55.529587,55.683777,55.413925,55.245255,55.813545,55.29425,55.111275,55.38009,55.22174,55.610466,55.32979
50.247272,50.345715,50.28315,50.483444,50.226807,50.202137,50.430412,50.527153,50.69025,50.417645,50.546867,50.326008,50.12389,50.55757,50.526318,50.68654,50.83558,50.554455,50.48045,50.65526,50.905712,50.984867,50.73934,50.667892,50.838985,50.84401,50.75353,50.91753,50.801266,51.141212,50.67037
45.99409,45.162613,45.199898,45.777027,45.446,45.52014,45.416756,45.853626,45.2938,45.418716,45.772614,45.526974,45.556778,45.60823,45.711216,45.668633,45.686684,45.807487,45.907352,45.641407,45.633423,45.831383,45.42919,45.574547,45.71174,45.58464,45.836113,45.938347,46.187157,45.9329,45.960175
43.27918,42.784107,43.382545,42.80462,43.08767,43.873615,43.195553,43.674297,43.834984,42.907864,43.843285,43.391853,43.042847,43.727066,43.334194,43.68106,43.51679,43.60285,43.615417,43.107117,43.31702,43.458385,43.580822,43.631073,43.92116,44.228394,43.624966,43.36536,43.615826,44.00216,43.594173
46.3592,46.754513,46.64251,46.690052,46.361084,46.785816,46.651722,46.881737,46.94878,46.882774,46.777332,46.750233,46.838657,46.94915,47.014248,46.58522,46.756702,46.962486,46.876015,46.73627,46.888687,47.07755,46.951626,47.181274,47.451214,47.138298,46.985863,47.21111,47.11252,47.117786,47.249397
53.38626,53.205715,53.02707,52.872555,53.482903,53.361256,52.669224,53.07312,53.122597,52.944637,52.509922,52.866867,53.41706,53.043327,53.03827,52.621975,52.88666,53.206852,52.93549,53.21688,53.751926,53.95677,52.94456,53.23146,52.93263,53.084785,53.481407,52.86809,53.682995,53.525875,53.042213
54.88051,54.73616,55.0813,55.021313,55.376892,54.76885,54.73591,54.555084,54.840706,55.113743,55.06676,54.927315,55.263607,54.95568,55.035126,54.939407,54.94574,54.950806,55.33885,55.292492,55.22549,54.986168,55.19792,55.318382,54.702724,54.970596,55.538086,54.999023,55.357136,55.090874,55.330967
49.63875,49.122105,49.55007,49.42545,49.612648,49.33378,49.43636,49.311214,49.302204,49.325386,49.424126,49.800724,49.537792,49.66432,49.138172,49.96252,49.663967,49.729733,49.786808,49.458595,49.492535,49.39528,49.676968,49.683777,49.187286,49.45031,50.11594,49.577797,49.809776,49.515007,49.620697
42.31557,42.687485,42.93979,42.024616,42.544006,42.765488,42.28147,42.39639,43.128906,42.835052,42.917694,42.857067,42.51285,42.73213,42.56584,42.088715,42.69539,42.85196,42.862377,42.484867,42.597107,43.042866,42.885868,43.258827,42.743973,43.13639,43.140415,42.586628,43.1196,42.77606,42.760334
47.98003,47.98992,48.243767,48.07567,48.227104,48.28437,48.281464,48.077477,48.149418,48.287796,48.447662,47.890705,48.442806,48.243443,48.30162,48.60383,48.163116,48.35488,48.6816,48.141712,48.25569,48.307453,48.24542,48.770187,48.19378,48.23311,48.51468,48.50849,48.814636,48.122997,48.701313
52.529095,52.79427,52.592194,52.526665,52.767845,52.567894,53.018326,52.698814,53.10179,52.66737,52.91271,52.659977,52.496525,52.6166,53.00553,53.518288,53.429077,52.90288,53.109234,53.295376,53.1906,52.807526,53.455856,53.282646,53.260693,53.067398,53.021,53.087494,53.142757,53.359947,53.188736
46.354874,46.170246,45.820084,45.717175,46.278587,46.001842,46.251633,46.144173,46.026985,45.96463,45.958187,46.487793,45.95154,45.8741,46.112617,46.600147,46.56181,46.089302,46.13868,46.450012,46.25398,46.287647,46.336723,46.38645,45.930874,46.314484,46.39122,46.426025,46.655437,46.613636,46.235275
47.134747,46.858746,46.68628,46.599804,47.423294,47.022724,46.852863,46.88869,47.082184,47.04426,47.057564,47.012276,46.97121,46.951748,47.051174,46.99624,46.95872,47.122513,47.392296,47.139355,47.282936,47.27984,47.249413,47.522957,47.153126,47.24379,47.489544,46.78565,47.45268,47.451183,47.540867
43.812157,44.107044,44.145576,44.164978,43.852135,44.428364,44.582176,44.45307,44.386665,44.4137,44.473164,44.319798,44.36529,44.52031,44.419006,44.68179,44.383522,44.724216,44.539715,44.341858,44.378426,44.342087,44.565254,44.590614,45.050663,44.785477,44.39012,44.849197,44.382183,44.38263,44.773045
43.370956,42.967907,43.19677,43.064957,43.213356,43.54014,43.536114,43.475227,43.45834,43.233162,43.651993,43.41977,43.042587,43.315956,43.366104,43.78085,43.45424,43.758495,43.646957,43.33958,43.594532,43.624184,43.428684,43.633034,43.5805,43.70117,43.73337,43.53963,43.943638,43.621834,43.663857
50.72459,49.99293,50.3332,50.327457,50.45305,50.506447,50.53667,50.579258,50.33374,50.344315,50.84166,50.833984,50.31685,50.45593,50.400948,50.711697,50.736412,50.534843,50.654396,50.581062,50.55999,50.651165,50.799072,50.490715,50.49586,50.81391,50.704468,50.722992,50.821434,51.021957,50.505085
33.685303,33.463192,33.296875,33.757626,33.58589,33.866272,33.687546,33.92571,33.9943,33.763535,33.893803,33.895054,33.762024,34.005714,33.672337,34.20348,33.9173,34.32878,33.88833,33.83111,34.148155,33.822968,33.724426,33.900764,34.07942,33.902817,34.113018,34.052696,34.149155,34.079117,33.946842
42.665466,42.697903,42.915787,42.94445,42.73848,42.97349,42.333195,42.86025,43.336334,42.790447,42.879936,42.894665,42.889458,43.19706,43.1216,42.675297,42.90252,43.266598,43.05474,42.986603,43.322,42.92412,43.074345,43.02379,43.31903,43.06379,43.36351,42.9202,43.25142,43.40995,43.122204
40.919365,40.706882,40.531914,41.04719,40.986763,41.121506,41.024086,41.268803,41.19923,40.977825,41.141987,40.8654,40.926315,40.938774,40.968426,41.52895,41.043,41.429867,41.276314,41.17758,41.28065,41.005463,40.68143,41.42215,41.16692,41.22973,41.48718,41.396194,41.598373,41.089474,41.352573
39.44447,39.301273,39.422462,39.28149,39.466827,39.42863,39.752045,39.395103,39.42654,39.722183,39.706505,39.5585,39.37588,39.53983,39.380695,39.83501,39.562695,40.00974,39.757202,39.486607,39.791878,40.126476,39.393303,39.86873,39.369335,39.69056,40.04661,39.82019,40.06053,39.38788,39.847805
47.102097,47.297707,47.672173,47.814198,47.08098,47.051083,47.405922,47.375984,47.220146,47.19111,47.287678,47.517883,47.489098,47.798626,47.667046,47.716187,47.662933,47.511353,47.500607,47.777683,47.50053,47.394695,47.845844,47.30748,47.922222,47.805504,47.746044,47.9277,47.296608,47.74001,48.00265
32.324856,32.50499,33.000187,32.62478,32.231724,32.73648,32.44142,32.42531,32.888756,32.435307,32.815025,33.019928,32.515865,32.978355,32.60738,32.59705,32.68498,33.017338,32.495148,32.878067,32.91392,32.753017,32.843624,32.393986,33.00064,33.27144,33.005417,32.70505,32.922337,32.93027,32.79428
49.2948,49.213776,49.212967,49.361893,49.23291,49.249325,49.52293,49.37046,49.273273,49.35525,49.64213,49.528687,49.31084,49.42437,49.34364,49.74814,49.42794,49.290577,49.564705,49.503452,49.42449,49.44701,49.770737,49.558777,49.70681,49.795227,49.4263,49.76539,49.712505,49.856087,49.740128
50.88368,51.111927,50.778877,51.09575,51.224785,51.20245,51.620983,51.52717,51.15915,51.528828,50.9796,50.820137,51.403736,51.162685,51.997234,51.760498,51.647655,51.78288,51.731346,51.479153,51.770084,51.521324,51.560635,51.773933,51.763393,50.978645,51.4348,51.94692,51.289192,51.427013,51.854015
44.03673,44.0798,43.744194,43.93472,43.95675,43.88407,44.084793,43.995323,44.126453,43.87418,44.101612,43.97785,43.856117,43.816658,43.926098,44.450478,44.174534,44.182,44.190586,44.37775,44.26437,44.165264,44.15243,44.293602,44.242935,44.27317,44.197453,44.231655,44.580223,44.274082,44.316303
56.18997,55.655804,55.527206,56.269035,55.81669,56.02116,55.671997,56.207848,56.051525,55.696575,55.93186,56.05157,56.06933,55.812008,55.850212,56.131886,56.02834,56.02792,56.037228,56.04548,56.30398,55.828426,56.160873,56.038887,56.190414,55.708145,56.074764,56.20377,56.60145,56.60006,55.764935
40.93465,40.895073,41.31923,40.767788,41.367302,41.328392,41.37232,41.041294,41.00269,41.146805,41.372746,41.363445,41.35366,41.10539,41.11479,41.406292,41.384563,41.177666,41.402702,41.188934,41.04668,41.170563,41.57296,41.572716,41.030865,41.35887,41.532936,41.203274,41.279568,41.173775,41.372944
48.72365,48.467182,48.4289,48.50055,48.22892,48.74035,48.605423,48.931747,48.64357,48.543358,48.711205,48.886368,48.63656,48.665466,48.719986,48.6323,48.752056,48.96829,48.830086,48.6263,48.561092,48.86894,48.681435,48.934273,49.11783,48.953346,48.883713,49.073086,49.151253,48.873272,48.961952
55.318295,55.316246,55.745087,55.866165,55.602104,56.145393,56.0411,56.340733,55.972424,55.947205,55.666477,55.914192,55.955257,56.265305,55.982277,56.090755,56.247467,56.194473,55.839275,55.697945,56.21673,56.049896,56.263107,55.98472,56.42081,56.163147,56.19683,56.53827,55.507156,56.378124,55.768257
39.94582,40.505302,40.521683,39.91204,40.28208,40.171093,39.93808,39.91111,40.808235,40.364155,40.2392,40.726265,40.448097,40.765526,40.58078,40.39259,40.576496,40.54484,40.464767,40.482143,40.613327,40.37078,40.95062,40.848732,40.67131,40.625282,40.860497,40.341145,40.615673,40.906387,40.809093
39.21694,39.168285,39.170708,39.029037,39.485596,39.095272,39.188942,39.096275,39.13488,39.426323,39.450356,39.210285,39.22894,39.307564,39.34714,39.48293,39.309757,39.290302,39.659203,39.324493,39.215115,39.40238,39.23633,39.64302,38.975544,39.450897,39.627686,39.544704,39.722404,39.352245,39.74449
49.617783,49.657585,49.65496,49.86173,49.611,49.53891,49.985268,49.65929,49.67704,49.990944,50.03986,49.8329,49.827988,49.860306,49.88617,50.197994,49.975746,49.984013,50.098423,50.026733,49.96442,49.971146,49.997578,50.111076,50.022312,50.015045,50.07305,50.364372,50.308537,49.96323,50.304882
40.672623,41.028313,41.051254,41.11906,41.047394,40.906685,40.97573,40.767235,41.10173,41.213947,41.32949,41.039627,41.181694,41.21134,41.84083,40.922623,41.198174,41.144978,41.242107,41.78386,41.539974,41.295834,41.417774,41.255547,41.745575,41.666748,41.463802,41.29979,41.484444,41.68582,42.119804
51.728592,51.83884,51.431046,52.001873,51.977142,52.021946,52.070663,52.06377,51.976925,52.248943,52.065674,51.675224,52.218388,51.78892,52.04645,52.0019,51.86677,52.15868,52.123783,52.244255,52.4296,52.335617,51.97477,52.377853,52.389923,52.13629,52.08498,52.35218,52.37902,52.18449,52.306206
36.43956,36.957012,37.075615,36.724945,36.727516,36.716682,36.667267,36.6244,37.03269,37.03605,36.94551,37.07156,37.05527,37.33443,37.24027,36.856716,36.871677,37.11882,37.076252,37.0671,36.97742,37.06183,37.116787,37.263306,37.27714,37.420006,37.35096,37.18071,37.066944,37.116642,37.673977
42.874462,42.884094,42.93477,43.39808,43.09552,42.950638,43.339535,43.29171,42.72619,42.992554,43.05619,43.304234,43.41247,43.17449,43.19051,43.500237,43.43277,43.08354,43.065285,43.64518,43.13144,42.970478,43.42989,43.021126,43.400787,43.483536,43.273735,43.639076,42.750153,43.336452,43.42976
49.19942,49.29736,49.296944,48.996387,49.623962,49.322094,49.516556,49.260384,49.56116,49.68368,49.862263,49.227814,49.351677,49.050484,49.962456,49.478466,49.849586,49.507965,49.88356,49.80493,49.737106,49.827633,49.783855,50.16858,49.46235,49.539787,49.799637,49.69085,49.997482,49.744408,49.906616
54.251587,53.97538,53.722687,53.96857,53.96727,53.992832,53.508938,54.131878,54.173393,53.56574,53.591633,53.811928,54.02855,53.961414,53.717834,54.069084,53.984024,54.07603,54.116306,53.90406,54.18934,54.071667,54.07636,54.2182,54.11141,53.783134,54.184677,53.9431,54.508167,54.41893,53.898186
55.277283,55.322624,55.37764,55.352276,55.734566,55.143894,55.184586,54.869473,55.30468,55.621376,55.542183,54.96852,55.57501,55.161182,55.763218,55.19002,55.274975,55.465874,55.870388,55.898346,55.82804,55.726974,55.39004,55.917534,55.338234,55.43193,55.95987,55.392033,56.216053,55.438175,56.17902
53.9126,54.06346,53.842163,54.28648,54.040985,54.137775,54.072865,54.32426,53.97855,54.398026,54.081074,54.017506,54.32579,54.16771,54.405098,53.803997,54.072777,54.170876,54.292328,54.441498,54.288322,54.288174,54.27735,54.149666,54.68174,54.53695,54.111443,54.68439,54.199757,54.476788,54.48619
50.251007,49.758698,50.228508,50.211174,50.271187,50.311966,50.141823,50.209633,50.20198,50.04694,50.27426,50.35915,50.28544,50.6029,50.187725,50.518955,50.39794,50.41945,50.357796,50.30435,50.49688,50.44719,50.32383,50.385437,50.392708,50.638527,50.904667,50.37422,50.66855,50.70928,50.65428
46.28472,45.911636,46.269966,46.80493,46.18769,46.6686,46.932285,46.834408,45.870903,46.569164,46.22386,46.59688,46.87934,46.958927,46.321568,46.764748,46.37234,46.91221,46.394108,46.21928,46.717747,46.967953,46.46552,46.31935,46.91055,46.6382,46.827267,47.071438,46.367153,46.52533,46.806606
46.109886,45.94772,46.18776,46.29697,46.37703,45.965267,46.059734,46.014095,46.116367,46.097134,46.09161,46.32826,46.514378,46.806374,46.307858,46.517715,46.228207,46.449375,46.395817,46.50924,46.58841,46.44207,46.59685,46.379776,46.657253,46.652252,46.83505,46.22653,46.06713,46.68859,47.031532
48.954132,48.878437,48.78369,49.098675,49.224968,49.04324,49.090942,48.934055,48.73187,49.328358,48.623276,48.959885,49.384724,49.178715,49.19875,48.93744,48.72214,49.47121,49.090794,49.165573,49.758263,49.69694,48.978115,49.141876,49.170807,48.97921,49.512527,49.223324,49.33925,49.185875,49.4943
36.227005,36.315548,36.60827,36.4715,36.48922,36.199,36.34057,36.08199,36.03545,36.416756,36.217327,36.488953,36.747932,36.74601,36.562344,36.55068,36.284832,36.6248,36.50247,36.615017,36.574448,36.668797,36.371628,36.472885,36.291325,36.576973,36.964565,36.595768,36.5931,36.33719,37.09152
48.240284,48.337776,48.195564,48.389893,48.597122,48.205025,48.301216,48.20401,48.64563,48.580696,48.726147,48.32126,48.4192,48.263382,48.55175,48.682926,48.587093,48.5136,48.7723,48.863056,48.77696,48.4397,48.622536,48.927025,48.46969,48.58551,48.799896,48.666748,48.971123,48.724525,48.790966
51.403187,51.757927,51.4534,51.43632,51.66517,51.36907,51.663536,51.248634,51.62333,51.817062,51.44899,51.71922,51.80588,51.785744,52.00474,51.726173,51.713993,51.819138,51.80134,52.073025,52.16103,52.018288,52.070847,52.068512,52.20465,51.93235,52.076767,51.79176,52.123386,52.139015,52.532
43.35979,43.317257,43.00228,42.969574,43.312576,43.37152,43.382153,43.480415,43.533096,43.482018,43.412045,43.470177,43.310364,43.290863,43.477703,43.533157,43.745964,43.76064,43.62507,43.48243,43.57567,43.69287,43.541245,43.84105,43.57001,43.451904,43.66964,43.678314,43.795605,43.63694,43.577778
45.900543,46.461563,46.10573,46.451912,45.74993,46.513645,46.114048,46.845642,46.583874,46.204933,46.043034,46.123257,46.469246,46.498417,46.660915,46.10297,46.394863,46.42729,46.09075,46.453625,46.532448,46.658264,46.358643,46.396446,47.198593,46.814743,46.18858,47.02743,46.412308,46.8895,46.481846
59.32373,59.581688,60.020386,59.15351,59.68756,59.819965,59.381203,59.545403,59.944183,59.72998,59.50452,59.443398,59.706127,59.87514,59.76782,59.40495,59.702736,59.63869,59.88167,59.22458,59.896854,60.193817,60.184135,60.183884,59.685566,59.707047,59.915302,59.749454,59.887833,60.134136,59.588036
54.90185,55.13548,55.242996,54.918533,54.717667,54.9155,54.655846,55.108967,55.34546,54.650204,54.891544,54.82235,54.929115,55.00995,55.042545,54.85966,55.083557,55.070213,55.168056,55.019775,55.06921,55.402756,55.325565,55.465202,55.439976,55.28356,55.264267,55.134697,55.31977,55.34701,55.19952
49.797222,50.281376,49.90924,50.10458,49.682686,49.80427,49.93635,50.028687,50.400497,50.0514,50.350685,50.072285,49.815876,50.132484,50.461346,50.16992,50.144985,50.038166,50.18932,50.73129,50.331303,50.163643,50.430683,50.178085,50.956245,51.0103,49.964714,50.60869,50.445164,50.82073,50.719543
47.56597,47.631687,47.552155,47.318737,47.464485,47.524017,47.32544,47.513187,47.676746,47.402966,47.344963,47.510986,47.563828,47.95355,47.542255,47.725952,47.54987,47.820248,47.778984,47.682266,47.66725,47.782177,47.66057,47.68872,47.952972,48.098618,47.798992,47.72587,47.795116,47.86326,48.057037
42.008217,41.42855,41.601387,41.701225,41.763306,41.642048,41.939636,41.611454,41.532955,41.50844,42.141903,41.876125,41.68285,41.64466,41.494427,42.343647,41.980152,42.00168,42.03104,42.141926,41.77683,41.862053,41.67856,41.926598,41.696682,42.108604,42.229473,41.86603,42.437424,41.72662,42.2318
52.21681,51.798965,51.928375,51.366596,52.05503,51.973904,51.51382,51.616383,51.759045,51.627796,51.382904,51.89212,51.79748,51.957966,51.58737,51.558315,51.63216,52.106743,51.8695,51.787727,52.229332,52.49702,51.850117,51.75583,51.659885,52.0104,52.209114,51.50834,52.30646,52.1295,51.846348
51.98949,51.487736,51.49656,51.753704,51.45797,51.92317,52.139008,52.139038,51.488388,51.66905,51.766357,51.979218,51.618313,51.724304,51.49587,51.99859,51.796795,52.14247,51.868313,51.77834,51.844894,52.18288,51.794823,51.712914,52.189457,52.188873,51.91095,52.197594,52.12243,51.904716,51.907738
47.38772,47.399555,47.97461,47.275257,47.609276,48.006027,47.524654,47.608994,47.82388,47.685154,47.405308,47.704945,47.79025,48.20316,47.458515,47.450626,47.544643,48.24589,47.821182,47.35198,47.921017,48.14246,47.854816,47.82624,47.98209,48.06533,48.234646,47.558414,47.606773,47.681004,47.820705
52.068485,51.882584,51.81903,51.80099,52.09794,52.051147,52.0457,52.138573,52.130333,51.967007,51.940994,52.235607,52.169388,52.166504,52.5262,52.444576,52.351814,52.233845,52.288006,52.22137,52.500587,52.24149,52.64606,52.4382,52.451878,52.08058,52.320866,52.31937,52.329086,52.853806,52.47084
40.728493,40.74714,40.76352,40.42329,40.767532,40.598087,40.64051,40.675426,40.504734,40.64135,40.669296,40.630203,40.676056,40.559727,40.647926,40.84507,40.791954,40.70506,40.900005,40.756313,40.490948,40.94099,40.52211,40.966354,40.250183,40.857178,40.923115,41.0518,41.09242,40.550735,40.851532
52.37225,52.3438,52.422188,52.36612,52.52069,52.560722,52.330307,52.520096,52.97727,52.564823,53.172867,52.5528,52.49076,52.596752,52.71759,52.554535,52.74726,52.51479,52.957703,52.860115,52.63926,52.572205,53.021355,53.120476,53.16087,53.236748,52.817993,52.69447,52.984745,53.204212,53.057785
51.278645,51.065685,51.329018,50.865143,51.203743,51.309925,51.398754,51.137257,51.25214,51.26551,51.367542,51.365704,51.252247,51.17725,51.50998,51.345806,51.46287,51.63315,51.460323,51.408268,51.679615,51.942154,51.52567,51.66224,51.38916,51.43299,51.72018,51.40831,51.837948,51.528545,51.612453
56.806305,56.709755,56.649376,56.841755,56.94142,57.306408,57.22378,57.353275,57.00655,56.92027,56.880333,56.92225,57.051064,57.1135,57.141865,57.46494,57.206863,57.110954,57.172367,57.202583,57.210922,56.87669,57.314526,57.08853,57.626812,57.508133,56.99536,57.48788,57.042156,57.542313,57.24928
46.24975,46.340126,46.30439,45.710293,46.20916,45.990814,45.896347,45.806385,46.40492,46.17603,46.19865,46.669315,46.122444,46.32225,46.29671,46.00182,46.65899,46.25438,46.272327,46.451813,46.377502,46.561726,46.734047,46.552704,46.311638,46.49701,46.701923,46.159702,46.80334,46.83981,46.503685
45.208645,45.282814,45.49572,44.7921,45.192795,45.235767,45.16539,45.174007,45.1697,44.998108,45.08946,45.280087,45.107025,45.28256,45.092705,45.348907,45.27129,45.2249,45.2521,45.242157,45.138336,45.60766,45.29169,45.33377,45.029606,45.722015,45.389618,45.42697,45.409657,45.33636,45.29136
53.427597,53.01777,53.22328,53.135998,53.291763,53.491493,53.331375,53.580776,53.230877,53.3095,52.874794,53.406704,53.286236,53.66156,53.187534,53.27639,53.56708,53.86116,53.450226,53.129177,53.686176,53.864056,53.579338,53.246597,53.599186,53.394173,53.73529,53.504196,53.275375,53.653255,53.268192
50.766296,51.13781,51.00283,51.22401,51.235336,50.99095,51.245975,51.2876,51.455875,51.473064,51.262318,51.049786,51.44157,51.48027,51.847565,51.651157,51.536327,51.550316,51.739132,51.545918,51.584805,51.31188,51.673634,51.990646,51.878048,51.424683,51.713512,51.79821,51.288086,51.627445,52.114475
39.96688,39.798462,39.782066,40.14727,39.680916,39.66668,39.72104,40.13738,40.075157,39.672195,40.010086,40.013683,39.74233,40.37089,39.863518,40.47755,40.157818,40.16106,40.250908,39.98369,39.840946,39.848705,40.009438,40.139526,40.331245,40.346207,40.365902,40.372993,40.22388,40.329876,40.49693
40.77004,40.741306,40.761414,40.704563,41.01362,40.97356,40.955864,40.91703,41.05044,40.706306,40.929203,40.772568,41.034683,41.13555,40.82148,41.56291,41.214733,41.060722,41.004536,41.024353,41.18519,41.19108,40.98843,41.37522,41.013306,41.207314,41.404976,41.082573,41.314213,41.259346,41.3214
46.736702,47.08956,47.153168,47.256092,47.08586,46.717415,46.722763,46.71387,47.178238,47.065414,47.159718,47.196316,47.178577,47.15246,46.96561,46.70122,47.24103,46.996006,47.124477,47.608486,47.165546,47.064354,47.449192,47.27839,47.449688,47.551674,47.600807,47.049355,47.21596,47.343853,47.508984
41.82405,42.527897,41.83349,42.120712,42.441383,42.518837,42.489685,42.539417,42.745354,42.823166,41.943184,42.389946,42.594326,42.664055,42.816917,42.83957,42.5515,42.819378,42.372902,42.631107,43.13186,42.594658,42.48824,42.8592,42.857193,42.629646,42.678085,43.069756,42.585552,42.937576,42.78239
51.646687,51.71543,51.88295,51.943527,51.677658,51.929672,51.943325,51.894226,52.172787,52.222927,52.439896,52.21499,51.872955,52.18769,51.920258,51.99355,52.085,52.041973,52.13958,52.074272,52.099277,52.04955,52.330685,52.17653,52.42828,52.591476,52.156216,52.456455,52.359753,52.476265,52.18347
37.620846,37.27592,37.29515,37.41784,37.200623,37.020016,37.158695,37.203453,37.043247,37.079735,37.217686,37.831932,37.361435,37.579533,37.078445,37.41692,37.16156,37.550285,37.438656,37.362907,37.23799,37.54571,37.405514,37.414246,37.474167,37.57145,37.867615,37.32771,37.726887,37.47647,37.923172
50.653084,50.70046,51.071617,51.13732,50.733826,50.771606,50.606403,50.646347,50.996365,50.74627,51.0632,50.935364,51.111603,51.110016,50.94499,50.915012,51.011513,51.02203,51.15615,51.267666,50.992615,50.652462,51.234703,51.049812,51.339233,51.2025,51.325394,51.006447,51.237244,51.11812,51.365646
44.574677,44.541645,44.76454,44.489616,44.733505,44.751026,44.88499,44.706177,44.584084,44.918736,44.60263,44.888107,44.79772,44.982704,44.987877,44.912415,44.95149,45.142372,44.856075,44.872948,45.05289,45.220238,44.778606,44.8953,44.75709,45.04486,45.250153,45.195187,44.966793,44.896442,45.134487
54.148098,53.989285,53.923042,54.218517,54.24743,54.24217,54.694923,54.410194,54.022602,54.34675,54.389915,54.279415,54.510174,53.946598,54.460285,54.697674,54.655388,54.43053,54.514458,54.562225,54.464794,54.481773,54.547527,54.83178,54.502007,54.218422,54.596066,54.769016,54.686108,54.393066,54.650417
35.855053,36.374874,36.57596,35.693954,36.034763,36.49607,36.179985,36.188015,36.50273,36.255863,36.108273,36.142452,36.332336,36.37857,36.44661,36.147633,36.43621,36.671772,36.263096,36.15249,36.42165,36.92549,36.171715,36.73558,36.26927,36.51149,36.706898,36.47899,36.71137,36.164085,36.47389
52.231293,52.479366,52.05078,51.944942,52.239143,51.982655,51.987305,52.133938,52.36813,52.067924,52.00483,52.016743,51.946224,51.90392,52.043926,52.2233,52.38674,52.113953,52.304497,52.489437,52.367126,52.41301,52.444485,52.360023,52.18397,52.365303,52.13982,52.36599,52.53507,52.53968,52.067944
43.851402,43.975746,44.092415,43.984394,44.330017,43.984776,43.4518,43.818604,44.38758,43.682316,43.84544,43.657185,44.19546,44.168266,44.312912,44.116554,44.19941,43.990765,44.11751,44.33542,44.572815,44.173317,44.247475,44.38244,44.056965,44.032448,44.562435,43.836708,44.42315,44.674965,44.366398
60.029366,59.855896,59.925766,60.24456,59.9319,60.319458,59.91371,60.271427,60.436375,60.06847,60.156677,60.250572,60.194366,59.842525,60.268356,59.64164,60.420273,60.347733,60.11844,60.364,60.752003,60.39498,60.716404,60.334885,60.763527,60.002304,60.426266,60.154064,60.627552,60.84808,59.907707
49.48913,49.02473,48.74028,49.329712,49.514313,49.298515,49.209057,49.278725,49.278965,49.442772,49.518703,49.377045,49.420567,49.049168,49.259758,49.29265,49.198586,49.613083,49.517876,49.825047,49.757046,49.47821,49.180077,49.507507,49.442272,49.542168,49.664448,49.40829,49.863155,49.523884,49.600418
53.821796,53.578606,53.560005,53.837513,54.182022,53.75577,53.786716,53.61271,53.556534,54.040127,54.04019,53.839245,54.19141,53.69378,53.933765,53.830082,53.972652,53.636322,54.085472,54.21973,53.99449,53.836746,54.043816,54.135254,53.74119,53.903503,54.135067,54.047863,54.352676,54.174976,54.19694
47.41587,47.407795,47.46692,47.357006,47.430138,47.698376,47.651558,47.79856,47.61216,47.23222,47.61688,47.376507,47.511368,47.363087,47.585747,48.00989,47.69047,47.690388,47.903988,47.703716,47.42012,47.340702,47.77007,47.881012,47.88157,47.830902,47.59692,47.802677,47.68352,47.583443,47.79415
55.725594,55.569035,56.06962,55.730824,55.75802,55.856396,55.706264,55.58134,55.713543,55.55984,55.86564,56.01191,55.92933,55.6912,55.59951,55.782436,55.52546,55.69291,55.8892,55.769985,55.86931,55.859608,56.177578,56.04393,55.826523,55.975792,56.084816,55.717976,56.225815,56.00703,55.88546
39.25821,39.36788,39.31595,39.57406,39.250603,39.266006,39.287533,39.48363,39.5938,39.39481,39.51837,39.422184,39.317814,39.621346,39.641376,40.018566,39.487995,39.69422,39.70651,39.67846,39.581474,39.2441,39.314987,39.599182,39.517624,39.729294,39.70879,40.057686,39.89241,39.651443,39.85592
46.91313,47.3292,47.333534,47.050415,47.326363,46.95173,47.02175,46.863693,47.54549,47.256474,47.21671,47.419064,47.20209,47.24857,47.642246,47.372986,47.458866,47.332237,47.396523,47.720966,47.76724,47.282448,47.913105,47.560837,47.46645,47.413498,47.578896,47.325985,47.435658,47.84941,47.58315
44.147194,44.41827,43.63407,44.254242,43.726562,43.96257,44.145306,44.359917,44.20585,44.186295,44.13848,43.994133,44.125065,43.937935,44.68364,44.26161,44.210403,44.45737,44.335854,44.642857,44.523983,44.462444,44.24295,44.314713,44.901638,44.29875,43.951546,44.770245,44.740814,44.582237,44.72077
43.685547,43.662086,43.332123,43.888218,43.37741,43.351967,43.23942,43.576565,43.43273,43.509632,43.400475,43.665844,43.727768,43.57878,43.61513,43.39416,43.516438,43.849957,43.799572,43.972294,43.641476,43.358112,43.72792,43.338615,43.97004,43.562576,43.5487,43.803642,43.75035,43.690754,43.80632
37.777737,37.90373,38.493523,37.840588,37.99009,37.872334,38.108036,37.693275,38.1642,38.08301,38.237846,38.358433,37.90977,38.4291,38.062847,38.475986,38.407772,38.41706,38.273052,38.15101,38.248886,38.306927,38.390854,38.29917,37.94754,38.413948,38.748814,38.28235,38.364586,38.179462,38.42283
45.911057,46.207706,46.15635,46.027916,45.817963,45.90389,45.991035,46.104008,46.193657,45.969574,45.696697,46.30444,45.981285,46.264046,45.935772,46.123764,46.21842,46.473267,46.154564,46.163467,46.23038,46.255974,46.45367,46.164726,46.487743,46.294662,46.389286,46.296032,46.036476,46.21695,46.199398
43.58111,43.858097,43.90898,43.80473,43.715553,44.0459,43.69041,43.973232,44.279232,43.779263,43.92257,43.763588,43.884766,44.3218,43.873558,44.100998,44.18502,44.026222,43.860176,44.095467,44.136715,44.11433,43.93404,44.028755,44.312847,44.61814,44.19685,44.274883,44.22836,44.419445,44.1422
34.91031,34.81982,34.602135,34.826492,34.53443,34.76285,35.05732,34.983772,34.844185,34.961937,35.12499,35.129997,34.534134,34.77755,34.81175,34.94232,34.770508,35.32085,34.981045,34.968735,35.100525,35.430737,34.86442,34.981636,35.22985,35.27394,35.09649,35.201645,35.379227,35.027443,35.230247
37.50737,37.34924,37.151764,36.707596,37.640083,37.173225,37.123318,37.017616,36.948997,37.336758,37.149837,37.45437,37.320293,37.368034,37.09066,37.218506,37.09805,37.24431,37.393875,37.370316,37.11469,37.71603,36.98484,37.494568,36.821224,37.791557,37.657322,37.297504,37.69216,37.288654,37.771824
42.444607,42.87933,42.999138,42.70162,42.676743,42.761932,42.92811,42.70285,42.96361,42.902744,43.015545,43.019997,43.01893,43.195107,43.24486,43.204193,43.330048,42.994606,43.109665,43.234993,42.894447,42.80708,43.3766,43.204384,43.39788,43.38034,43.180595,43.3102,43.07013,43.23366,43.568493
39.170174,39.63465,39.439262,38.727135,39.79441,39.37364,39.362144,39.420387,39.641968,39.59462,39.070816,39.122093,39.544125,39.959606,39.624603,40.084263,39.69245,39.620686,39.86066,39.146343,39.465275,39.904613,39.43085,40.344086,39.18395,39.657883,39.999214,39.846138,39.613888,39.59592,40.08872
47.51593,47.48771,47.579086,47.856476,47.424805,47.571224,48.050938,47.97527,47.797794,47.878807,47.914764,48.371807,47.557846,47.96123,47.797287,48.13275,48.100147,48.078808,47.85505,47.941586,48.007423,47.797977,48.50267,47.78183,48.40588,48.196175,47.9537,48.351715,47.525024,48.3487,47.88656
48.401035,48.185192,47.717857,48.33681,48.366577,47.9793,48.210026,48.126976,48.11471,48.318672,48.247864,48.254894,48.450897,48.000687,48.439693,48.5863,48.57774,48.46035,48.61901,48.716873,48.541386,48.171204,48.391487,48.655006,48.348175,47.924454,48.614082,48.5313,49.018597,48.488594,48.73591
52.681118,52.78462,52.332,52.9745,52.4011,52.36226,52.22391,52.731163,52.929108,52.835308,52.648087,52.625065,52.63728,52.785824,52.95264,52.476788,52.765747,53.0158,53.032394,53.064102,53.00234,52.68133,52.87292,52.754494,53.294937,52.780983,52.77553,53.160065,53.102936,53.155483,53.015713
49.402515,49.675705,49.81096,49.113873,50.108376,49.574013,50.151314,49.332172,49.64763,50.067554,49.94483,49.74148,49.76586,49.41038,50.02789,50.223484,50.066174,49.762962,50.207455,49.865498,50.001778,50.019756,50.403927,50.539955,49.41942,49.593994,50.07406,49.935307,50.074203,49.831905,50.07777
50.05661,50.01593,50.024925,49.74524,50.03543,50.606796,50.522358,50.455917,50.61507,50.638493,50.874012,50.583668,50.332882,50.4057,50.6886,50.39356,50.686703,50.594864,50.58177,50.307484,50.543472,50.757355,50.789734,50.967644,50.98003,50.84323,50.50375,50.80437,50.869278,50.979683,50.70629
42.35055,43.25219,42.978714,42.559708,42.35491,42.59153,42.59598,42.618084,43.10879,42.744114,42.58035,42.790012,42.763275,43.371258,43.263184,43.021896,42.94984,42.91477,42.879814,43.131664,42.9152,42.967094,43.117855,42.98237,43.599915,43.64393,42.86625,43.34493,43.07636,43.363785,43.66281
46.924683,46.658054,47.13365,46.602192,47.131355,47.209087,47.03253,47.021683,47.12169,47.020107,47.23113,46.808075,46.811054,47.074997,47.004055,46.92412,47.193886,47.439457,47.457256,47.00743,47.169712,47.49597,47.16458,47.35051,47.192833,47.432648,47.571423,46.943108,47.222786,47.044735,47.343197
42.151123,42.245033,41.944107,42.170197,42.194717,41.877518,42.21505,42.14555,42.037304,42.315918,42.390953,42.376778,42.20475,42.408554,42.25966,42.63413,42.273674,42.06036,42.507484,42.419277,42.045456,42.08789,42.491722,42.39102,42.398514,42.662422,42.206287,42.729103,42.403484,42.61747,42.782604
45.309956,45.050457,45.220116,45.73274,44.987267,45.267147,45.283466,45.718998,45.04087,44.896297,45.001213,45.210857,45.27229,45.54932,44.93496,45.45815,45.35359,45.483967,45.155575,45.376545,45.324314,45.553257,45.185837,44.94481,45.648514,45.711548,45.511642,45.70347,45.154613,45.43856,45.346397
56.97068,57.21888,57.01377,57.037216,56.926605,57.131367,56.994614,57.274208,57.287006,56.81014,56.84823,57.215553,57.204586,57.20856,57.469593,57.33808,57.20737,57.03971,57.165985,57.493618,57.31803,57.04833,57.616875,57.3451,57.888126,57.649345,57.152863,57.45995,57.307526,57.882168,57.592793
43.337547,43.045143,43.129135,43.568428,43.37764,43.402992,43.485237,43.4118,42.974926,43.43491,43.33332,43.3013,43.571278,43.608826,43.3889,43.50792,43.264816,43.51652,43.37895,43.489655,43.65611,43.826145,43.1245,43.371735,43.5137,43.696785,43.81883,43.74731,43.863487,43.604446,43.956036
41.864784,41.804947,42.160797,42.33553,42.215034,41.650497,41.751194,41.589363,41.607773,41.576763,41.60375,41.5953,42.24736,42.132782,41.99234,42.382534,41.962765,42.014164,42.13182,42.33372,42.23328,41.898647,41.91931,41.954636,41.738308,41.80298,42.596584,41.907406,42.26069,41.908524,42.584156
45.183098,45.645134,45.268036,45.898693,45.49582,45.42937,45.458153,45.405216,45.658962,45.8491,45.532265,45.26732,45.83125,45.927612,46.397194,45.654472,45.238148,45.853245,45.809376,46.157017,46.389442,45.87464,45.681526,45.777496,46.532448,46.040375,45.85132,46.00017,46.123135,46.245556,46.843864
54.669376,54.418633,54.516823,54.72217,54.568947,54.45415,54.44064,54.618275,54.6841,54.775642,55.064907,54.625515,54.610912,54.60109,55.192005,54.549232,54.575924,54.818825,55.1519,55.061832,54.90049,54.79229,54.900673,54.90233,55.075264,55.013,54.837364,55.027065,55.07477,55.10964,55.286224
49.9757,49.866524,49.640953,49.503998,50.121925,49.89402,49.777332,49.638374,49.747437,50.186596,49.785843,50.052364,50.060764,49.86406,49.955284,49.74085,49.68946,49.999348,50.091846,49.912403,50.192833,50.26997,49.994766,50.205803,49.771576,49.92646,50.142033,49.994797,50.50588,50.19481,50.178707
41.870136,41.57671,42.13021,42.32377,41.872932,42.531307,42.612003,42.61237,41.830738,42.040962,42.32748,42.18268,42.338932,42.22033,42.213985,42.462402,42.256817,42.453144,42.164387,42.139973,42.214565,42.415623,42.142235,42.199524,42.517307,42.531578,42.473717,42.69496,42.20257,42.15454,42.405556
45.02269,45.62778,45.351097,45.127014,45.29677,45.40461,45.487686,45.33724,45.64179,45.913258,45.515957,45.57015,45.318096,45.48763,45.755646,45.357788,45.888233,45.57596,45.602238,45.69365,45.682793,45.588924,45.898216,45.58957,45.710983,45.745186,45.42347,46.066013,45.766174,45.899364,45.50935
52.546047,52.083916,52.075394,52.311863,52.406876,52.088696,51.901684,52.297794,52.329193,52.06403,52.337185,52.365425,52.27739,52.331097,52.296684,52.455406,52.254105,52.23306,52.569706,52.384853,52.43049,52.33221,52.49852,52.57036,52.31859,52.380157,52.599075,52.388435,52.72944,52.88315,52.56595
53.92757,54.15517,54.66906,54.276752,53.920288,54.285908,54.48759,54.35506,54.402126,54.12847,54.437798,54.443127,54.27978,54.48755,54.397934,54.513397,54.726925,54.429935,54.480618,54.42124,54.349842,54.431263,55.11332,54.499054,54.964005,54.736305,54.49435,54.65589,54.23809,54.679115,54.51732
48.99334,48.811573,49.11828,49.144985,48.72216,48.96983,49.02312,49.00394,48.91917,48.815025,49.38215,49.230217,49.015163,48.977734,49.171124,48.990147,49.21178,49.045624,49.15912,49.43937,49.010075,49.100124,49.342106,49.055115,49.50986,49.5626,49.243645,49.29142,49.459408,49.37917,49.466057
50.624485,50.943653,51.23732,50.866043,50.807404,50.99791,50.898273,50.95821,51.022736,50.901115,50.716984,51.020855,51.03134,51.007893,51.31996,50.906387,51.191357,51.08772,50.851593,51.24158,51.377567,51.289112,51.331676,50.93685,51.105152,51.196922,51.126823,51.380413,50.995293,51.37471,50.92065
45.295177,45.35687,45.525826,45.940727,45.267006,45.445087,45.436573,45.542744,45.692963,45.566093,45.693977,45.586796,45.52643,46.00585,46.085716,45.79749,45.497307,45.903763,45.790516,45.971874,46.078415,45.605183,45.782513,45.517654,46.365044,46.12146,45.92601,46.028797,45.93941,46.202442,46.407963
43.042923,43.134087,43.047325,43.219982,43.014297,43.065563,43.020607,43.31444,43.139774,43.13718,42.99495,43.332855,43.312176,43.697754,43.261414,43.412914,43.189415,43.317825,43.221626,43.312492,43.204712,43.32445,43.162357,43.275604,43.5626,43.802986,43.495274,43.715954,43.25772,43.57625,43.756424
43.16673,43.90333,43.383163,43.25103,43.764725,43.26448,43.692112,43.266037,43.471252,44.03426,43.434483,43.566914,43.79252,43.61858,44.037,43.678192,43.685986,43.50321,43.732044,43.912918,43.895264,43.971416,43.982838,44.075447,43.729076,43.784973,43.707405,44.03847,43.802048,43.96719,44.2525
48.76765,48.76408,48.79525,48.911568,48.910355,48.72914,48.77033,48.734154,48.571926,48.755337,48.592678,48.7646,49.0452,48.85811,48.669884,49.006493,48.789223,48.894955,48.974617,49.034958,48.905674,48.7841,48.931767,48.810715,48.78055,48.891533,48.989395,49.049778,48.94425,48.819054,48.972763
46.64865,46.34165,46.6183,46.791843,46.19523,46.778435,46.61049,47.074993,46.816296,46.321125,46.94449,46.779774,46.454617,46.770622,46.450275,47.034916,46.73646,46.854053,46.836525,46.59903,46.512234,46.5602,46.77288,46.69287,47.059612,47.142532,46.714584,47.13798,46.87434,46.9387,46.639908
47.252495,46.705826,46.753967,47.119324,47.115173,46.97174,46.889065,46.978844,46.977707,46.60591,47.36681,46.671486,46.970932,46.675877,47.239483,47.285076,47.189613,47.082535,47.301186,47.6507,47.319416,47.170334,46.88001,47.263626,47.190002,47.271446,47.443718,47.00658,47.89256,47.342937,47.65412
50.42487,50.06886,50.021812,50.208736,50.41806,50.468227,50.464836,50.731186,50.442352,50.222744,50.40384,50.358685,50.17915,50.331352,50.504036,50.673958,50.64962,50.587738,50.57071,50.630856,50.643154,50.62429,50.54886,50.591507,50.76278,50.839325,50.677002,50.683094,50.516975,50.901653,50.6589
53.67035,53.919685,53.89183,54.212875,53.873817,54.291553,54.0609,54.413322,54.29656,54.22793,54.06146,54.03321,54.34822,54.275257,54.360577,54.14071,54.305244,54.29852,54.27955,54.245296,54.311302,54.01234,54.43526,54.37597,54.804173,54.373642,54.23502,54.685204,54.165455,54.52374,54.309574
54.849426,54.8281,55.062714,54.91951,54.910538,54.843018,54.84747,54.861286,54.89123,54.986317,54.596508,55.238873,55.151775,55.307755,54.840748,54.90835,55.051186,55.22786,55.04536,54.898888,55.21863,55.267487,55.40766,55.131767,55.201023,55.035454,55.45889,55.119606,54.99375,55.261806,55.1258
47.08527,46.9941,47.04595,47.30467,46.896576,46.940445,47.28669,47.39088,47.289124,47.28375,47.41245,47.309277,47.00907,47.17909,47.483498,47.496674,47.417206,47.62193,47.573868,47.28366,47.420162,47.505173,47.426727,47.671783,47.55051,47.280937,47.64239,47.785778,47.580822,47.442776,47.640118
59.492226,58.81792,58.63517,58.976162,58.896812,58.868847,58.80345,59.13721,59.245487,58.751514,59.42077,58.92842,58.800587,58.807262,59.428745,59.174503,59.051178,59.268734,59.492363,59.454475,59.46349,59.507183,59.186172,59.516197,59.644936,59.37925,59.341072,59.150967,59.980076,59.77976,59.769306
48.93171,49.50677,49.40268,49.084736,48.98378,49.541126,49.559105,49.55793,49.455605,49.391533,49.400654,48.821434,49.227924,49.192772,49.562897,49.463367,49.323627,49.49081,49.500034,49.493366,49.378742,49.844734,49.110504,49.700424,49.70081,50.00615,49.284443,50.03665,49.834297,49.250977,49.70934
50.475887,50.483284,50.52849,50.58307,50.45858,50.230503,50.26625,50.210472,50.381454,50.87613,50.73889,50.73473,50.465675,50.760723,50.429398,50.083393,50.52299,50.55568,50.74856,50.820732,50.541767,50.67421,50.73483,50.333153,50.682384,51.067078,50.672165,50.85576,50.794643,50.805305,50.78726
42.616573,43.26988,43.355057,43.31757,42.669212,42.712097,43.2455,42.689663,43.075302,43.529472,43.29068,43.861145,43.179535,43.503147,43.08897,43.0752,43.39492,43.462788,43.15143,43.763245,43.177517,42.949615,43.68806,42.892265,43.710484,43.88199,43.360622,43.732727,43.081146,43.188015,43.518147
48.204533,47.76414,47.87699,47.78894,48.009766,47.97302,48.06619,47.86955,47.66223,47.939293,47.842113,48.144608,48.03477,48.03968,48.02684,47.906693,47.905174,48.455074,48.20722,48.189743,48.31774,48.489147,48.170956,47.96129,48.289818,48.193375,48.37174,47.911995,48.244125,48.11167,48.485825
44.65003,45.1461,44.931374,44.95597,45.065247,45.208763,45.281437,45.165165,45.42054,45.370083,45.564945,44.78099,45.171753,44.931007,45.497803,45.416153,45.52971,45.24602,45.536934,45.554012,45.29502,45.10889,45.406696,45.686157,45.554604,45.46035,45.172386,45.6588,45.57155,45.328396,45.53392
39.369694,39.40458,39.372505,39.214485,39.767952,39.20177,39.393646,39.100716,39.40462,39.5165,39.83427,39.344196,39.42405,39.26801,39.421944,39.696224,39.590435,39.264946,39.727547,39.728638,39.51159,39.65645,39.562897,39.934647,39.09811,39.661613,39.803905,39.531754,40.02938,39.63601,39.861115
46.568863,46.025608,46.83336,45.954292,46.35823,46.460686,46.495644,46.264843,46.26179,45.89268,46.33032,46.964447,46.207672,46.736313,45.96661,46.726746,46.77653,46.569447,46.427677,46.232056,46.308575,46.712856,46.92613,46.457672,46.39093,46.864822,47.075085,46.18245,46.53222,46.72422,46.520775
49.03327,48.865097,49.28611,48.88029,48.96492,49.06946,48.817036,49.11539,49.0901,48.774982,48.887867,48.94164,48.97308,49.414204,49.036552,49.217777,49.10382,49.379448,49.365658,49.1025,49.00563,49.16356,49.059864,49.095345,49.217384,49.56057,49.439686,49.246685,49.06474,49.10553,49.397778
49.02879,49.33997,49.27762,48.932495,49.562225,49.049107,49.20505,49.050888,49.37574,49.346607,49.09021,49.18303,49.306355,49.473858,49.480564,49.753506,49.54286,49.06705,49.437225,49.24277,49.597565,49.612507,49.6898,49.882256,49.06791,49.32039,49.673904,49.592552,49.67357,49.929813,49.637753
46.369793,46.42631,46.56868,46.36844,46.082024,46.73924,46.387478,46.75745,46.904007,46.295727,46.60463,46.53944,46.41697,46.470093,46.868847,46.432076,46.47493,46.896767,46.616444,46.45871,46.892994,47.05679,46.719963,46.99774,47.141136,46.76042,46.851086,46.71608,47.149685,46.986042,46.8351
49.49766,49.567276,49.89554,49.68494,49.84423,50.012737,50.135555,49.80766,49.995228,50.112434,50.485535,50.012157,49.9664,49.889862,50.07953,50.188713,49.90932,49.85366,50.114994,49.97519,50.139484,50.10782,50.374165,50.378006,50.15423,50.37323,50.046833,50.281433,50.25742,50.36222,50.21067
44.02812,44.13856,44.331436,44.399025,44.250603,44.135513,44.2089,44.29141,44.423294,44.23468,44.385715,44.358147,44.308037,44.61837,44.510967,44.492203,44.690342,44.433113,44.521133,44.56673,44.559643,44.332813,44.961674,44.404526,44.82781,44.594887,44.606956,44.522217,44.187824,44.900013,44.68445
41.076565,41.305546,41.125587,41.204323,41.11657,41.041817,41.237087,41.092667,41.447495,41.47198,41.623302,41.70253,41.310863,41.21941,41.5483,41.337894,41.846054,41.444946,41.52064,41.7504,41.352417,41.20915,41.719757,41.75061,41.62615,41.487923,41.726345,41.670036,41.90913,41.65878,41.754036
48.41395,48.430798,48.604095,48.69915,48.34735,48.08224,48.16977,48.261875,48.32481,48.36033,48.077206,48.74298,48.721714,49.09622,48.44346,48.549328,48.629936,48.757133,48.70261,48.589123,48.536,48.443428,48.92593,48.50032,48.90501,48.581665,49.032745,48.627422,48.436905,48.748795,49.06888
40.13685,39.956215,39.508316,39.576466,39.73678,39.58385,39.660267,39.787968,39.622047,39.62892,39.805767,39.75646,39.708145,39.68789,39.75505,39.731575,39.68469,39.90741,40.018665,39.945553,39.75627,40.350372,39.73024,40.06479,40.009876,40.091385,39.9557,39.83454,40.38491,39.982258,40.408596
42.057358,41.983513,42.20735,42.320793,42.582245,42.311203,42.25957,42.40155,42.231083,42.181446,42.163025,41.804073,42.6126,42.64768,42.76229,42.872635,42.46409,42.44392,42.64553,42.32609,42.668022,42.580303,42.37,42.822952,42.405693,42.273613,42.895878,42.569492,42.481956,42.66732,43.08925
45.608395,45.30506,45.502922,45.37049,45.592995,45.722416,45.24276,45.512367,45.934177,45.334297,45.767838,45.952896,45.844894,45.80127,45.68187,45.814613,45.947323,45.81069,45.865616,45.703575,45.7404,45.370373,46.100998,46.109856,45.95019,45.650536,46.14624,45.482296,46.109356,46.18684,45.91487
50.34726,50.17179,50.308617,50.725822,50.575928,50.315636,50.319386,50.46719,50.19536,50.452763,50.225964,50.58716,50.881546,50.656136,50.566036,50.604755,50.527523,50.616013,50.7517,50.643284,50.554077,50.171535,50.801678,50.606506,50.67528,50.321983,50.86633,50.703403,50.391846,50.634224,50.8436
58.241333,58.49604,58.28018,58.763096,58.36181,58.110588,58.391373,58.38819,58.361904,58.777107,58.58998,58.34626,58.46702,58.464924,58.89582,58.45077,58.27104,58.307247,58.83863,58.736893,58.724518,58.5016,58.902412,58.637238,58.927937,58.673958,58.375664,59.089455,58.81402,59.045006,59.012787
42.425625,42.725872,42.634003,42.905876,42.143105,42.40089,42.5986,42.681137,42.877834,42.631096,42.803406,43.008278,42.647255,42.825184,42.905266,42.612625,42.785217,43.00647,42.644073,43.024952,43.004498,43.08742,43.008785,42.946342,43.497322,43.14332,43.0897,43.065025,43.071903,43.142944,43.273632
50.64476,50.692238,50.636215,50.58885,50.640945,50.31747,50.339947,50.27245,50.88235,50.876408,50.738777,51.29214,50.557457,50.74494,50.705406,50.504482,50.881783,50.957108,51.016544,51.061264,50.888905,50.39213,51.345184,50.79167,50.94946,50.804893,51.05137,50.743736,50.99129,51.10255,50.856777
44.39175,44.622665,44.434715,44.551315,44.21926,44.723408,44.495346,44.762215,44.87106,44.475197,44.62697,44.462063,44.608788,44.55216,44.781567,44.816788,44.401787,44.92545,44.764156,44.69317,44.81402,44.7429,44.48783,44.996544,45.079582,44.892372,44.738903,44.994705,45.234573,44.754894,44.999096
52.57453,53.067253,53.438072,52.9734,53.213654,53.175785,52.87416,52.843033,53.40715,53.087437,53.25283,52.663074,53.28144,53.032078,52.74682,52.93392,53.24626,52.90582,53.322273,52.99573,53.10781,53.21712,53.48879,53.72023,53.06948,53.16012,53.446903,53.018345,53.42551,53.106945,53.003628
48.08927,48.100864,48.650864,47.946373,48.353172,48.35937,48.049885,47.99408,48.02994,48.207703,48.024223,48.402798,48.66758,48.851562,48.316956,48.024925,48.11827,48.3018,48.32047,48.174744,48.295097,48.670143,48.56121,48.34455,48.41736,48.762604,48.686283,48.224476,48.20491,48.530785,48.777805
50.50036,50.433815,50.23472,50.503162,50.537445,50.29736,50.518753,50.37562,50.244865,50.591534,50.496502,50.589348,50.762653,50.540043,50.886097,50.447994,50.724182,50.49182,50.63009,50.88989,50.91077,50.858665,51.135735,50.581253,50.981853,50.553474,50.561474,50.709404,50.69471,51.204945,50.997414
42.016476,42.114277,42.204964,41.835087,42.22155,42.15834,42.03561,41.94574,42.28925,42.409557,42.69069,42.337887,42.184406,42.134727,42.22231,41.927746,42.279835,42.186275,42.552628,42.313705,42.02703,42.31282,42.427704,42.68412,42.28053,42.626907,42.50567,42.285965,42.709526,42.338272,42.59922
45.50818,45.53739,45.41136,45.951645,45.311935,45.795807,45.7048,46.097923,45.662205,45.83625,45.657585,45.5995,45.763966,45.837936,46.128437,45.68547,45.63869,46.016888,45.841755,45.673172,46.041218,46.01364,45.789032,45.74205,46.304134,45.780754,45.715614,46.385654,46.00393,46.154705,46.013966
55.11157,55.005917,55.059387,55.189384,55.196205,55.06136,55.003044,55.15515,55.087677,55.09054,55.196903,55.085182,55.196346,55.08713,54.986774,54.967003,55.228863,55.096413,55.39487,55.336258,55.153934,55.21686,55.509727,55.31642,55.448868,55.407455,55.340214,55.230503,55.273563,55.417324,55.31539
51.417282,51.053493,51.45282,51.10494,51.382416,51.738575,51.56489,51.69341,51.577602,51.43273,51.793262,51.392155,51.240204,51.128006,51.904552,51.330666,51.60995,51.832264,51.88501,51.507366,51.71111,51.908268,51.699635,51.944473,51.767982,51.653008,51.854935,51.614277,51.946873,51.712605,51.75164
47.603283,47.630802,47.073555,47.726067,47.711037,47.90636,47.794853,48.15184,47.859646,47.91028,47.74922,47.660767,47.750988,47.489986,48.145172,47.72529,48.017174,47.918114,47.823338,48.175613,48.226517,47.87688,47.983498,47.85234,48.329704,47.923447,47.66,48.25301,47.94984,48.409164,47.840725
40.63516,40.820507,40.592712,40.770832,40.57438,40.82304,40.442474,40.911007,41.261044,40.732834,40.513958,40.836098,40.80016,41.30893,40.687668,41.04297,40.782303,41.39679,40.83708,40.895405,41.239002,41.000214,40.69215,40.938324,41.263954,41.230263,41.22017,41.090652,41.02284,41.12764,41.04717
55.900963,55.988518,55.73886,55.94127,56.013588,55.701458,56.01305,55.85405,55.855816,56.291004,55.942413,56.196186,56.306946,56.319126,56.531593,56.154087,56.199474,56.074543,56.338177,56.289906,56.33918,56.23346,56.66616,56.37686,56.606285,56.17282,56.219547,56.468597,56.237453,56.74069,56.820587
45.31357,45.026073,45.735786,45.525593,45.18721,45.325066,45.354565,45.346024,45.03095,45.14335,45.370045,45.690952,45.385387,45.73337,44.97513,45.54181,45.2415,45.51056,45.512276,45.32294,45.045155,45.2426,45.42049,45.157494,45.357647,45.911453,45.76488,45.62866,45.317265,45.211166,45.575104
50.991665,51.552177,51.42095,51.50319,51.17016,51.117348,51.32666,51.415577,51.344337,51.403294,51.513115,51.529884,51.33654,51.125362,51.470276,51.125233,51.512337,50.993122,51.43271,51.803722,51.153084,51.19035,51.9623,51.479073,51.799664,51.891518,51.196606,51.862186,51.277695,51.728085,51.479904
42.80061,43.51627,43.543793,42.964417,43.546318,43.552357,43.183098,43.364925,43.958447,43.529324,43.243908,43.276054,43.751945,43.797478,43.714783,43.6118,43.6977,43.684,43.768806,43.35834,43.618862,43.447792,43.94838,44.276543,43.800804,43.555664,43.89822,43.55328,43.37486,43.70129,43.83612
59.344902,59.247364,59.761414,59.94912,59.711945,59.62943,59.50761,59.632996,59.60214,59.611168,59.945457,59.30589,59.89785,59.698383,60.077717,59.726982,59.8731,59.48788,60.10771,59.968388,59.760117,59.41999,60.081436,59.932167,59.99336,59.80578,59.938686,60.00546,59.915375,60.073215,60.139095
39.43966,39.245663,39.211197,39.20443,39.261223,39.230534,38.961872,39.250385,39.41508,39.343735,39.472702,40.112793,39.428886,39.594822,39.04283,39.043724,39.41966,39.463345,39.324287,39.50057,39.2143,39.3313,39.60418,39.42457,39.53232,39.856705,39.746647,39.391495,39.51749,39.744564,39.464912
42.959118,43.155876,43.215614,42.82845,42.966255,42.685074,42.876213,42.728745,43.1493,43.187477,42.852543,43.3048,43.127357,43.607742,43.380894,43.208126,43.297546,43.621197,43.382282,43.238506,43.415882,43.52165,43.455204,43.37278,43.383617,43.269363,43.681892,43.280407,43.250046,43.35239,43.809387
58.545544,58.18778,58.30739,58.642876,58.155647,58.696423,58.619534,59.023376,58.649967,58.34211,58.330173,58.706886,58.427425,58.829735,58.498043,59.061207,58.78039,58.915894,58.642117,58.475403,58.81101,58.582523,58.772423,58.537865,59.08939,58.82676,58.72953,59.189228,58.730022,59.108982,58.522453
47.74078,47.69657,47.838463,47.843925,47.667892,47.58572,47.88185,47.58321,47.7626,47.55358,48.29152,47.658844,47.497623,47.44869,47.603565,48.13004,47.897373,47.570164,48.0423,48.09258,47.744965,47.814064,48.01066,48.041855,47.849556,48.15702,47.93314,47.94899,48.559727,47.990284,48.100674
53.075615,52.858707,53.166763,53.423786,53.51577,53.761883,53.77458,53.619503,53.162106,53.572914,53.359566,53.196735,53.914593,53.45086,53.6124,53.947636,53.458405,53.834564,53.69116,53.56371,53.77902,53.384758,53.41421,53.67531,53.561874,53.412064,53.71631,53.93422,53.45967,53.30197,53.67506
57.263023,57.374096,57.585938,57.29091,57.654778,57.581776,57.298008,57.45578,57.509144,57.440628,57.096058,57.503685,57.751865,57.582195,57.475307,57.43226,57.37689,57.42645,57.443214,57.415947,57.830544,57.76886,57.835865,57.746407,57.439022,57.55327,57.743378,57.618305,57.494358,57.904434,57.3867
41.293262,41.516205,41.8629,41.207214,41.783287,41.917862,41.852146,41.447643,41.789337,41.792828,42.016518,41.56913,41.834442,41.703632,41.99055,41.8362,42.212948,41.837967,41.913986,41.9827,41.85642,42.003193,41.88867,42.22499,41.76896,42.0915,42.228733,41.866783,42.28859,41.831165,42.200832
54.4953,54.579353,54.986687,54.435627,54.992943,54.88991,54.79115,54.76225,54.815712,54.780945,54.88261,54.601406,54.925243,54.612312,55.019634,54.59326,54.989826,54.66498,55.011936,54.773415,54.931423,55.29238,55.24634,55.470474,54.836624,54.919983,55.240135,54.829094,54.997932,55.092766,55.03641
36.71719,36.491936,36.690384,36.75848,36.718254,36.820267,36.26814,36.702244,36.929802,36.985687,36.943375,36.957245,36.913097,37.089043,36.79373,36.343678,36.628788,37.195232,37.075565,36.52509,36.95363,36.961216,36.85995,36.983994,36.868008,36.678017,37.246716,36.785797,37.15689,37.00612,36.938026
53.56549,53.33772,53.016457,53.439857,53.58664,53.291096,53.518093,53.551258,53.375336,53.29207,53.890408,53.17522,53.369766,52.842278,53.73942,53.77065,53.607365,53.089973,53.85322,53.867176,53.530674,53.44982,53.81762,53.967705,53.64547,53.511345,53.36961,53.70754,54.108055,54.01003,53.866005
38.393143,38.44875,38.323807,38.106495,38.44594,38.534576,38.393246,38.521343,38.169224,38.13624,37.893486,38.36084,38.639645,38.567734,38.38303,38.372963,38.468014,38.477226,38.20755,38.33445,38.561596,39.10055,38.417152,38.609146,38.550575,38.59059,38.774975,38.42227,38.60281,38.69032,38.77577
53.636604,53.29079,53.733795,53.126163,53.55757,53.582684,53.194454,53.563095,53.670666,53.403923,53.540237,53.864,53.460197,54.033817,53.29251,53.47229,53.798927,53.365536,53.622093,53.070076,53.467445,53.947212,54.069626,53.788002,53.485107,53.876297,53.88212,53.646698,53.727722,54.364574,53.41994
45.252552,45.306774,45.068916,45.234543,45.311348,45.39689,45.28119,45.520237,45.466976,45.461582,45.114033,45.221912,45.346027,45.648678,45.55197,45.486477,45.399567,45.750706,45.51838,45.408756,45.81713,45.80685,45.428112,45.51545,45.77157,45.61238,45.61945,45.71713,45.579914,45.808956,45.73807
59.18441,58.829327,58.804283,59.30513,59.48913,59.215733,59.16165,59.253437,59.261593,59.319267,59.417538,59.388718,59.461506,59.040367,59.432873,59.396267,59.388332,59.228756,59.44902,59.732563,59.65905,59.08871,59.584644,59.586197,59.449852,59.38389,59.58803,59.49303,59.55653,59.82988,59.46334
53.461723,53.569294,53.3984,53.760365,53.641907,53.417236,53.636887,53.729,53.555187,53.48765,53.715767,53.535244,53.65554,53.478172,53.679276,54.148853,53.626347,53.22349,53.73903,53.905113,53.628582,53.46946,53.82266,53.941917,53.69438,53.973145,53.607548,54.20027,53.921497,54.11063,53.90105
50.618877,50.62502,51.30134,51.299625,50.643867,50.97069,50.764446,50.959538,51.06344,50.518017,51.171024,50.986984,51.2691,51.113525,51.166363,51.036716,50.964104,50.92372,50.972656,51.165756,51.120853,51.028175,51.352703,51.290756,51.51317,51.3069,51.437206,51.095966,51.22829,51.377693,51.439747
44.191788,44.43742,43.872612,44.098305,43.93682,43.862858,43.78564,43.95228,44.2677,44.099415,44.053127,44.34513,44.161255,44.185505,44.124897,43.88454,44.122856,44.169365,44.042885,44.533512,44.407375,44.51137,44.3113,44.24888,44.584915,44.540543,44.256786,44.28064,44.707775,44.708874,44.513683
47.00094,47.110332,47.223732,47.282703,47.101456,47.168194,47.040897,47.163486,47.513428,47.145374,47.3522,47.54661,47.45176,47.63087,47.657135,47.284985,47.631016,47.38964,47.346653,47.636127,47.590836,47.386135,47.81689,47.67665,48.064457,47.729248,47.883575,47.41368,47.634323,48.074314,48.034435
45.83358,46.070248,45.695175,45.31951,45.93371,45.8089,46.016975,45.652443,45.538544,45.802277,45.288857,46.046288,46.000397,45.85921,45.451775,45.931965,45.811,45.8551,45.61308,45.862785,45.98088,46.4298,45.99465,45.995567,45.797253,46.111885,45.997425,45.884155,46.040314,45.96606,45.97338
42.552692,43.080032,42.952858,42.86028,42.993423,42.9305,43.15102,42.783154,43.086586,43.156895,43.291584,42.963432,43.236824,42.73746,43.088245,43.364323,43.209927,42.876324,43.178364,43.22039,43.031906,43.009987,43.189003,43.77552,42.95325,43.07167,43.303387,43.412975,43.74018,43.042866,43.37379
50.632645,50.579372,50.88669,51.14058,50.695724,51.136417,50.75984,50.99577,50.91356,50.890987,50.77923,51.042355,51.206936,51.052032,50.93517,50.37057,50.93679,51.23183,50.711765,51.163284,51.41251,51.274433,51.16561,50.772125,51.544518,51.19722,51.30294,50.990814,50.967365,51.284695,50.956837
49.775845,49.653152,49.77546,49.776184,49.738594,49.419933,49.39765,49.29391,49.593082,49.720924,49.87681,49.706703,49.660915,49.544785,49.535553,49.219975,49.490143,49.660686,49.806496,49.91249,49.97024,50.208332,49.857983,49.808357,49.66803,49.847336,50.054432,49.561592,50.3397,49.93826,49.936684
44.87868,44.996685,45.004974,45.408115,44.52584,45.510326,45.15206,45.585194,45.039967,45.124325,44.887207,45.087963,45.42517,45.29991,45.162395,44.80948,44.87507,45.706863,45.177166,45.022343,45.206367,45.336086,45.018597,45.078064,45.99866,45.339554,45.223404,45.58706,45.331554,45.00924,45.373905
55.855247,55.77505,55.83853,55.64815,56.018227,55.76176,55.57969,55.67681,55.792866,55.933292,55.79137,56.183002,56.229263,55.83712,56.064495,55.60796,56.023556,55.67563,55.908813,55.975216,56.034153,56.133415,56.29398,56.330475,55.77712,55.8219,56.24374,56.030193,56.308754,56.43947,56.020855
47.346706,47.75402,47.5168,47.44356,47.2399,47.20631,47.353237,47.236214,47.575424,47.75594,47.549454,47.73513,47.63864,47.734043,47.91084,47.55841,47.601986,47.706123,47.806595,47.796825,47.688717,47.617878,47.92553,47.758125,47.92046,47.71974,47.59983,48.023026,48.013824,47.901596,48.087467
47.754578,48.08555,48.388634,47.867695,48.239456,48.351772,48.574257,48.128216,48.282757,48.347706,48.30212,48.275074,48.25263,48.343037,48.3576,48.69312,48.62057,48.23897,48.259003,48.286903,48.52577,48.574593,48.660904,48.62793,48.275124,48.595123,48.559074,48.67538,48.52194,48.62207,48.415043
46.64152,46.899544,46.33339,47.01152,46.554665,46.718506,46.754787,46.92509,47.135056,47.03245,47.137615,46.790524,46.847645,46.466278,47.487816,46.817204,46.843307,47.184185,47.07383,47.54521,47.387684,46.987434,46.85355,47.29448,47.54903,47.09944,47.015766,47.38605,47.655586,47.254128,47.490704
37.86427,38.30367,38.219353,37.9625,37.924805,38.274124,38.04861,38.3503,38.451706,38.284103,37.755688,38.583008,38.118034,38.71435,37.89832,38.245846,38.23148,38.623768,37.977627,38.080177,38.37705,38.45159,38.266376,38.082962,38.395126,38.755463,38.410767,38.65935,37.967346,38.424118,37.98707
59.18383,58.50857,59.453613,59.248123,58.888535,59.41882,59.227974,59.376923,59.094704,59.208054,59.127605,60.021347,59.205376,59.56487,59.298145,58.935543,59.46283,59.7628,59.370758,58.98996,59.48846,59.26773,60.050907,59.003006,59.73481,59.236725,59.747143,59.386765,59.076443,59.749275,59.04923
39.43056,39.632797,39.20462,38.998264,39.681694,39.17041,39.15892,39.18186,39.41343,39.466602,39.2503,39.160343,39.520596,39.50532,39.460415,39.713455,39.341465,39.439323,39.657776,39.499237,39.53781,39.805653,39.24427,39.908974,39.08144,39.536057,39.654778,39.614834,39.887085,39.549244,39.900234
39.5634,40.030933,39.999237,40.131657,39.423645,39.908722,40.03875,40.16273,39.89325,40.048973,39.95077,40.27256,39.93562,40.127735,39.765938,39.82809,40.159775,40.05128,39.785122,40.05937,39.803303,40.03685,40.208138,39.74243,40.39204,40.47602,39.87907,40.642185,39.86021,40.099865,39.847137
60.842133,59.946194,60.018837,60.62706,60.289925,60.643646,60.149345,60.940098,60.163296,59.994728,60.007072,60.26802,60.6038,60.47671,60.435257,60.239086,60.177658,60.656612,60.397793,60.36309,60.76631,60.945305,60.188366,60.34967,60.816826,60.4926,60.712273,60.588707,60.763832,60.921814,60.58772
49.840714,50.028885,49.653656,50.269016,49.63159,49.950172,50.00766,50.357323,50.108215,49.917736,49.718777,49.83082,50.08762,50.198555,50.12122,50.30883,49.89609,50.32688,50.02369,50.108147,50.412426,50.408157,49.9713,50.260925,50.719845,50.29389,50.196564,50.601326,50.337727,50.4002,50.476913
47.607582,48.030067,48.011406,47.92837,47.73327,48.16826,48.03816,48.280193,48.216278,48.252674,48.041763,47.816334,48.013878,48.26548,48.2681,48.139267,48.111813,48.269627,48.189365,48.072575,48.212173,48.268887,48.131004,48.10138,48.399662,48.5111,47.91276,48.80013,48.06262,48.292755,48.101665
41.973747,42.14291,41.316467,42.034775,41.924232,42.13935,42.129063,42.27478,42.008015,42.315807,41.789803,42.05345,42.179134,41.891853,42.33345,42.0952,41.742435,42.494034,42.003613,42.460796,42.669895,42.39809,41.816185,42.077972,42.53741,42.287613,41.985924,42.574696,42.454784,42.338272,42.398922
37.591553,37.495914,37.22061,37.522144,37.331764,37.073524,36.873676,37.30791,37.63481,37.221443,37.577305,37.26558,37.29821,37.45318,37.290707,37.450134,37.3898,37.615646,37.745396,37.614067,37.48893,37.506393,37.380207,37.617447,37.50231,37.48604,37.647976,37.445866,37.937996,37.62142,37.72946
35.050472,35.760162,34.737335,35.474598,35.310097,34.907837,35.200607,35.311916,35.362762,35.68106,34.860622,35.420094,35.867958,35.778435,36.057934,35.553806,35.643177,35.663532,35.411026,35.88373,35.897396,35.647186,35.626522,35.794662,36.10144,35.348225,35.682434,35.960587,35.538113,35.99018,36.412888
52.433704,52.38022,52.732185,52.92932,52.488617,53.17512,52.893867,53.306232,53.04438,52.620964,53.107136,52.51164,52.75166,52.565887,53.373486,52.769264,53.103485,53.021046,52.99828,53.111683,53.16705,52.92408,53.185585,52.99283,53.61451,53.12932,52.891308,53.2303,52.946716,53.32432,52.96448
31.24083,31.59777,31.167356,31.154924,31.321888,30.922403,31.04536,30.898651,31.189503,31.093784,31.43233,31.230614,31.306799,31.005648,31.25371,31.286068,31.261002,31.025393,31.184357,31.875376,31.26329,31.543844,31.089485,31.51332,31.109173,31.726387,31.459734,31.346062,31.959925,31.391068,31.815212
47.354954,47.522667,47.14505,47.999954,47.603165,46.71443,46.971012,46.87368,47.121433,47.60786,47.037045,47.651253,47.848698,47.66571,47.219913,47.183403,47.350704,47.417,47.434944,47.92526,47.819466,47.32827,47.79272,47.306076,47.557102,47.188995,47.85216,47.44114,47.54669,47.743713,47.825737
43.208893,43.35587,42.99893,43.02995,43.04457,42.91568,43.04646,43.03372,42.982124,42.93564,42.74835,43.237377,43.13539,43.14976,42.894985,43.34763,43.273365,43.158237,43.138344,43.231884,43.16935,43.24817,43.362717,43.15255,43.17856,43.12728,43.205215,43.301323,43.4682,43.364605,43.23959
36.208652,36.42433,35.94725,35.969425,35.96264,35.80591,36.53385,36.021507,35.933468,36.433044,36.262314,36.254726,35.92063,36.184464,36.352955,36.5698,36.42603,36.53526,36.347248,36.586304,36.36593,36.86918,36.012268,36.354515,36.290115,36.665108,36.44076,36.842728,36.914387,36.224102,36.942043
54.998486,54.6269,54.57038,54.75359,54.895447,54.688713,54.882256,54.821026,54.635784,54.900867,54.823956,55.01872,54.72612,54.70731,54.7163,55.0869,54.810143,54.89225,55.067787,54.876972,55.011436,54.970257,55.014664,54.983566,54.718792,54.873985,55.01756,55.174137,55.29142,55.15527,54.904808
44.914677,44.84259,45.058983,45.057457,44.738716,45.038784,44.6414,45.138245,45.1947,44.789066,44.817398,44.94303,44.985916,45.30992,44.872936,44.862457,44.935017,45.34075,45.018112,44.83776,45.230373,45.45171,44.941483,45.159157,45.275112,45.225082,45.48426,45.14604,45.311794,45.259663,45.149086
46.514786,46.171253,46.359795,46.6907,46.166954,46.528717,46.485306,46.55267,46.654427,46.54505,46.95821,46.9849,46.44477,46.608707,46.2384,46.467968,46.570576,46.836174,46.581665,46.613525,46.727104,46.743973,46.739735,46.666817,46.994183,46.938034,46.953033,46.7384,47.10588,46.90247,46.665054
34.856983,34.74834,35.22843,34.917175,35.195747,34.928574,35.298676,34.779606,34.558064,35.08678,35.160778,35.2741,35.31518,35.298477,35.257744,35.436493,35.130203,35.216045,35.16519,35.356174,35.15926,35.282013,35.215927,35.041756,34.883636,35.418854,35.465828,35.313873,34.987938,35.04423,35.66065
41.29367,40.89307,41.620346,41.369324,41.164642,41.227783,41.222744,40.92604,41.003105,41.108307,41.487267,41.705547,41.412685,41.71852,40.70341,41.34199,41.34112,41.472916,41.262745,41.358692,41.231358,41.425533,41.4325,41.02207,41.230442,41.776093,41.823833,41.231,41.507835,41.279404,41.43834
50.880413,50.892616,50.61731,50.97575,51.056877,50.99595,51.28493,51.163975,51.1258,51.452633,51.109325,51.236496,51.222923,51.18402,51.255264,51.28874,51.326557,51.47584,51.36409,51.17056,51.549164,51.43473,51.569386,51.583923,51.618168,51.10132,51.429405,51.496025,51.28924,51.53503,51.479004
58.20781,57.386204,58.244522,58.23576,58.091476,58.44925,58.001842,58.279903,57.885044,58.014236,57.908802,58.668785,58.376938,58.80524,58.037457,58.121944,58.119884,58.533165,58.170483,58.124615,58.363327,58.092865,58.32669,57.733322,58.44177,58.657852,58.722504,58.355965,58.006954,58.589058,58.247784
40.91334,41.021652,41.081337,40.829296,41.03705,41.207165,41.370113,41.13696,41.079918,41.023796,41.334732,41.22644,41.0836,41.26047,41.23579,41.45392,41.507027,41.17074,41.24672,41.47327,41.097984,41.272945,41.42198,41.32271,41.59547,41.891663,41.37021,41.41854,41.362415,41.483154,41.722237
39.95331,40.447792,40.36335,40.476257,40.325096,40.107395,40.510445,40.29379,40.53816,40.638866,40.732613,40.486412,40.436058,40.755077,40.72268,40.76949,40.951817,40.447273,40.562443,41.000607,40.591072,40.54983,40.787613,40.680077,40.891872,41.16278,40.75787,41.06665,40.54756,40.92001,41.12306
44.057697,44.03303,43.628067,43.86047,43.888664,43.734364,43.80557,43.942345,43.89957,43.936543,43.958775,43.896458,43.986565,43.702602,44.35905,43.858425,43.98008,44.15686,44.067955,44.43962,44.287933,44.494034,43.83224,44.28582,44.152668,44.153847,44.23667,44.25509,44.585087,44.239162,44.543198
53.113655,53.30027,53.394157,53.05954,53.37417,53.190704,53.00895,53.131508,53.081394,52.940094,52.942844,52.61005,53.552097,53.07285,53.18462,53.14714,53.292793,53.09859,53.384583,53.370537,53.18552,53.62876,53.142673,53.66861,53.077152,53.260857,53.508553,53.269016,53.53815,53.07153,53.50772
51.262524,51.312122,51.231262,51.63284,51.39019,51.24913,51.08422,51.39271,51.544407,51.49959,51.31276,51.53341,51.49066,51.663956,51.935886,51.283722,51.490086,51.445087,51.47024,51.738888,52.044914,51.600822,51.922226,51.431572,51.932297,51.577446,51.646835,51.74731,51.66739,52.424126,51.791584
47.141357,47.05751,47.301346,47.32744,47.23249,47.541943,47.465538,47.50817,47.410606,47.42281,47.39581,47.36583,47.601723,47.449333,47.44409,47.666363,47.563698,47.764572,47.56365,47.298954,47.63925,47.587547,47.49097,47.77349,47.500153,47.292496,47.786934,47.778038,47.742622,47.45839,47.494816
37.217636,37.57353,37.493706,36.795223,37.496437,36.934135,36.796936,36.55626,37.463757,37.145973,37.111774,37.6497,37.53712,37.50612,37.083305,37.151028,37.668262,37.16303,37.111423,37.49277,37.53849,37.71882,37.820858,37.686546,37.017963,37.302254,37.838245,36.912155,37.754223,37.800816,37.45505
42.0091,42.535988,42.612106,42.382313,42.35357,42.499554,42.702038,42.348286,42.766594,42.758488,42.82838,42.60749,42.585915,42.564545,42.529198,42.80524,42.93242,42.790707,42.72255,42.84121,42.639206,42.59548,42.766766,43.01747,42.768974,42.944244,42.94342,42.987717,42.96443,42.509575,42.843376
53.19529,53.26293,52.880173,53.406483,53.134277,53.318535,53.767597,53.84302,53.359432,53.63347,53.27586,53.613495,53.329323,53.66792,53.545547,54.02703,53.946705,53.569202,53.386475,53.608395,53.726044,53.589718,53.81275,53.373886,53.921288,53.824333,53.296616,54.46027,53.289326,54.15522,53.43451
46.51234,46.758118,46.959717,47.21381,47.033257,46.71867,47.072933,46.852253,46.725826,47.286915,47.221893,46.991096,47.364155,47.095825,47.283215,47.175045,47.10395,47.023506,47.49951,47.254013,46.87162,46.62247,47.470184,47.361137,47.26943,47.04721,47.254257,47.46563,46.86312,46.955738,47.62762
52.89422,53.08954,53.167656,52.970844,53.190628,53.495003,53.374176,53.39448,53.24749,53.19235,52.797455,52.882786,53.534874,53.28681,53.74046,53.357548,53.434013,53.526917,53.30024,53.152554,53.80291,53.929184,53.416935,53.855087,53.632572,53.10309,53.746937,53.519016,53.692112,53.605133,53.727165
60.35257,59.64731,59.64953,60.631874,59.712418,60.37791,59.832417,60.593727,59.90882,59.76268,59.8398,59.956345,60.29249,59.81741,59.98513,59.7477,59.84746,60.452374,60.09327,60.243313,60.37067,60.12407,59.77199,59.864426,60.589546,59.966248,60.236736,60.36423,60.66127,60.224403,59.971535
37.59865,37.684048,37.644928,37.71952,37.640945,37.943565,38.42506,38.03433,37.79634,38.093506,38.36472,38.54507,37.942352,37.621994,38.110653,38.081818,38.335075,38.030373,37.84378,38.197327,38.014305,38.179455,38.412712,38.340935,38.32666,38.267838,38.185932,38.404724,38.238552,38.27709,38.200783
37.366447,37.48486,37.39605,37.627373,37.014053,37.8692,37.499928,38.039722,37.752113,37.547466,37.393394,37.718315,37.46517,37.899147,37.458973,37.43541,37.511875,38.12314,37.42311,37.478584,37.74349,37.934097,37.359985,37.409554,38.199944,38.14332,37.732254,38.103558,37.74122,37.77453,37.597588
42.661373,42.66334,42.55757,42.59901,42.840363,42.491436,42.7368,42.53577,42.734592,43.056656,43.34462,42.76557,42.871464,42.786232,42.93308,42.991684,42.911724,42.74482,43.243553,42.976543,42.692074,42.94043,42.887657,43.42009,42.78175,43.075424,43.098137,43.165504,43.40504,42.962143,43.48203
53.243126,53.265743,53.044594,53.04828,53.41893,53.317455,53.1696,53.412937,53.256313,53.320923,53.18428,53.42127,53.59232,53.270927,53.042934,53.50741,53.561783,53.13459,53.47754,53.35211,52.969913,53.066986,53.357536,53.785973,53.146233,53.48062,53.491444,53.751102,53.57138,53.40153,53.30061
43.659996,43.77011,43.768845,44.00887,43.91047,43.972206,44.058273,43.98064,44.013035,44.178677,43.944164,43.890766,44.03955,44.215794,44.34054,44.324455,43.7984,44.32835,44.179237,43.99441,44.542892,44.333195,44.033695,44.327034,44.31378,44.137108,44.397762,44.413876,44.428413,44.36233,44.612606
48.113045,48.106968,47.87127,48.207283,48.073715,48.032047,48.02363,48.157562,48.218166,48.104195,48.199566,48.319523,48.236843,48.172737,48.14546,48.093174,48.2194,48.28754,48.27424,48.52157,48.401127,48.24565,48.590694,48.28045,48.75937,48.487526,48.305405,48.25043,48.29114,48.637047,48.480988
48.72926,48.37278,48.428337,48.879932,48.687424,48.370243,48.24645,48.515747,48.338943,48.484653,48.452896,48.550358,49.080368,48.79649,48.949326,48.26193,48.562275,48.760098,48.72093,48.886368,49.02748,49.166515,48.783524,48.85161,49.006054,48.5356,49.204613,48.56162,48.917664,49.080574,49.37191
55.195316,55.22508,55.25254,55.296345,55.28469,55.196964,55.490913,55.597122,55.463863,55.32609,55.471523,55.138844,55.28733,55.611702,55.96686,56.179283,55.819225,55.4074,55.810913,55.613495,55.594387,55.448833,55.81228,55.744545,55.75732,55.722733,55.449493,56.1853,55.519463,56.07837,55.949814
39.81366,40.092022,39.555283,39.841675,39.81859,39.834724,39.815464,40.11307,40.06183,39.665928,39.917458,39.516747,39.89717,39.88964,40.385704,40.3982,40.163445,39.734516,39.9097,40.30474,40.21128,40.262035,39.885715,40.23979,40.231903,40.296593,39.885155,40.458153,40.51929,40.664864,40.48583
56.71882,56.693764,57.22956,56.784317,57.47969,57.072777,57.145874,56.47134,56.72108,57.31159,56.840263,57.075314,57.7194,57.140114,57.2981,56.928963,57.101444,57.216904,57.18315,57.205402,57.61555,57.615246,57.341045,57.71035,56.904076,56.878677,58.02479,56.924343,57.554222,57.10656,57.707443
54.14317,53.91017,53.97709,54.136066,54.30407,54.360226,54.397438,54.493286,54.014847,54.18727,54.10542,54.19225,54.404648,54.30419,54.37097,54.53471,54.434196,54.341614,54.424255,54.46075,54.324753,54.286297,54.36903,54.401848,54.52703,54.60771,54.477757,54.68071,54.251453,54.512684,54.59046
47.448746,46.905136,47.059196,46.913628,47.485596,47.163815,46.92926,46.9612,47.17405,47.114548,47.418278,47.318546,47.232094,47.085495,47.44726,47.21967,47.15474,47.36125,47.637573,47.439754,47.42309,47.31031,47.32638,47.612747,47.134846,47.285942,47.74219,47.039856,47.90472,47.54633,47.767315
45.17767,45.23325,45.197525,45.34612,44.834717,45.121105,45.06387,45.497932,45.512535,45.292233,45.25866,45.66731,45.073135,45.742325,45.373894,45.42817,45.50412,45.655224,45.448814,45.38704,45.338608,45.24864,45.579227,45.209496,45.854107,45.814568,45.4433,45.913063,45.31359,45.803146,45.487076
49.725674,49.69167,49.61966,49.835808,49.74466,49.752773,49.7555,49.71483,49.867382,50.075634,49.67112,50.23376,50.066986,50.199417,49.985226,49.90433,49.988983,50.30372,49.88071,50.163597,50.35595,50.075455,50.040627,49.93229,50.22259,50.117928,50.33647,50.23274,50.155064,50.27264,50.221992
48.99439,48.531273,48.682487,48.385456,49.01413,49.018444,48.727978,48.904816,48.768383,48.897484,49.01571,48.855427,49.012043,49.08913,48.795155,48.97237,49.04172,48.969963,49.22392,48.738976,48.727005,49.084576,48.889637,49.20713,48.784607,49.167473,49.14851,49.06257,49.187466,49.09714,49.132137
50.28058,50.0579,50.3544,50.618954,50.103615,49.960445,50.01874,49.996277,50.136017,50.18247,50.43666,50.488506,50.309784,50.37148,49.99195,50.227585,50.35383,50.32246,50.438183,50.507465,50.338783,50.128826,50.643692,50.095276,50.37451,50.33999,50.505226,50.40352,50.571964,50.495144,50.313675
38.054394,38.212814,38.586304,38.365273,38.18592,38.440395,38.15535,38.462826,38.40226,38.063007,37.982937,38.33817,38.59217,39.02441,38.39523,38.841743,38.554676,38.58499,38.322403,38.25928,38.444107,38.39635,38.388233,38.37036,38.454998,38.63552,38.76485,38.771896,38.323402,38.61946,38.611897
59.28399,59.69502,59.681747,60.080715,59.55452,59.535446,60.00462,59.67832,59.910442,60.441723,60.268997,60.048084,59.971027,59.743675,60.503952,59.725307,59.866467,60.03119,60.296696,60.224155,60.2778,59.860634,60.63428,60.352547,60.66791,59.97117,60.008987,60.504757,60.155598,60.317516,60.487072
41.16619,40.77236,40.781937,41.136066,41.054558,41.215603,41.2008,41.4841,41.359592,41.208694,41.61121,41.409927,41.18545,41.336987,41.586815,41.476025,41.63961,41.61298,41.500134,41.511497,41.472153,41.339115,41.51117,41.50216,41.789864,41.55517,41.5661,41.5999,41.382885,41.80121,41.68784
57.09568,56.55073,56.32212,56.4142,56.725403,56.469982,56.595737,56.637684,56.673103,56.44118,56.66958,56.60198,56.353165,56.488453,56.73109,56.85349,56.93579,56.804153,56.948368,56.92028,57.082386,57.215973,56.95227,56.926056,56.906387,56.795044,56.968708,56.683323,57.40422,57.349342,57.037884
37.14505,36.8795,36.858955,36.88955,36.588135,36.97977,36.469646,37.00621,37.005653,36.519108,36.793083,36.98979,36.783806,37.23564,36.573082,36.799862,36.885143,37.21954,36.926403,36.890972,36.890427,37.07949,36.81752,36.627213,37.218018,37.294426,37.048866,36.906178,37.278038,37.18559,36.98207
45.13895,45.4017,44.96363,45.26039,45.23059,45.17643,45.603424,45.440697,45.4966,45.70151,45.65454,45.396744,45.246536,45.279922,45.536144,45.664913,45.7805,45.70628,45.782608,45.78037,45.551285,45.435043,45.790245,45.708794,45.917812,45.679184,45.421566,45.931973,45.55797,45.6074,45.75266
50.10558,49.782574,50.06198,50.26363,50.09355,50.133156,50.23825,50.199898,50.087128,50.129604,50.473305,50.295094,50.211933,50.044113,50.014973,50.128292,50.44191,50.430378,50.37664,50.534393,50.25728,50.298336,50.38243,50.349426,50.48227,50.50757,50.63424,50.323566,50.37736,50.21962,50.39218
50.198303,50.01429,50.595078,50.37069,50.507896,50.307774,50.432083,50.208576,50.26092,50.39751,50.967964,50.287716,50.49833,50.4823,50.36279,50.59501,50.577774,50.23893,50.868015,50.541054,50.150307,50.400394,50.634335,50.885635,50.431435,50.88524,50.88924,50.606415,50.785156,50.470726,51.00397
51.548283,51.421288,51.528725,51.304596,51.662506,51.822056,51.746044,51.685516,51.57239,51.67292,51.471397,51.790775,51.694256,51.70029,51.834705,51.736324,51.769394,51.875854,51.75609,51.715427,51.97825,51.92481,51.966297,51.802666,51.887947,51.856026,51.905663,51.865032,51.871735,52.063126,51.851948
46.238873,46.52628,46.14653,46.293404,45.9347,46.08946,46.51376,46.292404,46.667786,46.504765,46.914177,46.442284,45.908974,46.143333,46.471806,46.714085,46.611652,46.55652,46.692513,46.800083,46.535744,46.514526,46.66472,46.66735,46.884846,46.911247,46.321712,46.95054,47.146877,46.741795,46.74826
45.7809,45.526344,45.996613,45.720085,46.087303,45.930756,46.128258,45.801872,45.885395,45.999718,46.685295,45.622383,45.81086,45.57258,46.039562,46.09203,46.092087,45.97122,46.502544,46.046722,45.959816,46.23977,46.182438,46.54104,45.85725,46.10264,46.30177,45.99893,46.46063,45.914692,46.34828
48.373905,48.237694,48.0793,48.38008,48.301308,48.2071,48.379517,48.3649,48.272293,48.409763,48.615864,48.471565,48.436893,48.2286,48.41751,48.49894,48.68335,48.366196,48.624554,48.62801,48.421818,48.385788,48.773838,48.607185,48.61039,48.417374,48.459023,48.692524,48.761024,48.752438,48.59184
49.52146,49.059147,49.30159,49.094204,49.426437,49.37493,48.89686,49.221283,49.385464,48.967457,49.12882,49.195393,49.35046,49.288704,48.93443,49.33155,49.35206,49.59907,49.666706,49.147606,49.30269,49.297832,49.308136,49.634758,49.123833,49.080063,49.84939,49.02986,49.818504,49.24562,49.31104
49.32309,48.964985,49.3255,49.24344,49.485077,49.674175,49.431335,49.62689,49.229618,49.01037,49.548492,49.0675,49.341732,49.067528,49.105484,49.611115,49.371944,49.250813,49.655926,49.388927,49.072956,49.19411,49.26887,49.642586,49.29851,49.704422,49.583534,49.46239,49.649933,49.259624,49.452435
47.2812,47.461338,47.37944,47.051373,47.224716,47.373047,47.4841,47.39867,47.482594,47.411205,47.61333,47.296337,47.255398,47.273136,47.662876,47.582397,47.72789,47.441784,47.66348,47.56336,47.45874,47.734436,47.681313,47.774574,47.60625,47.702667,47.443363,47.828857,47.955654,47.74219,47.71207
42.849335,43.462917,42.902443,43.124496,42.962288,43.220577,43.3101,43.09718,43.224323,43.53945,43.14531,42.88784,43.268112,43.05426,43.7461,43.18178,42.86935,43.527596,43.282482,43.65297,43.79813,43.711304,42.978226,43.391365,43.686604,43.57859,43.161186,43.76728,43.950428,43.3567,43.886444
39.155445,39.627296,39.26104,39.325005,39.62023,39.227505,39.41966,39.232876,39.742733,39.536987,39.502316,39.561646,39.468384,39.56972,39.455647,39.829327,39.919987,39.461094,39.48777,39.95374,39.8084,39.57945,39.821625,39.88452,39.671093,39.87069,39.90058,39.68638,39.82568,39.99552,39.866787
45.70014,45.721302,46.03277,45.430164,45.456215,45.887897,45.310894,45.776142,45.94268,45.271107,45.47715,45.506905,45.697887,45.9958,46.04582,45.493553,45.763393,45.91946,45.678333,45.692017,46.015537,46.461662,45.748497,45.89447,46.063744,46.115753,46.09607,45.74223,46.205322,46.241554,46.10426
45.71417,46.011936,45.83452,45.879364,45.686295,46.07857,46.090847,46.21626,46.369602,46.143948,46.14546,46.326923,45.828445,46.104664,46.286606,46.127857,46.286823,46.358456,46.039333,46.408146,46.38167,46.215855,46.349487,46.169502,46.708942,46.720306,46.17419,46.593628,46.22432,46.596165,46.24996
41.51176,41.7276,41.90512,41.580418,41.904808,41.700706,42.17075,41.774826,41.6784,42.008595,42.066227,41.863483,42.03505,41.6763,41.7913,42.363617,42.100693,41.901222,42.13895,41.77289,41.672062,42.09073,41.947456,42.66603,41.461018,41.818222,42.31293,42.341393,42.183743,41.54634,42.13989
51.04309,50.966087,51.281204,50.814667,51.17507,51.644306,51.168636,51.567696,51.33635,50.861958,50.470806,50.8982,51.36376,51.687687,51.267513,51.257233,51.37715,51.71766,51.118244,50.89897,51.735893,52.101948,51.30149,51.488434,51.690914,51.44039,51.835705,51.20611,51.149727,51.604313,51.446075
49.339977,49.87208,50.00341,49.655594,49.53151,49.377144,49.681374,49.494354,49.6064,49.754486,49.465633,49.632286,49.886463,49.849056,49.394936,49.90934,49.836235,49.787945,49.891422,49.624687,49.490723,49.857533,49.854893,50.127144,49.547295,49.74765,50.031597,50.152935,49.822216,49.356686,49.84341
54.93225,54.7393,54.746994,54.855232,55.131355,55.474983,55.34811,55.556046,54.995773,55.279083,55.048946,54.955307,55.230366,55.215294,55.242554,55.288567,55.04471,55.227345,55.322052,54.878487,55.25516,55.48275,55.1435,55.51425,55.45539,55.473625,55.279537,55.648895,55.288967,55.47684,55.40394
51.49498,51.630753,51.444405,51.721333,51.445778,51.460712,51.689487,51.49988,51.441467,51.829075,51.757675,51.77063,51.813915,51.52099,51.731945,51.59068,51.67003,51.63016,51.72861,51.95772,51.84426,51.75473,52.045166,51.648087,51.942398,51.756996,51.50556,52.070683,51.94639,51.96697,51.795345
57.316658,56.966045,57.06452,57.051155,57.67852,57.237373,57.23524,57.43765,56.842686,57.168224,56.771984,57.335003,57.599754,57.37065,57.65825,57.399345,57.57556,57.132725,57.306942,57.563366,57.47534,57.468807,57.552265,57.36666,57.183697,57.412346,57.600876,57.620388,57.00881,57.845825,57.556976
46.094334,46.750587,46.369194,46.555,45.935356,45.84155,46.1895,46.114998,46.28729,46.412426,46.160217,46.36066,46.298965,46.299374,46.98334,46.157524,46.40193,46.49342,46.45438,47.01566,46.635414,46.566093,46.601673,46.36387,46.95275,46.646194,46.425076,46.896614,46.787174,46.669052,47.109974
60.146255,60.381363,60.649994,60.48101,60.479637,60.344124,60.36493,60.268215,60.435562,60.413246,60.211823,60.294666,60.52155,60.605076,60.44893,60.541862,60.49317,60.380608,60.611374,60.583206,60.688667,60.5312,60.84597,60.619408,60.64576,60.69342,60.746994,60.691948,60.638264,60.778427,60.686317
52.968468,52.278183,52.636345,52.866352,53.03263,52.865448,52.823814,52.93421,52.64042,52.54289,52.9614,52.793888,52.82983,52.791313,52.84665,53.22763,52.97308,52.872314,53.093937,53.11752,53.001427,52.77076,52.94605,52.91684,52.869576,53.10231,53.241966,52.958775,53.073517,53.204094,53.14082
48.269814,48.239624,48.125916,48.51746,48.476067,48.148727,48.373207,48.423454,48.659298,48.36381,48.505505,48.323494,48.342747,48.527805,48.795513,49.1335,48.769577,48.54316,48.611195,48.798832,49.04728,48.601627,48.69819,48.84056,48.619797,48.547867,48.860577,48.900913,48.890232,49.188694,48.89693
45.410885,45.143967,45.334938,45.313866,45.679886,45.21282,45.106724,45.129932,45.445087,45.458073,45.183056,45.677074,45.55379,45.851856,45.573235,45.68139,45.764114,45.7524,45.648624,45.609657,45.891754,45.420128,45.78483,45.520493,45.339844,45.317642,46.088177,45.48974,45.61043,45.94724,45.72222
45.98993,46.371853,46.037903,46.33625,46.207092,46.162544,46.42616,46.427635,46.244534,46.494324,46.0722,46.42878,46.47268,46.54843,46.48847,46.578056,46.559696,46.40529,46.32169,46.551495,46.589508,46.43726,46.75793,46.376144,46.7602,46.564667,46.32018,46.926258,46.172195,46.817425,46.56058
59.85597,60.087265,60.015785,59.929073,60.2117,60.161674,60.13306,60.003216,59.687458,60.136196,59.606388,59.82123,60.43466,59.747425,60.202457,59.91942,59.953644,59.917343,60.125263,60.227448,60.236065,60.19314,60.23845,60.208923,59.987877,59.922264,60.02649,60.360622,60.290024,60.089615,60.088894
37.245598,36.59956,36.978813,36.558968,37.280212,37.25614,37.287075,37.04066,37.107925,36.906986,37.664345,37.232872,36.928074,36.89293,37.065304,37.614166,37.52623,37.44739,37.606712,37.22979,37.07635,37.14818,37.323673,37.581818,36.992737,37.27793,37.626717,36.967865,37.604935,37.14701,37.4479
41.02149,41.138973,41.30728,41.22442,41.262756,41.67557,41.648563,41.68653,41.50805,41.609318,41.63763,41.679214,41.542866,41.82231,41.686733,41.80509,41.721024,41.629467,41.603344,41.41174,41.497845,41.43992,41.840645,41.675873,41.940975,41.970222,41.603317,42.038258,41.4065,41.930164,41.779922
47.801205,47.880295,48.079926,48.35417,47.9618,47.90497,47.94734,47.925102,47.995316,48.021294,48.20949,47.91538,48.31399,48.097706,48.289875,47.98897,48.15836,48.108604,48.256294,48.327057,48.338802,48.24074,48.434307,48.33352,48.49088,48.090714,48.432316,48.214233,48.42356,48.383503,48.58354
53.1121,53.03693,52.91398,52.606903,53.12262,53.05282,52.977924,53.071663,53.361847,53.35328,53.25767,53.4859,53.062702,53.315292,53.035667,53.020496,53.242386,53.187683,53.27041,52.91967,53.331535,53.712654,53.60802,53.7026,53.33191,53.466545,53.434658,53.315025,53.482246,53.830658,53.258793
41.484318,41.60548,41.32775,41.454765,41.26985,41.503094,41.193768,41.479195,41.59239,41.354855,41.25904,41.473812,41.385612,41.536064,41.430202,41.481743,41.448666,41.791145,41.470474,41.854385,41.72104,41.49309,41.31565,41.19496,41.672894,41.85582,41.482895,41.76903,41.863277,41.661858,41.517464
51.789642,51.840534,51.80301,51.790604,52.006996,51.999344,52.02386,51.864326,51.882336,51.87854,52.028393,51.819237,52.03211,51.66052,51.99093,51.997784,51.946827,51.914574,52.12534,52.26053,52.09577,52.06908,52.131737,52.321243,52.19947,52.235397,52.17483,52.038864,52.417877,52.11787,52.3342
58.761913,58.81208,58.50447,58.973763,58.765236,58.83182,58.913223,59.1719,58.82409,58.966946,58.659172,58.68062,58.863655,58.698948,59.15018,58.737255,59.01469,58.928066,58.8442,59.1819,59.341434,59.432133,58.959312,59.046753,59.296654,59.1187,59.01745,59.459156,59.20195,59.42269,59.063595
38.30752,38.50056,38.8358,38.358006,38.796623,38.3518,38.785587,38.39682,38.335106,38.408123,38.9427,38.688126,38.501293,38.262856,38.496677,39.037533,38.80286,38.140995,38.800266,38.824356,38.118885,38.409725,38.82099,39.081734,38.127525,38.99843,38.913013,38.831097,38.777256,38.491856,38.933693
49.024677,49.08993,48.67166,49.16503,49.385437,48.617554,49.106228,48.812927,49.087822,49.482723,49.476967,49.37206,49.259544,49.004387,49.33453,49.320366,49.40433,49.124405,49.568005,49.807125,49.32126,48.97439,49.62389,49.642075,49.401066,49.35325,49.499203,49.425663,49.451576,49.52977,49.835415
48.425556,48.966343,48.753433,48.629642,48.68325,48.877167,48.834187,48.979115,49.117264,48.903645,48.794388,48.2899,48.903812,48.81693,49.395794,49.035816,49.02399,48.99047,48.981224,49.045757,49.294273,49.4698,48.864212,49.41401,49.19325,49.105675,48.982338,49.433857,49.30363,49.216682,49.30356
45.98091,45.948452,46.029305,46.127712,45.69742,45.759846,45.754658,45.90128,45.91,45.935852,46.105022,46.23239,46.006733,46.231804,45.945374,46.16177,45.91436,46.068996,46.251907,46.111713,45.787773,45.78475,46.057655,46.018982,46.145092,46.3565,46.140816,46.460705,46.401157,46.141857,46.365913
37.699986,38.038887,37.840096,37.80713,37.380035,37.688854,37.547943,37.897167,38.124966,37.586662,37.741436,38.250057,37.70765,38.050556,37.630184,37.881374,38.15032,37.890453,37.689724,37.874924,37.767433,37.864353,38.187588,37.93009,38.219654,38.169144,37.993984,38.144085,38.15836,38.347466,37.823715
44.18738,44.48279,44.098022,44.107384,44.247894,44.574615,44.389965,44.707954,44.770218,44.438454,44.114628,44.45536,44.31092,44.607674,44.331223,44.559067,44.5692,44.752216,44.401524,44.301506,44.767883,44.815605,44.654995,44.73919,44.929394,44.721176,44.60503,44.725437,44.556118,44.91836,44.45294
41.82854,42.185017,41.54425,41.91169,41.688805,41.80403,41.893333,41.988647,41.908264,41.99941,41.724216,42.092236,42.109783,42.00921,42.219635,42.037548,42.15528,42.108505,41.914722,42.41579,42.149925,42.050056,42.081093,42.004288,42.48223,42.250305,41.93813,42.476875,42.304077,42.368427,42.404568
48.457115,48.532333,48.513023,48.418167,48.723785,48.649296,48.90473,48.698322,48.773994,48.719044,48.898193,48.836727,48.77559,48.46091,49.15333,49.041958,49.212193,48.752003,48.83772,49.10466,49.02369,48.95265,49.13622,49.334656,48.924843,48.872894,49.114025,49.084568,49.15025,49.206528,49.132492
46.11524,45.596233,45.483482,45.78271,46.130943,45.934414,46.04374,46.085667,45.737476,45.965473,46.015095,46.149513,46.028057,45.952328,45.774147,46.12486,45.99843,46.244686,46.30087,46.069183,45.950592,46.071617,46.047653,46.31903,46.210262,46.221077,46.443966,46.013496,46.121197,46.061016,46.46109
44.656826,44.070206,44.707855,44.565098,44.49684,44.56506,44.76848,44.546703,44.179153,44.329525,44.61284,45.024952,44.651215,44.771706,44.262604,44.932766,44.812496,44.908882,44.7125,44.681187,44.47897,44.55955,44.795433,44.462585,44.57306,44.854897,45.1101,44.705944,44.578793,44.50299,44.76404
44.4275,44.60643,44.387634,44.20939,44.622658,44.492813,44.4746,44.42183,44.613792,44.592052,44.55343,44.558525,44.60455,44.478455,44.371513,44.718254,44.49405,44.573647,44.657547,44.621475,44.636433,44.785603,44.60597,44.963776,44.45903,44.806335,44.726166,44.73251,44.925484,44.67923,44.705975
36.58252,36.85475,36.917816,36.52177,36.567688,37.012474,36.739407,36.628426,36.753143,36.688465,36.735817,36.743202,36.953995,36.9033,36.342323,36.684536,36.539547,37.01198,36.664257,36.767597,36.777023,37.188564,36.56103,36.82312,36.855682,37.28463,36.933357,36.818935,37.1817,36.540367,36.89029
53.078312,52.551785,52.71051,53.248966,52.97618,52.927345,52.809498,52.984264,53.038124,53.056347,53.29244,53.1666,53.1069,53.077534,53.297108,52.98723,53.20732,53.33886,53.431927,53.35619,53.39709,52.921223,53.41065,53.172935,53.54081,53.029922,53.472652,53.15564,53.4884,53.562347,53.485718
47.767105,47.66968,47.880432,48.020298,47.977745,47.66904,48.0428,47.62669,47.669304,48.278862,48.23748,48.19164,48.029217,47.966915,48.19153,47.94219,48.078094,48.13425,48.276306,48.36067,48.15211,48.01335,48.247353,48.08612,48.082607,48.17109,48.387997,48.293365,48.29557,48.10109,48.52531
50.40839,50.67201,50.844727,50.767067,50.88578,50.51438,50.815872,50.46592,50.614513,50.676147,51.11276,50.362164,50.876453,50.62319,50.63159,51.15769,50.59853,50.29682,51.02425,50.925735,50.602066,50.83742,50.802826,51.398453,50.654057,51.199684,51.038475,51.00807,51.296837,50.785,51.404945
43.483562,43.264725,43.76387,43.185047,43.40841,43.518265,43.7164,43.560596,43.568195,43.26784,44.012314,43.67913,43.22865,43.525333,43.53301,44.062992,43.78563,43.66394,43.980125,43.642807,43.22903,43.550705,43.766563,43.962753,43.647327,44.205544,43.930107,43.78149,43.855385,43.58163,44.043056
55.480896,55.26714,55.730347,55.143795,56.130257,55.64369,56.05103,55.290264,55.265488,55.755936,55.45711,55.529377,55.778675,55.640633,55.390858,56.153828,56.08545,55.632507,55.847176,55.49574,55.931545,56.09682,56.053967,56.089783,55.08725,55.428116,56.250683,55.67918,55.936615,55.725384,55.70766
35.902588,36.142193,36.02425,36.108498,35.924995,35.962883,36.45333,36.070698,36.121063,36.563396,36.881393,36.665596,36.179947,36.406487,36.49396,36.30939,36.74295,36.09096,36.268345,36.56453,36.258774,36.47087,36.920605,36.294815,36.734695,36.82467,36.15675,36.822502,36.438435,36.976192,36.67786
52.208897,52.262215,52.309715,52.09566,52.896927,52.33352,52.314064,52.062717,52.053165,52.29613,51.9159,52.25102,52.981747,52.48673,52.373108,52.565586,52.573635,52.062164,52.398136,52.37434,52.637684,52.59843,52.884235,52.847305,52.16021,52.06784,52.79085,52.245483,52.515724,52.808807,52.66786
48.299633,48.310326,47.70939,47.831917,48.61699,48.043495,47.987522,47.955578,48.073463,48.28352,48.030807,48.039986,48.323334,47.975464,47.960793,48.291546,48.157703,47.978764,48.27779,48.4975,48.35419,48.33819,48.11919,48.443085,47.83784,48.320328,48.23232,48.2791,48.646976,48.45193,48.28858
42.918064,43.469112,44.073143,42.925663,43.073868,43.294567,43.034645,42.92803,43.635612,43.08822,43.484707,43.588413,43.36912,43.759163,43.183033,43.290405,43.66384,43.06275,43.238144,43.2003,43.134014,43.613323,43.886013,43.69526,43.34986,43.925903,43.694355,43.41228,43.711617,43.77629,43.453316
46.04773,45.695972,46.164116,45.912426,45.87565,46.181816,45.93552,46.216534,46.014484,45.750587,45.951973,46.013577,45.93876,46.36155,45.606125,46.07848,46.14035,46.35702,46.095234,45.867,46.009987,46.44135,45.98406,46.01387,46.16194,46.51542,46.479088,46.13869,46.077312,46.084812,46.055843
44.48891,44.511055,44.72165,44.151165,44.528328,44.50984,44.251568,44.421658,44.607834,44.323013,44.341248,44.66901,44.54166,44.94423,44.588696,44.484848,44.707348,44.559376,44.518482,44.517067,44.675137,45.015705,44.85787,44.67398,44.685432,44.99669,44.897694,44.5672,44.673725,45.124535,44.838924
49.56187,49.37212,49.62117,49.31444,49.547676,49.413086,49.502304,49.51667,49.30256,49.09339,49.074837,49.54937,49.532818,49.59344,49.19819,49.678215,49.592674,49.58599,49.585724,49.284412,49.518932,49.91353,49.841553,49.84651,49.573387,49.494392,50.05029,49.36164,49.608486,49.656975,49.75103
42.455963,42.86374,42.35022,42.489273,42.48574,43.037045,42.781178,43.039577,43.21765,42.9512,42.62039,42.58518,42.50471,42.792145,42.926994,42.57315,42.757656,43.385715,42.65628,43.106335,43.51566,43.47089,42.70289,42.764954,43.563667,43.4694,42.812405,43.117657,42.972946,43.200386,42.89285
43.550964,43.53092,43.875694,43.738712,43.566887,43.659733,43.42682,43.695156,44.065712,43.81922,43.969135,44.055614,43.63007,44.446964,43.669754,43.56795,43.84964,44.087807,43.99333,43.751995,43.874065,44.000195,44.16202,43.89177,44.427223,44.52944,44.33612,43.860203,43.77622,44.304367,44.26945
42.786453,43.146004,43.13607,43.174046,42.85711,43.014748,43.420296,42.96858,43.034172,43.452744,43.539787,43.169243,42.914932,42.89947,43.17192,43.09479,43.215416,43.220795,43.113544,43.594986,43.37805,43.542652,43.14463,43.072502,43.246044,43.730568,43.16628,43.75066,43.667492,43.201077,43.29566
38.10752,38.93186,38.84881,38.443462,38.63491,38.645054,38.91329,38.60835,39.029747,39.03606,38.929573,38.702343,38.81338,38.74948,39.144447,38.89014,39.173855,38.9493,38.85342,39.092236,39.048824,39.206974,39.105137,39.37436,39.032135,39.136566,39.094193,39.246315,38.985115,38.937737,39.193424
32.129112,31.856382,31.710281,31.765945,31.857548,32.04374,31.86929,32.006153,31.815203,31.682644,31.818518,32.02851,32.070137,31.98097,31.923584,32.17781,31.908295,32.305424,31.907867,32.047916,32.108936,32.40188,31.525791,32.171417,31.914265,32.126305,32.437626,32.06874,32.6728,31.994751,32.419792
31.010895,30.73809,30.941786,30.888546,30.606647,30.79003,30.855309,30.950602,30.905493,30.933382,31.17263,31.291424,30.711472,31.42661,30.769606,30.937101,30.98019,31.451637,31.073376,30.871284,30.91281,31.544607,30.751835,31.051702,31.226673,31.60163,31.62602,31.193714,31.393562,31.058151,31.589777
46.781338,46.748158,47.058716,46.661182,46.8125,47.253166,47.154465,47.140625,47.162098,46.789032,46.85857,47.09903,46.938324,47.195568,47.045734,47.501682,47.24721,47.455044,47.11466,47.023266,47.334606,47.103737,47.425396,47.04451,47.352283,47.277725,47.159782,47.23389,46.94083,47.305904,46.992165
48.994595,48.845863,48.98194,49.260178,48.62178,49.169807,48.884075,49.275936,49.07291,49.134727,49.22627,49.34973,48.893127,49.160618,49.243423,48.539944,48.865658,49.375793,49.15135,49.31383,49.267715,49.154694,49.332405,48.6269,49.81923,49.669716,48.96751,49.4283,49.11829,49.528244,49.15484
55.76475,55.72384,55.969345,55.848286,56.260056,56.22971,56.484608,56.22683,56.03748,56.161503,55.949585,56.32238,56.38716,56.124535,56.661217,56.57415,56.695213,56.207775,56.242004,56.22123,56.657616,56.31542,57.026222,56.642212,56.48565,55.94239,56.535286,56.452972,56.11258,56.885376,56.394196
38.072224,37.9803,37.799255,37.728104,37.903778,37.552155,37.65194,37.58152,37.605972,37.614586,38.079327,38.029808,37.948322,37.904583,37.442608,37.983044,37.96679,37.41807,37.843533,38.005733,37.514828,38.067814,37.94721,38.035225,37.633904,38.259506,37.985226,37.92144,38.44378,38.178043,38.186714
53.212524,53.12352,53.340263,52.94401,53.44603,53.57321,53.358524,53.4187,53.612514,53.31435,53.52476,53.10417,53.25907,53.307064,53.53809,53.570187,53.65799,53.4971,53.55387,53.539856,53.675014,53.832794,53.333977,53.87378,53.395397,53.840958,53.82199,53.65375,53.96071,53.7198,53.618717
49.7373,49.93357,49.279877,50.047386,49.75753,49.627296,49.865055,49.846363,49.80934,50.15819,49.736893,49.999733,49.95017,49.703705,50.201412,49.711113,49.82994,50.22046,50.033665,50.53123,50.377598,49.932495,50.10878,49.932213,50.6136,50.082108,49.991554,50.24412,50.1457,50.227646,50.429512
52.30737,52.265636,52.244423,51.909546,52.49723,52.202923,52.13921,52.182354,52.33315,52.329193,52.457314,52.052708,52.104843,52.018734,52.38744,52.298107,52.332844,52.187225,52.660862,52.446453,52.3598,52.52857,52.43882,52.633057,52.06632,52.508812,52.359436,52.477543,52.71235,52.536724,52.406406
50.054462,50.016983,49.79397,50.41676,49.81785,49.93773,50.040344,50.261814,50.24822,49.968716,50.187973,49.97563,50.06443,50.00271,50.402576,50.1267,50.251617,50.486153,50.34407,50.609734,50.579456,50.35139,50.421135,50.294106,50.99248,50.311157,50.363956,50.344574,50.46908,50.553013,50.6645
43.826973,43.360397,43.46421,43.559258,43.831413,43.60139,43.915844,43.5135,43.282272,43.61617,43.92013,43.768322,43.5361,43.42606,43.182636,44.03635,43.545635,43.67825,43.82318,43.792892,43.73354,43.79707,43.750664,43.584526,43.370052,43.875175,43.746693,43.71502,43.986996,43.66658,43.66467
45.369247,45.71393,45.730087,45.162025,45.3403,45.773567,45.494442,45.754654,46.15527,45.453133,45.6531,45.487648,45.441704,45.885445,45.77529,45.648846,45.97266,45.88222,45.71444,45.589073,45.884235,46.31436,45.95104,46.16677,46.261208,46.226006,45.980232,45.799137,46.01949,46.20941,45.98912
54.394398,54.208794,54.479584,54.473312,54.42344,54.410744,54.155743,54.23576,54.290203,54.40616,54.373108,54.64408,54.49989,54.53986,54.197945,54.203186,54.43344,54.374138,54.389526,54.697903,54.56302,54.34904,54.63203,54.078697,54.394596,54.78659,54.529602,54.608223,54.58461,54.76829,54.24579
51.773224,51.977287,51.770325,51.957516,51.72374,52.03512,52.179703,52.26348,52.12438,52.04981,51.910484,52.003536,51.99073,52.1032,52.527134,52.47128,52.181126,52.327194,52.19663,52.345306,52.392902,52.156193,52.211494,52.25254,52.64156,52.430946,52.11316,52.755177,52.322575,52.501007,52.52714
44.024734,44.127518,43.55246,44.413776,43.702873,43.850483,43.909344,44.32684,43.970684,43.959206,43.98775,43.9516,44.19923,44.079338,44.364063,44.36428,43.85398,44.16365,44.23186,44.384964,44.15349,43.939262,43.9767,44.146515,44.64692,44.26937,43.921913,44.721813,44.4361,44.406654,44.65771
48.652542,48.60297,48.293274,48.92664,48.757652,48.24991,48.670914,48.706627,48.77768,48.700985,49.216637,48.490692,48.567097,48.27773,49.24956,49.02327,49.267986,48.562706,49.021694,49.53754,49.059032,48.77997,49.053844,49.07522,48.944073,48.859,48.859608,49.224873,49.22053,49.36534,49.201782
58.963383,58.332428,58.875977,58.81972,58.937363,58.811714,59.020622,58.8207,58.856354,58.761826,59.403854,59.14289,58.754543,58.80008,58.91793,59.241833,59.21034,58.923264,59.28555,59.133068,59.037014,58.92656,59.45094,59.24765,59.09932,59.23143,59.375935,59.030685,59.321556,59.403885,59.227528
43.737183,43.939644,43.695145,43.398155,43.745415,43.445618,43.43392,43.414448,43.741383,43.63714,43.59687,43.597034,43.68963,43.691936,43.51204,43.674675,43.713226,43.667572,43.842934,43.68941,43.739975,44.191837,43.7443,44.171143,43.54893,43.794838,44.02911,43.722904,44.362286,43.860676,44.020123
60.23108,60.495163,60.15349,60.414944,60.51686,60.61265,60.70915,60.74347,60.646862,60.677498,60.704887,60.13339,60.61053,60.082764,60.85374,60.749996,60.53953,60.48671,60.889133,60.871544,60.745514,60.597538,60.725327,61.15383,60.96409,60.788925,60.451237,61.084316,60.957703,60.78133,60.865517
45.92305,46.017593,45.644173,45.888046,45.761124,45.64662,45.606762,45.84472,45.783726,45.647392,45.67559,45.71556,45.75893,45.64831,45.772312,45.659603,45.703716,45.831013,45.77081,46.2662,46.02133,46.237904,45.68243,45.84738,46.01174,46.270103,45.953964,46.025066,46.258385,46.072655,46.11264
43.124557,43.401985,43.45684,42.81768,43.623726,43.33603,43.193207,43.137657,43.480988,43.559727,43.26446,43.64825,43.552498,43.71966,43.520348,43.499146,43.603687,43.42228,43.51205,43.506985,43.451843,43.51642,43.6657,43.752663,43.228416,43.81816,43.76622,43.632576,43.420807,43.731354,43.67155
44.096783,44.68469,44.552162,44.658333,44.186684,44.2117,44.70171,44.265793,44.4383,44.735657,44.470173,44.656136,44.63761,44.494385,44.80066,44.46841,44.636528,44.873837,44.497475,45.081142,44.96127,44.95876,44.79281,44.662575,45.04197,44.83512,44.831844,44.976494,44.816975,44.586544,45.080006
40.627285,40.204525,40.245102,39.863937,40.52485,40.436806,40.432083,40.334084,40.289093,40.487583,40.81442,40.68203,40.370083,40.258713,40.41972,40.45775,40.391106,40.59312,40.78648,40.42402,40.260735,40.80031,40.34854,40.979202,40.241417,40.769005,40.8411,40.505802,41.07,40.445255,40.907757
43.091602,43.125675,43.35492,43.43963,42.613434,43.41261,43.363018,43.697807,43.443058,42.948574,43.533356,43.27231,42.98048,43.375572,42.98752,43.344402,43.246033,43.369812,43.150845,43.04811,43.255154,43.833523,43.348907,43.39823,43.894737,43.926933,43.391876,43.704285,43.668495,43.634533,43.352097
51.55514,51.537006,51.41884,51.990128,51.871986,51.63391,51.872547,51.747387,51.68448,52.131508,51.640266,51.753353,52.17371,51.85249,52.261086,52.083702,51.917286,52.29706,52.065205,52.20033,52.47242,51.99558,51.882088,52.171776,52.034985,51.604355,52.344395,52.329727,52.135723,51.98199,52.357155
48.781113,48.56957,48.611885,48.663113,48.846718,48.75934,48.873543,48.831,49.00999,48.77593,49.218994,48.994377,48.7845,48.790752,48.985046,49.15856,49.283703,48.98318,49.18805,49.16838,49.105564,48.811905,49.61374,49.118523,49.31226,49.03589,48.966972,48.94666,48.932076,49.470535,49.055603
60.86713,60.373177,60.34973,60.99155,61.08088,61.1359,61.233498,60.960144,60.3664,61.048695,61.03673,60.648888,61.340973,60.370667,60.957497,60.858154,60.643456,60.909035,61.18921,61.092228,61.2113,60.97709,61.09175,61.15532,61.18148,60.66571,60.928047,61.00041,61.339745,60.960644,61.17824
56.021595,55.83031,55.576157,56.097862,56.180634,55.966465,56.05408,56.00313,56.393585,56.31058,56.662468,56.055347,56.07146,55.543545,56.712082,56.164627,56.4413,56.332096,56.543423,56.889458,56.773006,56.122143,56.519215,56.656525,56.55113,56.11522,56.39184,56.359962,56.867695,56.705086,56.530315
45.748158,46.019512,45.82551,45.654152,45.809105,45.872173,45.94358,45.96191,46.01749,46.20055,45.803864,46.124676,45.88514,46.381126,45.921665,45.900845,46.005363,46.18781,46.047985,45.879047,46.123417,46.47881,46.235832,46.15593,46.413017,46.517212,46.18758,46.329735,46.03413,46.389942,46.34198
43.873688,44.21595,44.586723,44.408596,44.325684,44.13916,44.37997,44.15484,44.39231,44.398804,44.71928,44.2736,44.446537,44.366154,44.711124,44.666733,44.517555,44.279934,44.59691,44.705887,44.407722,44.44539,44.46637,44.939796,44.37646,44.791885,44.907,44.84245,44.806538,44.478134,45.047768
42.693256,42.856747,42.809387,42.7994,42.416245,43.081345,42.724583,43.17122,43.0851,42.879562,42.871212,42.95054,42.66625,43.092754,42.493572,42.519176,43.137157,43.16096,42.79675,42.85895,42.763298,43.154472,42.80666,42.73726,43.34474,43.545677,42.99977,43.296177,43.09304,43.033577,42.700592
33.76944,33.4146,33.52475,33.659565,33.71164,33.543922,33.797886,33.54301,33.754158,33.872494,34.396473,34.2036,33.579407,33.607773,34.04564,34.071873,33.88029,34.175797,34.146553,34.272507,33.96978,33.672188,33.91398,33.959515,33.84447,34.076115,34.18224,33.981,34.26666,33.93513,34.322426
38.973347,38.892296,38.623734,38.905487,38.63948,38.55416,38.613647,38.646214,38.650948,38.823948,38.380295,39.05789,38.88406,39.103714,38.61317,38.924976,38.78855,39.35557,38.72776,39.03931,39.162395,39.236755,38.430065,38.693207,38.74519,38.92978,39.34686,39.146435,39.40062,38.80564,39.12612
57.646145,57.603275,57.37596,57.47275,57.54483,57.9698,57.809998,57.863945,57.93789,57.919807,58.00603,57.725636,57.65718,57.49256,57.96976,57.722443,57.839905,57.874577,57.953884,57.943737,58.142967,57.92075,58.161495,57.90931,58.26192,57.99781,57.503048,58.137177,58.269463,58.363132,57.710922
42.555874,42.42306,42.36937,41.93287,42.627625,42.497116,42.289883,42.30976,42.329636,42.27053,41.904137,42.31394,42.649395,42.363293,42.068085,42.410675,42.414402,42.86033,42.601414,42.0961,42.56686,43.020535,42.338753,43.011627,42.11274,42.000244,43.07163,42.132668,42.88879,42.131447,42.536545
47.888874,47.470886,47.751846,47.79615,48.22737,48.07241,48.01349,47.900723,47.578762,48.022366,48.120552,47.700935,48.21898,47.930702,48.26381,48.08994,47.980824,47.970947,48.21832,48.16159,48.186516,48.179596,47.956894,48.08909,47.84897,48.088654,48.19802,48.178406,48.223644,48.182407,48.397068
46.631084,46.866566,47.164482,47.122234,46.914383,47.399242,47.357468,47.457848,47.089584,47.066303,47.371017,46.950493,47.312656,47.20799,47.145126,47.393665,47.360844,46.975666,47.179947,47.154957,46.930336,47.16749,47.26822,47.434547,47.470474,47.717224,47.2122,47.752586,47.19108,47.30445,47.329067
38.60786,38.552128,38.53975,38.33674,38.720978,38.603367,38.74964,38.474323,38.429657,38.539936,38.86658,38.750984,38.579273,38.455704,38.43616,38.81371,38.862576,38.59187,38.75375,39.02324,38.44428,38.65849,38.638226,38.76779,38.545498,39.1708,38.879414,38.762447,39.027897,38.61569,38.960186
39.472355,38.917843,39.266182,39.499634,39.53206,39.412792,39.648632,39.43493,39.15219,39.59235,39.486557,39.709568,39.509617,39.67116,39.4706,39.70412,39.374275,40.053516,39.59402,39.511383,39.90882,40.035057,39.227932,39.664413,39.422718,39.64576,40.36059,39.681717,39.858215,39.47248,40.056087
46.37962,46.99885,46.47634,46.590225,46.568245,46.766407,46.22429,46.793205,47.020977,46.683647,46.611885,46.571278,47.13168,46.73757,47.18014,46.38506,46.801735,46.54301,46.7426,47.094036,46.795967,46.66156,47.00757,47.094772,47.342945,47.02198,46.574863,47.041523,46.952477,47.322823,47.073124
51.541164,51.707733,52.102257,51.699104,51.874092,52.09155,51.95992,52.052498,51.82391,51.75775,51.8323,51.824017,52.172226,52.141685,52.147785,51.88624,52.155346,51.82537,51.973827,52.024292,51.895702,52.16571,52.349533,52.165344,52.376255,52.46853,52.151436,52.17844,51.71895,52.29471,52.309425
45.830505,45.7657,45.678024,45.80754,46.19616,45.751846,45.76159,45.58236,45.576057,45.830696,45.599182,45.84707,46.297844,45.92461,45.601994,46.0515,46.339478,45.74804,45.86336,46.12494,45.95506,45.882797,45.96028,46.080627,45.540737,45.69275,46.369087,45.95181,46.31853,46.016922,46.014065
49.932106,49.967358,49.97863,50.12312,50.25962,50.18724,50.126934,50.10027,49.973434,50.367493,49.966232,50.46321,50.574802,50.086933,50.3778,49.815884,50.099865,50.352627,50.18406,50.405636,50.516148,50.358723,50.520695,50.412193,50.4435,50.164948,50.55186,50.286667,50.210663,50.404716,50.42298
42.36112,41.72436,41.782845,41.962948,42.11564,41.952774,42.11367,41.99434,41.798454,42.15453,42.346584,42.499683,42.009743,42.12972,42.29696,42.229057,42.108006,42.388794,42.452892,42.289574,42.223995,42.238037,42.223293,42.21473,42.234516,42.305504,42.53475,42.256126,42.655045,42.44052,42.74721
47.333992,47.06182,46.79625,46.91427,46.840866,46.878117,46.910664,47.13813,47.23576,46.81052,47.164284,47.105423,46.57307,46.919395,46.74994,47.332367,47.19238,47.253056,47.331112,47.13133,47.125397,47.161354,47.268353,47.10086,47.247154,47.267876,47.054047,47.21299,47.56045,47.42939,47.018776
45.355362,45.270645,45.264206,45.632072,45.13279,45.80488,45.29187,45.64978,45.609093,45.61933,45.56628,45.570854,45.869972,45.836983,45.67266,45.115402,45.243668,46.06271,45.644405,45.57209,45.842796,45.799236,45.51788,45.619026,46.415367,45.860085,45.79154,45.692623,45.926525,45.77242,46.03599
43.182137,43.389233,43.781593,43.375732,43.87526,43.92483,43.97532,43.495575,43.251564,43.932655,43.656456,43.64209,44.288776,43.639397,43.999676,43.544952,43.85885,43.606667,43.588192,43.71562,43.87904,44.26294,43.77801,44.20018,43.505543,43.705956,44.229294,43.94591,44.05197,43.707657,44.11752
48.712944,48.988117,48.97441,49.27808,48.895813,48.845924,48.947292,49.195377,49.328053,48.86838,49.097855,48.92805,48.92419,49.01858,49.25832,49.11419,49.673664,49.020626,49.069256,49.476612,49.440544,49.200638,49.7395,49.203156,49.64911,49.24106,49.266064,49.352135,49.048172,49.808308,49.135868
52.29823,52.641273,52.62034,52.472935,52.558083,52.370747,52.514637,52.37355,52.733376,52.512783,52.52413,52.469547,52.631046,52.605785,52.647778,52.8421,52.68734,52.52881,52.670902,52.77654,52.897747,52.898613,52.906452,53.087296,52.763714,52.817863,52.93272,52.81663,53.01986,52.98354,52.967644
46.96028,47.07026,47.41652,47.390713,47.08873,47.686794,47.676376,47.707466,47.328503,47.357105,47.36682,47.348816,47.614906,47.7899,47.734474,47.692177,47.337273,47.756855,47.54885,47.415005,47.599194,47.640747,47.636307,47.586082,48.22611,48.0045,47.645874,47.89088,47.303402,47.658154,48.060417
46.56898,46.822277,47.09465,46.989857,46.81962,46.716488,46.89419,46.704567,47.028866,47.266167,47.020454,47.19265,47.045723,47.278072,47.356384,46.831577,47.369797,47.229084,47.000572,47.227802,47.508293,47.446823,47.480106,47.11142,47.24233,47.12628,47.474106,47.38611,47.175644,47.51982,47.289734
38.590446,38.67221,38.24933,38.151512,38.177322,38.181034,38.011753,38.26905,38.72671,38.154575,38.261204,38.51195,38.309372,38.510647,38.547504,38.59858,38.78161,38.784977,38.52182,38.723797,38.71652,38.68634,38.56913,38.598907,38.638245,38.46205,38.644577,38.534794,39.07014,38.874187,38.687355
50.53972,50.843994,51.269615,51.03178,50.567093,50.77773,50.734707,50.88696,50.791157,50.74579,50.631763,51.030632,50.88252,51.07775,50.583958,50.739758,50.74771,50.891094,50.85403,50.785206,50.72935,50.87852,51.15298,50.767204,51.01078,51.222115,51.021908,51.2227,50.70033,50.869553,50.756657
48.46625,48.110756,48.202385,48.40238,48.42192,48.394905,47.910538,48.482174,48.656536,48.037743,48.28988,48.353096,48.41236,48.620922,48.264404,48.64052,48.58015,48.51176,48.553715,48.427425,48.598217,48.278503,48.52967,48.5764,48.510494,48.45665,48.7959,48.434914,48.719227,48.94716,48.448265
54.226517,53.858124,53.483604,54.126095,54.06256,53.721912,54.01688,54.09968,54.022556,54.103664,54.239193,54.004086,53.87413,53.84396,54.058914,54.112007,54.240173,54.23425,54.345875,54.47477,54.454807,54.35651,54.403164,54.195038,54.485725,54.198624,54.179295,54.254906,54.313972,54.57911,54.332268
53.713844,52.913574,53.478485,52.910915,54.074425,53.77185,53.961033,53.56894,53.248756,53.517838,53.686928,53.513523,53.515083,53.583332,53.74144,54.212124,53.881065,53.868973,54.14288,53.648136,53.7466,53.821888,53.83514,53.944443,53.38146,53.841873,54.129242,53.60456,53.653725,53.722,54.068825
47.4036,46.80694,46.5234,46.799774,46.874825,47.296997,46.763523,47.373085,47.064056,46.887295,46.82044,47.5173,47.06715,47.213387,46.58662,46.967373,47.16513,47.267143,46.96974,46.824924,47.040062,47.105213,47.095566,46.958916,47.23367,47.17807,47.141747,47.205437,47.412537,47.582363,46.718216
46.79564,46.920486,47.287506,46.475765,46.793694,47.32449,47.050747,47.153336,47.0805,46.772354,47.153652,46.843636,46.91026,46.846428,47.060192,46.870815,47.06522,47.056953,47.151024,46.931854,46.798656,47.44807,47.06456,47.41382,47.182198,47.583054,47.168747,47.168453,47.327885,46.99516,47.19539
49.485195,50.057907,50.16552,49.429184,49.899117,49.886948,50.3333,49.788235,49.55896,50.173965,49.767418,49.76696,50.296177,49.9514,50.319115,49.957157,50.116966,49.84468,49.99768,49.870018,49.945843,50.841866,50.165966,50.656845,49.96224,50.164658,50.253407,50.45422,50.23835,49.93618,50.604404
51.548607,51.89321,52.393936,51.800774,51.84762,52.474026,51.928757,52.22913,52.297897,51.863766,52.032085,51.50437,52.117954,52.181217,51.826466,51.96799,52.109947,51.985382,51.987522,51.79666,52.040257,52.4982,51.92766,52.34488,52.095505,52.563606,52.218994,52.368412,52.30023,52.100323,51.86364
42.30577,42.934097,42.995895,42.34198,42.59533,42.59427,42.067947,42.426807,43.000847,42.407307,42.56012,42.5685,42.71544,42.745464,42.872063,42.403748,42.75653,42.45097,42.745827,42.898643,42.549717,42.512634,43.014812,42.869995,42.780518,43.049004,42.69551,42.693714,42.77008,43.01607,42.809605
41.1236,41.03883,41.733856,41.36374,41.179016,41.31344,41.28218,41.117958,41.506653,41.288113,41.791695,41.63335,41.33734,41.651955,41.282658,41.243156,41.631443,41.81507,41.73524,41.576878,41.375782,41.440247,41.852386,41.58982,41.890957,41.865807,42.08239,41.238155,41.5253,41.39158,41.89701
43.624126,43.207153,43.488533,43.496326,43.44352,43.99917,43.717167,43.945896,43.306328,43.483387,43.447315,43.603195,43.72705,43.779804,43.40478,43.591763,43.244713,44.05453,43.702217,43.407867,43.59401,43.95206,43.281593,43.561462,43.862064,44.04474,43.889744,43.814465,43.7152,43.428936,43.872246
52.194057,51.997494,51.487038,52.28402,51.85508,51.761654,51.716476,52.006115,51.830456,51.76226,51.701553,51.986053,52.113712,52.015034,51.83561,52.30725,51.70837,52.01208,52.022522,52.34915,52.21074,51.802994,51.883656,51.82505,52.253204,52.153107,51.91789,52.332573,52.442802,52.370956,52.258698
46.33626,45.779827,46.083847,46.145294,46.286644,46.459846,46.27644,46.466663,46.09841,46.15425,46.29352,46.2012,46.184647,46.52895,45.943302,46.48326,45.99404,46.54972,46.520267,46.02413,46.288986,46.511898,46.0953,46.3322,46.387554,46.717834,46.63098,46.38962,46.427814,46.347782,46.55959
56.281353,55.758217,56.062355,56.163143,56.209244,56.20382,56.063995,56.30138,56.246376,56.086193,56.141796,56.27889,56.318607,56.64583,56.512688,56.30763,56.533836,56.594116,56.501984,56.36096,56.654182,56.593014,56.62517,56.458824,56.842907,56.488876,56.86275,56.329453,56.405437,56.92363,56.844234
36.884296,36.76007,37.179916,36.8847,37.186096,36.860355,37.019497,36.753654,36.81291,36.972736,36.98991,37.20076,37.222824,37.31451,37.11876,37.36453,37.223457,37.248867,37.170177,37.11285,37.228638,37.30277,37.22041,37.283722,36.814445,37.083504,37.702923,37.12166,37.20354,37.1515,37.51459
42.99987,43.235405,42.93905,42.840744,43.12767,43.125675,43.017315,43.173973,43.371864,42.987232,42.83539,43.257263,43.258938,43.326305,43.164387,43.631565,43.328186,43.185886,43.008465,43.160065,43.458,43.478336,43.192837,43.669594,43.15826,43.337364,43.54749,43.48968,43.667736,43.695496,43.38748
54.24492,54.545975,54.219437,53.79103,54.370026,54.511944,53.84876,54.311695,54.910927,54.202637,53.944016,54.162384,54.5179,54.41798,54.360012,54.064316,54.54449,54.537186,54.26811,54.403744,54.83219,55.02061,54.453957,55.00197,54.622925,54.538017,54.782227,54.275944,54.91738,54.899494,54.408897
39.09079,39.643494,39.262352,38.79506,39.601685,39.3774,39.455692,39.33651,39.537804,39.484653,38.889698,39.432617,39.550156,39.531403,39.792404,39.857773,39.57336,39.66851,39.4993,39.50309,39.791794,39.764103,39.62074,40.025093,39.429714,39.488777,39.79178,39.69433,39.561256,39.70075,39.893864
51.423862,51.69405,51.69995,51.66491,51.151154,51.509415,51.55998,51.760376,51.59532,51.58398,51.731438,51.643734,51.616337,51.709557,51.53405,51.32566,51.627796,51.55692,51.618473,51.65971,51.46896,52.093716,51.83727,51.78685,52.16584,52.2331,51.62862,52.102238,51.828983,51.887814,51.867443
50.718502,50.84659,50.662064,50.92355,50.95733,50.860657,50.557877,50.86243,50.941597,50.90475,50.635452,50.8119,51.053135,50.98726,50.77561,50.751583,50.923134,50.878773,50.921394,51.097115,51.088425,50.83227,51.013306,50.92301,51.053154,51.063644,51.051937,51.092216,51.044804,51.243237,50.91475
47.36882,47.263485,47.583923,47.77753,47.53466,47.42688,47.41503,47.416092,47.481792,47.770298,47.521347,47.78708,47.75302,48.156357,47.8324,47.543816,47.71574,47.99429,47.88164,47.83455,47.903027,47.57777,47.952114,47.49781,48.09886,47.88643,48.126385,47.850155,47.585964,47.962803,48.21005
43.942276,43.86308,43.76925,44.546658,43.757294,44.083496,44.469063,44.34631,44.004395,44.41948,44.612476,44.481243,44.190376,44.257915,44.132557,44.332027,44.14707,44.476044,44.312172,44.529213,44.283844,44.179993,44.327816,44.13978,44.935333,44.793587,44.289097,44.81555,44.377968,44.377136,44.659733
47.18098,47.395023,47.852394,47.745934,47.21956,47.750168,47.737408,47.787495,47.788357,47.774582,47.94681,47.762917,47.584644,47.92319,47.95549,47.44309,47.828976,48.037148,47.895233,47.849815,47.783707,47.84433,48.09548,47.73925,48.53826,48.33654,47.966637,48.084503,47.652153,47.925865,48.133766
58.961773,59.180756,58.95199,59.199852,58.83584,59.21457,59.32757,59.49366,59.254936,59.247932,58.8477,59.30611,59.351498,59.27356,59.201366,59.437325,59.44036,59.363503,59.205875,59.059002,59.431713,59.448864,59.58443,59.592644,59.689835,59.15235,59.33123,59.857323,59.50036,59.637287,59.202534
48.07926,47.840916,47.90927,48.00477,48.139847,48.192463,48.171326,48.30591,48.054543,47.9955,48.15981,48.12877,48.220272,48.040592,48.117474,48.446526,48.00697,48.24394,48.394493,48.04588,48.153088,48.228752,48.19552,48.64238,48.25486,48.245262,48.47602,48.344616,48.456757,48.266598,48.49169
42.804474,42.906857,43.15576,42.773247,42.80741,43.029385,42.742794,42.9341,43.50087,42.779438,43.293465,43.12402,42.987568,43.220963,43.33329,43.248615,43.35629,43.232162,43.21028,43.213364,43.263344,43.19564,43.371998,43.55915,43.427746,43.41931,43.52535,43.158405,43.574512,43.597622,43.494225
43.771107,43.348946,43.29606,43.793907,43.083435,43.556953,43.51198,44.003445,43.423206,43.29264,43.329388,43.896084,43.516705,43.78858,43.461845,43.76569,43.840797,44.01872,43.623478,43.554665,43.564274,43.58892,43.680576,43.343216,44.042934,43.627907,43.738827,44.055122,43.73814,43.867504,43.61102
47.30946,47.515102,47.828598,47.22305,47.350334,47.86247,47.361225,47.731323,47.752735,47.386166,47.225147,47.34299,47.522808,47.972046,47.526814,47.393772,47.513317,47.83357,47.58573,47.281414,47.69638,48.117123,47.611298,47.673912,47.903206,48.06549,47.82937,47.72298,47.632706,47.80304,47.688614
58.37477,58.381573,58.21489,58.15262,58.452553,58.383224,58.328907,58.404438,58.246807,58.275803,58.05226,58.24751,58.57064,58.246937,58.238274,58.74021,58.476887,58.23727,58.499405,58.392544,58.381947,58.364445,58.44364,58.677628,58.136066,58.318626,58.401417,58.798714,58.79714,58.547344,58.296062
44.166878,44.154636,44.428833,43.750076,44.422424,44.39076,44.449223,44.118313,43.891624,44.21265,43.979015,44.077915,44.408924,44.482502,44.202408,44.458122,44.077614,44.39167,44.29292,44.151752,44.360794,45.036137,44.016632,44.517776,44.02553,44.74073,44.700684,44.410885,44.54676,44.157646,44.7958
50.955673,51.029064,50.96949,50.769047,51.104485,50.964977,50.884502,50.865906,51.249004,51.15398,51.209076,51.19492,50.915028,51.087017,51.073727,51.006794,50.946136,51.049046,51.186718,51.256535,51.287292,51.40881,51.147987,51.48065,51.207077,51.687187,51.460785,51.236626,51.656746,51.523052,51.49073
54.99828,54.92237,54.856018,54.951656,55.06523,55.20791,55.030197,55.21186,55.577095,55.2793,55.24538,55.112144,55.161243,55.24675,55.417175,55.293247,55.33293,55.552177,55.38042,55.20538,55.832214,55.647636,55.483295,55.743317,55.625484,55.239693,55.5909,55.415504,55.706455,55.82525,55.422
46.727203,46.78916,46.793533,46.732574,47.220398,47.15912,47.150715,46.986546,46.70094,47.186653,46.90052,46.76968,47.32823,46.91806,47.144,46.918236,46.931118,47.03606,47.101753,47.075363,47.22397,47.428402,47.055668,47.31971,47.045662,47.13794,47.229023,47.18906,47.134613,47.077362,47.35486
47.827988,47.6243,48.21221,48.503944,47.778008,48.08653,48.05495,48.15147,48.004185,47.778877,48.174755,47.954815,48.22592,48.11485,48.001385,48.265133,48.386246,48.308903,48.156784,48.21779,48.24046,48.089737,48.2039,48.162354,48.314514,48.037743,48.60386,48.345825,48.431446,48.12506,48.2062
48.650997,48.35918,48.896355,48.744064,48.43695,49.036846,48.76189,48.9234,48.880432,48.603256,49.163692,49.108368,48.64162,48.940308,48.90233,48.70558,49.130566,48.884193,48.82741,48.98519,48.87096,48.794777,49.256733,48.6156,49.354614,49.427544,48.948757,49.05732,49.03921,49.435986,48.858322
54.39779,54.6703,54.669342,54.960308,54.101646,54.771084,55.157368,55.137985,55.10915,54.751415,54.877563,55.11509,54.628334,54.76239,55.103672,55.1145,55.753265,55.19153,54.82086,55.10281,55.221504,54.91961,55.741985,55.01087,55.865845,54.886475,54.977978,55.510303,55.047653,55.536633,54.799995
57.57853,57.321484,57.668182,58.016876,57.89067,57.826103,58.031372,57.784664,57.635643,58.01625,57.855316,57.7879,58.032997,57.89857,58.09548,57.85599,58.035984,58.11772,57.982403,58.128216,58.52122,58.206722,58.315887,57.91426,58.2775,57.86537,58.286488,58.075222,57.944004,58.300014,58.163147
55.874634,55.61235,55.75122,55.18323,56.127434,55.516315,55.433678,55.202103,55.759384,56.008034,55.67162,55.77661,55.803112,55.804276,56.037926,55.634285,55.653183,56.06448,56.142483,55.88092,56.335842,56.371197,55.935345,56.195618,55.397617,55.694687,56.308777,55.669193,56.30137,56.059532,56.149944
54.627533,54.636387,54.768036,54.61207,54.978233,54.4066,54.62994,54.133945,54.52632,54.909637,54.95763,54.741184,55.068768,54.6595,54.77041,54.635662,54.71041,54.640587,55.183712,54.953075,54.878838,54.845398,55.36296,55.24134,54.813545,54.62577,55.076767,54.57352,55.16971,54.91071,55.306557
54.002808,54.07724,54.18341,54.515636,54.29751,54.14357,54.533844,54.240227,54.05819,54.526527,54.47942,54.42467,54.51283,54.144207,54.395775,54.46124,54.335087,54.256863,54.485893,54.585735,54.499477,54.309837,54.727497,54.555527,54.496372,54.41137,54.48433,54.77789,54.482384,54.512325,54.560562
45.268715,45.11093,44.844925,44.54653,45.391052,44.850002,44.651554,44.663097,44.88647,44.95578,44.816345,44.967197,45.091423,44.99861,44.586456,45.093643,44.813755,44.939373,45.16906,45.06416,44.99385,45.23298,44.81826,45.22959,44.423702,45.160248,45.217865,44.916496,45.479317,45.036205,45.098335
42.956318,43.26539,42.62581,43.288258,42.457474,42.938442,42.84269,43.359543,43.03579,43.131435,42.617203,43.233303,43.083286,43.447952,43.13681,42.64604,43.09433,43.518234,42.90569,43.397587,43.19354,43.398712,42.884968,42.81185,44.069878,43.720955,43.19797,43.67978,43.23899,43.385742,43.5884
45.261814,45.591583,46.003098,45.791668,45.977318,45.822643,46.04689,45.59223,45.7122,46.146255,45.835598,45.79466,46.208355,46.18571,46.192024,46.08581,45.90326,46.044865,45.997765,45.990448,46.281956,46.2187,46.108353,46.27561,45.998196,46.106346,46.47615,46.20992,45.97909,46.01403,46.532475
46.622314,46.711014,46.998047,46.601246,47.07213,46.984653,46.75532,46.829872,46.950447,46.932682,46.849476,46.78633,47.013515,46.93447,46.88094,46.68156,46.70684,47.143497,47.274788,46.81899,46.925205,47.09841,47.091972,47.42827,47.074547,47.129677,47.42456,46.768417,46.9083,46.794395,47.312096
55.994743,55.294174,56.123077,55.645832,56.086517,55.952988,55.756832,55.815907,55.814587,55.775936,55.758087,56.032314,55.880974,56.32074,56.214104,55.957943,56.088676,56.395138,56.27593,55.90348,56.394558,56.290825,56.371666,55.927376,56.041283,56.03582,56.60531,55.83016,55.850002,56.39376,56.261185
59.827915,59.80254,59.75097,60.164593,60.108437,60.16193,60.234882,60.16991,60.154583,60.465977,60.40811,60.257412,60.460995,60.048695,60.51511,60.134357,60.285416,60.297638,60.441383,60.58189,60.48501,60.091187,60.59649,60.56932,60.776264,60.40789,60.36301,60.601254,60.371155,60.577644,60.589573
57.210823,57.72167,57.295242,57.816338,57.33705,57.175083,57.78324,57.464943,57.21536,57.833874,57.406067,57.380222,57.836163,57.304718,58.121296,57.458168,57.53131,57.60262,57.81524,58.058758,57.8676,57.80222,58.0243,57.88143,58.293686,57.54625,57.554375,58.125423,57.82248,57.76249,58.34858
51.52657,51.605465,50.839058,51.72232,51.338814,51.3292,51.437214,51.640915,51.70428,51.673946,51.586506,51.80587,51.627815,51.334908,51.880882,51.45701,51.867264,51.65973,51.517006,52.212185,52.105476,51.68941,51.96772,51.74756,52.33962,51.709427,51.624737,51.98017,52.10011,52.422916,51.883965
51.356266,51.14262,51.46759,51.590313,51.82171,51.644253,51.76812,51.34911,51.243435,51.915756,51.480145,51.80882,51.943855,51.705296,51.959442,51.484528,51.82547,51.975277,51.676228,52.123394,52.221252,51.829594,51.85985,51.544594,51.791977,51.74552,52.213673,51.80795,51.7405,51.851112,52.049885
45.39414,45.38016,45.65822,45.07125,45.672333,45.526764,45.352516,45.446064,45.723976,45.285618,45.29153,45.271873,45.39375,45.75581,45.157494,45.80188,45.704956,45.74883,45.737404,45.23173,45.663975,45.933846,45.72347,45.936905,45.37751,45.61801,46.02832,45.387882,45.591335,45.633854,45.54427
49.90837,49.05821,49.437714,49.495197,49.28437,49.415287,49.616634,49.479725,49.325195,49.36818,50.188847,49.75462,49.07975,49.363018,49.224518,49.797802,49.512062,49.716927,49.979748,49.600903,49.431297,49.555756,49.74739,49.364304,49.588287,49.88166,49.540936,49.68834,50.090866,49.712597,49.61316
41.50739,41.485153,41.486618,41.613914,41.18724,41.271076,41.67039,41.520397,41.36746,41.309624,41.77182,41.70598,41.377083,41.749233,41.585136,41.96275,41.680885,41.601135,41.707745,41.89659,41.467476,41.599487,41.871284,41.45788,42.127506,42.23091,41.579975,41.92734,41.72293,41.920544,42.20767
49.71595,49.4435,49.148804,49.400948,49.257874,49.294807,49.744823,49.59687,49.232674,49.407486,49.461964,49.650097,49.228382,49.093513,49.41727,49.622524,49.63928,49.79982,49.556225,49.887234,49.670704,49.964443,49.436363,49.555344,49.67488,49.76879,49.690197,49.876003,50.02519,49.546455,49.729736
42.376305,41.88931,42.13559,42.449833,42.379547,41.99515,42.446262,42.03006,41.602383,42.223663,42.504093,42.154324,42.30678,42.007057,42.275227,42.4846,42.232155,42.337654,42.580177,42.65297,42.265797,42.345905,42.124043,42.201073,42.007057,42.299362,42.59562,42.45798,42.72572,42.03718,42.817924
48.917244,48.93633,49.05105,48.731834,48.771088,49.287872,49.160126,49.429657,49.146664,49.21536,49.02923,49.154945,48.943363,49.258713,49.258198,49.106525,49.251873,49.44296,49.291634,48.88603,49.078114,49.47521,49.134262,49.316124,49.357086,49.49153,49.250195,49.73198,49.284798,49.28509,49.200687
61.218525,60.782555,61.199097,60.82217,61.398582,61.310017,60.99419,61.2273,61.308563,61.08028,61.603653,61.275723,61.11001,60.83292,61.03535,61.179058,61.271385,60.820644,61.49767,61.04805,61.076458,61.133137,61.670242,61.683777,60.881462,61.29094,61.278736,61.26357,61.522655,61.671684,60.83844
41.146004,41.508156,41.463493,41.09965,41.156685,41.4856,41.44274,41.429512,41.557873,41.44598,41.821896,41.159393,41.41488,41.279186,41.668877,41.409897,41.674232,41.55942,41.69346,41.759384,41.318745,41.703663,41.473618,41.77157,41.74518,41.98078,41.404194,41.836796,41.82866,41.413696,41.819183
58.218353,58.122574,58.487274,58.527126,58.151558,58.40776,58.458805,58.527927,58.464046,58.400677,58.614803,58.276352,58.330013,58.30107,58.73903,58.314392,58.71794,58.60457,58.688496,58.604816,58.698566,58.761173,58.77685,58.703354,58.89301,58.582993,58.773853,58.812397,58.87366,58.78392,58.70713
44.84596,44.77843,45.059135,44.89023,44.848106,44.87214,44.642586,44.83398,45.245922,44.59745,45.127625,44.602715,44.801163,44.8939,45.099083,44.846886,44.968082,45.192684,45.165577,45.121166,45.349392,45.508636,45.0876,45.402405,45.326878,45.180016,45.52937,44.731705,45.50397,45.269657,45.478367
45.60054,45.377678,45.968224,45.665546,45.90245,45.830956,45.983574,45.799595,45.48842,46.05882,46.040012,45.889435,45.78916,45.798443,45.887833,45.97171,45.947895,45.911606,46.074432,45.765972,45.807293,45.939087,45.925667,45.818924,45.32868,45.91597,46.020435,46.350807,45.834164,45.765526,45.711403
54.672874,54.523003,54.67652,55.007133,54.665314,54.84057,54.564095,54.91119,54.780468,54.813667,54.83241,54.45453,54.9775,54.93109,55.109043,54.76044,54.736923,54.901413,55.054546,54.84753,55.087376,55.028954,54.77419,55.00432,55.08782,54.87451,55.03914,55.239758,55.331593,55.185818,55.183548
39.368607,39.232666,39.111656,39.559948,39.070595,39.37182,39.38089,39.522926,39.394413,39.555573,39.575695,39.65324,39.21429,39.329796,39.46349,39.168404,39.414295,39.889557,39.430393,39.731766,39.768463,39.706604,39.403915,39.185997,39.811295,39.72567,39.571136,39.781548,39.748135,39.63352,39.509655
42.140205,42.10529,42.51761,42.401924,42.475586,42.417484,42.74083,42.16545,42.23629,42.873898,42.825638,42.947758,42.63608,42.55238,42.940704,42.498955,42.795025,42.79511,42.702526,42.907417,42.84317,42.54478,43.0365,42.523537,42.695755,42.67888,42.900387,42.8228,42.676598,42.763416,42.943
48.584557,49.10329,48.60206,48.54975,48.854164,48.679585,48.75861,48.708904,48.86963,48.947613,48.563976,48.478085,48.927048,48.77055,49.1322,48.74381,49.199783,48.86374,48.975956,49.169872,49.163136,49.214127,49.231693,49.09146,49.20552,48.8807,48.818604,49.084084,49.068584,49.24831,49.162186
58.606117,58.244495,58.1633,58.68139,58.665474,58.644,58.35418,58.786953,58.597927,58.631645,58.491096,58.46078,58.85665,58.594124,59.27024,58.54938,58.69936,58.85219,59.057323,58.851456,59.07021,58.529697,59.022423,58.879517,59.20433,58.386208,58.82725,58.847294,58.87409,59.272552,59.10219
47.613842,47.72881,48.128716,48.027683,47.617744,47.79938,47.532074,47.754513,47.870304,47.805298,48.028862,47.81727,47.98337,47.956993,47.79418,47.65116,47.780632,47.810722,48.047176,47.793533,47.73688,47.82504,48.03452,47.984665,47.90489,47.974,48.027977,48.12995,48.203655,47.95042,47.916893
59.33383,59.025444,59.605316,59.26892,59.736687,59.38768,59.128292,59.246372,59.339634,59.39003,59.267654,59.51936,59.708725,59.523933,59.51046,59.09351,59.54298,59.455082,59.56446,59.503372,59.715195,59.780483,59.80217,59.785965,59.32589,59.46868,60.13774,59.333405,59.478123,59.777527,59.586296
39.225704,39.28191,38.866966,39.069134,39.148727,38.810608,38.823444,39.091373,38.87637,38.983017,38.350086,38.940407,39.010242,39.36097,38.843254,39.063713,38.91608,39.547215,39.187794,39.228985,39.28203,39.436226,38.85348,38.860825,39.16758,39.252228,39.385418,39.174942,38.995274,38.9931,39.414375
52.78181,52.5202,52.762703,52.621853,52.943115,52.518265,52.528507,52.376286,52.83724,52.525143,52.624382,52.99325,52.833996,52.82644,52.554077,53.071136,52.934395,52.972775,52.983337,52.994503,53.063873,52.701874,53.139725,53.1351,52.730366,52.739944,53.477028,52.555283,53.137848,53.01077,53.04408
31.970425,31.988785,31.55898,32.058212,32.100533,31.91017,32.170208,32.196457,31.656979,32.000206,31.714481,32.295017,32.245735,31.911074,31.87371,32.452393,32.214645,32.245495,32.010406,32.38862,31.932734,31.785976,31.847034,32.053802,31.890293,32.077385,32.27593,32.48088,32.017418,31.835888,32.209858
54.877487,54.90624,55.359978,55.14811,55.303345,55.10789,54.977673,54.892864,55.209244,55.251774,55.31734,55.307747,55.329296,55.150852,55.0993,54.85681,55.35921,55.086063,55.239254,55.411137,55.40933,55.297672,55.676304,55.371536,55.19444,55.373604,55.60081,55.19208,55.310062,55.514885,55.14248
43.94329,44.404213,44.061104,43.759632,44.119995,43.80285,43.799664,43.753918,44.213173,44.166416,43.741535,44.08538,44.16853,44.39648,44.27888,44.280178,44.19282,44.236797,44.213238,44.324657,44.384773,44.353703,44.258778,44.33194,44.12891,44.30986,44.31891,44.373302,44.44019,44.456745,44.53685
48.299698,48.205086,48.53161,48.611984,48.152847,48.867718,48.924316,48.900192,48.456837,48.408844,48.80615,48.526543,48.71509,48.700386,48.59088,48.906654,48.64042,48.779976,48.6297,48.62687,48.604404,48.84621,48.675835,48.74807,49.22844,49.186226,48.72287,49.080803,48.80233,48.737854,48.979923
53.582893,53.448387,54.05854,53.30192,53.50766,54.028057,53.67749,53.756355,53.8639,53.323975,53.943905,53.45669,53.609127,53.439724,53.53852,53.658413,53.91273,53.83667,54.01846,53.609867,53.529636,53.884663,53.94796,54.112564,53.83466,53.941383,53.94152,53.63567,54.130634,53.598103,53.647354
45.89914,45.886944,46.20713,46.15206,46.350563,46.049355,46.00739,45.818096,46.006306,46.282173,46.22858,45.94892,46.376682,46.44099,45.808376,46.36854,45.97712,46.202236,46.459656,46.07517,46.189873,46.135983,46.167942,46.35163,45.913445,46.28254,46.525932,46.25737,46.361645,46.04437,46.413128
52.223564,52.1546,52.35676,52.363335,52.194267,52.53881,52.411617,52.43484,52.387413,52.3176,52.284847,52.402412,52.421246,52.35439,52.688454,52.32759,52.520184,52.67851,52.341297,52.70345,52.92578,52.776463,52.55341,52.377098,52.771694,52.647545,52.68139,52.684525,52.78942,52.81281,52.577656
38.774773,39.09498,39.010216,39.008278,38.84088,38.66829,39.193535,38.712402,38.8374,39.15559,39.107693,39.092285,38.984108,38.92917,38.991825,39.14426,39.14139,39.288124,39.127823,39.391426,39.188114,39.375324,39.119602,39.200302,39.125965,39.25512,39.359783,39.32986,39.40175,38.878693,39.488968
51.820873,51.85449,52.468056,51.856895,52.39869,52.062847,52.071377,51.621445,52.267117,52.490498,52.38217,52.486607,52.28526,52.392345,52.428722,52.171024,52.43957,52.382336,52.5311,52.3648,52.536034,52.237595,52.754765,52.583595,52.086517,52.319885,52.88798,52.24044,52.512295,52.49177,52.53648
50.924763,51.009346,51.219498,51.465076,51.115112,51.448853,51.45617,51.534897,51.194805,51.373203,51.39024,51.388916,51.48385,51.372868,51.3196,51.477055,51.345478,51.30734,51.35145,51.429726,51.311485,51.210712,51.439106,51.431725,51.623238,51.742905,51.461002,51.929855,51.40627,51.50668,51.458275
45.04641,45.172432,45.159805,45.293156,44.72551,45.087402,45.146706,45.25143,45.183025,45.15031,45.524803,45.297928,45.03076,45.270348,45.229168,45.134727,44.929794,45.26079,45.29279,45.46166,45.162014,45.35654,45.308914,45.087524,45.79869,46.01651,45.04807,45.65036,45.41967,45.478592,45.604797
39.61632,39.46738,39.600998,39.52931,39.435562,39.682636,39.74296,39.86684,39.41721,39.602993,39.50756,40.029537,39.790688,40.015537,39.534943,39.90839,40.006832,40.04784,39.819893,39.696938,39.39898,39.5846,39.823784,39.58574,39.889896,39.989334,39.90275,40.12264,39.476788,39.632553,39.851353
45.298866,45.49954,45.17546,45.997047,45.04599,45.30074,45.558113,45.79362,45.59487,45.421535,45.3187,45.73485,45.588604,45.786453,45.757324,45.77949,45.486614,45.99461,45.532566,45.96672,45.93596,45.657154,45.697166,45.63463,46.605263,46.015327,45.8974,46.065075,45.655624,45.95153,46.292824
49.730984,49.68697,49.62963,49.45767,49.937065,49.649075,50.267277,49.84981,49.72254,50.123814,50.1246,50.15734,49.731434,50.046837,50.04058,50.590435,50.331978,49.715347,50.09789,49.89349,49.92446,50.19938,50.31546,50.400948,49.86739,50.329124,50.142567,50.588894,50.24095,50.540054,50.366585
49.101307,49.073414,48.19603,48.802074,49.183723,48.823772,48.852066,49.008625,48.874214,49.288815,48.57408,48.8714,48.88963,48.763973,49.214867,48.9553,48.911736,49.312435,49.163834,49.499214,49.510624,49.134285,48.78299,48.928032,49.09491,49.07199,49.001343,49.378593,49.34001,49.28636,49.24616
43.07864,43.192616,42.956284,43.121647,42.97023,43.030712,43.060413,43.07147,43.275772,43.043713,42.92723,43.209534,43.00691,43.247204,43.21974,43.471622,43.26768,43.558964,43.168644,43.59142,43.60059,43.28227,43.10744,43.099113,43.428684,43.498222,43.446873,43.474827,43.60799,43.43415,43.470898
59.542694,59.579006,59.702484,59.688072,59.82402,59.477062,59.720592,59.46633,59.38196,59.982426,59.638992,59.49272,59.8384,59.777645,59.95994,59.54578,59.751312,59.60456,59.84234,59.95204,60.094296,60.27873,59.962135,59.770393,59.733974,59.916885,59.887108,60.1219,59.967236,60.113743,60.065296
40.725662,41.402225,41.041267,40.670155,41.05271,40.987396,40.904587,41.00906,41.48616,41.27036,40.78185,40.842335,41.007076,41.578545,41.34799,41.453857,41.25244,41.40457,41.318977,41.112514,41.426617,41.480957,41.16098,41.52407,41.33381,41.503487,41.366062,41.56935,41.38025,41.47584,41.609173
42.171394,42.775963,42.207275,42.589085,42.13056,42.009884,42.166534,42.265392,42.64713,42.53783,42.505157,42.57288,42.394844,42.744972,42.609074,42.720016,42.532227,42.395504,42.62117,42.91435,42.48393,42.125874,42.78703,42.47616,43.034813,42.99086,42.30771,43.03777,42.733665,43.0117,42.99624
45.59114,45.722538,46.029037,45.709316,45.64595,45.750244,45.848095,45.606316,45.567112,45.79214,45.844257,46.02677,45.872036,46.01106,45.924885,45.651794,46.030125,45.80169,45.916523,46.0088,45.77857,45.91059,46.372456,45.697426,46.207466,46.216743,45.955006,45.977608,45.890656,46.141792,46.188507
44.03948,44.069187,44.37629,44.256603,44.433846,44.20043,44.183422,44.023876,44.3163,44.08959,44.167423,44.223278,44.580276,44.70025,44.38596,44.721752,44.580338,44.405823,44.400917,44.471924,44.67495,44.46235,44.65632,44.63118,44.490368,44.420433,44.950443,44.286083,44.55456,44.736694,44.88441
44.767967,44.484894,45.012108,44.934834,44.640762,44.478634,44.883423,44.637764,44.174294,44.48683,44.626064,44.89337,44.792683,44.900158,44.543514,44.76115,44.60258,44.913345,44.863445,44.83517,44.65506,45.13211,44.900867,44.669395,44.89494,45.081047,45.259373,44.78899,44.693584,44.589165,45.318733
47.203342,47.28836,47.406906,47.23992,47.36715,47.462284,47.321056,47.329323,47.405483,47.665306,47.080914,47.542503,47.38012,47.49822,47.319405,47.36607,47.399963,47.909504,47.42275,47.50029,47.827755,47.609158,47.33879,47.216194,47.164093,47.47962,47.641212,47.822918,47.501,47.356377,47.093178
42.74034,43.00442,42.34513,42.75785,42.582108,42.20252,42.551662,42.522476,42.3379,42.85808,42.421165,42.62894,42.71166,42.83471,42.914455,42.607056,42.620342,42.703857,42.644314,43.22051,42.95369,43.194542,42.599766,42.431076,42.895985,43.12561,42.585762,43.246006,42.939655,43.068195,43.26934
58.830887,58.83544,58.66005,58.929,59.23591,58.89422,58.888126,58.986904,58.798595,59.10445,58.59162,58.56488,59.16298,58.94529,59.444344,59.162556,58.97506,59.053635,59.270683,59.303432,59.442993,59.071445,59.03947,59.14675,59.04335,58.943764,59.132637,59.42008,59.15324,59.325325,59.377644
47.276966,47.215664,47.11251,47.23031,47.427063,47.12565,47.485806,47.09108,47.184967,47.88624,47.823856,47.53915,47.51732,47.465557,47.684093,47.65375,47.29847,47.5079,47.997604,47.444828,47.404675,47.426502,47.591667,47.974884,47.471783,47.500267,47.68225,47.87668,48.092556,47.556484,48.21552
51.533104,50.687496,50.704918,50.913776,51.133766,51.38278,51.145046,51.521736,51.2052,51.211246,51.478077,51.331093,50.98823,51.233006,51.065445,51.47803,51.226944,51.586,51.636208,51.080166,51.227722,51.262924,51.12804,51.32879,51.300274,51.475883,51.336155,51.55166,51.62261,51.508377,51.244717
45.8841,46.325157,46.341286,46.20891,46.492447,46.149914,46.223667,46.136513,46.675564,46.788616,46.708904,46.39597,46.383934,46.4453,46.998867,46.404617,46.818233,46.419037,46.69938,46.83957,46.74656,46.458508,46.821056,46.884712,46.528828,46.67861,46.775146,46.889,46.701286,46.946823,46.849922
55.314156,54.9811,55.46695,55.38224,55.344086,55.415028,55.51238,55.428368,55.26929,55.173695,55.404873,55.08355,55.471252,55.419163,55.774036,55.931484,55.649097,55.617073,55.679276,55.541416,55.782063,55.72086,55.492386,55.70701,55.446983,55.39576,55.852615,55.788513,55.91233,55.66657,55.842552
47.55816,47.61122,47.818657,47.39058,47.587723,47.456074,47.4752,47.316013,47.64312,47.44242,47.801044,47.76965,47.579506,47.519432,47.714832,47.41077,47.584248,47.50066,47.757496,47.731735,47.703793,48.09665,47.996517,48.17701,47.850086,47.963257,48.149334,47.47151,48.29629,48.01872,48.240242
56.65096,56.0388,56.317497,56.94185,57.032257,56.551723,56.714157,56.46079,56.4301,56.969532,56.899586,56.992825,56.906303,56.697147,56.836685,56.840454,56.99617,56.88043,57.06345,57.20024,57.15499,56.34401,57.159813,56.725143,56.810432,56.61682,57.277985,56.868706,56.96118,57.144875,57.014122
38.956852,38.5667,38.837494,39.07903,38.762627,39.145855,38.89745,39.238316,38.71729,38.707035,38.73854,39.07373,39.023335,39.10197,38.766006,38.721134,38.89348,39.317467,38.72407,38.979195,39.16113,39.48591,38.6933,38.78089,39.191032,39.311363,39.47372,39.075455,39.07657,39.06062,39.10139
41.10276,40.99255,41.029465,41.079468,41.2116,40.890144,40.971775,40.95302,40.577198,40.928734,40.264996,41.18253,41.443604,41.57324,40.549805,41.58398,41.05416,41.38174,41.00957,41.04532,41.023632,41.06833,40.687397,40.89666,40.5649,41.072098,41.58415,41.396774,40.9955,40.70976,41.201515
39.872055,39.802376,39.625305,39.449898,39.778465,40.20178,39.498215,40.244488,40.283695,39.62338,39.844734,39.687916,39.6989,39.81218,40.075783,39.593987,39.850925,40.063896,39.878967,39.788517,40.189945,40.4415,39.90638,40.151077,40.23019,40.194168,39.96541,39.876213,40.172417,40.507896,39.88792
38.35177,38.580017,38.054367,38.091217,38.437744,38.332603,38.54098,38.385437,38.430923,38.433853,38.415173,38.505924,38.40863,38.276592,38.565094,38.750084,38.57896,38.517776,38.48083,38.792835,38.647884,38.703026,38.548218,38.770416,38.63132,38.76329,38.55077,38.709824,38.877254,38.76583,38.883183
47.282127,46.95911,47.21016,47.73478,47.255173,47.446728,47.39907,47.56698,47.361885,47.532032,47.678963,47.470352,47.58394,47.79137,47.71544,47.749496,47.441036,47.768177,47.75242,47.63384,47.691135,47.357132,47.483067,47.472878,47.89094,47.77339,47.76943,47.996307,47.72531,47.801292,48.001625
48.992237,49.026756,48.65101,48.889084,48.88942,49.195816,49.13732,49.438457,49.288933,49.016636,49.1125,49.321823,48.94372,49.01244,49.179996,49.29807,49.57334,49.024815,49.051075,49.2611,49.22945,49.142994,49.517296,49.31534,49.590027,49.45227,49.08869,49.593216,49.427742,49.922905,49.081375
45.705307,45.431538,45.41706,45.24666,45.861145,45.125988,45.675983,44.85026,44.930782,45.689796,45.433044,46.095356,45.89759,45.436096,45.426193,45.66385,45.640472,45.603798,45.578533,45.927475,45.790127,45.866627,45.866776,45.734512,45.129925,45.405746,46.07595,45.451416,46.008392,45.59843,45.996243
44.967148,45.036358,44.89261,45.139584,44.979385,44.84691,44.8485,44.955124,45.14073,45.355762,44.993374,45.326664,45.18443,45.41232,45.160343,45.057037,45.110825,45.49167,45.33534,45.19993,45.398045,45.18042,45.37657,45.17491,45.38267,45.14125,45.382183,45.416195,45.25159,45.397434,45.37456
43.084644,43.42066,43.033104,43.336876,42.884552,43.16561,42.85247,43.37026,43.543083,42.980938,43.254383,43.20526,43.398228,43.445625,43.32334,43.433937,43.29227,43.363316,43.409416,43.69053,43.09839,42.919456,43.20817,43.4691,43.925163,43.8788,43.304466,43.66222,43.570282,43.49686,43.799046
49.221294,48.941242,48.853302,49.208866,49.126648,48.978466,48.90044,49.078304,48.82547,48.932632,48.849236,48.96815,49.437798,49.052227,48.950134,49.090744,49.081074,49.121754,49.118473,49.066185,49.304916,49.483276,49.09796,49.347565,49.02383,48.783813,49.426888,49.191643,49.583775,49.296127,49.25842
46.998745,47.15008,46.952675,46.988235,47.084015,46.619675,46.944077,46.808407,47.066086,47.190536,47.06121,46.823597,46.975178,47.000854,47.622684,47.22935,47.272324,47.314777,47.466843,47.45623,47.541306,47.495293,47.318382,47.418625,47.181133,46.979935,47.372547,47.399197,47.572384,47.411144,47.710365
38.179585,38.408154,38.573845,38.499046,38.152367,38.33696,38.121254,38.35403,38.67201,38.239983,38.58968,38.55175,38.319527,38.79589,38.183983,38.24866,38.568474,38.48157,38.353672,38.606476,38.45144,38.664104,38.631104,38.441704,38.912743,39.176773,38.795868,38.51834,38.620045,38.841972,38.71977
37.207752,37.369846,37.133736,36.981606,37.606033,37.182106,37.30665,37.047874,37.28565,37.39316,37.255753,37.612507,37.57744,37.439293,37.343826,37.37679,37.711826,37.472775,37.402477,37.763638,37.54584,37.548344,37.77615,37.664444,37.535336,37.601906,37.814007,37.2366,37.41169,37.653397,37.82806
53.385334,53.265137,53.471848,53.862064,53.382156,53.45946,53.799244,53.55137,53.372177,53.96422,53.631294,54.031723,53.679092,54.03782,53.593372,53.810368,53.459522,53.884937,53.676117,53.654163,54.028404,53.803703,53.98069,53.441177,54.009342,53.9757,53.825584,54.224438,53.68044,54.07145,53.877666
48.113865,47.840317,48.18908,48.00798,48.460045,48.36446,48.354477,48.12476,48.020702,48.154343,48.43102,47.978954,48.423634,48.08204,48.233692,48.463673,48.270603,48.098614,48.43305,48.105755,48.38605,48.636494,48.32933,48.80825,48.023033,48.191414,48.694973,48.26245,48.87298,48.431187,48.586636
44.62149,44.70787,44.19162,44.91885,44.482475,44.31015,44.53308,44.673695,44.52279,44.60358,44.32979,44.614872,44.781536,44.65846,44.41599,44.988876,44.673454,44.83653,44.56491,44.93176,44.953598,44.771328,44.54287,44.62388,44.7071,44.59263,44.73618,45.133068,44.907154,44.79815,44.705765
46.061813,46.077255,46.059563,46.142223,46.419846,46.369545,46.328697,46.31718,46.159206,46.36363,46.008915,46.194103,46.476814,46.278107,46.198986,46.664394,46.221222,46.47677,46.35555,46.283123,46.517876,46.363586,46.08022,46.560356,46.003677,46.273674,46.63054,46.683544,46.567802,46.23898,46.354065
47.911304,48.100346,47.776924,47.954556,48.29699,48.042816,48.193306,47.969055,47.659344,48.06914,47.72036,47.82371,48.48731,47.843136,48.069324,48.035816,48.2754,47.99994,48.11048,48.46374,48.134945,48.257824,48.094906,48.36689,48.16717,48.095818,48.366615,48.20086,48.370743,48.016975,48.531258
46.515667,46.458385,46.60476,46.53159,46.718903,46.939854,46.81803,46.685913,46.540398,46.989918,46.781517,46.894672,47.000946,46.681717,47.195896,46.569195,46.64863,47.038284,46.91719,46.94461,47.073425,46.91494,46.937744,46.861763,46.986324,46.863594,46.931065,47.02391,47.01348,46.938793,47.10018
48.518726,48.789013,48.988495,48.83921,48.793373,48.942303,48.995968,48.835403,48.672813,48.964268,48.887978,48.92024,49.247234,49.11755,49.164253,48.78738,48.880974,48.85793,49.01125,49.01701,48.95087,49.140472,49.341766,49.14196,49.457268,49.314804,49.09428,49.163708,48.94794,49.20735,49.53127
54.238327,54.686153,54.314995,54.0687,54.67414,53.957184,53.981434,53.728012,54.51849,54.452835,54.48538,54.179554,54.683456,54.18086,54.522633,54.205395,54.7292,53.98761,54.675953,54.825882,54.533806,54.518604,55.004913,55.10618,54.41438,54.28557,54.616356,54.241714,55.080975,54.874607,54.859486
35.197044,35.436466,35.554688,35.411617,35.021626,35.028427,35.514267,35.039627,35.22986,35.402977,35.60613,35.767212,35.27903,35.47757,35.413982,35.50438,35.62636,35.623802,35.35609,35.81063,35.529224,35.7212,35.65656,35.317837,35.598305,35.82696,35.685616,35.722286,35.76955,35.50922,35.82667
46.20825,46.34652,46.35051,46.195274,46.308334,46.616188,46.188175,46.510098,46.71699,46.190525,46.429783,46.28446,46.414608,46.401123,46.35377,46.498817,46.51234,46.401882,46.522568,46.36157,46.48145,46.439983,46.60846,46.802605,46.667522,46.6314,46.59398,46.518612,46.872597,46.805706,46.480885
41.46918,42.03903,41.926117,41.584244,41.96949,41.80612,41.922768,41.540676,42.15774,42.15747,42.116825,41.76056,42.071934,42.03869,42.44236,41.982403,42.36591,42.00406,42.051254,42.330345,42.435608,42.514008,42.29732,42.553734,42.259453,42.239037,42.40642,42.15203,42.584118,42.466667,42.67643
44.768112,45.06393,45.0438,45.0506,45.108955,44.832405,44.824482,44.87252,45.25377,45.05748,45.08829,44.802147,44.926113,45.041187,45.30594,45.15097,45.30596,45.030895,45.15092,45.40741,45.474422,45.307087,45.21368,45.28225,45.061623,45.245834,45.384647,45.345284,45.499714,45.533844,45.317413
30.658085,30.573315,30.335407,30.686857,30.530968,30.197533,30.635324,30.476883,30.373219,30.576283,30.896544,30.90797,30.5297,30.674994,30.96937,31.226505,30.769505,30.704418,30.955048,31.089144,30.54632,30.342413,30.72398,30.709637,30.718548,30.897837,30.813232,31.100666,31.070173,30.904324,31.447174
50.649586,50.714794,50.56163,50.455822,51.235207,50.807854,50.918297,50.522137,50.778454,51.170464,50.965378,50.892887,51.12941,50.9057,51.137787,50.88613,51.04374,50.878628,51.15933,51.255302,51.193195,51.08283,51.26664,51.39132,51.136703,51.19509,51.302856,50.908714,51.220673,51.306812,51.601536
40.777416,41.151207,41.2675,40.84224,41.21659,41.077705,41.034443,40.96944,41.142593,41.22444,40.86074,41.22452,41.44222,41.62733,41.39821,41.359936,41.431854,41.273766,41.292664,41.12486,41.242275,41.33447,41.438694,41.58567,41.243217,41.31623,41.68295,41.43919,41.282883,41.4418,41.713383
55.033394,54.816025,55.24633,55.404434,55.290253,55.58978,55.70756,55.46401,55.267,55.46895,55.538094,55.27416,55.533234,55.309204,55.321236,55.35145,55.67063,55.663704,55.539196,55.367966,55.734478,55.7896,55.749393,55.788803,55.874428,55.42733,55.962704,55.513332,55.698624,55.550484,55.63211
51.77582,51.637676,51.776306,52.65185,51.60134,51.84596,51.653133,52.261135,51.986748,51.730225,51.66551,51.826775,52.155525,52.271267,52.230873,51.551662,51.939205,52.450165,51.97808,52.300827,52.546684,52.31226,52.226147,51.86107,53.107307,52.155174,52.49706,52.09754,51.846436,52.464035,52.53259
58.953598,58.539246,59.16262,58.912582,59.31093,59.168484,59.47673,59.08378,58.964207,59.16145,59.53238,59.12749,59.073242,58.878517,59.123505,59.48697,59.576218,59.053368,59.48766,59.156307,59.250526,59.276745,59.68728,59.610443,59.009983,59.169678,59.56304,59.356617,59.437668,59.414585,59.19387
58.628098,58.426353,58.22042,58.422718,58.520744,58.721474,58.69567,58.766174,58.733406,58.679836,58.93366,58.578213,58.27368,58.145454,58.53626,58.696037,58.476917,58.564083,58.79383,58.795116,58.86629,58.75235,58.754528,58.78367,58.79646,59.01512,58.435295,58.988953,59.201797,59.0718,58.479908
43.89731,44.2144,44.20936,44.07665,44.21022,43.905666,43.74714,43.771122,44.092026,43.962982,43.933758,44.025364,44.373814,44.14153,43.973015,44.19849,44.259525,43.89369,44.18961,44.256355,44.0143,43.963356,44.16062,44.48266,43.836224,44.06848,44.517685,44.223076,44.662277,44.186184,44.34836
49.849106,49.57349,50.24398,50.118034,49.97895,50.066273,50.14908,50.0535,50.1062,50.063778,50.537064,50.22316,50.176254,50.14615,50.341076,49.982143,50.464287,50.222572,50.307312,50.12679,50.33931,50.604355,50.61856,50.67051,50.487064,50.257698,50.860073,50.193867,50.518738,50.55706,50.601288
46.7704,46.453552,46.423233,46.89165,46.678833,46.59244,46.712532,46.928795,46.45888,46.548157,46.886448,46.638474,46.657795,46.71311,46.49194,47.098686,46.76783,46.423096,46.687523,46.852806,46.65898,46.82974,46.609615,46.65213,46.59069,47.137566,46.70381,47.274044,46.97807,47.130276,46.76846
42.67202,42.706676,42.66265,42.864784,42.935272,42.696323,42.827957,42.6787,42.921078,42.8113,43.24714,43.285202,42.965363,42.72042,42.902588,43.14451,42.941532,42.76052,42.99467,43.433777,42.918316,42.51659,43.24198,43.201927,43.113346,43.369377,43.176693,43.0208,43.15433,43.24823,43.3196
43.89102,44.085526,43.50003,44.143806,43.940727,43.74324,44.079556,44.01027,43.800148,44.142284,43.822224,43.88864,43.88319,43.697586,44.318096,44.039963,44.024307,44.198917,44.064915,44.63568,44.48402,44.14151,44.077435,43.822075,44.337936,44.13108,43.93065,44.4475,44.23434,44.291943,44.330048
50.96472,50.748833,51.356262,51.852158,51.161034,52.008385,52.06379,52.295723,51.40334,51.864277,51.937126,51.543743,51.719227,51.820026,51.927776,51.906174,51.6564,51.98938,51.940628,51.40728,51.580193,51.390244,51.796688,51.66545,52.33013,51.993065,51.661198,52.577106,51.20763,51.6933,51.809162
54.963295,54.248665,54.64779,54.57111,54.98629,54.88693,54.779297,54.731255,54.663784,54.757748,54.84019,54.637547,54.79754,54.727825,55.02805,54.96308,54.891376,55.33276,55.38943,54.88878,55.1903,54.96386,54.98293,55.04628,54.874744,54.61483,55.32012,54.73766,55.205517,54.898132,55.186375
58.051193,58.38622,58.100456,58.264225,58.747406,58.07219,58.547646,58.03623,58.214146,58.659283,58.407475,58.02233,58.811,58.017315,58.584045,58.915615,58.873993,58.30345,58.869846,59.010662,58.494522,58.101013,58.62495,59.099594,58.18595,58.170067,58.674484,58.85732,58.822483,58.237015,58.83602
38.746807,38.81818,38.479286,38.55295,38.544334,38.621136,38.74217,38.86113,39.15779,38.86573,39.06118,38.95416,38.32915,38.99797,38.65083,39.113075,39.139713,39.140945,38.882576,39.104877,39.042362,39.13773,38.86305,38.838966,39.135044,39.565453,38.94359,39.268986,39.105145,39.2901,38.95928
52.5267,52.669933,53.117134,52.938606,52.837654,52.87584,52.9721,52.67357,52.790333,53.244183,52.909916,53.097046,53.215416,53.379242,53.096195,52.977108,53.00299,53.23664,53.16167,53.063084,53.1772,53.037933,53.262756,53.027756,53.20435,53.247177,53.36717,53.367622,53.0247,53.068256,53.375687
53.6863,53.683216,53.526726,53.442513,53.20546,53.820293,53.37042,54.018368,54.289036,53.469395,53.613384,53.826813,53.590313,53.848076,53.635307,53.523643,53.93323,54.153126,53.769505,53.567333,53.940704,54.243374,53.9485,54.278145,54.49563,54.024254,54.1117,53.87258,54.212498,54.254414,53.819115
37.1215,36.665276,36.79863,37.00606,36.781723,37.379753,36.85863,37.414062,37.2525,36.81649,37.292492,37.03236,36.774654,37.21487,36.750244,36.961857,36.7478,37.4334,36.99268,36.973858,37.28124,37.550953,36.681587,36.94757,37.42038,37.798615,37.300095,37.152184,37.40117,37.367363,37.131443
46.68763,46.05952,46.51232,46.35291,46.58516,46.759487,46.68544,46.5717,46.18387,46.36734,46.618507,46.47818,46.647266,46.677456,46.500965,46.79224,46.61475,46.786995,46.75276,46.53662,46.652355,46.903526,46.498615,46.56196,46.54087,46.787834,46.92175,46.65375,46.943874,46.651276,46.906807
43.435684,43.456783,43.627594,43.340034,43.427757,43.13193,43.403698,43.30894,43.72731,43.65783,43.82813,43.87842,43.298508,43.77954,44.08816,43.621574,43.74207,43.84513,43.946117,43.75367,43.86833,43.965523,44.11773,44.014694,43.945557,43.89338,44.111824,43.77562,43.8888,44.172295,44.350513
48.48806,48.666172,48.8917,48.822018,48.79442,48.51813,48.674454,48.54561,48.479942,48.723747,48.85073,48.6143,48.830032,48.773335,48.52059,48.742603,48.786053,48.47192,48.999092,48.891155,48.453915,48.58771,49.048344,48.821754,48.74266,49.051834,48.844116,48.955692,48.75359,48.739864,48.986794
43.893173,43.837917,43.8472,43.76229,43.91294,43.95851,44.13028,44.07909,43.892155,44.076843,43.7313,44.24299,43.960777,44.21459,43.733967,44.405037,44.172157,44.36178,44.073948,43.842705,44.10075,44.20982,44.0649,44.139786,43.896137,44.10389,44.340126,44.442135,44.093483,44.046585,43.981544
47.674957,47.87549,47.70942,47.90299,47.56656,47.433292,47.316647,47.534714,47.60696,47.514153,47.656662,47.37148,47.853542,47.772774,47.81619,47.470875,47.390617,47.484955,47.6999,47.962223,47.84209,48.227924,47.538746,47.905968,47.942,48.11477,47.900616,47.903828,48.36813,48.051384,48.374485
40.934086,41.499416,41.158478,41.248165,41.33561,41.062294,41.538868,41.233704,41.131016,41.662838,41.666336,41.342655,41.564518,41.343784,41.572983,41.707207,41.40328,41.08445,41.632935,41.727253,41.05993,41.230812,41.51544,41.79139,41.49718,41.919594,41.27736,42.082176,41.5103,41.42051,42.05484
47.235676,47.093952,47.092842,47.339523,47.352753,47.055534,47.208584,47.166832,47.015453,47.541897,47.01007,47.55351,47.61105,47.698498,47.352913,47.16022,47.62582,47.59911,47.325657,47.44943,47.667038,47.745014,47.606964,47.32242,47.47353,47.27973,47.82801,47.58496,47.324615,47.68248,47.61924
48.82111,48.79767,48.824814,48.7929,49.081482,48.963345,48.93262,48.789932,48.96777,49.061813,48.928417,48.945324,49.216167,49.043697,49.23815,49.094303,49.29858,49.2981,49.35672,49.251396,49.248943,48.998737,49.300663,49.39189,49.27782,48.942825,49.48615,49.07404,49.398453,49.176796,49.530083
41.550583,41.389565,41.531197,41.428013,41.57869,41.781883,41.620632,41.68351,41.69933,41.87398,42.242634,41.709827,41.722416,41.81347,41.761803,41.60137,41.733448,41.79136,42.07663,41.641453,41.539738,41.863876,41.81341,42.06836,41.967533,42.14245,41.89039,41.947998,42.121483,41.912735,42.16072
47.662834,47.71273,47.202248,46.920506,47.768524,47.555286,47.31839,47.309246,47.700867,47.664326,47.37968,47.392567,47.615658,47.71134,47.605816,47.579765,47.63174,47.62407,47.68614,47.586678,47.94349,48.24327,47.56174,48.06675,47.604538,47.797432,47.857113,47.58084,48.377968,48.13471,48.034924
49.047752,48.826286,49.402527,49.061073,49.26317,49.330353,49.372524,49.047306,49.004005,49.29552,49.29792,49.36042,49.550373,49.65925,49.279995,49.550087,49.300915,49.445698,49.398174,49.202118,49.386417,49.612194,49.268967,49.595337,49.25382,49.624863,49.93058,49.530975,49.68107,49.363003,49.85969
52.056805,52.054142,51.99621,52.055344,51.83554,51.94731,52.050842,51.942352,52.299675,52.409626,52.749325,52.179115,51.79964,51.979687,52.153145,51.96331,52.194744,52.343887,52.589745,52.504585,52.154057,52.20948,52.266266,52.320297,52.527943,52.72605,52.23076,52.531013,52.854237,52.294,52.498863
58.566097,58.054955,58.35579,58.13385,58.35263,58.44954,58.34867,58.457077,58.43555,58.31957,58.231216,58.228287,58.14278,58.36845,58.6332,58.537666,58.604477,58.9498,58.79637,58.39125,58.891235,58.882294,58.491085,58.587173,58.458523,58.307327,58.87355,58.60126,58.955914,58.66417,58.559246
44.712547,44.88088,44.51581,44.38885,44.592964,44.658398,44.578114,44.74215,44.76114,44.82834,44.426468,44.631157,44.545574,44.475624,44.931797,44.529903,44.50556,45.09581,44.861923,44.72507,45.088272,45.271465,44.654266,44.931374,44.732647,44.65538,44.79286,44.980457,45.175335,44.82148,44.814648
45.17873,45.470528,45.33979,45.051727,45.357315,45.231487,45.506786,45.093655,45.419193,45.510735,45.31988,45.292946,45.364666,45.473515,45.653965,45.512844,45.532578,45.77222,45.4816,45.841316,45.931183,46.108807,45.480606,45.690437,45.71046,45.881386,45.833755,45.598812,45.834602,45.603817,46.084904
60.347477,59.875706,59.852005,59.97251,60.400406,59.863644,60.15933,60.027264,60.08847,60.403767,60.569885,60.22616,60.131256,59.998547,60.5069,60.369694,60.457817,60.113388,60.71937,60.35566,60.451202,60.454174,60.717274,60.742744,60.179085,60.103607,60.449963,60.483513,60.761883,60.840927,60.591526
52.048477,51.88568,51.74518,51.820694,52.313812,52.39838,52.22301,52.103867,52.21782,52.517574,52.341816,52.10425,52.175972,51.994843,51.922337,52.150143,52.198284,52.269684,52.277916,52.128494,52.488174,52.52107,52.035366,52.561333,52.013256,52.330124,52.469513,52.434982,52.959095,52.39331,52.106827
46.823315,46.72476,46.50083,46.770603,46.535484,46.55106,46.44834,46.81293,46.64035,46.364483,46.58274,46.550518,46.597332,46.5824,46.37452,46.69365,46.503803,46.564228,46.60256,46.72461,46.767727,47.07501,46.632263,46.72545,46.75974,46.933296,46.691067,46.85718,47.066696,47.024136,46.695976
49.965355,50.22076,49.994156,49.738846,50.138107,49.95847,50.135113,50.113686,50.167805,50.154163,49.79451,50.061577,50.27665,50.10033,50.095978,50.213863,50.80591,50.272015,50.278225,50.057636,50.260063,50.586582,50.659653,50.737236,50.20716,49.799942,50.488434,50.338802,50.312748,50.379395,50.1567
37.33824,37.531624,37.815804,37.69779,37.159203,37.56568,37.70411,37.54592,37.330788,37.520233,37.64155,37.91244,37.664066,37.563747,37.392097,37.442574,37.589462,37.729744,37.476696,37.60085,37.473663,37.788876,37.78072,37.503944,37.743954,37.792053,37.74369,37.88799,37.809013,37.479713,37.621117
59.632717,59.240696,59.70533,59.59756,59.44198,59.447353,59.15954,59.507942,59.52255,59.29554,59.192554,60.001575,59.765854,60.057983,59.338654,59.251762,59.66409,59.81274,59.630444,59.52868,59.71853,59.68664,60.236504,59.491768,60.086018,59.750473,60.057426,59.42026,59.296993,60.08606,59.65607
46.134842,46.12161,46.58837,46.276276,46.379295,46.18446,46.01116,46.13072,46.341766,46.074913,46.406673,46.060783,46.403904,46.51722,46.465893,46.410526,46.320778,46.374977,46.698097,46.45779,46.330025,46.35096,46.545815,46.591774,46.43185,46.58088,46.7275,46.312805,46.43197,46.450176,46.850445
43.885395,44.071407,43.704018,44.188694,44.022583,44.361923,44.397747,44.58964,44.199345,44.26545,44.005035,43.94911,44.214733,44.048965,44.439346,44.473415,44.153027,44.49387,44.137863,44.402657,44.644222,44.56041,43.945526,44.40822,44.54383,44.466454,44.31262,44.841732,44.476517,44.409264,44.443687
49.634594,49.709915,49.769577,50.000164,49.77176,49.94169,49.924435,50.275227,49.882442,49.716957,49.871655,49.526142,49.93294,49.98833,49.94781,50.337494,50.026127,49.825264,50.069836,49.925972,49.861736,49.91663,49.95097,50.107742,50.132534,50.23191,49.921772,50.510696,49.90788,50.165768,50.082714
39.367535,39.78796,39.45964,39.984344,38.902725,39.542595,39.81742,39.868332,39.4826,39.81764,39.552437,40.044933,39.919872,40.036148,39.713158,39.6917,40.05439,39.978325,39.435677,39.914963,39.722954,39.85294,39.941277,39.36226,40.44701,39.996452,39.52119,40.567616,39.75732,39.974705,39.826904
46.109573,45.718964,45.76123,45.76543,45.83103,45.5434,46.152348,45.93219,45.512253,45.991367,45.490467,46.522964,45.750942,46.27192,45.94027,46.187527,46.31066,46.540596,46.001217,46.137547,46.23766,46.415253,46.282047,45.689255,46.101776,46.145172,46.428894,46.320763,45.671936,46.19104,46.242073
52.51741,52.50347,52.259605,52.488056,52.46324,52.91531,52.34861,52.986515,53.055073,52.81057,52.54613,52.57433,52.68379,52.935673,52.738674,52.628376,52.551094,53.057888,52.86743,52.53588,52.969852,52.838,52.57576,52.968903,53.151897,53.000633,52.834244,53.126347,53.027935,53.11976,52.780228
45.6895,45.277454,45.627937,46.060173,45.723778,45.79281,45.657734,45.94285,45.529346,45.57053,45.62705,45.76344,46.073917,46.264233,45.813892,46.07958,45.5967,46.159283,45.947487,46.000328,45.933025,45.715652,45.655884,45.6569,46.19315,46.2501,46.23636,46.059242,45.585075,45.88359,46.39592
56.8751,56.75741,56.731926,57.083897,56.808746,56.624313,56.599403,56.82528,56.973804,56.84246,56.610733,57.082943,57.05329,57.286633,56.852116,56.852444,57.1356,57.108006,56.913853,57.112473,57.36795,57.205482,57.349564,56.99971,57.406548,57.04873,57.391678,57.075096,57.045197,57.58094,57.176693
50.467346,50.381374,50.551872,50.164745,50.787086,50.44149,50.44155,50.320004,50.534676,50.59678,50.426872,50.390553,50.500412,50.643517,50.42914,50.77772,50.465714,50.703133,50.901775,50.382633,50.7585,50.849766,50.718616,50.95385,50.305202,50.56225,50.94055,50.575222,50.80542,50.659004,50.763306
34.589092,34.653996,34.61653,34.760986,34.847416,34.606964,34.631355,34.432926,34.516468,34.755615,35.03072,34.976254,35.10222,34.75489,34.83833,34.681057,34.798885,34.50532,34.739506,35.07912,34.731102,34.846703,34.86985,35.10372,34.809734,35.031647,35.193634,34.810806,35.366253,35.073883,35.432613
41.350082,41.70543,41.258698,41.72387,41.393967,41.47656,41.94038,41.65478,41.361362,41.997173,42.031258,41.7795,41.69633,41.205425,41.909912,41.588783,41.529896,41.50023,41.714912,41.999237,41.67125,41.808277,41.794857,41.889534,41.94113,41.924767,41.455948,42.30809,42.156754,41.827484,42.04965
47.20933,47.37405,47.54956,47.123024,47.375122,47.460064,47.44231,47.290405,47.529724,47.3351,47.42256,47.496365,47.59428,47.527275,47.673332,47.49893,47.659874,47.689186,47.485237,47.80263,47.760246,47.892403,47.70675,47.797035,47.792118,47.91088,47.891113,47.559013,47.69357,47.71033,47.93524
61.55566,61.849026,61.67936,62.1192,61.658043,61.43944,61.636013,61.69205,61.989174,62.05559,61.91518,62.087566,61.90127,62.128063,62.324795,61.942406,62.159824,61.71358,62.09586,62.37086,62.160355,61.58665,62.61376,61.98472,62.594124,62.235474,61.95965,62.491825,62.115078,62.822273,62.395508
53.805866,53.43196,53.07216,53.459023,53.81144,53.279655,53.14802,53.499702,53.67849,53.411835,53.61154,53.43562,53.48219,53.369633,53.77558,53.680763,53.78438,53.540783,53.8809,54.092865,53.897972,53.541885,53.779,53.78739,53.663555,53.653793,53.746834,53.642334,53.96427,54.228092,53.857872
53.23503,52.661823,52.866486,52.993,53.20331,53.072124,52.888634,53.081707,52.820587,52.999508,52.811306,52.93496,53.300312,53.561245,53.17304,53.20119,53.112225,53.362488,53.35802,53.028282,53.31412,53.491306,52.96812,53.28646,53.270847,53.26673,53.73991,53.2288,53.472862,53.428764,53.793636
48.95527,49.320427,48.76876,49.48373,48.905685,49.161552,49.25598,49.539383,49.28519,49.259537,49.095657,48.679623,49.27953,48.9668,49.47482,49.21707,49.361526,49.376305,49.208405,49.534348,49.694065,49.746143,49.166,49.450447,49.774918,49.249992,49.179153,49.840366,49.679485,49.53686,49.440773
45.539486,46.10243,47.057053,46.105556,46.132385,46.525574,46.467606,46.21967,46.695267,46.2779,46.377632,46.60936,46.464184,46.926155,46.45259,46.45348,46.863617,46.64695,46.371513,46.37704,46.498737,46.605385,47.036587,46.822464,46.9231,47.077423,47.215134,46.52258,46.16952,46.60066,46.76537
61.058,61.040848,61.09665,61.58336,61.265366,61.488827,61.12512,61.50502,61.189438,61.36774,60.828686,61.025677,61.8528,61.560688,61.252117,61.29622,60.920017,61.6265,61.474236,61.31363,61.5723,61.297207,61.113007,61.493355,61.676342,61.38707,61.626717,61.711105,61.388474,61.24,61.578938
45.284702,45.251667,45.388695,45.77987,45.496216,45.616104,45.503345,45.599014,45.491734,45.72654,45.490585,45.62473,45.957912,45.771236,45.705936,45.526386,45.603737,46.00875,45.734894,45.746487,45.89178,45.648365,45.6432,45.787148,45.94957,45.59603,46.1072,45.861187,45.755737,45.63291,45.981087
43.316776,43.66204,43.34439,43.37286,43.7603,43.391464,43.56854,43.40816,43.7897,44.034855,43.495487,43.877834,43.6585,43.92987,43.857212,43.636147,43.85957,43.823944,43.65503,43.79096,44.246815,44.15058,44.11561,43.994125,43.912224,43.836906,44.077213,43.903122,43.820045,44.360832,44.028984
52.89532,53.018482,52.85887,53.054176,53.06111,53.05529,53.148354,53.114674,53.038757,53.254482,52.97845,53.267693,53.31032,53.125607,53.288498,53.21363,53.34682,53.15143,53.149216,53.368618,53.335266,53.239292,53.302063,53.445435,53.35408,53.308975,53.449703,53.613457,53.53451,53.508644,53.44297
41.71481,42.008335,42.04949,42.09995,42.01306,41.836136,41.926308,41.858192,42.104588,42.179096,41.771828,42.1923,42.41312,42.70545,41.95194,42.43027,42.27333,42.409733,42.157806,42.081593,42.265144,42.237026,42.14376,42.47058,42.238285,42.241714,42.807655,42.425896,42.271748,42.185883,42.637012
52.5311,52.091328,52.193344,51.932117,52.298447,52.30055,51.983685,52.207638,52.41189,52.01481,52.404938,52.15802,52.01309,52.184067,51.890327,52.356075,52.214294,52.39236,52.642742,52.194374,52.2391,52.39023,52.3195,52.49801,52.210968,52.508522,52.46878,52.160496,52.83029,52.43962,52.281956
40.762512,40.875366,40.664513,40.463116,40.59659,40.269352,40.477005,40.277714,40.667133,40.625126,40.632973,41.176174,40.556065,40.84731,40.155212,40.765095,40.881363,40.698803,40.68345,40.82219,40.620197,40.779152,41.08678,40.694695,40.628918,40.95616,40.89009,40.70136,40.973755,40.95572,40.71416
50.79629,50.520424,50.821358,50.722134,50.816475,50.99675,50.891792,50.841274,51.057117,50.96146,51.00843,50.99633,50.91024,51.11189,50.83409,50.957462,51.02831,51.436417,51.014915,51.05547,51.386448,51.455746,50.907383,51.19529,51.19057,51.34417,51.586563,51.05545,51.340317,51.123928,51.223866
56.539253,56.13746,56.427307,56.31804,56.536392,56.600677,56.115124,56.379856,56.435684,56.31719,56.76809,56.480854,56.69586,56.40914,56.48169,56.00202,56.334267,56.230503,56.658543,56.505993,56.448326,56.7172,56.711334,56.878197,56.737274,56.81275,56.801014,56.317467,57.05255,56.97542,56.845898
44.922592,44.88395,45.226395,45.04131,45.13173,45.75433,45.492374,45.65556,45.342705,45.522614,45.020702,45.25876,45.44787,45.829987,45.36969,45.671947,45.453056,45.953735,45.439896,44.932888,45.573498,45.639603,45.104233,45.527016,45.457245,45.539757,45.808952,45.967728,45.440956,45.330414,45.436157
51.48689,52.075764,51.861046,51.723347,51.57624,51.64706,51.558723,51.63962,52.112644,52.003937,51.97326,52.15448,51.90171,51.880974,52.1749,51.234287,52.173515,51.609016,51.718277,52.229763,52.10435,52.21111,52.624233,52.095406,52.538616,52.325035,51.912533,52.10811,52.176292,52.772545,52.089363
49.32724,49.19083,49.26998,49.009262,49.15011,49.30648,49.23393,49.342632,49.471764,49.26887,49.402763,49.45492,49.11798,49.347668,49.08461,49.466736,49.480103,49.566494,49.599934,49.19094,49.29365,49.4759,49.533802,49.63304,49.408817,49.52368,49.576355,49.534496,49.719646,49.490593,49.33099
54.071667,54.263004,54.107506,54.384872,53.94426,54.165127,54.119576,54.4233,54.29177,54.253963,54.08124,54.271046,54.174973,54.248367,54.23735,54.035473,54.344643,54.362186,54.214664,54.54389,54.442055,54.41482,54.451935,54.114525,54.723873,54.6577,54.23085,54.74116,54.307053,54.610317,54.215706
48.076145,48.15536,47.99627,48.094856,47.853134,47.859447,47.731606,48.119118,48.46951,48.16726,48.202694,48.583748,48.127514,48.520126,48.142807,48.11378,48.623108,48.211296,48.25542,48.171375,48.221874,48.178204,48.784115,48.394997,48.583473,48.306427,48.379044,48.505104,48.40814,48.96688,48.22014
49.349438,49.186047,49.874336,48.941532,49.73066,49.660557,49.564987,49.384674,49.557796,49.579437,49.743824,49.635597,49.594704,49.789097,49.675682,49.67838,49.895523,49.65831,49.9902,49.33034,49.48654,49.808964,50.09578,50.09384,49.470898,49.771347,50.075127,49.585423,49.65,49.78535,49.855022
44.38675,44.431824,44.597717,44.829582,44.23564,44.6555,44.536854,44.870274,44.715137,44.570915,44.583904,44.745487,44.474438,45.021782,44.62179,44.8905,44.84858,44.836178,44.63459,44.699524,44.723198,44.556805,44.68243,44.3964,44.964737,45.114952,44.775806,45.322025,44.787968,45.04836,44.674133
35.601795,35.686935,35.61019,35.414173,35.95908,35.569695,35.158295,35.662838,35.90741,35.554615,35.319748,35.817577,35.832268,36.337906,35.446033,35.98895,35.802376,35.795223,35.9535,35.44863,35.515606,35.514282,35.78766,36.136414,35.60779,35.894085,36.31055,35.71448,35.661865,35.990788,36.07096
46.696014,46.936024,46.844,47.01688,47.47661,46.73746,47.42712,46.733143,46.745342,47.592205,47.3249,47.03549,47.465385,46.985104,47.731632,47.453144,47.39123,47.03172,47.52748,47.532726,47.49427,47.261242,47.714207,47.7088,47.150253,46.93419,47.442013,47.509415,47.319073,47.440178,47.925587
47.955475,47.562664,47.824463,47.518505,47.944542,47.735607,47.42154,47.74318,47.86417,47.472412,48.023544,47.67994,47.621796,47.688198,47.888004,47.59728,47.713276,47.66911,48.030296,47.868813,47.87487,48.221184,47.95818,48.143166,47.81689,48.16526,48.158985,47.60177,48.19882,48.29686,48.16327
56.89385,57.177998,57.061333,57.09903,57.063538,56.705925,57.158787,56.879864,57.210682,57.56349,57.530403,57.301014,57.1699,57.03638,57.82323,57.053337,57.36563,57.193523,57.725677,57.498528,57.484394,57.283592,58.20342,57.65197,57.77472,57.130707,57.171585,57.529465,57.37903,57.8149,57.747757
23.469372,23.534082,23.298855,23.517591,23.128677,23.397972,23.536654,23.55657,23.41264,23.362213,23.691502,23.800484,23.345184,23.460588,23.308853,23.71713,23.45541,23.849985,23.493633,23.752306,23.3591,23.58658,23.202122,23.49884,23.663826,23.984709,23.733538,23.82534,23.966917,23.34356,23.89622
55.198658,54.688114,54.684387,55.01036,55.102386,54.824184,54.74926,54.91612,55.024467,54.819252,55.10971,54.993378,55.076157,54.910286,55.346928,55.320698,55.220444,55.17531,55.505962,55.363235,55.2871,54.79942,55.34171,55.366478,55.252117,54.861794,55.38914,55.096394,55.595783,55.515293,55.53403
50.483963,50.50674,50.85573,50.209625,50.60112,50.93423,50.964687,50.766117,50.7452,50.73981,50.942158,50.633358,50.563663,50.677208,50.563133,50.89042,50.87625,50.77429,50.81094,50.583138,50.70848,51.30742,50.72925,51.14821,50.659843,51.300102,51.00051,51.094475,51.16595,50.797245,50.80474
51.03156,51.339474,51.178185,51.55673,50.792427,50.90971,51.232895,51.209343,51.24725,51.245903,51.261627,51.54423,51.20914,51.32008,51.396774,51.13727,51.430008,51.29341,51.122147,51.730446,51.560047,51.538776,51.7272,51.199265,51.981907,51.733948,51.367577,51.751286,51.509247,51.85921,51.60403
47.234573,47.3573,47.502907,47.300396,47.44036,47.255047,47.630257,47.331066,47.2308,47.63141,47.807285,47.72744,47.53011,47.332584,47.623737,47.550156,47.701775,47.2639,47.695415,47.675297,47.30809,47.509815,48.001305,47.769707,47.499012,47.7481,47.540653,47.899796,47.5987,47.721905,47.745636
49.62612,49.593056,49.60324,49.125095,50.1184,49.67434,49.106754,49.27394,49.6551,49.213768,49.287617,49.107807,49.875385,49.50763,49.804375,49.62555,49.68767,49.34754,49.82151,49.79215,49.79558,49.72655,49.649044,50.15043,49.339844,49.533157,50.06824,49.22905,50.251484,49.979527,50.07497
44.488464,44.73578,44.722984,44.327602,44.582977,44.7582,44.500717,44.699776,45.014847,44.88002,44.69118,44.734238,44.71161,44.951332,44.7536,44.65378,45.08059,44.987514,44.90268,44.58113,44.859016,45.063366,44.98561,45.08573,44.82329,44.82717,44.98223,45.04135,45.03634,45.037315,44.71144
39.12981,39.723797,39.404022,39.131058,39.443077,39.29918,39.267227,39.105167,39.5971,39.721107,39.223347,39.55909,39.661655,39.618294,39.642963,39.53955,39.421417,39.75041,39.56326,39.66133,39.728134,39.678932,39.41382,39.909485,39.434856,39.62159,39.856026,39.783714,39.98698,39.495346,39.936234
49.412018,49.341976,49.29145,49.400124,49.459198,49.76869,49.483963,49.72473,49.47645,49.69091,49.352283,49.616787,49.881897,50.01254,49.51286,49.541386,49.634384,49.869183,49.62304,49.627346,49.660557,49.748676,49.53001,49.5896,49.993122,50.07048,49.786762,49.985703,49.58907,49.79831,49.85986
50.756424,50.840797,50.655113,50.584732,50.807175,50.954147,50.93128,50.964237,51.248924,51.007366,51.144592,50.921032,50.795113,51.13675,51.272038,51.193275,51.34515,51.11684,51.1667,51.277046,51.270565,51.217525,51.26364,51.31179,51.581482,51.60412,51.180225,51.34763,51.401875,51.67994,51.508686
42.107773,42.36745,41.897575,42.578632,41.726364,42.15276,42.142857,42.381634,42.081627,42.28152,42.104958,42.200024,42.190285,42.025246,41.791817,41.797596,42.165466,42.46127,41.91385,42.6657,42.349148,42.48628,41.916515,41.69864,42.553253,42.63764,41.995956,42.744106,42.43661,42.107628,41.923073
45.435947,45.858894,45.802315,45.762703,45.692703,45.268112,45.944393,45.538586,45.87463,46.068436,46.092854,45.930748,45.792667,45.974052,46.222885,46.340527,46.21412,46.00234,46.271072,46.236652,45.94251,45.884003,46.313934,46.400764,46.1357,46.125175,46.224495,46.427067,46.056942,46.059357,46.646557
49.358833,49.7681,49.697655,49.98856,49.13994,49.62669,49.585426,49.978302,50.121124,49.71739,49.991898,49.28747,49.513584,49.798916,50.05055,49.624733,49.782513,50.014797,49.98954,49.902325,49.978573,50.20261,49.79296,50.09951,50.62056,50.23931,49.896946,50.31579,50.243073,50.0669,50.27812
48.285343,48.367195,48.874985,48.649918,48.130295,48.75735,48.58941,48.73721,48.528282,48.586094,48.423214,49.279156,48.700516,49.136974,48.198483,48.37383,48.522152,48.77378,48.272034,48.4003,48.612255,48.80397,49.03364,48.246887,49.038715,49.267586,48.73673,48.998695,48.258827,48.960987,48.32379
48.145622,48.46156,48.26702,48.254604,48.617096,48.104706,48.35805,48.20635,48.101376,48.517864,47.869694,48.5143,48.667027,48.72266,48.4073,48.773155,48.429012,48.326164,48.51412,48.52352,48.437206,48.27034,48.66888,48.54213,48.320744,48.535545,48.620247,48.80478,48.23671,48.614433,48.788822
51.936935,51.52524,51.490196,51.476627,51.71438,51.72739,51.62241,51.890083,51.938293,51.458958,51.77088,51.71716,51.402912,51.788464,51.81249,52.080677,52.025402,51.962013,52.036736,51.925373,52.008972,51.92699,52.01996,51.910576,52.103813,52.116592,51.999138,51.87237,52.113678,52.386105,52.020935
44.23,44.44177,44.51809,44.49318,44.257675,44.160786,44.028465,44.40057,44.419086,44.100925,44.39852,44.1191,44.507454,44.55695,44.412113,44.51568,44.441788,44.117313,44.54301,44.335785,44.19556,44.528236,44.486614,44.78961,44.44042,44.56433,44.606876,44.697327,44.746323,44.695004,44.778538
44.521774,44.59321,44.292847,44.140312,44.189262,44.562912,44.534214,44.727665,44.60296,44.41456,44.439754,44.664032,44.3323,44.65246,44.493114,44.457905,44.8857,44.703716,44.53418,44.56884,44.547695,44.987335,44.861782,44.617928,45.138462,45.02874,44.54514,44.802193,44.736668,45.051414,44.727036
45.896206,45.637184,45.110588,46.038597,45.95159,45.427937,45.662346,45.722424,45.596153,45.9314,45.70576,46.114586,46.124096,45.81629,45.65982,46.138195,45.94245,45.924564,45.993298,46.15187,45.983997,45.522987,45.964928,46.060318,45.895313,45.608543,46.16535,46.106155,46.12649,46.107647,46.15227
43.140987,43.103424,42.752792,42.82711,42.94722,42.838043,42.702606,43.003193,43.26159,43.07728,43.55867,43.258736,42.845276,43.058914,42.782124,42.8842,43.06073,42.862045,43.266983,43.232,42.71425,43.189724,43.003876,43.514076,43.271988,43.872375,43.279514,43.28146,43.71577,43.444958,43.504097
39.961136,39.95941,39.71485,39.81583,39.57334,39.90641,39.686337,40.129505,40.02705,39.68223,39.536045,39.977673,39.657845,40.065403,39.72771,39.923275,39.761665,40.325665,39.74007,39.935314,40.235348,40.36873,39.756145,39.669975,40.160503,40.2807,39.972668,40.180138,40.047096,40.20073,39.83618
45.99546,45.545933,45.73416,45.855267,46.005226,46.212635,45.80404,46.42985,46.283203,45.783344,46.265915,45.691532,45.821407,46.05257,46.07924,46.337254,46.21315,46.16075,46.305904,45.911156,46.128914,46.189175,45.903873,46.391754,46.088406,46.288254,46.32284,46.335434,46.339794,46.45599,46.10845
37.4552,37.72741,37.255524,37.17595,37.66732,37.157257,37.308987,37.113083,37.264843,37.453773,37.032024,37.443768,37.749058,37.593246,37.704254,37.71254,37.420994,37.552467,37.524933,37.705788,37.757137,37.897522,37.405254,37.901985,37.359062,37.460106,37.916286,37.578876,38.036236,37.684395,38.263313
50.616493,50.383236,50.982254,50.518887,50.93831,50.638866,51.209488,50.50548,50.475136,50.991287,51.266293,50.962845,50.741825,50.87949,50.931152,51.090416,51.02528,50.782417,51.15169,50.88102,50.934296,51.27305,51.393143,51.162003,50.830452,51.207565,51.24482,51.01765,51.0183,51.114574,51.375656
47.247433,47.203983,47.034554,46.832886,47.16987,47.298054,47.556515,47.44677,47.02727,47.305027,47.035793,47.419098,47.11744,47.414833,46.834263,47.52769,47.440025,47.353466,47.141235,47.15988,47.233524,47.839794,47.25577,47.290382,47.26076,47.85109,47.35416,47.74953,47.310688,47.447243,47.233425
56.403446,56.455738,56.69552,56.921165,56.53396,56.902245,56.650597,56.791737,56.73993,56.741753,56.741962,56.932827,56.787228,56.82147,56.550392,56.2795,56.691326,56.610134,56.492935,56.9099,57.05647,56.87989,57.234425,56.475143,57.34354,57.28205,56.778072,56.905464,56.727398,57.399933,56.56969
40.464787,40.902607,40.795578,40.825954,40.50538,40.70342,40.957523,40.78561,40.83828,40.99998,40.981956,40.59551,40.647324,40.870647,41.078712,40.792656,40.823467,41.182003,41.03276,41.200428,41.08394,41.242336,40.905273,40.842987,41.410145,41.415344,40.89417,41.27427,41.040913,40.88456,41.39949
47.499077,47.202564,47.683426,47.6436,47.969955,47.652267,47.797333,47.597816,47.44985,47.79152,47.673786,47.73047,47.924713,48.009224,47.943516,48.05941,47.892536,47.94921,48.01812,47.829773,48.01257,47.8261,47.991215,47.931763,47.72023,47.808052,48.332497,47.924282,47.681225,47.949696,48.240723
53.023106,53.182693,53.169624,53.25623,53.07834,53.212154,52.905636,53.20835,53.428062,53.285805,52.900707,53.316574,53.358963,53.605427,52.931034,53.07696,53.336327,53.487617,53.183727,53.25213,53.53313,53.406113,53.444263,53.214096,53.523994,53.460426,53.507397,53.48605,53.301144,53.57691,53.087303
56.62677,56.312626,56.69973,56.668766,56.671364,56.630665,56.56485,56.44364,56.577755,56.585377,56.995586,56.503883,56.749325,56.42238,56.859547,56.54554,56.58412,56.721214,57.05356,56.88435,56.91594,56.833447,56.994133,56.988968,56.88692,56.701477,56.973774,56.621513,57.248825,56.89724,57.078632
44.805634,44.862293,45.114693,45.075882,44.7641,44.974663,45.302074,45.11243,44.98589,45.117046,45.400604,45.052044,44.987263,44.885788,45.25491,45.213375,45.487797,45.38046,45.43446,45.311344,45.066296,45.13578,45.46057,45.27012,45.39402,45.161903,45.242085,45.505917,45.268723,45.02106,45.305843
46.304306,46.34802,46.36579,46.721848,46.643547,46.681038,46.85361,46.729206,46.59141,46.98339,46.964542,46.698273,46.744316,46.819008,46.894077,46.948353,46.674767,46.743137,46.94287,46.820496,46.86258,46.663277,46.876614,46.942024,47.055984,47.091187,46.889263,47.232494,46.92618,47.05672,47.207703
49.278263,48.733177,48.58477,49.208435,48.937363,49.201614,49.088066,49.2842,49.116287,49.338375,49.247715,49.379444,49.181988,49.16829,49.192974,49.039158,49.15046,49.810604,49.38781,49.35698,49.61442,49.342686,49.21223,49.11741,49.66817,49.208748,49.4208,49.40669,49.53205,49.42815,49.343914
50.851887,50.82348,50.30053,50.848637,50.867577,50.65699,50.496944,50.76782,50.75193,50.806465,50.76683,50.933796,51.141407,50.903084,51.060608,50.652626,51.10571,50.658516,50.805107,51.49665,51.029667,50.786076,51.10335,50.832687,51.362617,51.24156,50.87168,51.0869,51.089493,51.599716,51.2916
42.6864,43.108692,42.8555,42.599533,42.69642,42.940887,42.909264,42.95843,43.250126,42.76884,43.14089,42.964363,42.841267,42.662586,43.011703,43.03899,43.33605,42.897644,43.043415,43.18,42.94916,42.98793,43.495926,43.347534,43.35712,43.180412,42.854168,43.117985,43.272346,43.346844,42.988853
52.856644,52.280964,52.563774,52.759743,52.708603,52.95942,53.12375,53.190765,52.619667,52.602703,52.735012,52.92936,52.59885,52.68352,52.78765,53.21068,53.049107,53.17664,52.951244,52.92246,53.06435,52.96383,52.988155,52.789886,53.059704,53.02585,53.12514,53.161873,52.86399,53.061443,52.840122
48.583057,48.618484,48.748528,48.918,48.445297,48.53469,48.966885,48.78588,48.805004,48.72558,49.060005,49.12292,48.64375,49.03559,48.823677,49.355263,49.082684,48.930756,49.042114,49.114063,48.783466,48.60568,49.272423,48.92263,49.385216,49.40525,49.031597,49.345966,48.98244,49.201183,49.329643
42.98335,42.61486,43.049477,42.7644,42.975754,43.04064,42.91085,43.19549,43.23004,42.92591,43.263107,43.229866,42.913868,43.354744,43.35573,43.484245,43.569878,43.48559,43.538456,43.13887,43.00713,42.920692,43.280445,43.393692,43.206516,43.35598,43.62031,43.4185,43.160923,43.337784,43.463284
44.956318,45.15628,45.050262,45.417427,45.043907,45.371456,45.49827,45.730587,45.330055,45.23793,45.245422,44.90518,45.3316,45.5657,45.497337,45.785717,45.616085,45.413692,45.251656,45.43488,45.613056,45.798527,45.27408,45.452705,45.7837,45.794395,45.412376,46.085403,45.41437,45.782867,45.645466
45.157417,46.06709,45.936073,45.814857,45.392418,45.389606,45.621872,45.399025,46.110962,46.11779,46.146603,45.99115,45.621876,45.713184,46.042305,45.381573,45.97798,45.76738,45.886353,46.311417,45.910213,45.861477,46.30083,46.090065,46.35704,46.377,45.95903,46.22244,46.188004,46.115227,46.20019
46.03414,45.702076,46.0028,46.05418,45.61133,46.384308,45.89973,46.49421,46.06004,45.549164,45.521824,46.17718,46.03076,46.429848,45.57157,46.168213,46.015965,46.619873,45.92714,45.846294,46.070366,46.068478,45.944427,45.715546,46.512077,46.408623,46.307304,46.204865,45.848816,46.06028,45.84611
44.47053,44.601555,44.673912,44.511646,44.501793,44.54789,45.082905,44.685047,44.41103,44.871616,44.940872,44.970036,44.434544,44.63477,44.774876,44.769928,44.788635,44.67573,44.779015,44.88239,44.71637,45.04187,45.161106,44.65193,44.99676,45.30818,44.64598,45.17391,44.698505,45.01851,44.980907
41.39025,41.452785,41.211365,41.395576,41.33499,41.275265,41.297165,41.296776,41.24864,41.35765,41.0948,41.491413,41.56826,41.62374,41.21358,41.486603,41.299915,41.645027,41.40058,41.52548,41.58845,41.69694,41.35098,41.484154,41.59925,41.620804,41.748646,41.560036,41.748608,41.52171,41.820454
48.67512,48.57692,48.23282,48.386784,48.71045,48.252747,48.332172,48.282284,48.300976,48.546654,48.61217,48.475044,48.712814,48.341923,48.659607,48.667706,48.49489,48.294018,48.776733,48.830864,48.581955,48.600685,48.651035,48.81372,48.354733,48.54016,48.536453,48.75765,49.12273,48.87487,48.92121
55.87331,55.53559,56.44404,56.28647,56.07093,56.132313,56.433147,56.262295,55.832523,55.649616,56.437138,55.942146,56.16982,56.06191,56.292118,56.683327,56.357986,55.835567,56.385464,56.163815,56.014343,56.1865,56.579624,56.566505,56.336452,56.438057,56.605263,56.393734,56.32077,56.434986,56.681297
34.475254,34.822712,34.300476,34.300877,34.67821,34.62156,34.594505,34.519894,34.64879,35.036316,34.396088,34.6846,34.52143,34.737926,34.863064,34.425716,34.61674,35.05175,34.58629,34.96504,35.175175,35.252216,34.442627,34.58757,34.75351,35.062096,34.863987,34.98721,35.02928,34.908104,34.98208
32.726395,33.12075,33.100876,32.916283,32.623688,33.01581,33.17343,33.108295,33.135506,32.815998,33.040024,33.24835,32.967804,33.234383,32.943645,33.49272,33.469646,33.2672,33.01371,33.21156,32.925667,33.041534,33.254517,33.162876,33.419872,33.508778,33.25149,33.46596,33.24728,33.160263,33.31312
53.058716,53.23916,53.007156,52.93641,53.12825,53.1504,52.770683,53.155437,53.649567,53.16748,53.083385,53.186188,53.40095,53.3105,53.465397,53.210567,53.556946,53.442657,53.34609,53.498177,53.613037,53.35582,53.54988,53.649292,53.551228,53.282547,53.45417,53.433594,53.532475,53.78115,53.331036
51.415653,51.38432,51.751106,51.66193,51.428543,51.28406,51.780724,51.526436,51.421482,51.68292,51.53513,52.136913,51.5399,52.040546,51.702015,52.03438,51.94136,51.761284,51.782066,51.680065,51.74033,51.63302,52.328102,51.60663,51.892723,51.89936,51.960693,52.152924,51.489483,52.1262,51.920895
51.239838,51.229385,51.101234,50.962067,51.17582,51.026154,50.975513,51.218513,51.44561,50.88891,51.29922,50.984016,51.028996,51.09691,51.194233,51.41803,51.393467,51.18677,51.551888,51.366524,51.264202,51.332,51.66695,51.596466,51.52808,51.42682,51.25407,51.220875,51.41515,51.65302,51.438362
49.341816,49.291866,49.108322,48.79255,50.052895,49.231873,49.51902,48.95119,49.321575,49.902443,49.392895,49.570713,49.54847,49.575893,49.620567,49.706524,49.71628,49.55375,49.837902,49.65549,49.88054,49.730953,49.90622,49.972572,49.25456,49.516617,49.970116,49.469902,49.7231,49.893936,50.003635
51.54023,51.475624,51.62358,52.06439,51.452324,52.100655,51.808662,52.219635,51.655453,51.750187,51.743477,51.780773,51.947308,51.69473,51.83071,51.48765,51.664963,51.946606,51.829895,51.83663,51.836456,51.74084,51.932343,51.68328,52.401398,52.022408,51.77017,52.20678,51.824856,51.957294,51.76876
44.17516,44.797287,44.472153,44.84343,44.061165,44.17141,44.578217,44.44187,44.55811,44.81113,44.72528,44.822166,44.63821,44.77779,44.908062,44.42191,44.60656,44.673332,44.677273,45.008575,44.684856,44.743965,45.028675,44.732018,45.516228,45.141457,44.66257,45.164402,44.859856,44.998486,45.388123
51.369755,50.768005,51.221565,51.206295,51.443832,51.55787,51.198082,51.33144,51.421757,51.456852,51.73578,51.524734,51.348953,51.47813,51.396454,51.298878,51.564354,51.614323,51.61735,51.537594,51.643383,51.42174,51.52426,51.38285,51.43291,51.705696,51.761677,51.51394,51.721283,51.801846,51.411186
46.851242,47.01274,47.099365,46.83371,46.92836,47.10976,46.733955,46.835945,47.247242,47.12746,47.16649,47.16393,47.187946,47.00134,47.076523,46.685852,46.889233,47.168354,47.06259,47.131718,47.274895,47.422405,47.04698,47.451088,47.111855,47.31888,47.42827,47.150497,47.71848,47.25207,47.22622
54.72173,54.318943,54.61123,54.570793,54.8099,54.52814,54.38061,54.33586,54.486145,54.713123,54.889755,54.627705,54.790867,54.595165,54.76224,54.567917,54.600643,54.61366,54.990627,54.82227,54.785645,54.751953,54.704144,54.92373,54.43871,54.70688,55.04951,54.768764,55.339653,54.89546,55.006462
46.522354,46.386864,47.080048,46.676224,46.994034,47.046387,46.88458,46.691628,46.573242,46.636417,46.659634,46.718727,47.214687,46.946114,46.953503,46.940094,47.02918,46.904175,46.9,46.77152,47.06152,47.044945,47.152416,47.08513,46.766415,46.700356,47.401276,46.76928,46.96962,46.962963,47.07871
41.88618,41.433018,41.820145,41.848156,41.953064,41.651653,41.940838,41.589016,41.67154,42.09593,42.323288,42.61489,41.989204,42.054337,42.048977,41.8984,42.170616,42.21373,42.1974,42.281673,42.020798,41.91208,42.369633,42.094902,42.104836,42.21678,42.619057,41.99489,42.145504,42.193417,42.528893
49.01896,48.822014,49.343353,49.318703,49.250755,49.368835,49.05707,49.39637,49.29037,49.0208,48.960842,49.134937,49.222805,49.69851,49.48477,49.473778,49.329136,49.60026,49.500847,49.336514,49.555676,49.128185,49.481995,49.12805,49.640957,49.563286,49.704224,49.43686,49.061554,49.637024,49.59688
44.796383,45.141224,45.232162,44.74248,45.40342,45.23893,45.171776,44.963795,45.403946,45.38761,45.17005,45.082542,45.523758,45.315594,45.466187,45.32008,45.49302,45.338627,45.25716,45.21851,45.737366,45.87979,45.546726,45.93743,45.14605,45.17633,45.732727,45.336666,45.56433,45.595814,45.484875
55.188984,55.002583,55.25528,55.473442,55.202553,55.43871,55.167458,55.366325,55.392746,55.0506,55.233036,55.359673,55.29061,55.241856,55.18073,55.330475,55.48141,55.38737,55.376305,55.523052,55.59269,55.06723,55.76302,55.187523,55.686848,55.394394,55.47911,55.366314,55.52162,55.767788,55.150063
36.348663,36.110455,36.37857,36.447468,36.177757,36.455612,36.592648,36.418842,36.452,36.63854,37.02644,36.782585,36.39494,36.530098,36.46716,36.413406,36.76044,36.93697,36.70646,36.628,36.590546,36.77229,36.698704,36.62349,36.837933,36.779373,36.9084,36.706924,36.90592,36.58607,36.81282
50.62965,50.577484,51.145508,50.694843,50.564285,51.246914,50.694866,51.274464,51.14471,50.539513,50.70205,50.89309,50.843002,51.278866,50.498165,51.021023,51.150436,50.936417,50.859406,50.29883,50.703156,51.017452,51.09268,51.10929,51.01293,51.15146,51.187824,51.20734,50.96536,51.22441,50.514
47.822998,47.883064,47.68682,47.883327,48.076378,47.83438,47.562317,47.91735,47.84824,47.804916,47.577747,47.627636,48.154255,47.93851,48.094593,47.946808,47.76235,47.931248,48.03181,48.164444,48.117043,47.99049,47.744793,48.123405,47.900463,48.030273,48.155605,48.142994,48.132328,48.113647,48.28158
40.087334,40.63868,40.20443,40.539318,40.28952,40.26648,40.535927,40.339436,40.287315,40.82087,40.54064,40.466446,40.76676,40.57289,40.652245,40.552483,40.35014,40.53532,40.584663,40.85006,40.496254,40.55382,40.41092,40.68992,40.80825,40.922577,40.502323,41.124866,40.79505,40.485004,41.135475
55.497246,55.22097,55.43683,55.213528,55.483765,55.42602,55.023792,55.38726,55.549393,55.139244,55.20901,55.360176,55.598335,55.500725,55.55445,55.321575,55.592663,55.584152,55.652287,55.434914,55.660477,55.699997,55.710747,55.87599,55.59228,55.347763,55.96069,55.326504,55.814888,55.845013,55.692696
48.373627,48.211853,48.192535,47.9516,48.808853,48.526512,48.72506,48.128235,48.044785,48.52177,48.823128,48.135654,48.60094,48.01073,48.611317,48.547016,48.52157,48.18091,48.72611,48.847286,48.471756,48.762695,48.441273,48.941673,48.3327,48.815727,48.680527,48.45988,49.193817,48.524185,49.15456
47.098736,47.27628,47.117813,47.307415,47.19969,47.20074,47.329002,47.17396,47.350903,47.637226,47.61307,47.140476,47.446457,47.227013,47.705685,47.270054,47.251698,47.60365,47.659023,47.615654,47.68552,47.76522,47.33353,47.825867,47.669876,47.51513,47.635418,47.724144,48.043068,47.464046,48.012325
52.16815,52.381897,52.60025,52.342995,52.798164,52.45028,52.688023,52.231533,52.466694,52.834328,52.565308,52.590828,52.852333,52.4942,52.85944,52.51047,52.72835,52.68432,52.77316,52.81236,52.99954,52.963203,53.0509,53.155907,52.678284,52.57981,53.160686,52.65834,52.807148,52.77287,53.063
37.75619,37.86861,37.7687,37.803425,37.91832,37.798904,37.71549,37.66811,37.963013,37.991398,38.10087,37.906013,38.034615,37.965588,37.904606,37.94654,37.98051,38.05832,38.086285,38.157207,38.033863,38.04574,37.889355,38.222717,37.95149,38.138794,38.283207,38.058807,38.461445,38.02666,38.33704
47.376705,48.00757,47.87609,48.041058,47.81144,48.01873,48.180836,48.02188,47.881927,48.095253,47.75905,47.837914,48.4036,47.94239,48.278923,48.208073,48.250813,47.93164,47.89103,48.18993,48.26849,48.057915,48.364117,48.260735,48.301723,47.9206,47.997005,48.584137,48.11178,48.257187,48.142685
48.107098,47.46664,47.30513,48.650658,47.594284,47.871376,48.03245,48.618824,47.978542,48.003296,48.42768,48.351585,47.947563,48.0768,47.597076,48.541885,48.212814,48.218643,48.246834,48.030346,47.86801,47.558086,48.079304,48.02337,48.43004,48.150795,48.083855,48.841434,48.184906,48.361145,47.88822
55.967037,55.73153,56.07833,56.486538,56.27852,55.944473,56.43463,56.020386,55.796112,56.442753,56.531914,56.36426,56.421814,55.996475,56.576565,56.173702,56.487038,56.24289,56.49621,56.79095,56.47695,56.20598,56.70126,56.378975,56.486332,56.30443,56.651043,56.572727,56.394733,56.45405,56.74595
38.259346,38.251835,37.879494,37.904354,38.0198,37.988808,37.917934,38.10116,38.18274,38.20608,38.008133,38.322266,37.935772,38.393414,38.23589,38.167435,37.941673,38.406555,38.23549,38.149773,38.42213,38.616734,38.110786,38.19751,38.335114,38.514595,38.316917,38.40599,38.625793,38.635277,38.57877
49.97984,49.95871,50.315063,49.65303,50.74549,50.33435,50.373863,50.15083,50.031754,50.06179,50.097454,49.904247,50.52902,50.294445,50.420174,50.644066,50.375725,50.041428,50.453835,50.269547,50.26921,50.67464,50.341564,51.032837,50.03008,50.60827,50.881283,50.2578,50.33021,50.392593,50.943565
47.020187,46.535557,46.296303,46.85965,46.84778,46.965607,46.94983,47.12759,46.633625,47.196133,46.81396,47.090977,47.02889,46.883842,47.09099,46.850674,46.768597,47.549362,47.228905,47.071537,47.23345,47.01473,46.89096,46.83564,47.24159,46.890488,47.031376,47.28517,46.976192,46.97774,47.15131
49.655045,50.511963,49.808006,50.142628,49.790962,50.05263,50.05215,50.233154,50.32131,50.363796,50.178295,49.85088,50.372005,50.091934,50.446247,49.895954,50.382526,49.918903,50.215336,50.424698,50.160564,50.328854,50.49257,50.622192,50.97916,50.490944,49.939148,50.758236,50.596596,50.655037,50.615887
48.465027,48.667995,48.72032,48.73109,48.95611,48.740887,48.91686,48.690536,48.773705,48.652042,48.82068,48.392574,49.07966,48.67794,49.173584,49.292995,49.16428,48.753857,49.01146,49.210697,49.08812,48.988163,48.938152,49.483994,48.952084,48.895233,49.336002,49.065514,49.35518,49.03516,49.528797
48.797443,49.103546,49.234367,49.186592,48.542145,48.745243,48.685623,48.812836,48.960064,48.705013,48.7261,49.125866,48.955944,49.085247,48.9787,48.806858,48.95752,49.006783,48.89289,49.192703,49.093784,49.006317,49.34303,48.75991,49.349712,49.183197,49.033295,49.203842,49.20667,49.298443,49.075047
41.98434,42.129585,41.383087,41.8429,41.477715,41.916645,41.733826,42.23529,42.280293,41.997066,42.040276,42.038303,41.902912,41.81611,42.27003,41.718945,42.046223,42.398296,42.099556,42.22706,42.226425,42.34687,42.049034,42.32064,42.810837,42.190094,41.96758,42.33513,42.55278,42.42623,42.36358
49.896538,50.117985,50.18849,49.936134,49.96379,50.031425,49.78452,50.15591,50.57472,50.17348,50.21554,50.16667,49.864525,50.539017,50.387367,50.08721,50.492832,50.245213,50.454052,50.17839,50.272022,50.243397,50.65254,50.40204,50.676193,50.642265,50.4172,50.47083,50.353016,50.899506,50.46895
44.61758,44.276722,44.6259,44.47066,44.63514,44.577995,44.69349,44.529137,44.71297,44.644257,45.085705,44.635967,44.49144,44.733604,44.52218,44.899147,44.703144,45.005737,45.048435,44.712193,44.76414,45.05714,44.619892,45.16169,44.767143,45.108154,45.34311,44.739254,45.223465,44.673523,45.24689
45.534195,45.63013,45.686928,45.424725,46.15673,45.65835,45.77923,45.463688,45.687084,45.753693,45.476345,45.50137,45.986244,45.9586,45.734917,46.21126,45.8079,45.955635,45.961796,45.900555,46.147488,46.13235,45.805874,46.27594,45.625824,45.89891,46.414047,45.74372,45.962124,45.822655,46.34871
34.512226,34.322807,34.54666,34.6028,34.532524,34.55761,34.714134,34.621895,34.46556,34.692955,34.73513,34.972206,34.58132,34.829308,34.600372,34.832386,35.02647,34.966087,34.780647,34.71177,34.673435,34.675407,34.831875,34.640175,34.67986,34.758392,35.10995,34.94435,34.82256,34.78227,34.857357
48.529587,48.801994,48.357758,48.735367,48.360542,48.343853,48.313217,48.687653,48.7657,48.52592,48.2554,48.5084,48.441975,48.440495,48.911003,48.754177,48.478313,48.876274,48.733486,48.954216,49.001675,48.6026,48.58022,48.643524,48.81031,48.60505,48.611477,49.11929,48.98977,48.89006,48.75443
46.915337,46.938114,46.65204,46.343224,46.69384,46.810177,46.84424,46.823307,47.15398,46.852486,47.32981,46.926575,46.409153,46.775494,47.10177,47.0245,47.226807,46.823578,47.06967,47.24226,47.009125,47.24021,47.171307,47.10076,47.24841,47.665703,46.804806,47.22259,47.554173,47.644917,47.23467
48.441784,48.75517,49.239815,48.949406,48.588806,48.97273,48.76109,48.92127,49.255295,48.71532,48.717148,48.901302,49.072674,49.353626,48.998566,49.229248,49.29336,49.311794,49.070183,48.85235,49.174625,48.902695,49.40273,49.216866,49.37012,48.95838,49.40956,49.198315,49.005135,49.180286,49.061356
45.49928,45.659355,45.83322,45.568855,46.203514,46.003048,46.421776,45.849754,46.291916,46.54918,46.64608,46.158554,45.83939,46.185375,46.54295,46.449493,46.46758,46.29498,46.45525,46.35381,46.587654,46.386745,46.69496,46.66381,46.503967,46.669754,46.53258,46.42176,46.23893,46.70561,46.74985
45.32576,45.873615,45.758575,45.210785,45.689964,45.300526,45.37073,45.16165,45.77315,45.704052,45.647797,45.79821,45.595905,45.926964,45.714397,45.662277,45.84492,45.383156,45.678703,45.989437,45.644035,45.790264,45.996136,45.924316,45.732,46.373528,45.89244,45.85495,45.905903,46.16454,46.163624
42.731045,42.841278,42.52465,42.451336,42.75299,42.961647,43.16201,42.938744,42.880154,42.939365,43.252625,42.925823,42.817432,42.519623,42.833702,42.943398,43.312595,42.834114,42.88916,43.159447,42.90209,43.301327,43.108814,43.300873,43.152065,43.313797,42.92319,43.181686,43.403236,43.183895,43.05387
45.305813,45.40059,45.61499,45.493126,45.41812,45.481236,45.51549,45.455643,45.632614,45.437714,45.622334,45.57334,45.5161,45.56537,45.482777,45.66182,45.71013,45.74891,45.74682,45.666973,45.668537,45.63026,45.88613,45.82039,45.825863,45.73761,45.922657,45.645485,45.787365,45.68701,45.79965
52.3963,52.46078,52.24373,51.945282,52.545082,52.39843,52.522392,52.259193,52.53559,52.571823,52.59484,52.472134,52.465153,52.01833,52.800686,52.586185,52.64996,52.502724,52.72332,52.667377,52.805,52.82669,52.82661,53.138298,52.440273,52.3602,52.655113,52.638084,53.208897,52.83433,52.726097
49.36441,50.03601,49.826218,49.499992,50.112,50.010662,49.78827,49.747,49.962166,50.175667,49.499363,49.77542,50.281574,49.749912,50.174736,49.619232,49.97279,49.782677,49.855766,49.899754,50.277428,50.176826,50.329987,50.398872,49.86748,49.675415,50.024246,50.082508,50.03991,50.23881,49.852818
56.225815,56.041447,56.120476,56.57836,56.417465,56.311325,56.573933,56.498943,56.15941,56.828133,56.543068,56.446293,56.415886,56.539104,56.352364,56.35146,56.524654,56.54307,56.643044,56.55251,56.667305,56.601166,56.75457,56.300606,56.696014,56.695145,56.503067,56.962563,56.330273,56.753117,56.476902
41.72647,42.231407,42.33226,41.98899,42.235725,41.91878,41.906822,42.005146,42.26766,41.778923,41.796024,42.20018,42.284172,42.08847,41.91378,42.178135,42.563034,41.89038,41.978584,42.21305,42.1259,42.198463,42.70494,42.608513,42.083675,42.092987,42.607887,42.04189,42.005222,42.414326,42.079414
46.10419,45.72214,45.913727,46.223267,46.26043,45.83793,46.01503,45.994194,45.90214,46.155243,46.221615,46.25905,46.091198,46.15836,46.2596,46.31438,46.253716,46.243546,46.43648,46.353844,46.318108,46.035023,46.371685,46.206833,46.08732,46.1174,46.560356,46.33375,46.308826,46.44214,46.491013
60.71055,60.359543,60.90506,60.601505,61.35434,61.090973,60.764492,60.622482,60.642567,61.038982,61.159107,60.58856,61.365128,60.737312,61.394447,60.419178,60.815754,60.722557,61.351795,61.021248,61.147602,61.194435,61.329994,61.49447,61.03923,60.90542,61.372093,60.666134,61.270252,61.262226,61.54615
51.705063,51.59004,51.754677,51.74487,52.031136,51.88109,51.755062,51.933395,51.810627,51.81269,51.706665,51.665764,51.980427,51.844402,51.983425,52.02977,51.75479,52.009804,52.14352,51.92401,52.02248,51.97503,51.8092,52.287308,51.839985,51.999825,52.322746,52.09209,52.053288,51.92925,52.225807
39.079914,39.296787,38.986336,39.0287,38.777878,39.212433,38.953243,39.296207,39.468304,38.81357,39.144424,39.497593,39.227615,39.07352,39.26515,39.15395,39.304523,39.262573,39.107395,39.27254,39.23173,39.266476,39.53562,39.64756,39.82176,39.350586,39.40673,39.226753,39.75628,39.710117,39.50055
48.50631,49.29436,49.301514,49.20059,48.786324,49.112686,48.957703,49.04504,49.181202,49.21463,48.83877,49.079525,49.378178,49.735344,49.19691,49.202843,49.171406,48.92863,48.979332,49.165874,49.169945,49.08243,49.4317,49.026733,49.59248,49.713676,49.029854,49.802116,49.150883,49.642433,49.359573
53.620514,53.211723,53.336296,53.7695,53.274574,53.424618,53.147835,53.634853,53.380737,53.607193,53.33891,53.5914,53.66309,53.830574,53.494682,53.222103,53.4088,53.82524,53.65374,53.327293,53.733078,53.87605,53.43545,53.527588,53.680664,53.442284,53.905144,53.922085,53.955467,53.831676,53.653862
51.613358,51.162445,51.315117,51.786846,51.488533,51.20248,51.48361,51.432972,51.37389,51.326447,51.57861,51.473625,51.51796,51.511585,51.697014,51.834316,51.71906,51.8219,51.87302,51.87768,51.901516,51.666924,51.777393,51.763474,51.870914,51.472847,52.11768,51.638897,51.986473,51.84403,52.173832
48.551933,48.797924,48.592598,48.627453,48.16514,48.658195,49.00473,48.946762,48.95944,48.861225,48.909267,49.013985,48.59688,48.70723,49.13159,48.971962,49.200676,49.099792,48.7645,48.909683,49.154343,49.387947,49.176666,49.15114,49.38364,48.99804,48.899242,49.49627,49.35169,49.345474,49.011837
51.3897,51.984425,52.03296,51.549606,51.789368,51.777576,51.46575,51.691765,52.15235,51.573414,51.83226,51.39532,51.81096,51.678486,51.990585,51.723087,51.867844,51.42082,51.86707,51.96425,51.85962,52.036915,52.043644,52.3844,51.932865,52.221252,51.9498,51.96242,52.23433,52.244396,52.05483
41.68272,41.50731,41.72422,41.436188,41.648415,41.579487,41.504284,41.409443,41.621258,41.6885,41.621864,41.609325,41.498203,42.011406,41.68061,41.801735,41.674625,42.07637,41.930744,41.727196,41.9325,42.0338,41.565025,41.638176,41.63002,41.991646,42.11899,41.808277,42.14389,41.802666,42.11151
43.322014,43.542164,43.41207,43.322754,43.75721,43.26765,44.03096,43.291576,43.17126,43.72993,43.605495,43.576477,43.69124,43.584003,43.780735,44.22019,43.896145,43.545082,43.911797,43.876892,43.66464,43.66554,44.12177,43.933624,43.702984,43.70684,43.76651,43.907047,43.69554,43.76097,44.31478
56.94508,57.262608,57.178474,57.56458,57.09632,57.130302,57.57069,57.360683,57.090065,57.49782,57.128487,57.31293,57.71503,57.65669,57.554802,57.458244,57.699387,57.388885,57.361282,57.600124,57.632347,57.69564,57.89564,57.544174,58.117054,57.5791,57.573845,57.936787,57.362007,57.82856,57.926888
44.91643,45.170704,44.95835,45.109257,44.91677,44.76256,44.923626,45.002342,45.229343,44.943256,45.18244,45.01739,45.037678,45.048866,45.44844,45.402004,45.164085,45.095448,45.283245,45.453632,45.389988,45.148384,45.55035,45.306458,45.470158,45.249023,45.04862,45.406963,45.304867,45.649776,45.49776
46.153767,46.19277,46.384933,46.282692,46.29947,46.437504,46.82548,46.324818,46.272778,46.690758,47.00166,46.618713,46.554398,46.45645,46.84934,46.712746,46.850906,46.343903,46.589905,46.684113,46.617992,46.828365,46.89719,46.84178,46.741505,46.85405,46.665222,47.019684,47.078686,47.00886,47.02675
35.86832,36.01442,35.659042,36.17985,35.777393,35.836296,35.870255,35.958546,35.80602,35.92132,35.54438,35.714447,36.198956,36.45057,35.94171,36.202885,35.987972,36.361378,35.848587,36.14813,36.408432,36.527565,35.628616,35.90476,36.31992,36.185005,36.36554,36.3424,36.40259,36.17066,36.596786
46.494705,46.77089,46.836525,46.7531,46.271133,46.916718,46.673153,46.876225,47.028477,46.434742,46.854557,46.633568,46.710358,46.680313,46.63796,46.62431,46.93162,46.99912,46.77401,47.045677,46.742702,46.95208,46.764988,47.02426,47.466087,47.371048,47.068493,46.92767,47.2946,46.796146,47.08097
42.95312,43.281876,43.056442,42.921074,43.18992,43.17359,42.870415,43.12687,43.373913,43.120426,43.09577,43.021698,43.134773,43.115124,43.47219,43.037277,43.16463,43.116386,43.196293,43.43654,43.453094,43.411644,43.287704,43.388382,43.35236,43.518417,43.263065,43.355824,43.519283,43.68427,43.436268
46.05149,46.00164,46.12365,46.43861,46.183228,46.03376,46.114,46.205612,46.043736,46.285275,46.14073,46.108765,46.50562,46.474598,46.238197,46.393528,46.160137,46.41737,46.430084,46.20003,46.402103,46.459187,46.259544,46.49089,46.30621,46.188858,46.635323,46.586056,46.41627,46.314617,46.63466
39.090668,39.28423,39.131027,39.067894,39.22223,39.2073,39.284966,39.27751,39.132,39.014706,38.95438,39.494144,39.234688,39.374165,39.061447,39.497604,39.298634,39.258553,39.068573,39.544327,39.307167,39.28991,39.455555,39.12365,39.479206,39.843895,39.349594,39.426994,39.075527,39.549717,39.4309
49.67139,50.129074,49.873436,50.074505,49.79397,49.6979,49.796875,49.993885,49.961193,49.98608,49.43047,49.75503,50.03091,50.28676,50.09376,50.072746,50.144703,50.2203,50.144226,50.154926,50.17418,50.01502,50.242287,49.96463,50.43096,50.07222,50.097206,50.42653,49.84257,50.191082,50.295456
43.00131,43.16974,43.100945,43.13078,42.97313,42.921074,42.719685,43.050884,43.324207,43.167572,43.13376,43.31041,43.06705,43.754677,42.79154,43.1399,43.066593,43.094036,43.141083,43.038868,43.07541,43.361874,43.12332,43.270325,43.336205,43.857643,43.487488,43.489376,43.43965,43.628963,43.469913
44.194572,44.44941,44.242447,44.240105,43.96015,44.171417,44.202007,44.016228,44.542084,44.436943,44.400692,44.363235,44.230804,44.712692,44.76859,44.36888,44.34368,44.73644,44.427864,44.705906,44.987724,44.927696,44.525692,44.409355,45.089756,44.883034,44.61312,44.62228,45.15017,45.018124,45.18391
59.157463,59.003036,59.025406,59.20691,59.56334,59.50068,59.87414,59.42479,59.116028,59.67883,59.340878,59.534283,59.79631,59.382915,59.904022,59.70062,59.672077,59.62218,59.47171,59.85545,60.025517,59.900574,59.705544,59.87831,59.835514,59.708435,59.932358,59.89134,59.70185,59.887848,60.09801
44.057705,44.210358,44.025192,44.34789,44.46103,44.317192,44.51257,44.155216,44.102932,44.613594,44.613647,44.460613,44.83472,44.17738,44.511536,44.322334,44.537464,44.22265,44.408054,44.739075,44.554913,44.472893,44.72926,44.740547,44.595657,44.416267,44.549267,44.592587,44.76044,44.659622,44.787865
45.322327,44.952263,44.69191,45.182896,44.92726,44.93289,44.94778,45.18291,45.034462,44.954803,45.20699,45.19767,44.9904,45.035583,44.961338,45.168602,45.05957,45.265446,45.145237,45.37185,45.25006,45.435337,44.860775,45.234314,45.308147,45.490578,45.435402,45.37713,45.770035,45.40312,45.489902
42.43537,42.380325,42.301254,42.53519,42.62822,42.420525,42.578472,42.45686,42.281437,42.51276,42.297237,42.566242,42.8127,42.75314,42.62561,42.86166,42.581974,42.783573,42.66099,42.788033,42.79458,42.69295,42.602352,42.712364,42.739357,42.6893,42.982773,42.754314,42.710876,42.699677,43.15664
56.620983,56.099964,56.902916,57.023148,56.76758,56.87894,56.950478,57.011757,56.36765,56.51361,56.739853,56.856087,56.98993,56.92205,56.606422,57.203587,57.00975,56.672516,56.817898,56.711346,56.728115,56.66954,57.022133,56.742744,56.664326,56.897064,57.149643,57.230385,56.668495,56.988102,56.70035
49.887356,50.00045,49.718216,49.91027,49.765038,49.571487,49.864113,49.80842,49.88622,49.961056,49.892628,50.067116,49.743282,49.705048,49.872738,49.66624,50.171997,50.043476,50.079403,50.22678,50.089703,50.188362,50.416836,50.08145,50.34234,50.011055,50.12288,50.04276,50.199963,50.24044,50.13278
43.334126,43.13386,43.454384,43.65435,43.21247,43.350437,43.48438,43.42024,43.315746,43.308155,43.741585,43.753403,43.50224,43.818653,43.362656,43.798737,43.62533,43.427883,43.47951,43.621803,43.48629,43.454994,43.794106,43.375298,43.818047,43.99153,43.696793,43.822018,43.68396,43.979996,43.833984
54.810337,54.669075,54.792908,55.072227,55.005768,55.19925,55.365337,55.1345,54.994328,55.32254,55.184753,55.136944,55.351574,54.94436,55.43275,55.084167,55.30355,55.53333,55.295746,55.38073,55.621113,55.448406,55.392765,55.53456,55.636642,55.112846,55.608665,55.400085,55.475533,55.30775,55.554043
58.19499,57.861984,58.53514,58.752342,58.213226,58.261772,58.520535,58.205395,58.525265,58.473194,59.28931,58.58077,58.373833,58.356457,58.822407,58.826424,58.796246,58.637074,59.15919,58.982822,58.564373,57.840927,59.175465,58.69165,59.03113,58.685066,58.77578,58.78377,58.93599,58.77499,59.01807
53.81577,53.790436,53.698936,54.322964,53.72628,53.896423,53.736,54.163208,54.204456,54.00349,54.01528,53.839863,53.88745,54.14121,53.706627,53.84375,53.969086,54.26094,54.090256,54.2029,54.274426,54.1206,54.028778,53.962112,54.58314,54.437706,54.20965,54.322315,54.128002,54.292706,54.055374
42.144352,42.08384,42.019745,42.604458,41.80471,42.406254,42.562634,42.795586,42.309776,42.204597,42.424545,42.607357,42.251682,42.21707,42.218864,42.723747,42.867653,42.738625,42.41775,42.664314,42.24632,41.883102,42.57591,42.119225,42.86401,42.515945,42.28439,43.040833,42.309532,42.385242,42.13189
50.937294,50.488102,50.818146,51.09337,51.2937,50.51539,51.10397,50.549965,50.388588,51.07481,51.278114,51.10734,51.24007,50.765854,50.906666,51.35441,51.13395,50.825882,51.47106,51.192276,50.90211,50.647327,51.498245,51.28009,50.643364,50.600105,51.344948,51.06391,51.147694,50.958515,51.366337
39.426807,39.87594,39.785843,39.35992,39.564598,39.631676,39.600956,39.643,39.756035,39.56966,39.155582,39.681587,39.72203,40.05973,39.907925,39.977684,39.92303,39.975822,39.712082,39.706337,39.93317,39.98832,39.926365,39.83445,39.889137,39.852425,39.963085,39.993603,39.770927,39.99454,40.033627
53.12631,53.408875,53.745415,53.070164,53.416977,53.600864,53.321877,53.48965,53.769665,53.241997,53.406662,53.368706,53.483692,53.493473,53.88995,53.501907,53.740982,53.465614,53.64837,53.556248,53.691296,53.674644,54.10358,53.915337,53.8315,53.73889,53.679672,53.590984,53.55014,54.035786,53.6731
44.97162,45.018665,44.928146,45.483337,44.705597,45.395252,45.329967,45.627693,45.562202,45.173107,45.37405,45.59756,45.255398,45.408333,45.184795,45.53508,45.420444,45.74016,45.26681,45.445953,45.493366,45.15721,45.492725,45.42472,46.17015,45.71511,45.52268,45.762383,45.492985,45.628277,45.446632
48.468002,48.00468,47.899544,47.90948,48.71592,48.442337,48.53661,48.47339,48.44013,48.53547,48.12741,48.663883,48.285744,48.535027,48.51175,48.97032,48.573444,49.00644,48.711693,48.482193,48.910248,48.65112,48.38732,48.901207,48.403522,48.562645,49.20611,48.614796,48.730366,48.711536,48.872902
48.86135,49.05851,49.06994,48.95675,48.706833,49.074135,49.027386,49.280407,49.227104,49.02422,48.90174,48.90094,48.923004,49.285652,49.35676,49.08562,49.02746,49.47949,49.180344,49.113922,49.461624,49.67749,49.22972,49.16945,49.66306,49.506927,49.181408,49.50853,49.153374,49.44084,49.40369
54.057842,53.77418,53.791885,53.971943,54.25168,53.804245,53.89282,53.675507,53.9805,54.259254,54.164097,54.46281,54.164047,54.00456,54.54817,53.950592,54.234703,54.1733,54.279022,54.588875,54.663883,54.118248,54.66916,54.222572,54.30129,54.07019,54.48867,54.121647,54.502754,54.830482,54.53695
48.36553,48.269054,48.163223,47.995388,48.478737,48.42631,47.93088,48.17904,48.579308,48.375664,48.017612,48.515945,48.683727,48.623016,48.529774,48.288326,48.36297,48.886497,48.68813,48.41136,48.76086,48.39379,48.68174,48.739487,48.665253,48.20655,48.82667,48.203144,48.630173,48.671455,48.702065
40.514305,40.396297,40.404167,40.913292,40.473923,40.556473,40.234882,40.64757,40.66688,40.558174,40.488705,40.539265,40.71273,40.667835,40.31884,40.3762,40.489964,41.04619,40.629066,40.75039,40.907425,40.735035,40.40618,40.52726,40.721153,40.598183,40.997997,40.70222,40.804176,40.551113,40.552525
45.39849,45.1259,45.33033,45.538074,45.6893,45.7399,45.712402,45.57505,45.33932,45.84692,45.837406,45.76717,45.791187,45.29543,45.58521,45.290665,45.45263,45.884308,45.771713,45.821,45.81875,45.679626,45.763878,45.684883,45.713985,45.682396,45.84691,45.66079,45.630455,45.5147,45.66252
46.05397,46.184013,45.896057,46.128384,46.040115,45.920338,45.686802,45.906178,46.160557,46.101273,46.09187,45.945568,46.105843,46.151314,46.371502,46.064064,45.936317,46.00592,46.25791,46.33322,46.363884,46.16275,46.120174,46.19703,46.240353,46.261436,46.143684,46.379513,46.80505,46.65053,46.523846
37.715553,38.163662,37.516556,38.063385,37.509666,37.72141,37.547817,38.122692,38.195232,37.913593,37.600586,37.756603,37.645557,37.94767,38.06196,37.69354,37.9651,38.206383,37.792667,38.14403,38.34526,38.238617,37.86373,37.772324,38.40962,38.08535,37.873505,38.38038,38.184452,38.404484,37.953625
45.178703,45.765873,45.512566,45.70824,45.4982,45.277485,46.04892,45.412266,45.44766,46.20896,45.99918,45.89294,45.721424,45.6478,45.971222,45.980118,45.97029,45.659344,45.98297,46.16088,45.628445,45.561398,46.041737,46.00373,45.981335,46.098434,45.797276,46.52109,46.046112,45.77623,46.367718
61.029808,60.91823,60.913208,61.18166,61.39747,61.18954,61.53628,61.09953,60.948612,61.72259,61.28489,61.245598,61.450855,61.15005,61.569576,61.328663,61.234634,61.45877,61.579983,61.561726,61.72308,61.490932,61.48828,61.560898,61.487007,61.3704,61.57804,61.715374,61.6344,61.479187,61.771538
55.433292,55.35095,55.72576,55.652843,55.471382,55.97648,55.728527,55.81744,55.75211,55.511818,55.76106,55.458275,55.719616,55.597054,55.86999,55.738472,55.7957,55.806698,55.73954,55.83594,56.034264,55.92805,55.853325,55.80259,56.054653,55.96981,55.86215,55.978848,56.11665,56.04679,55.781113
47.303032,47.001976,47.101967,47.81045,47.08439,47.219185,47.557114,47.526978,46.889954,47.29836,47.429916,47.21687,47.45191,47.58296,47.25535,47.634705,47.346134,47.43712,47.373127,47.534973,47.518013,47.653484,47.348076,47.070282,47.748913,47.71776,47.422024,47.922306,47.49547,47.618404,47.7507
36.00423,36.302902,36.354538,35.946476,36.136856,36.03306,35.813663,35.799286,36.393185,36.021694,36.26999,36.334476,36.23111,36.269928,36.10875,36.004215,36.125103,36.24337,36.211006,36.363415,36.301453,36.447952,36.408337,36.52153,36.309425,36.52732,36.606537,35.981533,36.61882,36.41759,36.575195
55.174004,55.09486,54.514557,54.864685,55.052483,54.998146,54.95527,55.35451,55.175888,55.2053,54.900562,54.98935,54.91237,55.248295,55.184788,55.398117,54.850914,55.19787,55.3513,55.110825,55.33097,55.29948,55.09545,55.26612,55.434807,55.548393,54.951626,55.66626,55.30306,55.697895,55.400635
54.6015,54.471386,54.29619,54.529404,54.778725,54.35621,54.72296,54.482243,54.736343,54.64694,54.695423,54.67076,54.793156,54.472233,54.940784,55.280773,55.234657,54.78223,55.022793,54.909996,55.11111,54.73905,55.225178,55.441895,54.767963,54.218353,55.19019,54.899952,55.347378,55.19508,55.089943
36.351143,36.440956,35.986633,36.35733,36.325737,36.252136,36.324753,36.34244,36.262684,36.402363,36.443645,36.298176,36.42614,36.2014,36.30818,36.61982,36.271057,36.50258,36.48163,36.72667,36.378223,36.464928,35.90225,36.638878,36.30133,36.691093,36.611713,36.79145,37.08878,36.26476,36.846348
45.387455,45.03131,45.10707,45.374413,45.50255,45.598553,45.65626,45.789528,45.34686,45.42197,45.734776,45.13395,45.551556,45.4017,45.546486,46.058468,45.41159,45.677746,45.82556,45.5116,45.50508,45.668957,45.14661,45.961296,45.494976,45.789345,45.762486,45.976147,45.80486,45.43504,45.95417
43.150875,43.768463,43.806244,43.68519,43.702995,43.837162,44.062836,43.65362,43.498394,43.90229,43.601044,43.68352,44.17708,43.690937,43.875607,43.73277,43.93309,43.713154,43.59098,44.022705,43.938274,44.077488,44.012806,44.01072,43.985153,43.981514,43.96725,44.127335,43.837864,43.76999,44.05281
50.40201,50.460915,50.799828,51.03225,50.701416,50.605213,51.05942,50.749504,50.6882,51.199738,51.073833,51.17322,50.937653,50.917732,51.336926,51.111,51.103043,51.059868,51.13442,51.121254,51.16824,50.741653,51.40767,51.054703,51.11024,50.883995,51.205284,51.524952,50.948177,51.20253,51.24174
35.67164,35.643322,35.79464,35.789116,35.666912,35.92672,35.68225,35.8328,35.655624,35.419537,35.5532,35.9848,36.112797,36.14277,35.450745,35.970448,35.853783,35.903263,35.64641,35.7862,35.71041,35.815655,35.87272,35.817673,36.04997,36.1065,36.17454,35.794243,35.879093,35.92875,36.05582
40.609966,40.842342,40.892433,40.41075,40.911987,40.651176,41.072807,40.50376,41.220684,41.253643,41.426376,41.28926,40.723125,41.131294,41.331276,41.504177,41.39862,41.224796,41.44101,41.1511,41.232754,40.982193,41.702118,41.521988,41.193825,41.21553,41.305923,41.231174,41.358727,41.481564,41.56683
48.86472,48.953053,48.96968,48.855743,48.688316,48.74925,48.7339,48.85952,48.942688,48.812054,49.108517,49.15438,48.899784,49.004883,48.95583,48.87611,49.273514,48.70139,48.904507,49.21514,48.862194,49.04306,49.33855,48.930687,49.143497,49.407562,48.912796,49.32924,49.225735,49.529892,49.011856
43.791126,43.861923,45.010452,44.220234,43.890358,44.203236,43.98751,44.085655,44.4842,43.65646,44.438007,44.16896,44.17411,44.878407,44.346348,44.70907,44.404507,44.441883,44.617435,44.1902,44.000137,44.039608,44.565895,44.559303,44.660034,44.924217,44.963108,44.31096,44.290085,44.330494,44.991905
48.115513,47.953304,48.185608,48.262543,47.909912,48.310207,48.466805,48.432682,47.975906,47.923065,48.16723,48.410954,48.306328,48.384274,48.551113,48.476986,48.437622,48.452236,48.284935,48.62191,48.309944,48.3464,48.487343,48.21975,49.00848,48.864304,48.540154,48.597008,48.357212,48.58871,48.96205
39.138435,39.246746,39.22753,39.213257,39.060745,39.54543,39.409462,39.60421,39.373173,39.654022,39.172215,39.588905,39.66152,39.849022,39.839863,39.31484,39.47667,40.134876,39.644672,39.28201,39.636593,39.767048,39.55146,39.642532,40.059593,39.5082,39.77633,39.863197,39.46967,39.538593,39.9808
46.928772,46.80509,47.278984,47.077766,47.23864,47.318672,47.67507,47.19093,47.2294,47.337234,47.44718,47.542942,47.110897,47.420364,47.184624,47.812557,47.49514,47.505077,47.39275,47.24668,47.5994,47.483418,47.69728,47.55105,47.43967,47.628265,47.821342,47.542133,47.498352,47.604164,47.54281
44.326015,44.541557,44.56952,44.479286,44.544693,44.505318,44.44493,44.554535,44.71616,44.461117,44.522865,44.440914,44.752884,44.93931,44.532722,45.040504,44.747566,44.618603,44.76414,44.564743,44.616344,44.679077,44.723186,45.04197,44.74765,44.86827,44.94771,44.90415,44.85941,44.86745,45.02118
53.35553,52.980984,53.246872,53.22024,53.475586,53.49728,53.573666,53.54904,53.19963,53.278618,53.157837,53.33167,53.496655,53.510475,53.67924,53.69251,53.731926,53.73413,53.650326,53.48678,53.75854,53.70819,53.728825,53.634438,53.71831,53.42196,53.893253,53.597622,53.51082,53.76216,53.829136
62.387997,62.498085,62.589752,62.649483,62.55802,62.889835,63.05394,62.86053,62.532017,62.961678,62.709133,62.47851,62.957916,62.45854,63.307262,62.663773,62.631855,62.965107,62.928123,63.002792,63.20983,63.2219,62.9303,63.0644,63.242207,62.912384,62.807632,63.29812,63.043983,62.909935,63.166428
42.469547,42.54087,42.76853,42.502922,42.715355,42.578075,43.07409,42.586723,42.69438,43.068836,43.004456,43.229774,42.690426,42.910954,42.807922,42.984272,43.158096,43.077015,43.016624,42.858364,42.92193,43.02629,43.383152,43.115067,42.983273,43.031563,43.25564,43.077408,42.834408,42.997997,43.121815
61.74353,61.701435,61.38102,61.657475,61.724068,61.880802,62.028618,61.88635,61.64371,61.951717,61.578465,61.681236,61.772194,61.43637,61.95209,61.84795,61.816574,61.923004,61.886818,61.986862,62.33426,62.119137,62.107563,61.861313,62.09995,61.727097,61.661076,62.201664,62.251488,62.230488,61.7565
44.124386,44.018803,43.838737,43.91526,43.91255,43.992184,43.806065,43.800816,43.85778,43.93167,43.945007,44.08616,44.192062,44.223877,43.770264,43.92702,43.81193,44.133987,44.04841,44.179596,44.046944,44.298035,43.80369,44.098946,44.246628,44.490715,44.333847,44.070675,44.712498,44.153305,44.57225
47.30506,47.57215,47.40882,47.0556,47.361145,47.14111,46.819504,46.98578,47.422146,47.256863,46.737606,47.139385,47.521614,47.58118,47.613716,47.058655,47.47032,47.650806,47.404446,47.53992,47.786217,47.880707,47.350933,47.551086,47.38864,47.256485,47.841194,47.327454,47.855785,47.607334,47.774532
47.81047,47.91861,48.186012,47.819477,48.445053,48.110775,48.14026,47.918606,48.49829,48.437317,48.460083,48.31036,48.23933,48.050835,48.51604,48.199387,48.78037,48.373333,48.445076,48.432865,48.693275,48.496433,48.790436,48.927383,48.14352,48.098305,48.903675,48.262512,48.564037,48.647697,48.35476
45.57262,45.94215,45.40515,45.58311,45.715958,45.59263,45.781353,45.52016,46.037136,45.920807,45.857265,45.828983,45.67364,45.603127,45.784817,45.614822,45.952026,45.96512,45.690292,46.321102,46.433437,46.401512,46.131348,46.09754,46.371704,46.210915,46.062534,45.789757,46.318127,46.33982,46.163235
49.304165,49.525093,48.979683,49.42755,49.376778,48.982563,49.29808,49.077286,49.17194,49.78522,49.208332,49.40236,49.599884,49.51319,49.58435,49.295696,49.247665,49.57888,49.602848,49.6671,49.803135,49.757977,49.582577,49.59326,49.727043,49.404984,49.56815,49.732063,49.83734,49.707493,50.046246
54.38395,54.264286,54.39627,54.69554,54.32624,54.5575,54.377827,54.72004,54.80667,54.799488,54.703106,54.96033,54.59272,54.868694,54.661953,54.307102,54.77906,54.859356,54.552948,54.756397,55.017384,54.89809,54.943226,54.629166,55.12043,55.033783,54.934124,55.053875,54.696335,55.29118,54.59515
49.885536,49.541412,50.04631,50.166176,50.08908,50.11386,50.04244,50.03125,50.0695,50.014915,50.505806,49.901505,50.095783,50.241497,50.087418,50.512276,50.162785,50.117905,50.4903,50.14976,50.107323,49.920643,50.117413,50.397736,50.167385,50.418648,50.542126,50.38491,50.58742,50.298023,50.55414
46.16917,46.3873,46.6575,46.33191,46.706215,46.70706,46.70092,46.468124,46.593384,46.631554,46.88241,46.601475,46.83545,46.705315,46.570892,47.06969,46.575897,46.389477,46.86797,46.5934,46.464027,46.36064,46.962757,47.080414,46.63454,47.00093,46.72298,46.88004,46.74507,46.78871,46.929882
48.743855,48.62804,48.942917,48.803448,48.656807,48.73113,48.86522,48.650517,48.84926,48.907085,49.035923,48.992287,48.81145,49.19646,48.704372,49.04625,48.87895,49.20767,49.220387,48.83317,48.940605,49.04517,49.131096,49.094727,49.2245,49.223312,49.32621,49.031555,49.255367,48.980198,49.38183
44.88166,44.481876,44.02716,44.092583,44.733917,44.323025,44.335117,44.378113,44.458126,44.57641,44.516598,44.553814,44.20509,44.275105,44.590885,44.649864,44.450275,44.6878,44.810314,44.717236,44.82306,44.845177,44.410583,44.69716,44.262318,44.595886,44.691727,44.62712,45.234905,44.8973,44.785553
54.56218,54.107796,54.219994,54.276146,54.495903,54.37783,54.334885,54.506668,54.311115,54.521076,54.359066,54.433784,54.368748,54.643715,54.338318,54.63999,54.539177,54.645954,54.830925,54.236668,54.542168,54.56835,54.646736,54.552353,54.404243,54.414627,54.656845,54.75146,54.65014,54.76033,54.504444
47.88771,47.62377,47.219444,47.8472,47.729355,47.21194,48.02101,47.48555,47.316086,48.03472,48.190735,47.792515,47.455753,46.92093,47.757324,47.81272,47.79737,47.85838,48.014107,48.42207,48.01224,47.97763,47.742985,47.79017,47.51772,47.678658,47.752914,48.157703,48.412884,47.641815,47.91812
57.69911,57.640015,57.639114,57.53251,58.022568,57.834255,57.66501,57.739376,57.939556,57.958866,57.651554,57.72563,57.950497,57.684345,58.19152,57.85038,58.078278,58.02577,58.085045,58.02717,58.362957,58.013233,58.191765,58.193634,57.812805,57.603043,58.11288,58.042606,58.14829,58.27545,57.857376
46.44805,46.43601,46.501976,46.469193,46.476532,46.845398,46.93561,46.77235,46.647114,46.832684,46.887726,46.84554,46.699783,46.69308,46.805595,46.80763,46.767082,47.104515,47.006275,46.886562,46.763206,46.70291,46.963524,46.881165,47.272205,47.141563,46.856228,47.016315,46.837948,46.74578,47.106434
39.14288,39.255753,39.705658,39.499805,39.23558,39.624443,39.070644,39.21764,39.87846,39.304264,39.652424,39.475124,39.516117,39.943268,39.52178,39.33379,39.597763,39.889835,39.54816,39.762806,39.881947,39.54131,39.696968,39.40709,40.064667,40.02043,39.967667,39.366314,39.83013,39.870094,39.84342
42.95442,43.232376,42.589134,42.94395,42.84938,42.525692,42.793114,42.888268,42.89223,42.86592,42.917545,42.735626,42.68345,42.789078,43.048702,43.184227,42.96969,42.885315,43.082138,43.5999,43.012302,42.964508,42.85904,42.83291,43.12847,43.506332,42.741554,43.43485,43.217693,43.214714,43.3641
46.58989,46.890373,46.650627,46.761158,46.458992,46.34193,46.389362,46.304825,47.023006,46.772243,47.162567,46.95432,46.51006,46.54815,46.718784,46.554684,46.869762,46.673542,46.860752,47.305283,46.893658,46.640144,47.122486,46.83696,47.064384,47.15191,46.78492,46.90174,47.42185,47.200325,46.946472
53.351776,52.996277,53.05316,53.620773,53.393356,53.099766,53.49245,53.338905,53.061306,53.620975,53.347515,53.59051,53.434566,53.44744,53.35401,53.54634,53.372673,53.757755,53.633045,53.681755,53.713215,53.480076,53.495403,53.38745,53.54898,53.506348,53.82361,53.808105,53.487747,53.481853,53.735714
43.57522,43.76649,43.34487,43.22668,43.47264,43.382603,43.369682,43.307236,43.16703,43.62864,43.048214,43.56235,43.768715,43.66931,43.44194,43.27744,43.40791,43.5806,43.342697,43.620598,43.63921,44.184677,43.257755,43.539368,43.405827,43.753014,43.683586,43.8191,44.018337,43.620365,43.851562
50.801636,50.73354,50.357674,50.63352,50.74259,50.743767,50.58213,50.868874,50.910122,50.870792,50.697186,50.675552,50.635487,50.482113,50.95617,50.727364,50.88191,51.01038,51.009552,50.990704,51.118492,50.903053,50.80049,50.997704,50.867233,50.69966,50.889088,51.11256,51.3517,51.1051,50.792973
46.10848,46.115112,46.34556,46.32699,45.729324,46.41223,45.99471,46.568623,46.387295,45.960037,45.813915,46.141228,46.046474,46.668755,46.03045,46.101562,46.120975,46.754116,46.091663,46.104496,46.48839,46.72586,46.012287,45.939293,46.710022,46.77276,46.504513,46.58995,46.305443,46.40924,46.21214
49.67477,49.95184,50.010216,49.74887,50.344276,49.827675,49.84739,49.701084,50.179348,50.100895,50.074547,49.892708,50.204216,49.870106,50.399326,50.31365,50.40916,50.071568,50.52018,50.469025,50.23512,49.631233,50.645214,50.50003,49.97849,49.86773,50.260838,50.13349,50.05374,50.234756,50.273243
41.933388,42.153015,41.953224,41.822025,41.84488,42.091377,41.69017,42.20548,42.281242,41.82378,41.74072,42.053005,42.05067,42.290096,42.16499,42.029354,41.894745,42.28276,42.09704,42.07985,42.16056,42.24834,42.068607,42.243935,42.475513,42.48661,42.218243,42.241993,42.17643,42.39942,42.392036
43.127644,43.513107,43.624283,43.33005,43.252213,43.040565,43.148964,42.93623,43.30525,43.263573,43.61284,43.22498,43.291203,43.181526,43.549194,43.1228,43.234634,43.14236,43.462402,43.76839,43.442513,43.65101,43.60893,43.495148,43.458214,43.768402,43.44967,43.42618,43.81473,43.575027,43.8368
44.134552,44.065983,43.642982,44.123646,43.903877,43.848034,44.002625,43.972816,44.149193,44.38922,44.209007,44.45951,44.116833,44.129612,44.289757,44.066277,44.41476,44.491955,44.116253,44.58336,44.640266,44.456936,44.263645,44.13556,44.40065,44.235,44.361977,44.56415,44.69852,44.631935,44.33936
34.62328,34.882202,34.351936,33.863274,34.33187,34.466393,34.104515,34.456425,34.903893,34.381294,34.299026,35.00167,34.50843,34.870132,34.45665,34.616478,34.706787,34.692184,34.526123,34.377583,34.44511,34.834084,34.666103,35.075195,34.71783,34.879963,34.850914,34.641872,35.15999,35.076366,34.87814
51.90502,51.728184,51.760918,52.537144,51.840836,51.821613,52.287163,52.039543,51.833508,52.309483,52.48271,52.090214,52.06071,52.048492,52.057064,52.237946,52.01055,52.34824,52.348564,52.617847,52.32728,52.09561,52.143383,51.989174,52.603622,52.582428,52.26209,52.63055,52.347656,52.149635,52.59417
48.480534,48.645733,48.944008,48.32048,48.813644,48.603233,48.422302,48.333397,48.48305,48.46768,48.37915,48.74016,48.87272,48.684544,48.58374,48.683044,48.86723,48.44257,48.777763,48.706566,48.470818,48.431267,49.054073,48.79013,48.338062,48.627228,48.85565,48.669174,48.777218,48.76015,48.651093
45.366604,45.40591,44.941864,45.349316,45.272987,45.064495,45.28295,45.334297,45.332245,45.243546,45.2782,45.4234,45.25692,44.860893,45.499485,45.422665,45.545982,45.489414,45.488213,45.814316,45.602024,45.373566,45.5759,45.62243,45.5409,45.20639,45.523293,45.542717,45.817055,45.58892,45.558624
51.196274,50.99401,51.153755,51.072746,51.33008,51.226326,51.011246,51.15141,51.21714,51.111477,50.9572,51.10382,51.340996,51.540977,51.298,51.61371,51.35863,51.373512,51.41927,51.20754,51.540302,51.310616,51.350826,51.349808,51.151714,51.22548,51.553688,51.469707,51.54662,51.65295,51.417824
51.20263,51.002316,50.70871,51.338196,50.9383,50.965145,50.79134,51.219334,51.052124,50.9249,50.63335,51.33342,51.224907,51.188328,50.829967,50.861134,51.03677,51.347874,50.96529,51.220978,51.45822,51.304462,51.286068,51.036034,51.565323,51.088646,51.41515,51.149414,51.260487,51.541073,51.12952
48.37676,48.384945,48.420822,48.842,48.349335,48.36071,48.024982,48.45117,48.53548,48.509987,48.647724,48.36024,48.72812,48.76612,48.50391,48.425945,48.33113,48.455257,48.707317,48.668144,48.499016,48.36878,48.411148,48.559,48.678432,48.79493,48.644257,48.92199,48.92514,48.77592,48.819695
48.356644,47.939617,48.538483,48.57493,48.333603,48.62489,48.738537,48.750195,48.23429,48.44181,48.483067,48.441776,48.568504,49.01343,48.42886,49.11873,48.723568,48.875175,48.840515,48.242455,48.510826,48.553493,48.66086,48.484306,48.68891,48.684097,48.845,49.044155,48.455536,48.601,48.7658
39.33045,39.56193,39.188614,39.217827,39.443108,39.304283,39.395977,39.581024,39.4194,39.063873,38.659573,39.14369,39.386127,39.624405,39.487152,40.15143,39.54724,39.76085,39.48711,39.48796,39.721256,39.616592,39.338543,39.638474,39.5188,39.433723,39.751137,39.702904,39.498596,39.58013,39.83753
44.476456,44.68305,44.25923,44.766277,44.538055,44.194633,44.658768,44.481117,44.40532,44.879566,44.512314,44.67914,44.5676,44.748398,45.115257,44.62406,44.708965,44.83822,44.744568,45.230293,45.13616,44.96834,44.904896,44.51564,45.190613,44.988678,44.775383,45.101864,44.78094,45.1719,45.387608
51.514366,51.481586,51.251495,51.099194,51.880493,51.435795,51.68361,51.381104,51.491512,51.648434,51.730415,51.067036,51.59909,51.295895,51.595703,51.80552,51.79513,51.479343,51.768925,51.82465,51.878895,52.3379,51.50497,52.24318,51.378986,51.80217,51.907,51.732395,52.193977,51.780396,52.025917
41.146156,41.524475,41.42945,41.230644,41.153275,41.328312,41.07637,41.342663,41.706253,41.11891,41.171844,41.521202,41.303432,41.36515,41.347134,41.22689,41.531174,41.45856,41.19468,41.483345,41.67381,41.686348,41.742252,41.593033,41.67861,41.548584,41.63615,41.394817,41.657238,41.875996,41.34895
43.96492,44.591545,44.515053,44.512474,43.947853,44.200317,44.134464,44.489433,44.569523,44.329952,44.435516,44.49998,44.546547,44.829723,44.23778,44.303234,44.550697,44.32212,44.41278,44.570946,44.042477,44.341866,44.699844,44.534653,45.058308,45.193375,44.41633,44.930496,44.20662,44.630924,44.71559
48.03306,48.34729,48.21122,48.129333,48.320107,48.26658,48.180405,48.07633,48.40728,48.209095,48.347492,48.206715,48.51425,48.082092,48.214478,48.27185,48.27178,48.123417,48.283802,48.470554,48.456215,48.58403,48.414154,48.95746,48.41928,48.494545,48.689037,48.320045,49.010418,48.53397,48.665417
48.398357,48.238632,48.382637,48.599133,48.72319,48.790848,48.652706,48.832813,48.62077,48.60136,48.572243,48.67712,48.884094,49.021603,48.620453,48.910984,48.93837,48.855183,48.813877,48.869663,48.73026,48.535686,48.83073,48.82685,49.139458,49.17489,49.11417,48.925236,48.508034,48.967655,49.090805
44.69325,44.946133,45.15924,45.164047,44.55519,44.74054,44.939484,44.912003,44.892155,45.047047,45.126072,45.06399,45.09746,45.416355,45.16691,44.96907,45.28519,45.113735,45.078922,45.17314,45.01313,45.309315,45.321507,44.996155,45.498825,45.44272,45.196278,45.557014,45.152622,45.323368,45.486362
43.088585,43.346634,43.167297,43.20676,43.102234,43.421566,43.220444,43.53094,43.203674,42.993446,42.788853,43.116024,43.458927,43.194084,43.33383,43.285828,43.368248,43.378407,43.078415,43.382805,43.472275,43.57328,43.310364,43.317833,43.496525,43.32831,43.32738,43.557026,43.365314,43.469063,43.265
36.993107,36.955193,37.082764,36.623325,36.86631,36.9171,36.7965,36.85474,36.876385,36.767765,36.66653,37.022453,36.838066,37.254074,36.679226,37.292164,36.772346,37.334114,37.16531,36.77196,36.864788,37.06309,36.804703,36.9469,36.74276,37.194534,37.206295,37.091255,37.135574,36.776096,37.137054
43.093067,42.974537,42.561134,43.03541,43.05474,42.67545,42.93629,42.925446,43.066895,42.930096,43.135487,43.127617,42.996326,42.894787,43.14514,43.422916,43.46104,43.230705,43.303753,43.648132,43.2478,42.89718,43.27607,43.295395,43.31584,43.143486,43.358967,43.242207,43.44501,43.3886,43.52823
44.179108,44.21751,44.326515,44.293236,44.190872,44.247814,44.41214,44.35993,43.93775,44.21478,44.368214,44.23222,44.31124,44.366512,44.183834,44.581238,44.11875,44.10924,44.421432,44.345814,44.004726,44.354107,44.186977,44.316498,44.259743,44.857628,44.292828,44.817303,44.51876,44.3068,44.66568
54.483673,54.73653,54.739235,54.56224,54.640656,54.62498,54.222874,54.532295,55.280045,54.788963,54.626595,54.860672,54.744392,55.054054,55.17206,54.307507,55.038982,54.99729,54.787792,55.06515,55.45011,55.206615,55.35462,55.06215,55.44447,55.06733,55.26081,54.756184,55.069115,55.710625,55.104557
40.82375,41.134064,40.771767,40.281517,40.833275,40.63729,40.87147,40.678917,41.066757,40.894863,41.07066,41.20381,40.678898,40.655903,41.217678,40.945824,41.349472,40.82086,41.078094,41.12824,40.90296,41.25625,41.390575,41.61531,41.078663,41.153404,41.2177,41.05342,41.60311,41.44575,41.437305
54.498726,54.690517,54.988083,54.71628,54.9477,54.479584,54.838768,54.320515,54.611286,54.85814,54.914352,54.817596,55.050426,54.758457,55.007755,54.746937,54.971367,54.655388,54.941574,55.20588,55.10603,55.17969,55.41508,55.211807,54.964684,55.00241,55.251522,54.828587,55.029972,55.137264,55.374096
48.639416,48.480267,48.509735,48.804176,48.435013,48.666027,48.460785,48.66497,48.849102,48.732414,48.910744,48.685326,48.680504,48.62118,48.85748,48.505222,48.53204,49.099705,48.95231,48.88844,49.102654,48.911816,48.824448,48.849205,49.14704,48.792206,48.92193,48.85119,49.223885,48.964775,48.967953
33.302635,33.167816,33.082928,33.119587,33.231804,32.929085,32.864445,33.04437,33.326756,33.055798,33.367275,33.045956,32.931015,33.20674,33.192513,33.448147,33.240322,33.448074,33.500813,33.39729,33.352093,33.39442,32.996155,33.387688,32.985447,33.347816,33.589027,33.307697,33.791973,33.322014,33.56585
53.33696,53.450283,53.31732,53.894466,53.162216,53.422386,53.676422,53.76969,53.612595,53.531544,53.801254,53.54679,53.262314,53.3094,53.794785,53.805023,53.556606,53.5447,53.639065,54.00487,53.88501,53.49739,53.872383,53.423836,54.116787,53.993637,53.324467,54.25272,53.861355,54.127575,53.66184
45.278927,44.828495,45.411293,45.371563,45.55905,45.454166,45.27979,45.23316,45.227154,45.46431,45.783356,45.806583,45.522312,45.18708,45.471165,45.2953,45.303856,45.552876,45.731693,45.65722,45.367725,44.997852,45.557114,45.565132,45.21518,45.53637,45.899868,45.44527,45.62553,45.34912,45.56894
54.507114,54.61661,54.44362,54.923416,54.319504,54.61835,54.7928,55.02748,54.753254,55.09052,54.841248,54.694138,54.626213,54.680492,55.434845,54.593094,54.821945,55.25245,55.165977,55.16102,55.012188,54.91261,54.77908,54.92563,55.501404,55.10431,54.9193,55.615036,55.084183,54.949062,55.375458
44.884567,45.383904,44.849724,45.109573,44.581337,44.59587,44.87241,44.999622,45.040787,44.89507,45.078358,45.14204,44.797997,44.700897,45.108887,45.027203,45.03469,44.739826,45.0268,45.32658,44.92055,44.979347,45.394653,45.111748,45.35948,45.247612,44.684135,45.52322,45.42615,45.46281,45.16004
43.909054,43.86801,43.668877,43.649796,43.982994,43.729954,43.688065,43.744476,43.959232,43.980965,43.518063,44.12898,43.9668,44.186275,44.00231,43.8975,44.17781,44.407066,44.00228,44.15362,44.369553,44.278316,44.0749,44.07673,44.105675,44.001183,44.513012,43.98982,44.126545,44.25425,44.28807
50.157814,50.47169,50.210106,50.409317,50.1174,50.09896,50.512066,50.183002,50.299377,50.58093,50.714245,50.333946,50.382572,50.291073,50.702923,50.240097,50.617428,50.348835,50.55295,50.878765,50.625885,50.824547,50.85589,50.62223,51.086777,50.833984,50.42901,50.775,50.9132,50.8823,51.068775
54.489635,53.935738,54.471703,54.40136,54.36474,54.497856,54.55217,54.399384,54.378826,54.565662,54.72291,55.076946,54.45292,54.701973,54.725494,54.34158,54.831684,54.75459,54.592083,54.658825,54.950245,54.8094,55.270824,54.41239,54.984226,54.759193,54.916245,54.615334,54.658134,55.310375,54.69345
45.38654,45.202637,45.35399,45.261795,45.061256,45.05745,44.684753,45.098145,45.55948,45.15169,45.052006,45.48978,45.167553,45.937817,45.271915,45.38313,45.243004,45.790623,45.494213,45.262295,45.617836,45.44226,45.347733,45.22471,45.482666,45.52829,45.77111,45.44293,45.655506,45.746826,45.595978
46.418247,46.407528,46.361534,46.03979,46.877296,46.15704,46.104027,46.05965,46.353172,46.396038,46.24179,46.434624,46.588417,46.537693,46.20041,46.484035,46.468666,46.252296,46.51172,46.526123,46.57523,46.709198,46.675587,46.744087,46.01893,46.540382,46.78259,46.302013,46.48252,46.748535,46.56437
54.686825,54.407974,54.56604,54.60584,54.49057,54.42305,54.392918,54.617516,54.72124,54.308342,54.58045,54.661663,54.406998,54.75176,54.58275,54.74246,54.86701,54.717613,54.818085,54.776276,54.810238,54.761127,55.03613,54.73462,55.018517,54.901657,54.974136,54.69872,54.87934,55.20627,54.89068
35.735928,36.092983,36.107407,35.505497,35.98125,35.66043,35.78949,35.471893,36.13364,36.133083,36.26928,36.22233,35.90713,35.827805,36.208748,35.87408,36.220005,36.116936,36.26822,36.195972,36.07455,36.17898,36.456337,36.488792,35.871376,35.996605,36.321896,35.969563,36.417007,36.12556,36.315376
49.588768,49.657032,49.22763,49.325012,49.594215,49.6961,49.404633,49.64827,49.818542,49.906124,49.749496,49.693855,49.83714,49.452194,50.011673,49.19257,49.79338,49.735508,49.661892,49.856544,50.098026,50.254505,49.854637,50.08998,49.93205,49.70324,49.757195,49.913654,50.276936,50.289314,49.79378
50.809387,50.77823,50.986702,51.211346,50.733276,51.31666,51.056652,51.42061,51.057972,51.156406,51.152946,51.24753,51.112305,51.076096,51.254677,50.650734,51.15562,51.1721,51.001583,51.13193,51.233425,51.341724,51.273403,51.07099,51.609352,51.468857,51.239548,51.57736,51.289818,51.54085,51.08951
45.384144,45.22505,45.754005,45.00888,45.32422,45.538002,45.710934,45.35734,45.37527,45.93218,46.041103,46.017918,45.334396,45.861702,45.554325,45.59082,45.627415,45.613525,45.73205,45.274906,45.372223,46.04244,45.66378,45.742897,45.31598,46.229927,45.812904,46.164394,46.00894,45.79139,45.774418
45.04352,45.192936,44.954056,44.88862,45.043434,45.060593,44.835537,44.99386,45.384,45.188896,45.0614,45.225002,45.194096,45.370716,45.086063,45.02932,45.12358,45.42286,45.319134,45.17374,45.367508,45.434483,45.34044,45.528084,45.54964,45.40325,45.502644,45.17376,45.56417,45.49176,45.547066
60.260536,60.27828,60.587997,60.578953,60.44133,60.622997,60.512047,60.47791,60.512405,60.56946,60.49557,60.61656,60.817917,60.40574,60.985195,60.302616,60.803608,60.667675,60.67138,60.893513,60.955673,60.64005,61.09716,60.774887,61.008087,60.530968,60.87822,60.774956,60.86718,60.98326,60.77232
52.27292,52.726757,52.54255,52.402027,52.387917,52.40399,52.407467,52.529804,52.670937,52.464504,52.466927,52.54821,52.73952,52.629936,52.91157,52.710728,52.446156,52.38635,52.76286,52.6229,52.592148,52.64142,53.03516,53.145752,53.063232,52.83368,52.61173,52.90238,52.846523,53.079178,53.161777
50.989185,51.37842,51.196747,51.10959,50.91861,51.19424,51.314125,51.378704,51.43841,51.48447,51.80588,51.257557,51.013905,51.060272,51.86685,51.0821,51.573593,51.037373,51.48739,51.64148,51.305447,51.558563,51.74005,51.555992,51.856007,51.932884,51.044083,51.996048,51.810158,52.012978,51.657887
45.133266,45.234356,44.77707,44.886528,45.08304,44.726162,45.141777,44.770596,44.8463,45.17858,45.014603,45.192337,45.068047,44.696453,45.1201,45.267937,45.03904,45.34145,45.285717,45.67823,45.253532,45.1689,45.017693,45.23178,45.00039,45.218277,45.21,45.35627,45.566956,44.90035,45.47652
44.976223,44.4302,45.17074,45.149143,45.057007,45.041946,44.75266,45.106297,45.186462,44.87732,45.082253,45.387062,44.94453,45.452995,45.149925,45.062542,45.156734,45.600014,45.323277,45.140648,45.392994,45.040234,45.378853,45.039886,45.342922,45.32769,45.84958,45.022858,44.891006,45.426582,45.31744
48.420788,48.271152,48.267242,48.800327,47.975426,48.65706,48.38496,48.86091,48.541542,48.2122,48.488094,48.443024,48.488564,48.6393,48.47094,48.611652,48.51382,48.77444,48.510834,48.728695,48.60998,48.414616,48.466415,48.241707,49.216377,48.969376,48.46149,48.98034,48.755363,48.82113,48.64395
56.75167,56.781998,57.056145,56.53345,57.012245,57.331356,57.16364,57.10243,57.17864,57.281845,57.20007,57.214283,57.1904,57.286636,57.791462,57.18452,57.242764,57.19259,57.30539,57.177822,57.411823,57.392773,57.49339,57.528625,57.515045,57.618233,57.317814,57.590702,57.41347,57.796524,57.62823
52.35249,52.67264,52.433365,52.833057,52.84343,52.487766,53.022415,52.564857,52.46502,53.17041,52.987316,52.501102,52.871235,52.483047,52.65644,52.783276,52.94854,52.61383,52.86856,53.293213,52.90096,52.94215,52.844707,52.919243,52.802124,53.11918,52.80517,53.317093,52.94192,52.73745,52.988514
50.298237,50.368095,50.377617,49.978516,50.345985,50.657864,50.722775,50.508926,50.484734,50.47757,50.706394,50.27814,50.30004,50.13221,50.841602,50.649742,50.578037,50.549507,50.733795,50.63881,50.612545,50.863132,50.544674,50.960114,50.689182,50.87522,50.591423,50.839005,51.195248,50.69368,50.922237
36.300232,36.3395,37.01107,36.375977,35.781006,36.531376,36.308907,36.63503,36.605396,36.007782,36.234932,36.978073,36.18698,37.18409,36.293648,36.596508,36.83898,36.83064,36.24303,36.18759,36.368492,36.775326,36.751366,36.169052,36.839684,37.079796,36.879765,36.831825,36.4804,36.88414,36.456684
55.398727,55.096424,55.33235,55.27864,55.956184,55.42788,55.616863,55.24647,55.410553,56.011173,55.87705,55.818783,55.859356,55.653,55.58857,55.82591,55.6559,55.59218,56.075726,55.534245,55.699493,55.504425,56.043053,56.218666,55.374653,55.5091,56.07011,55.77555,55.846554,55.830894,55.930946
51.182156,51.446007,51.57422,51.209156,51.402008,51.845776,51.603027,51.81446,51.74805,51.599823,51.62692,51.615185,51.500774,51.566406,51.68433,51.63206,51.63171,51.491734,51.6449,51.48957,51.527172,51.629494,51.817875,51.885506,51.815456,52.1136,51.569958,52.081905,51.710926,51.961784,51.55878
45.278233,45.337105,45.448463,44.73728,45.13591,45.26631,45.41951,45.22052,45.47801,45.123425,45.283028,45.489502,44.883358,45.375458,45.0112,45.51529,45.84963,45.510563,45.430458,45.223038,45.32574,45.766605,45.78979,45.57157,45.466194,45.672554,45.648014,45.3573,45.666443,45.63048,45.336388
53.055862,53.075966,52.757523,53.44789,53.47026,53.38339,53.52936,53.264248,52.96292,53.74831,53.391155,53.179623,53.681652,53.02961,53.503906,53.196323,53.371704,53.34211,53.429523,53.871964,53.651855,53.357273,53.24794,53.46405,53.55262,53.48517,53.50194,53.799774,53.83065,53.439594,53.721806
56.682194,56.72759,56.264427,57.091625,56.44271,56.55837,56.601433,56.954178,56.666206,56.901512,56.372074,56.781055,56.76513,56.722507,56.889,56.534096,56.920914,56.971947,56.60993,57.15852,57.296783,56.976234,56.902126,56.409966,57.21715,56.78322,56.667614,57.415577,56.91022,57.316933,56.61462
48.878017,48.907757,49.1848,49.162205,48.918472,48.85891,49.31936,48.95276,48.610714,49.117023,49.143806,49.075752,49.28556,48.983,49.44891,49.2031,49.172165,49.18716,49.340004,49.374203,49.13193,49.274815,49.393726,49.21438,49.271317,49.142128,49.265804,49.518456,49.253204,49.05818,49.64935
49.133247,49.101395,49.076904,49.07171,49.328056,49.338886,49.11106,49.234913,49.323757,49.363453,48.84847,49.224636,49.508423,49.580128,49.230026,49.35134,49.23911,49.613407,49.267933,49.05522,49.793602,49.85498,49.232452,49.674927,49.292236,49.18863,49.86453,49.455772,49.717407,49.593586,49.485203
46.184063,46.581356,46.375687,46.356876,46.69821,46.206154,46.439316,46.158493,46.64754,46.64674,46.966698,46.462635,46.66871,46.124203,46.940025,46.774467,46.77809,46.232544,46.92998,47.01555,46.598644,46.286495,47.04797,47.290245,46.55371,46.518806,46.69853,46.75453,47.110596,46.878136,47.061203
44.892162,44.91258,45.31534,44.731052,45.25065,45.174812,45.12574,45.09353,44.959953,44.90476,44.849422,45.10957,45.3187,45.310757,45.016144,45.48901,45.191574,45.16532,45.26801,44.92119,44.994648,45.239677,45.280678,45.51927,44.894436,45.25698,45.54674,45.25152,45.04742,45.08324,45.33748
53.101196,52.97533,53.736427,53.496426,53.12522,53.61054,53.438133,53.55799,53.06169,53.26178,52.94357,53.26268,53.552208,53.667717,53.10974,53.19758,53.045433,53.738132,53.290215,52.980194,53.5681,53.956814,53.305607,53.244873,53.44031,53.523582,53.77284,53.63873,53.23401,53.175495,53.28252
51.912384,51.84808,52.22751,51.89986,52.07463,51.988995,52.09747,52.00069,52.177723,52.01498,52.227646,52.100555,52.03542,52.076942,52.542366,52.32939,52.51966,52.36507,52.587326,52.377007,52.250088,52.102303,52.582546,52.567726,52.395027,52.225388,52.63153,52.306362,52.408764,52.357216,52.658207
37.5128,37.068634,36.880226,37.78114,37.375984,37.36864,37.713783,37.782333,37.010345,37.471237,37.52256,37.432503,37.4336,37.30285,37.34354,37.711166,37.370975,37.71071,37.460545,37.639935,37.71911,37.78648,37.254692,37.303635,37.576077,37.553947,37.600384,37.907196,37.585884,37.55628,37.661327
39.129375,39.43115,39.237038,38.81797,39.354584,39.02516,39.278385,38.966015,39.272434,39.551495,39.46613,39.406113,39.21741,39.297405,39.4494,39.26527,39.453053,39.413383,39.542995,39.558792,39.379757,39.693645,39.574715,39.627502,39.31607,39.674988,39.48979,39.500614,39.550327,39.47009,39.75974
53.42649,53.366917,53.37935,54.14118,53.29315,53.826637,53.955097,54.13539,53.768078,53.875713,53.806713,54.25189,53.856014,53.678795,53.645103,53.70231,53.92727,54.065426,53.64033,53.923996,54.05421,53.706738,54.21672,53.790413,54.51828,53.932198,53.95778,54.323837,53.760513,54.154842,53.60515
48.674152,48.738483,49.180252,49.056038,48.513794,49.055588,49.04926,49.26704,49.071224,48.852173,48.818066,49.318527,48.99578,49.43065,48.768253,49.08502,49.251587,49.28593,48.882496,48.715874,49.05296,49.353638,49.357742,49.14057,49.482784,49.354416,49.454144,49.445026,48.954678,49.31822,48.998512
46.786583,47.14956,47.157097,47.15002,46.832832,47.50144,47.43542,47.384052,47.33777,47.43379,47.08884,47.419537,47.23759,47.409306,47.365803,47.209053,47.295918,47.608055,47.0375,47.36495,47.7015,47.62647,47.363117,47.18229,47.79404,47.758766,47.379486,47.82584,47.503117,47.598423,47.306984
43.298347,43.095997,43.503662,43.38994,43.007492,43.306007,43.327038,43.263435,43.25205,43.25354,43.644787,43.38509,43.335117,43.39853,43.15334,43.322357,43.484806,43.60693,43.455112,43.350574,43.354324,43.787693,43.300907,43.495193,43.39977,43.57802,43.7674,43.600063,43.960896,43.30151,43.546432
40.08618,40.57246,40.670387,40.388805,40.631073,40.402462,40.366844,40.371338,40.520084,40.62148,40.277573,40.48173,40.80413,40.812523,40.62353,40.75624,40.589207,40.635044,40.73441,40.58972,40.495174,40.447975,40.615097,40.906013,40.41197,40.677986,40.94078,40.88522,40.521503,40.457027,40.90882
40.05306,39.904625,40.30951,40.253323,40.22718,40.115032,40.32329,39.97832,39.88806,40.216785,40.17414,40.477566,40.6007,40.605873,40.21906,40.533817,40.38227,40.59293,40.504284,40.31788,40.230053,40.22764,40.425213,40.50129,40.395966,40.309723,40.970528,40.341908,40.451424,40.11445,40.973633
41.038193,40.992245,40.69992,40.59637,40.925552,40.75288,40.72085,40.76047,41.12769,40.900497,40.974785,41.468838,40.757114,41.38052,40.573456,41.09326,41.146202,40.97123,40.96491,41.02817,40.99557,41.103542,41.36701,41.060944,41.287457,41.6155,41.242447,40.967144,41.233116,41.689365,41.25619
45.51552,45.934513,45.790276,45.79115,45.605797,45.62188,45.322113,45.61192,45.946774,45.562664,45.53658,45.677025,45.81803,45.7818,45.618717,45.513603,45.71312,45.689102,45.616425,46.001686,45.951183,45.879818,45.92674,45.773544,45.960674,46.017662,45.841137,45.837025,45.963043,46.08738,45.7424
45.488297,45.335197,45.874397,45.31037,45.69346,45.672894,45.401794,45.49975,45.56734,45.373642,45.99662,45.482994,45.756424,45.70159,45.94036,45.65567,45.59991,45.349506,45.906757,45.629414,45.39093,45.879166,45.62213,46.267357,45.58032,46.148445,46.144257,45.725803,46.22837,45.914677,46.403618
46.09324,46.40734,45.97048,46.513756,46.065834,46.339024,46.55887,46.783043,46.50575,46.671173,46.147717,46.703167,46.56735,46.80048,46.717632,46.72494,46.79897,46.818745,46.417576,46.59473,46.775112,46.616642,46.75143,46.612198,47.180885,46.702553,46.61845,47.285194,46.41077,47.009445,46.773678
47.29628,47.068783,46.75737,46.5788,47.53022,47.273285,47.41878,47.08502,46.88628,47.14663,46.56639,46.946854,47.271988,47.199238,46.90984,47.766407,47.31301,47.47546,47.162003,47.12869,47.662548,47.820175,46.963314,47.41002,46.77968,47.081375,47.553745,47.279137,47.605446,47.253227,47.303837
49.535713,49.70882,49.95661,49.88286,49.582375,50.025482,49.79287,50.207,50.18899,49.926807,49.86593,49.840294,50.00635,50.205032,49.957375,49.893,50.364307,50.14711,49.963352,49.673122,50.094,50.31596,50.25257,50.285797,50.282166,49.98092,50.25108,50.41835,50.02968,50.335346,49.821163
48.488594,47.938225,48.17354,48.286816,48.292343,48.483242,48.5833,48.496788,48.13661,48.401634,48.70358,48.58873,48.405224,48.25255,48.600967,48.63034,48.48341,48.58809,48.72213,48.425533,48.458992,48.53386,48.51809,48.689568,48.51591,48.47641,48.719795,48.744904,49.030804,48.63936,48.801975
53.7003,53.489075,53.41481,53.777206,53.322617,53.62905,53.94508,54.002266,53.68199,53.95842,53.818237,53.71206,53.459846,54.06252,53.8916,54.07064,53.69236,54.19745,54.034115,53.68391,54.02838,54.299847,53.655296,53.8973,54.31285,54.285255,53.995827,54.54163,54.22046,54.1128,54.342316
47.577747,47.201855,47.561142,47.660187,46.997894,47.389076,47.501488,47.73014,47.245186,47.084988,47.369923,47.503685,47.13856,47.7377,47.040398,47.604107,47.449047,47.748642,47.440636,47.41701,47.443287,47.864758,47.47274,47.02619,47.811577,48.045403,47.57953,47.804432,47.42898,47.60156,47.485367
58.92655,58.985973,58.811813,59.325256,58.949875,58.686703,58.69308,59.20718,59.22978,58.755615,59.150852,58.643085,58.99044,58.779343,59.322567,59.26475,59.349133,58.708515,59.353832,59.36469,59.168987,58.830116,59.59169,59.35997,59.360676,58.929413,58.91095,59.452847,59.22374,59.746216,59.118515
52.209167,52.80903,52.865997,52.65939,52.53134,52.86492,52.97218,52.91166,52.895405,52.916332,52.791515,52.710587,52.65793,52.59279,52.937424,52.68542,52.80533,52.76916,52.768303,52.97116,52.992157,53.011932,53.198444,52.9162,53.205036,53.285614,52.667896,53.30561,52.718235,53.04852,52.735683
55.18757,54.968582,54.94718,55.20312,54.84217,55.06964,55.231873,55.44939,55.0479,54.988354,54.73901,55.391293,55.01782,55.147774,54.987137,55.46695,55.42614,55.568085,55.224113,55.247707,55.27769,55.149746,55.291107,55.091377,55.376976,55.202606,55.392067,55.690277,55.229527,55.271027,55.024708
38.010605,38.75952,37.83233,37.992027,38.188477,37.64755,37.92511,37.81964,38.25016,38.230015,37.825256,38.20991,38.271545,37.938305,38.36285,38.158104,38.383846,38.098106,38.06461,38.706665,38.575367,38.456882,38.582504,38.43199,38.28264,38.038414,38.117054,38.345795,38.49466,38.636276,38.409355
39.588985,40.146988,39.610954,39.37061,39.267075,39.825146,39.865044,40.02357,40.2338,39.51025,39.57514,39.789772,39.34706,39.798855,39.774162,40.091038,40.049236,40.10442,39.52578,40.073997,40.137665,40.412727,39.84728,39.89688,40.43093,40.595497,39.75224,40.225708,40.130806,40.284626,39.91979
41.22525,41.74511,41.67402,41.152214,41.352455,41.365902,41.39704,41.347305,41.73609,41.50328,41.47451,41.41132,41.420197,41.582764,41.7982,41.420673,41.723415,41.66544,41.692703,41.578896,41.66141,42.106884,41.76722,42.12539,41.835262,41.810234,41.967575,41.67489,42.052467,41.788292,42.130848
59.434612,59.574253,59.257195,59.334522,59.552887,59.465034,59.484222,59.429237,59.42639,59.4139,59.356216,59.254883,59.57677,59.131874,59.564377,59.83229,59.50285,59.22862,59.633163,59.772903,59.651436,59.427284,59.610466,59.784454,59.419735,59.543335,59.364487,59.90827,60.145332,59.819138,59.56893
52.6266,52.777912,52.425636,53.174,52.721428,52.3833,52.51059,52.573013,52.745693,53.015644,52.86564,52.816902,53.001995,52.594727,53.299564,52.538353,52.89838,52.782406,53.08101,53.292324,53.231537,52.662483,53.37143,52.99212,53.293625,52.480453,52.90203,53.0843,53.27359,53.402504,53.24328
42.56444,42.6782,42.624634,42.702026,42.48088,42.920116,43.006847,43.217213,42.801224,42.855045,42.42298,42.872093,42.786102,43.20481,42.8604,43.39105,42.97765,43.27751,42.854374,42.54095,42.982353,43.107048,42.717407,42.99433,43.01548,42.993484,43.095287,43.620594,42.952465,42.98946,42.976665
44.28039,44.173927,44.351234,43.932884,44.203354,44.354927,44.273632,44.214363,44.22323,44.08141,44.257202,44.274612,44.39724,44.402664,44.089024,44.492737,44.271294,44.541542,44.54237,44.160934,44.22121,44.55757,44.439533,44.63726,44.41853,44.48072,44.58253,44.271225,44.57755,44.241924,44.620846
43.86286,43.71698,43.93258,44.242016,43.823875,43.918022,43.61059,43.95428,43.835907,43.63695,43.66667,43.91588,44.1299,44.308838,43.907906,43.880993,43.897053,44.19469,44.0266,44.181812,44.023003,43.878155,43.84351,43.87484,44.386322,44.298637,44.52843,44.00703,44.17003,44.09122,44.533455
40.607624,40.57536,40.51068,40.55326,40.4946,40.672005,40.581875,40.735397,41.049267,40.727947,41.182766,40.756626,40.485275,40.64785,40.95662,40.810673,41.10837,40.943794,40.985943,40.96897,40.893734,40.918575,40.858097,41.152,41.05137,41.04869,41.08413,41.035904,41.468964,41.177338,41.10466
50.630035,50.997387,50.511642,50.266327,50.899414,50.745853,50.71331,50.41048,51.137184,51.101147,50.82239,50.686035,50.743473,50.8779,51.29748,51.030685,51.095306,50.897972,50.831768,51.322388,51.590454,51.41913,50.86487,51.21723,50.944157,51.28026,51.07569,51.217754,51.853016,51.631058,51.34944
48.12529,48.683975,48.387665,48.385963,48.25364,48.322742,48.436203,48.500015,48.967056,48.61312,48.636814,48.266445,48.227226,48.31561,49.1163,48.52996,48.9361,48.703896,48.57104,49.071735,49.163795,49.05629,48.789364,48.87481,48.994873,48.872032,48.68431,49.05501,49.055634,49.16247,48.832817
45.982765,45.940548,46.265472,46.290627,46.289574,46.176453,46.498756,46.223785,46.08157,46.464813,46.18161,46.185204,46.196217,46.51915,46.24223,46.93313,46.370174,46.57551,46.556686,46.169903,46.513092,46.33794,46.2569,46.388176,46.01176,46.29603,46.689064,46.88162,46.5159,46.257236,46.470367
45.701313,45.945137,46.10798,45.987976,45.778183,46.130455,45.580826,46.13965,46.606796,45.930645,46.44931,45.993256,46.07331,46.174583,46.389423,45.93013,46.3379,45.980667,46.352016,46.028248,46.05252,45.93494,46.556133,46.629883,46.59119,46.262184,46.26635,46.28488,46.54736,46.7516,46.306725
44.97828,45.34964,44.694794,45.198082,45.377937,45.170956,45.27307,45.365574,45.162514,45.50179,45.021584,45.031826,45.380447,45.416138,45.43703,45.619965,45.150406,45.259766,45.35251,45.693283,45.476913,45.224194,45.086243,45.31665,45.532925,45.852455,45.184814,45.934307,45.306396,45.580044,45.777515
43.01581,42.8184,42.903587,43.053356,43.166954,42.929806,42.924347,42.94511,43.061947,43.027355,42.95584,43.20578,43.14518,43.415245,43.25059,43.397594,43.393627,43.33376,43.189022,43.349457,43.516575,43.192238,43.328964,43.11644,43.21787,43.206665,43.57865,43.27428,43.305016,43.629234,43.47214
57.680523,57.26961,57.703896,58.02683,58.00769,57.769657,58.313663,57.813538,57.252834,58.149445,58.13319,58.043365,58.298164,57.790314,58.22959,58.113327,57.996586,57.953346,58.330032,58.127712,57.977016,57.82915,58.393932,58.21344,58.131737,57.841385,58.273533,58.299507,57.952164,57.978897,58.54671
46.894814,47.619793,47.835266,47.370323,47.10486,47.570297,47.511814,47.648262,47.794773,47.612076,47.435852,47.35262,47.43629,47.879063,47.93417,47.647144,47.633286,47.70457,47.671875,47.478016,47.693245,47.7574,47.944614,47.669296,48.050682,48.013817,47.470196,48.20322,47.424274,47.890846,47.743835
47.45823,47.61163,47.563675,47.618347,47.514893,47.25621,47.54287,47.476803,47.526466,47.711678,47.40688,47.472584,47.62326,47.747444,47.928467,47.63541,47.539673,48.11871,48.03421,47.835236,47.946487,47.97182,47.860153,47.87143,48.04649,47.673378,48.00018,47.827065,47.66257,47.629852,48.32387
51.560726,51.100925,51.521736,51.40039,51.553307,51.8777,51.71507,51.991577,51.683117,51.76069,51.408295,52.37163,51.716038,52.28899,51.922813,51.74141,51.850082,52.33856,51.905792,51.532425,51.978725,51.73183,52.355553,51.691795,52.428513,52.059822,52.18756,51.93295,51.164116,52.306786,51.96759
57.13825,57.050026,57.17942,56.80294,57.28431,57.109055,57.39039,57.182365,57.196808,57.16436,57.26096,57.438408,57.30228,57.096973,57.403206,57.4168,57.717625,57.176624,57.343513,57.356705,57.4406,57.716515,57.895607,57.859253,57.391853,57.351402,57.631107,57.428226,57.471657,57.791634,57.48171
55.485275,55.162895,55.2772,55.20594,55.55047,55.69934,55.6303,55.601925,55.414154,55.609524,55.51281,55.34357,55.733257,55.31672,55.86229,55.576576,55.709637,55.902664,55.904896,55.538006,55.859703,55.90551,55.705,56.046333,55.69345,55.284462,55.882175,55.735226,56.01546,55.65413,55.829536
53.13028,53.387283,52.84871,53.3995,53.177856,52.948242,53.466995,53.361515,53.266357,53.715374,53.448856,53.2763,53.168327,53.142,53.92888,53.52168,53.451065,53.37332,53.631878,53.76762,53.74496,53.542305,53.666557,53.584198,53.77528,53.503548,53.254322,54.13581,53.761078,53.939835,53.872746
52.408497,52.248238,51.971855,52.636036,52.386024,52.364117,52.214283,52.52103,52.441914,52.403446,52.257557,52.28722,52.45597,52.48072,52.534306,52.440437,52.616886,52.701157,52.588383,52.94939,52.852375,52.314438,52.5686,52.212585,52.946026,52.62937,52.532314,52.71778,52.586433,52.882645,52.628822
46.861023,46.82869,46.491272,46.57381,47.078484,46.887074,46.908417,46.923664,47.071865,47.065536,46.888275,47.0463,47.157825,47.04056,47.22238,47.256237,47.392418,47.204193,47.278244,47.092236,47.238213,47.07037,47.381176,47.60563,47.2863,46.870384,47.379692,47.145107,47.325665,47.46293,47.457195
51.117287,51.378086,51.44507,51.907322,51.14849,51.012497,51.416874,51.15066,51.398705,51.631695,51.80342,51.654236,51.684387,51.487602,51.635723,51.262363,51.496586,51.535217,51.62812,51.931744,51.74908,51.624832,52.065693,51.72322,52.178196,51.68644,51.782387,51.73758,51.77267,51.807556,52.098175
50.233616,49.927444,50.334625,49.958473,50.513954,50.661396,50.484486,50.384384,50.420464,50.500946,50.174282,50.85449,50.802673,50.639442,50.167133,50.54301,50.989,50.92796,50.580868,50.147926,50.560425,50.52732,50.85713,50.997803,50.419487,50.121773,51.267704,50.41785,50.56824,50.465992,50.352184
46.36138,46.555325,46.236023,46.65577,45.997902,46.241844,46.25064,46.616528,46.781242,46.291073,46.35553,46.481506,46.24553,46.759567,46.280197,46.847874,46.75533,46.688107,46.546944,46.55036,46.589134,46.48401,46.578007,46.599663,46.99039,46.775314,46.67459,47.00438,46.971764,46.94141,46.670258
50.679638,50.333218,50.593185,50.621372,50.682343,50.357433,50.4646,50.204056,50.575943,50.811947,51.11764,51.11508,50.70052,50.942455,50.48427,50.796833,50.75944,50.62629,51.02336,50.829433,50.628304,50.4507,51.11428,50.83091,50.745426,51.007347,51.046993,50.789364,51.160904,51.104088,51.09299
52.43,52.912933,52.56536,52.633644,52.668404,52.77487,52.733044,52.674694,53.131573,53.032604,52.673077,52.871273,52.92097,52.778683,53.114674,52.673313,53.36819,53.04734,52.78315,53.29739,53.40435,53.076553,53.282917,53.122505,53.36194,52.94847,53.098248,53.16087,53.277885,53.412876,52.969395
41.453087,41.45299,41.35,41.666634,41.571518,41.32776,41.60022,41.3492,41.300476,41.76962,41.5317,41.641518,41.73662,41.628063,41.75172,41.70924,41.50441,41.796593,41.665455,41.817596,41.9934,41.896877,41.634556,41.659386,41.59856,41.554337,41.88699,41.902103,41.981983,41.77441,42.033512
48.824306,48.887917,48.719994,48.987404,49.2592,49.108032,49.361523,49.087265,48.805737,49.098755,48.84626,48.892292,49.49388,48.994633,49.459682,49.448513,49.453354,49.299255,49.282406,49.586723,49.485348,49.108513,49.494183,49.31292,49.51079,49.030334,49.295692,49.321762,49.057037,49.305717,49.608746
47.85582,47.322598,47.615524,47.323437,47.679634,47.550556,47.27885,47.55207,47.5187,47.389248,47.446953,47.689228,47.788517,47.787872,47.560913,47.7172,47.391354,47.971947,48.03424,47.270294,47.612514,47.900814,47.63202,48.148186,47.47343,47.413467,48.21833,47.498493,48.006454,47.618233,48.029552
58.143745,58.31525,57.719795,58.011257,58.45266,58.050945,58.10721,58.07392,58.111935,58.671036,58.01288,58.230095,58.47187,57.949207,58.661285,57.9674,58.12117,58.143955,58.282032,58.5552,58.83777,58.67563,58.489193,58.553543,58.252537,58.11635,58.211308,58.635674,58.673016,58.85087,58.40705
37.905617,38.27256,38.328636,38.06859,37.994225,38.185013,38.485023,38.251774,38.473408,38.43028,38.79352,38.68342,38.142082,38.30625,38.413082,38.630516,38.70118,38.321156,38.43102,38.49597,38.202007,38.328037,38.723263,38.70804,38.54369,38.849655,38.48132,38.874794,38.657433,38.631695,38.581318
42.648743,42.515797,42.392036,42.59994,42.412804,42.655926,42.250565,42.646626,42.618694,42.62209,42.435738,42.738087,42.555885,42.906025,42.383232,42.260223,42.24888,42.94784,42.528397,42.69739,42.82164,42.977043,42.264328,42.39306,42.882328,43.220993,42.874374,42.7982,42.93014,42.821373,42.82253
47.776985,48.16231,47.904938,47.852417,47.848816,47.90675,48.041973,47.873096,48.04601,48.215,47.993935,48.21262,48.08807,48.034893,48.169495,47.97236,48.11044,48.096527,48.028736,48.291706,48.327057,48.30167,48.466496,48.13906,48.390762,48.315742,47.997482,48.393524,48.281933,48.469677,48.216106
39.625214,39.288418,39.558586,39.82376,39.37877,39.492825,39.326885,39.60145,39.457172,39.290897,39.75888,39.70567,39.637787,39.75158,39.668068,39.39141,39.556767,39.744415,39.584064,39.912235,39.74404,39.857044,39.660984,39.44303,40.01571,40.047714,39.94829,39.63177,39.79657,39.9662,40.065983
45.314175,45.931114,46.050674,45.79211,45.484024,45.99622,46.21719,46.109646,45.79119,46.00002,45.686035,46.081856,46.08165,46.401863,46.129227,45.95406,46.255013,45.978703,45.73735,45.966892,45.925217,46.33562,46.360428,45.99491,46.69451,46.66899,46.065517,46.608383,45.69747,46.335667,46.381382
54.665512,54.847878,54.65146,55.195255,54.600853,55.152054,54.575253,55.248634,55.498505,55.243458,55.244015,54.630543,55.133026,55.076298,55.264828,54.59212,55.077797,55.280724,55.27794,54.999878,55.397163,55.18878,55.18214,55.35945,55.76536,55.023415,55.02789,55.473854,55.546875,55.543884,55.059288
44.04351,44.46642,44.484467,44.154327,44.38806,44.23438,44.056576,44.038258,44.73936,44.289448,44.31288,44.128376,44.372646,44.705086,44.30302,44.72081,44.409367,44.405605,44.52276,44.36819,44.66801,44.586926,44.518917,44.84298,44.412144,44.63674,44.781715,44.47588,44.91411,44.749607,44.751957
36.278366,36.129414,35.42697,35.40495,36.019978,35.58848,35.674805,35.699024,35.927917,35.790573,35.831673,36.091522,35.69061,35.95602,35.93667,35.988464,36.082428,36.114414,36.059513,36.336063,36.096676,36.392353,35.941597,36.13633,36.139477,36.388138,36.223454,35.830135,36.47957,36.415154,36.624027
39.156025,39.380657,39.60476,39.335724,39.394135,39.514645,39.722416,39.476997,39.369343,39.547237,39.444603,39.776676,39.811344,40.016464,39.78504,39.853493,39.757076,39.860806,39.683437,39.745518,39.513363,39.69362,39.72548,39.877052,40.047607,40.158646,40.137882,39.90886,39.553387,39.621098,40.466312
44.55983,44.499725,44.433456,44.284428,44.528976,44.57048,44.488026,44.369026,44.694145,44.594826,44.766872,44.59409,44.46126,44.50329,44.711174,44.433918,44.60824,44.860767,44.738243,44.896225,44.968857,45.07155,44.69713,44.83304,44.918278,44.988716,44.945045,44.553112,45.22494,44.9217,45.06678
51.881844,52.357845,52.218742,52.20431,52.206596,52.17234,52.481514,52.275883,52.477776,52.515934,52.66339,52.350307,52.43519,51.848442,52.737186,52.361805,52.825886,52.17117,52.54217,52.639553,52.489502,52.45358,53.00946,53.101593,52.61911,52.235184,52.481155,52.789448,52.832077,52.736645,52.533485
43.876526,43.532463,44.04969,44.094193,44.010468,44.25271,44.60065,44.296417,43.800797,44.20821,44.349102,44.15948,43.890575,44.14311,43.90515,44.570267,44.075943,44.551346,44.377224,44.16262,44.15974,44.192577,44.033775,44.019142,44.182835,44.64621,44.43039,44.58383,44.052544,43.85441,44.30541
44.975662,45.063595,44.7053,45.0202,44.881912,45.0419,45.20112,45.141083,44.924316,45.15601,45.11596,45.364315,45.30396,45.09851,45.369755,45.12574,45.049725,45.289318,45.13831,45.585236,45.26996,45.227818,45.303967,45.197487,45.787426,45.642365,45.14074,45.47682,45.263676,45.43726,45.73789
47.57826,47.3405,47.40335,47.46962,47.549377,47.486584,47.35217,47.487644,47.19744,47.355656,47.018215,47.653957,47.779778,47.871475,47.210606,47.64673,47.502827,47.68208,47.494045,47.499832,47.519146,47.627556,47.38383,47.48384,47.46527,47.694145,47.96976,47.7016,47.68504,47.58358,47.76056
61.2689,60.84757,60.907936,60.877262,61.072556,61.02327,61.17795,61.13034,61.106464,61.331017,61.24966,61.31825,61.18917,61.09903,61.318542,61.21338,61.331703,61.393196,61.435913,61.05903,61.467888,61.810986,61.33409,61.83689,61.225346,61.110725,61.71197,61.540257,61.940605,61.56921,61.515045
42.763363,42.816696,43.310524,43.325535,42.706505,42.986816,42.750076,43.271496,43.402134,42.559128,42.955334,43.073814,43.031837,43.744255,42.850723,43.79134,43.245426,43.289974,43.244244,42.920033,42.95325,42.724022,43.21735,43.25422,43.428288,43.493385,43.574303,43.461414,43.044052,43.349445,43.355923
52.67333,52.056,52.12864,52.602,52.48649,52.765472,52.447094,52.908043,52.22799,52.579308,52.73014,52.351658,52.613445,52.33401,52.641888,52.28559,52.369934,52.702393,52.903324,52.656532,52.434864,52.5177,52.291855,52.497765,52.737858,52.77684,52.554214,52.928474,52.81137,52.564903,52.72411
47.311157,47.155926,47.592873,47.204216,47.022957,47.270187,47.165527,47.297928,47.34332,47.071377,47.339516,47.820522,47.131344,47.681118,47.265102,47.41161,47.250275,47.373222,47.295082,47.2712,47.359158,47.515926,47.698383,47.223503,47.568913,47.949394,47.552246,47.561996,47.480705,47.8985,47.489662
37.59485,37.76508,38.007767,37.482784,37.787254,37.799675,38.18961,37.78473,37.831673,38.0726,38.105583,38.06786,37.800613,38.10076,38.11167,38.23752,38.214767,38.164646,38.139835,37.85869,37.955868,38.41856,38.148426,38.406494,37.987606,38.28086,38.41475,38.313576,38.226974,38.040318,38.505177
58.031704,57.556477,57.851624,57.925705,57.582138,58.076305,57.758568,58.231647,58.196194,57.79489,58.181576,57.992546,57.639732,57.77965,58.161633,57.8025,57.746716,58.41917,58.21752,58.096508,58.333893,58.23219,58.05573,57.99038,58.441208,58.33844,58.07745,58.226322,58.27819,58.32301,57.978783
52.88623,52.63814,52.312187,52.998528,52.60367,52.30936,52.54024,52.648155,52.54449,52.393528,52.514874,52.310715,52.79412,52.634956,53.03739,53.056774,52.88186,52.84345,52.887295,53.204315,53.217567,53.060448,52.72771,52.893585,53.079163,52.586166,53.019154,52.96786,53.405285,53.194023,53.42786
54.892216,54.706,54.809105,54.97983,55.301422,55.157337,55.124256,54.993763,54.91129,55.20177,55.203594,54.685246,55.223427,54.96101,55.132133,55.304005,54.903126,55.106464,55.42214,55.246403,55.343086,55.125355,55.064854,55.329422,55.07686,55.246086,55.232685,55.311768,55.40907,55.1822,55.401752
42.649113,42.767254,42.57865,42.67162,42.556107,42.813274,42.72723,42.961884,42.786705,42.605824,43.098553,42.55736,42.691814,42.29418,42.711006,42.857914,42.942123,42.547466,42.83607,42.981197,42.52342,42.79224,42.62036,43.06183,42.685257,43.0366,42.64756,43.25072,43.36413,42.82612,42.715992
53.966587,53.939262,54.269722,54.47318,54.30623,54.36936,54.456882,54.321632,54.21302,54.48533,54.44032,54.383686,54.59643,54.27093,54.23837,54.41746,54.56403,54.478683,54.58329,54.438286,54.44738,54.141636,54.781895,54.56427,54.528255,54.250473,54.629665,54.641026,54.386982,54.36894,54.324482
41.20822,41.04027,41.25763,40.96339,41.658478,41.10965,41.26839,40.931023,41.037518,41.352997,41.33527,41.452343,41.295086,41.106525,41.05662,41.42754,41.44671,41.266716,41.34866,41.509087,41.374695,41.44038,41.2755,41.488815,40.600033,41.380653,41.79977,41.33674,41.554764,41.232574,41.30554
44.985477,44.883537,44.6063,45.39626,44.7427,44.536602,44.780724,44.966003,44.722485,44.88061,45.18582,45.013287,45.000378,44.952175,45.06971,45.034763,45.045002,44.82864,44.991425,45.58987,45.0517,44.905262,45.111282,44.683235,45.317997,45.370552,44.82857,45.481907,45.106903,45.45113,45.31431
52.742252,52.352745,52.39048,52.310936,52.83486,52.44187,52.537415,52.49099,52.456573,52.35889,52.739616,52.113953,52.476196,52.25844,52.72425,52.873165,52.534115,52.61094,53.0724,52.800568,52.781967,52.881588,52.705406,52.987778,52.534504,52.637184,52.762424,52.53162,52.980957,52.752254,53.04954
41.143616,41.141113,41.527267,41.47578,41.426132,41.127293,41.20084,40.961628,40.80222,41.1668,41.45205,41.25645,41.69941,41.319237,40.963005,41.230183,41.3393,40.954567,41.41793,41.435883,40.953964,41.157852,41.55501,41.28872,41.061756,41.356293,41.47385,41.290794,41.408905,41.166496,41.503254
45.521797,45.684288,45.68492,46.26225,45.783417,46.186382,46.269413,46.197037,45.93041,46.30045,46.38335,46.07088,46.134796,45.942844,46.038204,46.123215,46.13293,46.166473,46.23617,46.382378,46.02045,45.551037,46.262085,45.956787,46.612076,46.453926,45.946087,46.621304,46.05207,46.093063,46.175606
55.731167,54.964664,55.451607,55.500874,55.382416,55.474064,55.090134,55.442734,55.317837,55.33459,55.7573,55.64711,55.375854,55.485268,55.288757,55.00763,55.201374,55.560154,55.866375,55.34644,55.32484,55.513844,55.601486,55.53396,55.662296,55.71395,55.847126,55.361217,55.93423,55.706226,55.714043
54.777008,54.658558,55.048523,54.916214,54.580994,54.930695,54.757492,54.902,55.014297,54.491375,55.066673,54.945293,54.816795,54.720707,55.03802,54.752403,54.936893,55.01422,55.005604,55.290024,55.027775,54.98964,55.1969,55.06697,55.501804,55.416573,55.222343,54.922497,55.264576,55.201202,55.26527
38.304317,38.477486,38.663696,37.96153,38.39206,38.42276,38.23674,38.19963,38.54559,38.29663,38.287914,38.77868,38.638428,38.94863,38.445103,38.58791,38.60864,38.543884,38.40756,38.301216,38.530903,38.894917,38.784595,38.841698,38.531174,38.79396,38.943615,38.469917,38.738144,38.90707,38.86958
40.13152,40.436356,40.38234,40.503685,40.017303,40.53755,40.09188,40.474476,40.62265,40.171196,40.45214,40.364204,40.44438,40.39561,40.301395,40.22486,40.228786,40.471573,40.334522,40.565994,40.41964,40.35057,40.364735,40.434334,40.84492,40.839066,40.440636,40.593647,40.812675,40.583363,40.514862
52.88121,52.865906,52.784042,53.19004,52.452774,53.033764,52.565765,53.316708,53.202374,52.978344,53.205185,53.002445,52.792942,52.964134,53.1208,52.514324,52.733734,53.01192,53.133846,52.991665,52.96995,52.966305,53.09171,52.916252,53.618095,53.423714,52.762646,53.502987,53.3323,53.51733,52.97923
55.294827,55.372658,55.39769,55.593094,55.557564,55.546154,55.856487,55.596615,55.444206,55.780838,55.736607,55.5885,55.758877,55.489655,56.12131,55.66286,55.6025,55.60666,55.80007,55.852608,56.0151,56.001076,56.043514,56.10479,56.17447,55.84568,55.91346,55.990692,56.009777,56.13841,56.338375
57.131454,57.333763,57.32804,57.433918,57.337555,57.496384,57.717518,57.5455,57.36004,57.52038,57.597054,57.565914,57.777702,57.231762,57.938023,57.668186,57.870747,57.387695,57.55422,58.038155,57.647896,57.43401,57.9541,57.796005,57.93179,57.775352,57.525745,58.08436,57.702675,57.887608,57.808605
42.335983,42.197124,42.685135,42.36766,42.691452,42.41966,42.32817,42.1626,42.436436,42.263065,42.538,42.58668,42.645374,42.847046,42.43487,42.726177,42.581,42.593723,42.74387,42.703896,42.526356,42.45537,42.703796,42.792847,42.622196,42.949142,43.257637,42.320534,42.731987,42.66429,43.225536
58.20484,57.678364,57.693695,57.998028,58.153183,57.99068,58.06364,58.052494,57.99394,58.170845,58.092854,58.15203,58.051846,58.07481,58.293194,58.14863,57.92181,58.53358,58.493053,58.342693,58.575073,58.346283,58.264034,58.33663,58.527756,58.293655,58.542572,58.185677,58.427944,58.43185,58.684807
57.010624,56.968124,57.25875,56.831367,57.413185,57.28156,56.944267,56.938576,57.158634,57.088196,57.08955,57.22553,57.73752,57.41013,57.225536,57.279156,56.979065,57.00894,57.41685,57.008152,57.23204,57.27761,57.579395,57.913704,57.26474,57.278893,57.61991,57.099037,57.51867,57.553474,57.68124
49.40466,48.949726,48.91221,49.14325,49.132637,49.385883,49.36076,49.501583,49.23035,49.164673,49.498993,49.31202,49.029877,49.039913,49.003296,49.39556,49.578323,49.390617,49.44613,49.317688,49.31411,49.37659,49.47959,49.294647,49.453175,49.42813,49.3043,49.508503,49.68125,49.60526,49.098145
44.26698,44.685005,44.234245,44.18828,44.21756,44.305595,44.2931,44.496677,44.633507,44.5306,44.434372,44.679802,44.46381,44.596478,44.51609,44.41945,44.57294,44.453773,44.556423,44.55698,44.365902,44.614075,44.758667,44.872383,44.9499,44.946526,44.53568,44.86012,44.732533,44.909466,44.86045
37.85395,37.83183,37.608,37.654022,37.93776,37.522465,37.465305,37.238216,37.45865,37.71053,37.80352,38.00337,38.055546,37.815136,37.72011,37.753777,37.621223,37.539394,37.7344,38.219566,37.846466,37.719456,37.86875,37.655205,37.604755,38.019287,37.833874,37.72296,38.266117,38.10935,38.191628
46.529663,46.678703,46.484207,46.299175,47.065712,46.353096,46.823204,46.29065,46.494293,46.992474,46.736576,46.8126,46.82431,46.676617,46.813274,46.99039,46.785713,46.64977,46.877773,47.03881,47.03724,47.04204,47.11672,47.059044,46.523808,46.908173,46.916664,46.894135,46.77092,47.030724,47.12164
49.812813,50.432022,49.761223,50.0359,49.95919,50.06725,49.549747,50.090046,50.40849,50.094868,49.21885,50.149258,50.505497,50.149204,50.125343,49.380203,50.034718,50.43876,49.79259,50.277134,50.739433,50.524067,50.40943,50.333145,50.767937,49.90664,50.374763,50.00198,50.137917,50.542835,50.07315
45.136593,45.577404,45.181633,45.546593,45.371567,45.19692,45.61234,45.39975,45.52504,45.78586,45.844395,45.179794,45.40857,45.186382,45.79637,45.69846,45.433598,45.517723,45.825417,45.873463,45.712265,45.708195,45.529182,45.99852,45.753246,45.750168,45.54999,46.07365,46.079678,45.61191,46.091705
46.74496,47.076458,47.349083,47.168003,46.746002,47.25641,46.995407,47.234592,47.474693,47.26887,47.23229,46.952522,47.089947,47.32981,47.237263,46.85819,47.090813,47.586468,47.24724,47.073338,47.472973,47.795387,47.085484,47.483498,47.56419,47.53952,47.588528,47.541218,47.60818,47.2351,47.372555
48.835537,48.68833,48.848877,48.822792,48.992958,49.10975,49.25389,49.072845,48.753685,49.300087,48.802856,48.965836,49.198112,49.222805,49.30844,49.28344,49.085613,49.503765,49.20883,48.956715,49.441685,49.543877,48.93246,49.25679,49.02902,49.024673,49.468925,49.579426,49.35014,49.092003,49.411613
54.603424,54.481804,54.71106,54.67294,54.723343,54.689888,54.650234,54.69932,54.619442,54.62126,54.80913,54.445107,54.83078,54.75104,54.881817,54.96978,54.636654,54.720108,55.00252,54.90286,54.830624,54.85872,54.73521,54.977516,54.807354,55.059364,54.91489,55.07206,55.043697,54.907917,55.15047
50.41981,49.531414,49.677086,49.83157,50.4179,50.08642,50.1734,49.85718,49.456768,49.92948,50.170742,50.194077,50.412952,49.588127,49.869316,50.123436,50.1079,50.090595,50.29832,50.208797,50.104313,50.21769,50.088627,50.42282,49.688065,49.70656,50.55654,49.826984,50.73026,49.989887,50.33149
42.23969,42.777576,42.069023,42.65346,42.187744,42.207066,42.03264,42.51832,42.62122,42.29202,42.158592,42.056866,42.511444,42.526726,42.40386,42.36728,42.238728,42.459103,42.381073,42.790802,42.645145,42.62886,42.290924,42.51712,43.002808,42.843872,42.37175,42.762867,42.70053,42.754505,42.840332
56.938126,57.007355,57.037415,57.020744,57.109337,56.969707,56.81925,56.955776,57.070385,57.27512,57.137524,57.006172,57.19021,57.174816,57.37221,56.98703,56.98439,57.068962,57.46083,57.310925,57.22405,56.994144,57.423,57.15735,57.276333,57.33014,57.022804,57.47027,57.230804,57.47009,57.33471
47.053116,47.617523,47.418457,47.49362,47.38472,47.561657,47.266655,47.30244,47.70611,47.622643,47.486332,47.128723,47.652176,47.440845,47.53052,47.1568,47.555405,47.527645,47.45639,47.879738,47.79843,47.78303,47.35321,47.76464,47.812485,47.897522,47.785076,47.736404,48.184155,47.644684,47.80663
48.861683,49.53227,50.01367,49.462543,49.21672,49.308926,49.44514,49.09324,49.326157,49.492176,49.624844,49.36949,49.794315,49.661537,50.195553,49.123905,49.67727,49.30649,49.586655,49.94201,49.568264,49.79174,50.116207,49.694588,50.120564,50.009697,49.69994,49.764145,49.623466,49.84339,50.36086
51.20319,51.00477,51.06675,51.131897,51.235847,51.31931,51.322746,51.263557,51.351,51.288967,51.69626,51.086796,51.294033,51.158646,51.69534,51.36423,51.627293,51.34088,51.6054,51.549297,51.623825,51.659363,51.65535,51.741623,51.736065,51.47049,51.557323,51.494133,51.977005,51.893284,51.830708
45.09194,45.690434,45.45201,45.41936,45.40959,45.111942,45.13334,45.169075,45.534077,45.53036,45.38531,45.14596,45.441544,45.60007,45.51058,45.460846,45.364574,45.22122,45.563217,45.613823,45.523926,45.625717,45.50021,45.72535,45.50126,45.804367,45.5621,45.814396,45.847866,45.754158,45.890137
45.7424,45.481037,45.587692,45.765373,45.719162,45.47456,45.51055,45.306896,45.345673,45.40863,45.695858,45.79597,45.755966,45.5431,45.355824,45.75526,45.44111,45.625484,45.782036,46.049355,45.637177,45.431973,45.671272,45.589233,45.637424,45.92221,45.956837,45.547222,46.117054,45.64129,46.04398
43.48181,43.583096,43.695793,43.33441,43.41279,43.699726,43.75649,43.705177,43.670494,43.469856,43.427822,43.666557,43.349133,43.638218,43.602345,43.772186,43.830093,43.96076,43.615826,43.6873,43.90623,44.07376,43.841465,43.6149,43.84478,43.951958,43.83645,43.848278,43.79296,43.851917,43.657295
44.270004,44.822308,44.461914,44.45824,44.11212,44.383915,44.22118,44.654613,44.703842,44.480453,44.157703,44.561348,44.548737,44.719276,44.802887,44.14329,44.692375,44.667572,44.43691,44.612717,44.75071,44.954845,44.97314,44.586525,45.213127,44.722008,44.489006,44.8736,44.54292,45.112804,44.702423
42.880543,43.000137,43.319183,43.377506,42.810226,43.116913,43.415966,43.36458,43.439194,42.938225,43.49736,43.319878,43.01132,43.41962,43.139744,43.674446,43.615036,43.48613,43.3087,43.458946,43.339134,43.436745,43.579758,43.53553,43.934166,43.887756,43.75871,43.55925,43.41793,43.53667,43.72637
42.55896,42.70624,42.74006,42.581894,42.16632,42.69173,42.65496,42.84555,42.621185,42.35319,42.65005,42.648003,42.54761,42.698803,42.645462,42.95799,42.841656,42.679382,42.70148,42.649197,42.4154,42.711697,42.662476,42.70514,42.855423,43.006454,42.608646,43.22187,43.133823,42.810738,42.7992
51.374004,51.281757,51.266685,51.52927,51.45987,51.774544,51.540394,51.81566,51.389,51.452583,51.055363,51.5262,51.81051,51.852417,51.564247,51.754856,51.483795,51.843758,51.56284,51.60311,51.787613,51.519455,51.599453,51.44072,51.98719,51.81022,51.689075,51.91815,51.41704,51.806793,51.740852
53.519573,53.178425,53.20584,53.391655,53.46216,53.346794,53.04986,53.36415,53.35499,53.210197,53.191578,53.34771,53.578278,53.39147,53.237835,53.155235,53.388447,53.62384,53.685173,53.44675,53.51635,53.48483,53.60255,53.677864,53.681232,53.290825,53.862114,53.207085,53.69474,53.55772,53.66416
48.019836,47.674355,47.351273,47.359325,47.72297,47.472717,47.537052,47.672585,47.43227,47.658337,47.376404,47.737263,47.63721,47.57644,47.436893,47.628433,47.681667,47.9491,47.860924,47.63225,47.709217,48.199287,47.517242,47.92466,47.466183,47.620598,48.00037,47.822227,48.126564,47.665573,47.8358
51.740246,51.22117,51.63553,51.691113,51.60234,51.76944,51.87182,51.879436,51.387207,51.66145,51.88819,51.848347,51.678875,51.68171,51.911194,51.50001,51.831936,52.055954,52.077538,51.951694,51.70641,51.938183,51.964577,51.795433,52.286533,52.154564,52.17031,51.85867,51.790516,51.81948,52.315937
42.49774,42.125443,42.291504,42.52346,42.34977,42.331112,42.59033,42.568005,42.330143,42.27768,42.64194,42.837543,42.394222,42.581936,42.237507,42.720062,42.596157,42.688126,42.638363,42.56798,42.460346,42.597893,42.81197,42.682144,42.905743,42.861732,42.967415,42.552986,42.570908,42.738457,42.926888
47.7681,47.77852,48.09227,47.592506,48.04357,48.026386,47.888824,47.761444,48.152775,47.775433,48.1215,48.03531,48.014202,48.168236,47.819435,48.272583,48.358402,47.900955,48.05982,48.076412,48.062115,48.09911,48.3838,48.344177,48.05266,48.406364,48.383865,47.98666,48.299965,48.43289,48.172737
47.63063,47.68861,47.517487,47.294304,48.051643,47.619328,47.145565,47.26428,47.595516,47.77506,47.460403,47.626137,48.07188,47.813877,47.322697,47.548206,47.659546,47.377968,47.76906,47.597347,47.5827,47.55613,47.7019,47.920662,47.115562,47.570786,47.82253,47.654945,48.077114,47.87067,47.569855
45.557865,45.602337,45.511436,45.242863,45.97927,45.6299,45.125835,45.36756,45.77944,45.532272,44.99768,45.414238,45.946815,45.903763,45.70259,45.543827,45.5522,45.997982,45.714287,45.666374,46.19811,46.067795,45.59517,46.024864,45.550045,45.49038,46.298843,45.362038,45.879494,45.866005,45.977142
47.565075,47.348324,46.875175,47.582573,47.68862,47.4485,47.267467,47.51721,47.590137,47.68562,47.827187,46.998425,47.662075,47.276,47.76678,47.463955,47.566105,47.630962,47.842403,47.970642,47.93392,47.87643,47.184723,47.998474,47.68265,47.61812,47.839764,47.781517,48.422337,47.834198,48.0989
38.055016,37.61555,37.400253,37.37041,37.71797,37.611496,37.410778,37.685555,37.903915,37.50983,37.8718,37.663445,37.579815,38.115913,37.75272,38.32391,37.80313,38.116886,38.145416,37.852398,37.81466,37.92763,37.463013,38.025146,37.82126,38.200813,38.11072,37.91037,38.40139,38.07542,38.443222
50.211494,50.20786,50.505035,50.663963,50.56182,50.971752,50.50274,50.787357,50.877365,50.795506,50.529552,50.716393,50.99317,51.122936,50.70043,50.75002,50.64247,51.113224,50.844334,50.552055,51.009163,50.518845,50.87853,50.894684,51.180805,50.838905,51.110847,50.933563,50.668484,50.950874,50.846996
51.85588,51.980064,51.599136,51.657696,51.916214,51.370598,51.57326,51.29772,51.89044,51.722343,52.01647,51.97432,51.756474,51.351967,51.928097,51.672733,52.110302,51.5881,51.91882,52.58094,52.0989,51.89345,52.310123,52.169212,51.989895,51.99639,52.065437,51.70676,52.573956,52.367897,52.218567
46.679672,46.960564,46.972588,46.78387,46.767746,46.68851,46.695007,46.619293,46.8717,46.83032,46.49517,47.07476,47.14138,47.12618,46.779854,46.785,46.92771,47.081455,46.84993,46.8477,47.16108,47.270138,47.298496,47.18315,47.123882,46.82247,47.33999,46.883385,47.099777,47.13283,47.149883
50.41887,50.731426,50.87146,50.41537,50.72541,50.919395,51.102234,50.780163,50.922337,51.07569,50.901424,51.00475,50.721733,50.989647,50.867752,51.116474,51.266323,50.966976,50.997864,50.913647,50.918137,50.956688,51.24533,51.1149,51.052578,51.34323,51.070084,51.365753,51.052242,51.130936,50.98595
58.890347,59.01964,58.805183,59.055286,59.06472,58.857616,58.75011,58.89061,59.125153,59.12223,59.298542,58.879757,59.345673,58.930855,59.31006,59.008816,59.162132,58.768887,59.46715,59.331993,59.084057,58.813793,59.634212,59.518417,59.445923,59.051437,58.96139,59.300495,59.452217,59.60016,59.413418
47.213795,47.686134,47.590416,47.878616,47.2349,47.595448,47.800385,47.688137,47.644363,47.70461,47.59416,48.036057,47.848343,47.858807,47.70978,47.81844,48.01609,47.730167,47.600323,48.01683,47.736412,47.388493,48.284172,47.602898,48.424126,48.034454,47.68393,48.226185,47.705677,48.091175,47.872787
42.00435,42.236916,42.765015,42.16626,42.252518,42.52013,42.35579,42.369553,42.711933,42.14257,42.792824,42.203842,42.129295,42.417168,42.40258,42.737404,42.786358,42.29967,42.602917,42.452946,42.284115,42.394268,42.604862,42.75734,42.40677,42.928215,42.712513,42.672367,42.860855,42.639812,42.53634
54.725452,54.986404,55.612343,55.330433,55.28415,55.84378,55.45718,55.744144,55.98022,55.316837,55.123554,55.375763,55.510242,56.019096,55.66897,55.99134,55.650608,55.89309,55.489273,55.26837,56.085754,55.47954,55.94616,55.775368,56.068874,55.80577,55.97742,55.840103,55.175217,56.063766,55.49504
40.833942,41.029514,41.42411,41.167404,41.0045,41.23322,41.165066,41.287033,41.548573,40.955612,41.279404,41.486877,41.34897,41.58998,41.23959,41.68173,41.870422,41.49068,41.42778,41.277157,41.216595,40.99192,41.91828,41.653862,41.71586,41.395447,41.764828,41.41913,41.19466,41.582745,41.46402
37.07775,36.86173,37.256935,36.88188,36.847946,36.997616,36.93661,36.940136,36.905205,36.628796,37.24088,37.149292,37.019104,37.197803,36.505882,37.35762,37.26218,36.981457,37.126472,36.88006,36.604202,37.077698,37.07694,37.17035,36.823757,37.32778,37.334785,37.111855,37.44142,36.99072,37.11302
43.674908,43.435177,43.619324,43.692696,43.84233,43.522133,43.336143,43.52641,43.757896,43.629276,43.892265,43.628075,43.635876,43.957985,43.445156,43.92774,43.47045,43.796974,44.14944,43.710682,43.578697,43.518353,43.56159,44.02156,43.64149,44.097977,44.225246,43.751114,44.0804,43.742752,44.232254
39.505886,39.154903,39.21247,39.43213,39.296684,39.420128,39.159554,39.573547,39.054432,39.06167,39.03552,39.15535,39.485176,39.7043,39.048523,39.463028,39.044662,39.60598,39.436626,39.20885,39.254158,39.682682,38.852203,39.32482,39.414974,39.71315,39.746174,39.52167,39.574066,39.25438,39.808308
49.060062,49.373455,49.25289,49.150738,49.638023,49.350624,49.671707,49.17785,49.109146,49.736748,49.70039,49.202976,49.63762,48.92254,49.834347,49.41612,49.658875,49.074512,49.61503,49.83371,49.49149,49.61965,49.60674,49.947037,49.24583,49.50895,49.524834,49.860954,50.02996,49.566784,49.850826
45.341286,45.50064,45.408432,45.053265,45.49472,45.33247,45.327656,45.51025,45.56513,45.145393,45.05275,45.239582,45.344646,45.663933,45.66336,45.943493,45.438625,45.546757,45.46657,45.517307,45.755703,46.004684,45.37665,45.871338,45.486214,45.905388,45.84339,45.734512,45.65357,45.875076,45.98384
41.29272,41.58489,41.509224,41.223896,41.710457,41.016914,41.511623,40.796455,41.23072,41.56234,41.768967,41.57076,41.600418,41.132404,41.607574,41.53519,41.870567,41.245266,41.75888,42.05335,41.43881,41.482216,41.947716,41.966873,41.30708,41.504013,41.87142,41.433033,42.089912,41.538486,42.110416
54.213303,54.602467,54.645073,54.84924,54.406227,54.383198,54.301056,54.521168,54.72187,54.745857,54.51591,54.586414,54.79432,54.82029,54.940453,54.527832,54.601128,54.6762,54.822884,54.87376,54.7846,54.509167,54.831425,54.864647,55.00461,54.8468,54.90026,55.155216,54.874454,54.93387,55.05528
50.93815,50.842403,51.063965,50.666557,50.954803,50.852837,51.052,50.722565,50.87074,50.72871,50.66301,51.114685,50.985443,51.08557,50.650017,51.21395,51.53163,51.20853,51.04288,51.04573,51.094513,51.278168,51.346,51.27269,51.052116,51.007744,51.65467,50.908184,51.36241,51.094032,51.196014
40.8916,41.243637,41.097145,41.36002,40.956467,41.167866,41.43263,41.34957,41.087906,41.433167,41.669365,40.922268,41.216347,41.053574,41.052177,41.51956,41.10223,41.198883,41.495155,41.394646,40.940815,41.197132,41.000393,41.37536,41.260563,41.71605,40.987553,42.004135,41.53801,40.916748,41.404293
48.50622,48.31853,48.798775,48.741753,48.38778,48.8535,48.58645,48.7582,48.72804,48.715115,48.776413,48.724125,48.870255,48.966114,49.17427,48.55367,48.6318,49.28598,49.04889,48.735825,49.037285,48.960377,48.91318,48.889122,49.330338,48.85627,49.15886,48.93237,49.00805,48.905655,49.287323
44.124435,44.004837,43.83596,43.9042,44.144867,43.587364,43.871433,43.838223,43.81144,43.902397,44.052425,44.05244,43.907055,43.933987,44.153946,44.374638,44.010723,43.996864,44.466267,44.332706,43.87272,43.85472,44.1205,44.31492,43.95093,44.215935,44.28344,44.237648,44.346237,44.140396,44.686527
44.262268,44.544476,43.67829,44.107796,43.85453,43.81856,43.585205,43.98944,44.27063,43.917694,43.658176,43.922768,44.228405,44.21023,44.428837,44.048668,44.06923,44.3363,44.113056,44.562794,44.544487,44.480747,43.946507,44.27861,44.63287,44.224792,44.244484,44.33686,44.96099,44.64187,44.79306
44.253582,44.23814,43.888756,44.311436,44.10874,44.0608,44.206524,44.37399,44.131176,44.148376,43.803047,44.04074,44.062683,44.080536,44.481144,44.470184,44.118652,44.770683,44.327766,44.65745,44.74612,44.549152,43.898266,44.16507,44.380642,44.3387,44.489803,44.669895,44.54662,44.24653,44.588314
56.297367,55.685963,55.99768,56.21216,56.220978,56.31127,55.92403,56.39505,56.543102,55.86089,56.004025,56.395996,56.261414,56.606117,56.113796,56.511276,56.46974,56.72767,56.422707,56.244034,56.689976,56.31046,56.510437,56.594322,56.767166,56.389694,57.093174,56.13325,56.458794,56.830395,56.53937
47.175465,47.588715,47.08275,47.412952,47.27346,47.40568,47.319195,47.626686,47.432728,47.467133,46.7132,47.50935,47.791275,47.622288,47.43313,47.60289,47.68971,47.6015,47.24319,47.405796,47.735172,47.56715,47.6287,47.6093,47.642605,47.184425,47.54975,47.976475,47.522915,47.808647,47.33396
44.87914,44.843754,45.115585,45.17991,44.85511,45.390873,45.315716,45.421818,45.429253,45.257298,45.63227,45.477974,45.21914,45.482296,45.410248,45.34477,45.641888,45.49938,45.33175,45.446457,45.31125,45.347027,45.44923,45.534927,45.934467,45.95012,45.697357,45.730843,45.578655,45.686855,45.7065
45.407597,45.308784,45.546402,45.50543,45.318947,45.7268,45.104664,45.73455,45.81966,45.44181,45.41189,45.808056,45.5858,45.90127,45.66094,45.2372,45.391937,45.931923,45.63151,45.484894,45.756485,45.6355,45.709843,45.61431,46.053562,45.925255,45.930862,45.672523,45.610516,45.989727,45.71359
48.975014,48.669765,49.066025,48.76921,48.880936,49.264038,49.255436,49.226185,49.06115,49.019604,49.20043,48.93719,48.97967,49.19721,49.282948,49.453423,49.178528,49.688774,49.580765,49.09113,49.192173,49.25056,49.14501,49.315758,49.43202,49.39888,49.396477,49.397667,49.27089,49.00344,49.534435
48.920086,48.446835,48.5856,48.67752,48.70617,48.80057,48.94365,48.9442,48.930725,48.52044,49.352905,48.80635,48.546528,48.48219,48.734158,49.24605,49.116524,48.89737,49.113205,49.030895,48.9146,48.988113,49.092808,49.244743,49.052986,49.109665,49.08014,48.947617,49.38978,49.18813,49.03536
44.833763,44.606396,45.124107,44.903206,44.995087,44.8144,44.694675,44.774864,44.819344,44.588867,44.979282,45.023132,44.96055,45.270706,44.945923,44.94884,45.104244,44.76095,45.00899,45.00521,44.9477,45.089237,45.337345,45.053764,45.144997,45.35598,45.47705,44.8359,45.063217,45.50933,45.45304
56.76443,56.646618,56.78518,56.883377,57.01532,57.157444,57.13331,57.038113,56.750473,57.261826,57.033638,57.138226,57.432114,56.866528,57.267403,56.616276,57.0246,57.052254,57.07678,57.02278,57.319637,57.461014,57.457066,57.43184,57.385677,56.96701,57.3032,57.20996,57.247185,57.387817,57.27102
55.864357,55.300995,55.774033,55.917538,55.82728,55.66687,55.95444,55.737007,55.610764,55.755955,56.02389,56.126637,55.66086,55.981762,55.903698,56.12763,56.015617,56.014782,56.164417,56.136154,56.038494,55.786263,56.265358,55.825066,56.18693,56.263077,56.34978,56.03626,56.058857,56.28829,56.361256
47.60941,47.896343,47.89975,47.612526,47.59108,47.703247,47.885777,47.66314,47.6473,47.91073,47.669548,47.701313,47.891808,47.905937,48.03693,47.736496,47.953094,48.05221,48.050224,47.88175,47.857693,48.305252,47.888805,48.204422,48.1213,48.019165,48.22274,48.15912,48.39191,47.807583,48.49587
40.180397,40.525166,40.060097,40.310314,39.801186,39.990337,39.554893,40.260376,40.70368,39.83206,40.04361,39.793934,40.115883,40.274242,40.235653,40.23326,40.222878,40.38719,40.160004,40.3887,40.520046,40.620785,39.926144,40.463028,40.45957,40.341713,40.348255,40.48316,40.955635,40.593636,40.388638
54.029453,53.904037,53.69217,54.112614,53.97249,53.655975,53.86503,53.84122,53.90346,54.20403,53.717056,54.34671,54.031246,54.216217,53.93912,54.143337,54.025936,54.269745,54.090267,54.188393,54.498642,54.115498,54.3846,53.904762,54.14821,53.963356,54.21305,54.36636,54.153175,54.511993,54.06144
51.084152,51.138824,51.092026,51.086018,51.656174,51.020393,51.047356,51.016148,50.920742,51.48185,50.653385,50.909992,51.463135,51.291084,51.46672,51.05988,50.942944,51.456516,51.466827,51.280518,51.72604,51.733715,51.185246,51.48017,50.97641,51.013046,51.714046,51.328568,51.25761,51.247417,51.64762
48.811825,49.19524,49.1912,49.253757,48.83709,48.898117,49.11948,49.047688,49.3388,49.195328,49.35615,49.308987,49.055607,49.260597,49.17343,49.393433,49.262108,49.095493,49.264225,49.284306,49.298058,49.201733,49.65905,49.416092,49.540688,49.497,49.244648,49.634087,49.49725,49.656376,49.381306
45.979534,45.79303,45.77726,46.104263,45.412582,45.836708,45.76308,46.37329,45.84571,45.53186,45.776707,45.826057,45.669525,45.92278,45.746197,45.91342,45.910774,46.066204,45.856117,45.887047,45.811817,46.275486,45.686295,45.838745,46.226124,46.31048,46.017605,46.419544,46.123966,46.088917,45.971447
49.12207,48.600807,48.848732,49.054447,48.950706,48.851665,48.601646,48.949936,48.62914,48.532307,48.581734,49.078472,49.139656,49.220776,48.63432,48.975204,48.79644,48.905396,48.861904,48.853436,48.930977,49.096317,48.815514,48.957985,48.889812,49.093353,49.489323,48.953777,49.234043,49.232155,49.22622
50.305733,49.988197,50.53038,50.06404,50.69371,50.406403,50.347866,50.01927,50.184788,50.472797,50.589066,50.561886,50.574352,50.574482,50.341053,50.488964,50.628353,50.205875,50.461906,50.424603,50.521484,50.73629,50.530495,50.729225,49.96321,50.68222,51.037205,50.511597,50.99107,50.782173,50.676777
42.6702,43.215652,43.011192,42.776173,42.795395,42.34075,42.418068,42.40199,43.131207,42.937572,43.174454,43.032825,42.87121,43.063023,43.188766,42.715176,43.170597,42.61196,43.070442,43.346996,42.8964,43.034702,43.40066,43.29972,43.164337,43.36931,43.13654,43.10012,43.40304,43.549324,43.556347
51.86779,52.080215,52.31254,51.898685,51.935883,52.28854,52.208122,52.400356,52.355953,52.153484,52.05255,52.10399,51.993137,52.36742,52.51043,52.329235,52.60485,52.37115,52.454906,52.065765,52.339,52.312378,52.85006,52.28727,52.621655,52.327873,52.160778,52.64145,52.096634,52.719627,52.16815
48.471718,48.97972,48.80493,48.537373,48.692963,48.42462,48.780872,48.471107,48.7964,48.92705,48.883713,48.66659,48.81832,48.779736,49.07871,48.97674,48.935917,48.696762,49.00883,49.04677,48.934246,49.120712,49.16376,49.25586,48.942204,49.04387,48.878883,49.204166,49.175488,49.10238,49.32783
52.190372,52.34664,51.826454,51.668213,52.24794,52.276978,52.446865,52.28659,52.326733,52.53162,52.48798,52.2456,52.21881,51.96126,52.691544,52.508007,52.687202,52.138428,52.453064,52.488564,52.510326,52.653126,52.651524,52.76245,52.38218,52.434494,52.054314,52.86645,52.926815,52.954994,52.432682
53.32838,53.18713,52.976616,53.52623,53.37304,53.54159,53.384903,53.617195,53.178,53.49051,53.28098,53.274452,53.661125,53.204765,53.353085,53.10468,53.210743,53.47663,53.444744,53.523136,53.618195,53.65483,53.389908,53.530525,53.752586,53.492775,53.506653,53.6576,53.68417,53.58428,53.542763
55.76181,56.31968,56.03917,56.01816,56.430717,56.11489,56.51055,56.00006,56.223347,56.494484,56.28564,56.324448,56.678444,56.038956,56.36695,56.667076,56.727623,55.918255,56.288273,56.678738,56.396935,56.240215,56.711723,57.04976,56.297546,56.40245,56.557507,56.76573,56.749653,56.596966,56.606133
48.913654,48.875755,48.53842,48.837757,49.04583,49.050694,49.025185,49.309093,48.998417,49.148834,48.393295,49.089703,49.09908,49.38111,49.21665,49.16169,49.273193,49.54614,49.112537,49.081028,49.536808,49.3357,49.299908,49.066673,49.54805,49.096756,49.33847,49.390884,48.799156,49.535416,49.273685
29.190372,30.194782,29.5821,29.513271,29.091438,29.145603,29.432201,29.426357,29.66206,29.49206,29.340603,29.533543,29.503391,29.807142,29.60195,29.828667,29.725338,29.54047,29.487041,29.761751,29.400873,29.770937,29.575947,29.789627,29.876976,30.007015,29.57154,30.164383,29.986504,29.706455,30.131153
47.35448,47.820744,47.616478,47.633533,47.33132,47.629635,47.735924,47.776756,47.849113,47.698322,47.635372,47.65327,47.618443,48.089417,47.910828,47.85261,47.813335,47.78832,47.746532,47.880512,47.882874,48.069714,47.968815,47.915024,48.555336,48.486465,47.86124,48.213226,47.99365,48.296707,48.412334
46.288044,46.909145,46.690773,46.703243,46.48976,46.62984,46.698074,46.845295,47.068134,46.75895,46.900967,46.623035,46.801655,46.88733,47.081398,46.95369,46.879185,46.67445,46.82388,47.0075,46.9381,47.04454,47.096897,47.27218,47.38196,47.35623,46.83771,47.304775,46.984253,47.331184,47.290737
40.80343,41.215748,41.02513,40.92572,40.715126,40.96999,40.954605,41.192345,41.36561,40.963207,41.16516,40.945072,40.82653,41.136013,41.38791,41.175186,41.54245,41.1232,41.05934,41.372517,41.235695,41.46805,41.188305,41.302185,41.470448,41.60414,41.22489,41.63349,41.551254,41.630024,41.39624
51.077892,50.939983,50.971832,50.7825,51.17755,51.09699,50.87871,51.035835,50.974792,51.12638,50.974598,50.634792,51.25687,51.123314,51.266968,51.06657,50.880016,51.25094,51.3126,51.05429,51.300156,51.768536,50.639687,51.564384,50.877426,51.257744,51.49161,51.38059,51.709946,51.093452,51.580997
40.125202,40.159897,39.503876,40.237434,39.90989,39.743546,39.995903,39.92531,40.050777,40.195763,40.327793,39.869,40.084965,40.079212,39.933094,40.363987,40.0649,40.25274,40.3158,40.434216,40.246265,40.319977,39.80505,40.381905,40.383778,40.349586,40.288124,40.45736,40.993748,40.223873,40.775528
55.93466,55.577274,55.55726,55.37488,56.06372,55.686672,55.53632,55.42568,55.90157,55.80473,55.961754,55.870285,55.651253,55.467403,55.888054,55.812702,55.81293,55.787037,56.07599,56.051968,56.221607,55.91538,56.09072,56.1334,55.584972,55.77955,56.067223,55.683617,56.529293,56.324516,55.889786
50.899868,51.215664,50.986313,50.92843,51.16417,51.115154,51.26486,51.16008,51.091663,51.25518,51.35743,50.927174,51.375835,50.806732,51.39572,51.12002,51.50607,51.050663,51.4081,51.600212,51.120018,51.308376,51.48547,51.626335,51.433033,51.3981,51.134373,51.530186,51.39591,51.27614,51.47251
58.64898,58.847973,58.701492,58.422344,59.119118,59.01468,59.16151,58.79917,59.395947,59.22415,59.263523,58.61184,58.8337,58.610428,59.513664,59.136086,59.328373,59.13456,59.3419,59.171787,59.768185,59.738564,59.472317,60.033585,59.368347,59.015976,59.478344,59.098644,59.91485,59.657257,59.530373
47.387096,48.11334,47.71232,47.928173,47.643593,47.711006,48.135033,47.934235,48.021828,47.963707,47.66071,47.928566,48.033733,48.01061,48.375908,48.421143,48.333355,47.96088,47.826145,48.35334,48.39736,48.081676,48.455574,48.209076,48.55526,48.15538,47.986534,48.611534,48.09506,48.56833,48.37714
47.095352,47.049583,47.202522,46.963665,47.3107,47.014908,46.775635,47.06541,47.123734,46.948242,46.994656,47.144005,47.208992,47.0758,47.383102,46.85067,47.265087,47.1454,47.344944,47.38918,47.21914,47.263767,47.472904,47.384964,47.22541,47.25499,47.52889,47.062862,47.176197,47.458775,47.444466
54.756557,54.7253,54.6369,54.480804,55.06806,54.679516,54.617558,54.734734,54.904232,54.996822,54.63845,55.017128,55.067944,55.14755,55.375145,55.032154,54.99138,54.947567,55.263077,54.900745,55.121822,54.93075,55.378376,55.460022,55.11118,54.886154,55.29234,55.099678,55.051353,55.540844,55.52344
51.911335,52.189285,52.011955,51.980423,51.937584,51.641617,51.95583,51.779324,52.205963,52.225914,52.046192,52.32555,51.947483,52.16863,52.604202,52.18697,52.287594,52.305332,52.304817,52.629047,52.600407,52.241776,52.710323,52.186028,52.54617,52.355316,52.23948,52.46062,52.29901,52.741653,52.585133
50.94872,50.884098,50.679214,50.84723,50.48639,51.16131,51.27264,51.47208,50.831554,50.851597,50.884956,51.149883,50.91181,50.904266,51.10067,50.95251,51.015507,51.212055,50.919685,51.065674,51.071606,51.47858,51.217625,51.01242,51.811474,51.535873,50.8677,51.4968,51.07845,51.38732,51.22853
54.260315,54.31906,54.413437,54.13631,54.30655,54.712524,54.586754,54.560284,54.60527,54.344475,54.558754,54.58,54.638054,54.356583,54.60254,54.55911,54.596714,54.53817,54.519924,54.57346,54.712433,54.762573,54.980637,54.9159,54.98394,54.789055,54.586166,54.63569,54.768337,54.943604,54.64313
43.64302,44.07657,44.473648,43.922268,43.714714,44.194042,44.050095,44.20752,44.581573,44.20068,44.31762,44.506546,43.950233,44.80892,44.102535,44.37064,44.612934,44.31938,44.21529,44.068455,44.043888,44.175484,44.57217,44.32125,44.604305,45.017105,44.482147,44.772278,44.201942,44.656292,44.287197
53.095062,52.879463,52.865623,53.046722,52.96315,53.168682,53.124653,53.18037,52.842022,53.08078,53.069878,52.806423,53.082508,52.901375,53.024086,53.001514,52.83448,53.270042,53.174446,53.283627,53.28779,53.51822,52.78618,53.04831,53.194927,53.457443,53.13459,53.432293,53.485847,53.0565,53.267937
39.11741,39.163483,38.41976,39.37006,39.176178,39.06531,39.31325,39.284412,38.97079,39.061863,38.669865,38.990757,39.483845,39.081047,39.3547,39.44976,39.388317,39.63927,39.04286,39.808964,39.894394,39.55341,39.11405,39.268867,39.805733,39.104668,39.56551,39.339615,39.48417,39.452797,39.81677
31.942005,32.124817,31.95195,32.188942,31.673286,31.906544,31.837797,32.063786,32.16438,31.865372,32.09995,32.485218,31.809769,31.99709,31.703695,31.965929,32.089607,32.2242,31.852364,32.374397,32.06843,31.930788,32.17036,31.723185,32.2758,32.483376,32.071007,32.260693,32.177895,32.244076,31.857912
46.86185,47.027554,46.73471,46.860077,47.2239,46.9982,47.14059,47.010204,47.043404,47.434834,47.090065,47.123363,47.28074,47.131203,47.484993,47.14823,47.286274,47.336826,47.402496,47.468525,47.41394,47.235626,47.41964,47.426506,47.44819,47.29058,47.318935,47.450294,47.23032,47.420246,47.63715
39.922432,40.355236,40.12455,40.335335,39.910103,40.23674,40.1096,40.239952,40.52349,40.215427,40.327667,40.334797,40.369118,40.330746,40.582966,40.36441,40.32424,40.37059,40.25831,40.493637,40.531857,40.39484,40.364147,40.7051,40.811172,40.54435,40.596283,40.65736,41.04531,40.74149,40.846394
39.466663,39.149128,39.79374,39.581818,39.445007,39.417168,39.514572,39.575077,39.291603,38.796024,39.552856,39.494762,39.392662,39.381386,39.18512,40.15241,39.76934,39.325012,39.54048,39.49701,39.198833,39.34267,39.54529,39.666832,39.105633,39.59984,39.964787,39.619766,39.747704,39.474033,39.5448
44.217304,44.708603,44.922455,44.661987,44.462883,44.545177,44.743507,44.472996,44.900333,44.578556,44.63114,44.7466,44.553562,44.98069,44.788147,45.05688,45.095085,45.004368,44.952396,45.0674,44.888294,44.451183,45.362324,44.722984,45.34388,45.114677,44.983437,44.87875,44.661526,44.947777,45.1252
55.816555,56.14095,55.51895,56.1248,55.591583,55.616627,55.653442,55.9919,56.23479,55.933727,55.788586,55.54244,55.732334,55.791946,55.93231,56.214348,55.681465,56.130688,56.205418,56.119717,56.302456,55.951103,55.923462,56.14598,56.322174,55.965843,55.748207,56.47523,56.466763,56.211033,56.064713
48.00305,48.24467,47.51757,48.101395,48.057426,47.662384,48.315556,48.042274,47.85582,48.288647,48.09885,48.156914,48.140984,47.79248,48.31339,48.502396,48.319164,47.967144,48.165073,48.608047,48.362904,48.245564,48.407085,48.337563,48.275734,48.160347,47.96341,48.7394,48.452023,48.553505,48.458473
43.036003,42.971474,42.75551,42.924404,43.07347,42.682632,42.665756,42.876404,42.952442,43.101482,42.88026,43.02188,43.012318,43.134716,43.491524,42.98992,42.996525,43.263893,43.2907,43.343422,43.35227,43.217716,43.075474,43.129097,43.111195,43.10264,43.304047,43.296753,43.268433,43.418518,43.590595
55.873066,55.404625,55.135162,55.781315,55.680527,55.515675,55.35189,55.886948,55.44495,55.371117,55.491375,55.129406,55.522198,55.195152,55.696194,55.54632,55.319473,55.64599,55.898643,55.830776,55.84111,55.81061,55.400967,55.713646,55.71599,55.56984,55.637238,55.787052,56.003536,55.830322,55.811607
57.496292,57.319572,57.065506,57.53307,57.169525,57.7827,57.634583,57.79184,57.1365,57.496815,57.260353,57.085297,57.52689,56.995808,57.28162,57.192715,57.001366,57.745266,57.481922,57.54916,57.658092,57.891884,56.955517,57.380493,57.71473,57.63674,57.31599,57.900707,58.05961,57.190323,57.422726
40.736755,40.653873,40.621834,40.757557,40.410736,40.548504,40.686382,40.841595,40.869545,40.41044,40.971085,40.92668,40.42868,40.44433,40.88966,40.832363,41.21095,40.926075,40.81761,41.215168,40.8671,40.82945,41.089092,40.82589,41.140297,40.99032,40.958496,40.952248,41.09914,41.136078,40.910965
53.703564,53.705616,54.315804,54.222733,53.9311,54.02131,53.959732,54.23308,54.21625,53.663918,54.286957,53.7444,53.979015,54.336563,54.528835,54.463882,54.465893,53.81182,54.310223,54.23752,54.19966,54.057823,54.6817,54.289078,54.603004,54.53573,54.30679,54.44481,54.09421,54.909924,54.55612
53.68426,53.81465,53.36644,53.854538,53.69365,53.698536,53.741074,53.710693,53.85775,54.03839,53.577404,53.938522,53.986652,53.888058,54.254333,53.763065,53.983814,54.080017,53.80523,54.265686,54.576424,54.15078,54.166725,53.92254,54.430893,53.873802,54.03664,54.20204,54.36652,54.586452,54.246914
47.200302,47.26277,47.183197,47.332706,47.471947,47.662148,47.78432,47.638992,47.34443,47.476627,47.54358,47.178085,47.619633,47.139565,47.757645,47.7971,47.72352,47.5483,47.65339,47.693092,47.73414,47.624435,47.674507,47.829918,47.696762,47.448837,47.540104,47.855484,47.84232,47.66316,47.7152
47.576855,47.044113,47.22702,48.009052,47.609085,47.72685,47.35408,47.890076,47.520763,47.62134,47.60485,47.68964,47.77427,47.599903,47.89841,47.2242,47.537476,48.03779,47.867012,47.846615,48.027405,47.518677,47.824577,47.532486,48.18832,47.529427,48.034084,47.67657,47.629303,47.991035,47.87019
55.738644,55.411934,55.61431,55.72238,55.806473,55.700844,55.433697,55.546307,55.91476,55.856316,55.86636,56.204758,55.859127,55.782024,56.35908,55.20008,55.990402,56.087254,55.92522,56.331608,56.499664,55.985744,56.52341,55.850143,56.467854,55.927193,56.294884,55.62783,56.034412,56.68448,56.19049
41.855732,42.254063,42.219284,41.59405,42.180138,41.843597,42.32655,41.58732,42.03514,42.12883,41.885326,42.02581,42.103592,42.11628,42.251236,42.505432,42.32878,42.516724,42.332314,42.426018,42.534737,42.60794,42.4533,42.498734,42.175285,42.203545,42.559746,42.08578,42.41793,42.049023,42.734745
54.33913,53.806507,53.722527,54.038105,54.3228,54.124264,54.44098,54.155437,54.2433,54.589043,54.634903,54.377174,54.09098,54.236732,54.562004,54.567684,54.547916,54.801876,54.802277,54.707264,54.790257,54.45277,54.57069,54.49839,54.68756,54.52491,54.633015,54.573914,54.70982,54.692944,54.837402
39.724705,39.87692,39.919937,39.53831,39.82569,40.234665,40.14376,39.91228,40.07764,40.179947,40.170135,40.377373,39.93101,40.33841,39.633244,40.011078,40.134647,40.258812,40.053043,39.99633,39.941647,40.118965,40.27853,40.035667,40.44355,40.804504,40.180103,40.164577,40.1383,40.201458,40.1821
45.15029,45.95243,45.423637,45.425835,45.466995,45.29926,45.257378,45.17291,45.646683,45.842216,45.634884,45.314674,45.718876,45.484646,45.773228,45.268555,45.457527,45.367573,45.717575,46.006607,45.609337,45.583256,45.69171,45.807014,45.832123,45.942482,45.396362,45.90947,46.026768,45.759743,46.02565
41.590317,41.79918,41.693184,41.405308,41.71057,41.70479,41.39088,41.446926,42.146866,41.70515,41.962563,41.557682,41.61986,41.775303,41.848206,41.72086,41.74966,41.9018,41.901638,41.99125,42.113056,42.1262,41.75231,42.136803,41.90153,42.16134,42.070602,41.738617,42.489693,42.134003,42.147446
46.34376,46.4371,46.097237,45.984936,46.58824,45.953022,45.86202,45.9262,46.376785,46.332184,46.240448,45.97024,46.25729,46.079834,46.804813,46.044098,46.40026,46.311268,46.653305,46.684788,46.724045,46.738976,46.492966,46.771957,46.286705,46.185074,46.652267,46.19675,46.95046,46.771065,46.918827
49.806885,50.09108,50.28121,49.903435,49.60015,50.180656,50.32414,50.176693,50.045456,50.279034,50.35193,50.376144,49.935696,50.125168,50.027763,49.916607,50.17479,50.15714,50.055477,50.1533,49.98203,50.530457,50.280605,50.114403,50.43584,50.890503,50.06082,50.764954,50.40267,50.258698,50.13887
51.502247,51.39871,51.28222,51.130974,51.87388,51.677658,51.40535,51.246647,51.48615,51.640266,51.222298,51.762318,51.93009,51.478832,51.578243,51.421894,51.697063,51.68891,51.493435,51.8047,52.09243,51.765404,51.877052,51.76214,51.48695,51.41604,51.919106,51.413467,51.911808,51.972744,51.561863
38.673588,38.60719,38.533142,38.963898,38.26751,38.46181,38.447193,38.703056,38.581944,38.47396,38.806488,38.94265,38.586315,38.508686,38.861153,38.29975,38.655346,38.863102,38.668472,39.120083,38.758503,38.804707,38.752098,38.604904,39.217236,38.99202,38.94912,38.850136,39.121174,38.944004,39.134933
38.518448,38.535545,38.488884,38.19445,38.30609,38.393764,37.999077,38.56898,38.83934,38.108093,38.43901,38.628727,38.169624,38.91299,38.14985,38.53356,38.691936,38.53994,38.467506,38.54385,38.30642,38.662426,38.45658,38.55835,38.712173,39.348366,38.82317,38.60289,38.650944,38.961006,38.681454
41.86191,41.938828,42.069878,42.134975,41.748352,42.037525,41.996067,42.243546,42.0659,41.982372,42.363846,42.054,42.125248,42.184654,41.977673,42.24452,41.843864,42.15456,42.34712,42.013416,41.771954,42.0514,42.063236,42.368256,42.37365,42.55844,42.147614,42.51228,42.229263,42.026684,42.45441
50.185417,50.42414,50.311844,50.52513,50.10604,50.363632,50.56681,50.375065,50.63263,50.654213,50.72656,50.8044,50.409824,50.481113,50.593307,50.38101,50.74894,50.786446,50.52854,51.06927,50.808697,50.608505,50.87966,50.54654,51.264637,51.120995,50.711174,50.885616,50.8321,50.87538,50.85704
44.595177,44.39778,44.44902,44.877975,44.41548,44.531376,44.72743,44.651367,44.415077,44.34627,44.785427,45.1469,44.86102,44.625797,44.825893,44.66512,44.91991,44.615273,44.47974,45.24606,44.873722,44.678783,45.274292,44.56372,45.411217,45.06752,44.874454,44.753048,44.7605,45.343376,45.13641
58.94008,58.651073,59.39157,59.157913,59.001648,59.148777,59.02418,59.3739,59.09614,59.04786,59.068634,59.318607,59.09934,59.715565,59.306904,59.216732,59.510128,59.159702,59.306618,58.997673,59.180115,59.27267,59.69829,59.108627,59.46752,59.604935,59.515396,59.65374,58.866333,59.848274,59.261024
41.81461,41.336613,41.832047,41.523506,41.402534,41.814537,41.970013,41.880714,41.793316,41.543087,42.654613,41.82326,41.2624,41.50492,41.583897,42.402374,41.92748,41.921413,42.362103,41.741245,41.27384,41.483337,41.80437,42.006607,41.701443,42.257805,41.778503,42.1937,42.361885,41.613483,41.903385
48.40122,48.583504,48.632454,48.06265,48.96325,48.68909,48.769783,48.364384,48.476234,48.989,48.59292,48.482887,48.770813,48.497513,49.048885,48.79799,48.705532,48.758213,48.99579,48.778442,48.95066,48.901917,48.88458,48.96836,48.307663,48.60446,48.73385,48.93891,48.90646,48.72971,48.861904
45.50222,45.298664,44.915474,45.580128,45.500427,45.17872,45.360947,45.61297,45.198654,45.30642,45.037823,45.17534,45.410152,45.483673,45.588146,45.886585,45.485012,45.65415,45.569134,45.75976,45.773903,45.5679,45.217117,45.419205,45.51857,45.49465,45.679302,45.895386,45.60637,45.7072,45.8772
44.71772,44.422638,44.856216,44.716404,45.018562,44.754536,44.432903,44.54764,44.301666,44.668488,44.370182,44.680283,45.31366,45.13413,44.830864,44.478542,44.61878,44.887306,44.902405,44.687145,44.806824,45.0503,44.680477,44.93431,44.635525,44.69262,45.469704,44.640392,44.89051,44.73931,45.360638
44.597656,44.194054,44.564766,44.29911,44.538597,44.638172,44.875694,44.582417,44.41699,44.570816,45.333195,44.53148,44.43763,44.501415,44.87216,44.997005,44.670555,44.56253,45.031986,44.690342,44.537945,44.949596,44.748676,45.012604,44.716755,45.154526,44.785427,44.93583,45.231873,44.90728,45.285053
47.184605,47.21597,46.957054,47.15216,47.04093,47.043495,47.29146,47.25649,47.266495,47.296116,47.22282,47.43992,47.174324,47.21546,47.34418,47.503376,47.51839,47.40634,47.302036,47.376312,47.566956,47.557552,47.57618,47.49546,47.468533,47.274338,47.418312,47.690884,47.695175,47.752487,47.4098
36.210316,36.537983,36.49649,35.99259,36.1008,36.34481,35.796936,36.424587,36.99376,36.28594,36.355507,36.40426,36.165375,36.92443,36.266598,36.40386,36.35869,36.808388,36.720585,36.127113,36.23658,36.510708,36.35728,36.82399,36.677654,36.928665,36.758675,36.567387,36.620125,36.554028,36.700134
44.780804,45.410675,45.168625,45.598404,44.649353,44.842007,45.317898,45.090736,45.174168,45.24001,45.38869,45.167007,45.17627,45.160007,45.340412,45.190353,45.397404,45.148037,44.95278,45.83397,45.53015,45.64982,45.41412,45.122543,45.832554,45.80433,45.17271,45.877697,45.621258,45.60569,45.591694
40.52365,40.455894,40.34755,40.202408,40.518982,40.354095,40.428024,40.432358,40.431923,40.575573,40.258152,40.608772,40.563854,40.835316,40.69334,40.80336,40.667946,40.961987,40.70525,40.608665,40.81859,40.893208,40.596157,40.63215,40.541897,40.627296,40.844395,40.821434,40.646442,40.748,40.909176
50.499516,50.381283,50.61097,50.67192,50.74613,50.737225,50.68936,50.67737,50.379204,50.684643,50.49417,50.63819,50.799274,50.58032,50.87299,50.537926,50.43486,50.757675,50.709538,50.83819,50.98788,50.947735,50.70487,50.7088,50.747036,50.864586,50.972786,50.881863,50.835182,50.852848,50.962997
54.196266,53.757336,53.836975,54.258617,54.19529,54.27626,54.40037,54.353664,54.152943,54.304222,54.498344,54.498985,54.480244,54.33837,54.240284,54.65219,54.442406,54.496708,54.593758,54.42855,54.36629,54.08854,54.61192,54.61251,54.732666,54.460106,54.597847,54.581665,54.49671,54.57853,54.674828
53.44082,53.399277,53.17295,53.080685,53.129227,53.26717,52.764328,53.376553,53.851875,53.190353,53.38234,53.58294,53.05975,53.57144,53.438774,53.108322,53.483753,53.400623,53.56918,53.449974,53.460293,53.386272,53.78819,53.580795,53.97886,53.877357,53.514282,53.441055,53.82217,54.268223,53.5931
48.404602,48.672886,48.23478,48.30222,48.39067,48.310898,47.9646,48.452206,48.78508,48.252037,48.181885,47.908096,48.389046,48.339626,48.21018,48.45454,48.46796,48.573685,48.630604,48.494793,48.57646,48.709755,48.218315,48.882088,48.440773,48.444168,48.636097,48.577164,49.006977,48.49479,48.4873
42.829144,42.971268,43.273453,43.288994,42.876503,42.78997,43.346935,42.870728,43.244003,43.29412,43.726418,43.569233,43.039295,43.4279,43.629925,43.454613,43.637867,43.42313,43.52224,43.697155,43.44323,43.235985,43.973877,43.43215,43.960033,43.712547,43.66868,43.5215,43.48567,43.760185,44.08795
44.230705,44.039158,43.814995,44.579823,44.26828,44.26659,44.094204,44.31923,43.997692,44.400585,43.94378,44.510128,44.60579,44.5215,44.24619,44.039467,44.261925,44.477837,44.123722,44.524826,44.706795,44.35526,44.39139,43.952675,44.631187,44.309204,44.508797,44.512695,44.37426,44.760563,44.41562
48.647846,48.525692,48.42048,48.812008,48.630165,48.88864,48.527447,49.087845,48.769623,48.482605,48.343994,48.362984,48.906387,48.76499,48.900936,48.66676,48.861263,49.030617,48.70131,48.86915,49.13135,49.173656,48.546284,48.934418,49.12627,48.793068,49.143547,48.978493,49.015957,49.039036,48.992382
42.948143,43.184265,42.950546,43.31581,42.76799,43.00822,43.00652,43.198387,43.20556,43.269154,43.36112,43.262234,43.188427,43.31618,43.013687,42.970245,43.286087,43.17189,43.165314,43.281006,43.133858,43.34114,43.353878,43.218567,43.65621,43.565247,43.181534,43.614124,43.493336,43.528248,43.349163
52.260963,52.363674,52.703438,52.70501,52.229187,52.250946,52.202972,52.36462,52.57281,52.34394,52.668903,52.38337,52.46511,52.71478,52.643185,52.51541,52.549828,52.5762,52.80763,52.856907,52.487556,52.370655,52.731033,52.533432,52.93309,53.021355,52.729683,52.82902,52.662525,52.71537,52.98376
48.3875,48.40389,48.47397,48.360413,48.334953,48.66684,48.41167,48.467216,48.509853,48.611786,48.665245,48.670654,48.633125,48.439568,48.64127,48.13967,48.757614,48.74518,48.621258,48.94519,48.600185,48.582523,48.69714,48.461494,48.870964,48.935112,48.62885,48.77445,48.835197,48.678238,48.622913
50.057003,49.949562,50.34462,50.204277,50.47103,50.188374,50.114395,49.841324,50.022366,49.984684,49.882618,49.78007,50.683224,50.289955,50.4177,50.305824,50.246017,50.576847,50.40982,50.533497,50.799442,50.681458,50.255367,50.607956,50.314644,50.041924,51.049366,49.94129,50.64334,50.154655,50.94837
51.087017,51.040756,50.730377,50.780838,51.02974,51.18813,51.24267,51.489235,50.944168,51.018986,50.61269,50.94135,51.078022,51.19814,51.23548,51.537914,51.123806,51.365074,51.20429,51.13716,51.200176,51.455925,50.812237,51.35205,51.275856,51.511406,51.299767,51.739914,51.282288,51.250843,51.504513
47.699127,47.562836,47.391357,47.463734,47.53479,47.897476,47.98185,48.111885,47.98165,47.875988,48.101143,47.86188,47.30896,47.640068,47.923912,48.119453,47.969875,48.05075,48.091198,47.88081,47.93989,47.87368,48.029774,47.92865,48.2111,48.29049,47.68483,48.34161,48.068516,48.262875,47.86179
52.27106,52.316483,52.196236,52.807655,52.000298,52.337402,52.65471,52.513397,52.63036,52.65824,53.11591,52.75659,52.397213,52.455357,52.84214,52.71247,52.845085,52.74054,52.816826,53.24466,52.696754,52.233673,52.939754,52.560585,53.49193,53.169518,52.556404,53.179955,53.04839,53.00795,53.11199
51.1141,51.064587,50.964737,51.529846,51.009262,51.23733,51.526123,51.482502,51.208145,51.427696,51.614086,51.363453,51.36187,51.15969,51.63743,51.39268,51.605213,51.438053,51.533592,51.64782,51.568844,51.39818,51.82984,51.468506,52.032406,51.444443,51.335297,51.830044,51.61936,51.81497,51.67883
53.662205,53.175564,53.758446,53.76058,53.726753,53.933098,53.758514,53.7209,53.494286,53.477085,53.86225,53.72389,54.141766,53.858093,53.53757,54.02351,53.785126,53.759384,53.883854,53.69965,53.700253,53.762695,53.764606,54.08996,53.790066,53.89933,54.281345,53.852154,54.203465,53.804108,54.077755
41.428146,41.181953,41.190865,41.08469,41.48739,41.29884,41.404465,41.27945,41.21165,41.404266,41.419094,41.767143,41.434216,41.556004,41.44443,41.478424,41.413773,41.559105,41.541092,41.510433,41.537174,41.665096,41.72774,41.590073,41.610214,41.742355,41.769085,41.42299,41.52501,41.79995,41.90676
44.53765,44.854374,44.510338,45.04786,44.419106,44.760357,45.154312,45.009537,44.586906,44.894096,44.52604,44.931347,45.083344,44.779022,44.75333,45.00809,45.02012,45.151833,44.66819,45.02519,45.115047,45.124214,45.04317,44.860664,45.350765,44.798607,44.890186,45.397594,44.95929,44.890156,44.9421
51.692795,51.47746,51.91288,52.023193,51.40223,51.870262,52.323593,52.05863,51.749104,52.077793,52.291695,52.450687,51.880886,52.136795,52.36983,52.145103,52.35967,52.31069,52.096638,52.221714,52.12759,52.142384,52.456783,51.97689,52.6793,52.457924,52.27153,52.67703,52.163425,52.414406,52.475693
49.23852,49.574165,50.02012,49.582542,49.825775,49.74108,49.687103,49.501286,49.574898,49.676464,49.693718,49.566563,50.08321,49.93134,49.724567,49.780792,49.76795,49.46192,49.691708,49.853794,49.683598,49.960957,49.78503,50.11376,49.656696,50.251144,50.18595,49.989,49.899357,49.81826,50.166534
53.552017,53.751583,53.560974,53.557404,53.631386,53.54042,53.45823,53.538174,53.932976,53.965755,53.37738,53.895824,53.705273,53.89445,53.835804,53.639812,53.930943,53.987686,53.58052,53.881454,54.416584,54.246338,53.888058,53.82946,53.70879,53.75686,54.066784,54.164886,54.17661,54.328342,53.614326
52.56547,52.397003,52.70594,52.18087,52.7722,52.314697,52.036373,52.149696,52.400517,51.962437,52.270203,52.33487,52.71908,52.529842,52.3143,52.447037,52.58613,52.136753,52.63818,52.45877,52.378098,52.682354,52.841976,53.009476,52.325783,52.489914,53.023865,52.06511,52.847214,52.827003,52.871067
51.444477,51.791813,51.758347,51.893772,51.653374,51.660175,51.91033,51.431843,51.70492,51.810528,51.84941,52.0204,52.095226,51.842697,52.407368,51.870342,51.792477,51.718784,51.71225,52.4544,52.460747,52.02259,52.49401,51.924217,52.59165,52.207,51.96252,52.004498,52.261677,52.640606,52.615215
48.460114,48.220943,48.5449,48.87745,48.653816,48.6664,48.862,48.637726,48.40808,48.38686,48.515842,48.60371,48.674973,48.595245,48.33355,49.00661,48.872986,48.8921,48.70034,49.00175,48.894245,48.50866,48.827984,48.521378,48.89138,48.822495,49.107006,48.70617,48.704132,48.63586,48.796764
52.422825,52.94765,52.64866,52.813824,52.892097,52.8412,53.01572,52.8784,52.84045,52.9563,52.37965,52.68686,53.209763,52.94751,53.037724,53.19667,52.901356,52.965866,52.724434,53.157257,53.420185,53.251442,52.99833,53.208572,53.158577,53.071846,53.11078,53.35994,52.985874,53.179115,53.20176
56.31,56.644836,56.562057,56.501965,56.703606,56.343044,56.466248,56.434586,56.673622,56.57997,56.57159,56.528477,56.71695,56.49755,56.864674,56.648235,56.85986,56.321743,56.62895,57.07683,56.893013,56.792862,57.0813,56.958252,56.778996,56.923645,56.77168,56.915375,56.75947,57.20581,56.87593
43.801254,43.69886,43.77662,43.893314,43.868942,43.541355,43.616997,43.436703,43.572166,43.8681,43.31624,44.073174,44.04125,44.41744,43.788204,44.046803,43.65007,44.267513,43.8515,43.985172,44.312492,44.06326,43.80783,43.68042,43.86586,43.958786,44.45061,43.96377,44.06409,44.034683,44.402355
48.325623,47.764336,48.10386,48.20976,48.216858,48.205658,47.94568,48.10037,48.338875,48.188633,48.48349,48.502033,48.254044,48.245617,48.610535,47.893402,48.56367,48.622066,48.391415,48.600266,48.824085,48.64019,48.603527,48.402214,48.600647,48.29431,48.923653,48.140545,48.784306,48.9009,48.60072
49.491524,49.46781,49.435783,49.536118,49.54702,49.342022,49.146435,49.42652,49.55431,49.61698,49.68484,49.6558,49.7631,49.77381,49.377834,49.371845,49.55579,49.46888,49.852737,49.59117,49.36418,49.433617,49.889824,49.782677,49.741898,49.775764,49.681538,49.712757,49.64733,49.84131,49.772335
42.48188,42.61462,42.924995,42.743195,42.540665,42.943092,43.0844,42.987133,42.85746,42.738922,42.6966,42.691483,42.736794,43.18078,43.1031,43.373756,42.942013,43.35298,43.028236,42.8382,43.175083,43.16169,42.953186,42.967613,43.31039,43.21756,43.200012,43.30381,42.963833,42.99647,43.37066
35.75476,36.38411,36.005077,35.89985,35.738007,35.73388,35.875183,35.921608,36.010193,36.001755,35.976597,35.963444,35.991882,36.301476,36.137016,36.163837,36.150097,35.843258,35.8927,36.31706,35.93402,36.387466,35.917957,36.110607,36.196903,36.763374,36.02772,36.655743,36.39233,36.378056,36.559734
43.27611,43.670677,43.533607,43.27817,43.58642,43.228832,43.556095,43.266575,43.51566,43.47751,43.88492,43.558987,43.48913,43.302086,43.88109,43.702488,43.814133,43.144203,43.784466,43.98136,43.457787,43.532314,44.169136,43.99962,43.774986,43.92624,43.56863,43.725166,43.85803,44.04364,44.142387
48.467735,48.04458,48.41738,48.424095,48.602333,48.78462,48.61563,48.695404,48.4506,48.58571,48.776447,48.554855,48.572296,48.48408,48.56625,48.482418,48.697666,48.71718,48.730675,48.546093,48.71991,48.85336,48.63501,48.79191,48.632656,48.758934,48.993134,48.73253,48.91014,48.79375,48.6893
47.7337,47.758476,47.36177,47.406643,48.21505,47.53543,47.61588,47.364113,47.532135,47.926678,47.670387,47.634388,48.030178,47.74643,47.792793,47.832184,47.73669,47.534496,47.885147,48.071587,48.026546,48.049908,47.87678,48.117844,47.59326,47.925743,47.991898,47.782967,48.161472,48.167896,48.278122
50.169895,49.405476,50.11805,49.902863,50.165276,49.991642,50.0367,49.997463,50.068344,49.810955,50.396584,50.37616,50.059875,50.30063,49.93793,50.548977,50.709717,50.25528,50.438286,50.01504,50.132797,50.093815,50.663876,50.46306,50.05036,50.06031,50.81434,50.0565,50.324184,50.541847,50.256027
50.555733,50.20334,50.072662,49.71765,50.399597,50.908886,50.42037,50.581005,50.726406,50.801224,50.54254,50.594536,50.37475,50.324886,50.821842,50.131794,50.589905,51.19108,50.825203,50.39243,50.972492,51.04455,50.560104,50.87805,50.780632,50.50334,50.75543,50.59342,51.18093,50.800175,50.55979
52.43819,52.020027,52.783875,52.410324,52.117554,52.737396,52.559822,52.651943,52.813465,52.441803,52.9966,53.157936,52.317417,52.936817,52.611866,52.636726,52.7454,52.89905,52.70864,52.479553,52.750553,52.74382,53.181484,52.63041,53.194645,53.245445,52.962822,52.81151,52.788174,53.263542,52.713295
38.54039,38.973557,39.086365,38.440544,39.18808,39.068134,38.823677,38.723732,38.848663,38.873936,38.568035,38.765648,39.358856,39.078114,39.112724,38.82941,38.84277,38.908356,38.85197,38.89039,39.135902,39.515026,38.996983,39.4888,38.850822,39.117035,39.439644,38.851013,39.087154,39.04832,39.43596
51.630466,51.79958,52.060616,51.94983,52.156174,52.066437,51.973125,51.98816,51.880787,52.055122,51.869713,51.74317,52.273598,52.233875,52.329937,52.257206,52.03493,51.900444,52.24403,52.05886,52.147247,52.017246,52.19563,52.30745,52.083233,52.21347,52.28258,52.42598,52.155212,52.3288,52.46931
48.58957,48.391167,48.483566,48.721916,48.479424,48.6977,48.326767,48.664474,48.339268,48.26063,48.261677,48.71074,48.93404,48.84311,48.207787,48.59885,48.44783,48.53124,48.43239,48.677032,48.463947,48.447662,48.46748,48.41507,48.732986,48.962097,48.78204,48.764637,48.73075,48.745136,48.68456
51.56982,51.622032,51.429893,51.832054,51.407936,51.8265,51.60814,51.8651,51.93336,51.943428,51.66859,52.080757,51.840332,51.86645,51.741196,51.47858,51.81949,52.199604,51.802723,51.93877,52.119843,51.78574,52.097748,51.74037,52.465107,51.95601,51.899956,52.085777,51.959267,52.15876,51.75619
53.308884,53.31633,53.127716,53.44923,53.177933,53.416294,52.91207,53.302128,53.57164,53.34123,53.11706,53.259842,53.508442,53.491745,53.66323,53.05409,53.414597,53.72675,53.441105,53.774612,53.936848,53.48024,53.44873,53.280968,53.925167,53.48755,53.574665,53.54231,53.899826,53.888847,53.61268
67.988304,67.51211,68.29166,67.86858,67.720894,68.03458,67.63197,67.922264,67.81799,67.65097,67.79352,68.14717,67.92798,68.33541,67.33208,67.71708,67.79766,67.8039,68.061554,67.45022,67.64547,67.99104,68.26208,67.931725,68.0478,68.33151,68.26029,67.99652,68.12409,68.24056,67.775986
35.854774,36.68758,36.256172,36.440716,36.30768,36.251553,36.516857,36.263638,36.346016,36.84504,36.05801,36.48127,36.82984,36.543793,36.978767,36.381065,36.726772,36.770996,36.25089,36.964226,37.021748,36.85556,36.565434,36.56801,36.712105,36.47026,36.699245,37.07144,36.58367,36.62225,36.86838
54.04946,53.937866,53.37142,53.955856,53.944298,53.973816,53.89489,54.00081,53.951805,54.299187,54.284412,53.645588,53.964375,53.617348,54.3618,53.61794,53.919754,54.09585,54.299484,54.481983,54.417522,54.36888,53.985878,54.121826,54.48834,54.2257,53.84976,54.328617,54.751793,54.44248,54.419186
44.404,44.757164,44.418518,44.320526,44.5661,44.727036,44.56797,44.62037,44.809917,44.68284,44.484505,44.56811,44.752552,44.513027,44.907528,44.660515,44.86587,44.845753,44.693718,44.937756,44.945976,44.876755,44.721924,45.021645,44.895306,44.79574,44.85336,44.93322,45.162582,44.911057,44.916073
45.054302,45.241722,44.58071,45.075687,45.06697,44.799652,45.025475,45.184788,45.094193,44.98327,44.715515,45.096714,44.97593,45.193737,45.158314,45.380104,45.48173,45.11865,44.987003,45.59465,45.46342,45.282734,45.33604,45.031517,45.52788,45.454178,45.177006,45.48806,45.18414,45.802776,45.399643
58.538612,58.125946,58.641113,58.78392,58.809265,58.766186,58.724285,58.880093,58.390938,58.572853,58.61722,58.72881,58.89511,58.612843,58.56804,58.579952,58.865025,58.60369,58.879448,58.572704,58.684963,58.670116,59.23037,58.893204,58.843613,58.577515,59.0541,58.772488,58.51046,58.96085,58.64322
49.31127,49.744854,49.022224,49.20346,49.262794,49.23198,49.07915,49.57833,49.698067,49.367275,49.2945,49.215405,49.334473,49.20689,49.632435,49.21351,49.75242,49.234474,49.487194,49.674774,49.492,49.65765,49.7061,49.82363,49.835854,49.594048,49.30003,49.797993,49.80924,50.068676,49.555412
47.814007,47.7339,48.116302,47.562153,47.999588,48.73781,48.061802,48.54013,48.794197,48.41593,48.252087,48.079594,48.05944,48.569637,48.608177,48.231403,48.284092,48.911747,48.492435,47.708427,48.75435,48.789867,48.293724,48.75138,48.556576,48.430016,48.637695,48.570156,48.466015,48.69074,48.23603
41.39684,41.821327,41.820396,41.689823,41.40928,41.58406,41.40525,41.460457,41.549335,41.29943,41.440907,41.426086,41.74998,41.72132,41.346222,41.512882,41.521175,41.55847,41.52008,41.948143,41.522476,41.68348,41.5961,41.467155,41.89773,42.184746,41.66122,41.69654,41.811203,41.581844,41.87879
52.235786,52.063908,52.736137,52.584198,52.657104,52.56396,52.76878,52.359856,52.500675,52.767296,52.8171,52.842793,52.808437,52.78095,52.971558,52.64017,52.787205,52.977936,52.835205,52.96122,53.118618,52.8858,53.126724,52.891235,53.00668,52.920357,53.343704,52.734234,52.668045,52.905685,53.218147
47.398064,47.20508,47.12423,47.195145,47.254913,47.24132,47.12553,47.23762,47.214523,47.31095,47.120758,47.549088,47.617867,47.560192,47.74858,47.254875,47.4941,47.686035,47.448303,47.65192,47.69278,47.664104,47.511173,47.501617,47.730225,47.460503,47.77587,47.528473,47.71812,47.788292,47.96273
34.730698,35.061707,34.856865,35.030575,34.85767,34.900314,35.242706,35.067574,35.000774,35.20011,34.842194,35.180035,35.069733,35.419548,35.18277,35.590996,35.100258,35.476097,34.984364,35.26238,35.45444,35.452972,34.92656,35.15493,35.26595,35.501205,35.42841,35.70421,35.24987,35.23888,35.585857
49.78606,49.772697,50.146416,50.2476,50.070763,50.063614,50.05698,49.998714,50.153328,49.92252,50.08451,50.045876,50.311634,50.345608,50.546654,50.385384,50.360138,50.38553,50.30754,50.59866,50.60623,50.08358,50.57813,50.239258,50.72101,50.37671,50.602448,50.24547,50.17868,50.583298,50.756798
50.834755,50.471058,50.889473,51.12671,50.955757,51.06785,51.36634,50.96882,50.794144,51.0842,51.57262,51.191612,51.05558,50.902836,50.66433,51.43938,51.379955,51.021885,51.289005,51.21066,50.925163,50.732082,51.375397,51.127632,51.108883,51.276604,51.253284,51.37112,51.36219,51.08931,51.050648
47.122307,46.905094,47.119835,47.302986,47.837494,47.24976,47.63667,47.30785,46.567738,47.535187,47.19326,47.015926,47.936512,47.494884,47.437355,47.790295,47.480846,47.279106,47.675774,47.53656,47.227818,47.369587,47.276115,47.576965,47.012535,47.39138,47.7076,47.79056,47.070786,47.090137,47.959137
42.30579,42.68741,42.07615,41.9305,42.44896,42.220085,42.28803,42.24404,42.513752,42.62043,42.340176,42.364235,42.37439,42.232853,42.081997,42.510155,42.481472,42.351315,42.5315,42.266026,42.353947,42.741905,42.370792,43.03855,42.104813,42.391327,42.534924,42.696976,43.072937,42.47226,42.42701
36.754173,36.74987,36.801285,36.597866,36.775604,36.3276,36.362648,36.352222,36.59763,36.414787,36.716625,36.69077,36.882626,36.733337,36.82317,36.833416,36.88851,36.658207,36.863743,36.924034,36.697346,36.978462,36.77643,37.16429,36.493744,36.666054,37.264114,36.670177,37.301365,36.870155,37.324303
44.10624,44.107273,44.2807,44.205578,44.127953,44.314697,44.13272,44.367683,44.20597,44.195457,44.61019,44.04603,44.416348,44.43225,44.457417,44.36684,44.13589,44.161247,44.668186,44.20252,43.942738,44.339115,44.224037,44.758324,44.548496,44.757126,44.46977,44.648537,44.74114,44.41578,45.00007
45.631645,45.955128,46.205124,45.881172,45.922554,46.08133,45.845528,45.93829,46.06827,46.13125,45.912815,45.984,46.235786,46.319843,46.19598,45.8178,46.06936,46.21473,46.101974,46.111362,46.181583,46.30264,46.180725,46.18126,46.256824,46.39331,46.336666,46.320663,46.08286,46.185726,46.309654
44.607494,44.59687,44.287064,45.158512,44.693947,44.432228,45.000507,44.786938,44.176292,44.988663,44.644535,45.050697,44.99678,44.767075,44.65455,45.209164,44.778984,44.61957,44.636963,45.07836,44.845127,44.595184,44.772076,44.54007,44.640667,44.84234,44.731117,45.59985,44.874104,44.974197,44.883778
40.535583,40.516613,40.909233,40.435726,40.795288,40.67928,40.64204,40.39679,40.594223,40.62452,40.91138,40.910915,40.863964,40.781506,40.664722,40.91501,40.88318,40.57661,40.744408,40.813343,40.643005,40.845257,40.764984,41.06761,40.35927,41.01979,41.221935,40.8725,41.269802,40.861927,41.02297
41.379086,41.456676,40.804794,40.57362,41.132233,41.03494,40.957462,40.953156,41.222134,41.32959,41.11149,41.23266,41.107323,41.244144,41.17343,41.299767,41.10796,41.41355,41.41807,41.293743,41.22567,41.55158,40.9498,41.49093,41.123764,41.516106,41.236237,41.46431,41.970543,41.350403,41.629223
44.488663,43.95757,44.18405,43.825848,44.86876,44.334297,44.44646,44.08445,44.019726,44.389645,44.441372,44.6753,44.588993,44.43702,44.57187,44.63378,44.670967,44.45614,44.617554,44.70966,44.552628,44.55458,44.679012,44.647285,44.15514,44.61257,44.929264,44.300278,44.51716,44.721607,44.926544
48.028183,48.40031,48.289825,48.49242,47.68698,48.121937,48.265835,48.445534,48.13163,48.17478,48.383747,48.24608,48.1908,48.35653,47.84789,48.145107,48.391453,47.983284,48.14837,48.284603,47.8313,48.438572,48.329872,48.203552,48.675518,48.926712,48.091446,48.94054,48.55118,48.42465,48.30544
49.834827,50.153667,49.987343,50.002693,50.017952,50.18991,50.198246,50.034256,50.466476,50.594044,50.214878,50.299835,50.327984,50.489986,50.393303,50.192467,50.492912,50.677345,50.357098,50.41452,50.79225,50.560986,50.661278,50.455055,50.802177,50.421494,50.46579,50.56481,50.505054,50.674694,50.48021
52.701183,52.270073,52.213943,52.345013,52.58632,52.370937,52.19168,52.570885,52.368286,52.11554,52.28987,52.383865,52.379383,52.260864,52.546684,52.38606,52.592712,52.42054,52.617924,52.668503,52.618668,52.66673,52.65512,52.62368,52.578556,52.51999,52.739464,52.43127,52.76783,52.964916,52.672073
49.077877,49.251175,49.018593,48.95353,49.339973,49.001926,49.040203,49.079945,49.336693,49.502224,49.549732,49.31716,49.23834,49.149178,49.652405,49.142567,49.171543,49.049065,49.50203,49.48279,49.407337,49.521072,49.535343,49.787308,49.363213,49.633507,49.372616,49.59979,49.673523,49.846565,49.761528
52.879738,53.004658,52.697594,53.091537,52.37201,52.63705,52.59968,53.05947,52.951748,52.65728,52.807674,53.175037,52.76536,53.102936,52.960773,52.703606,52.87733,52.737637,52.87194,53.033863,52.937366,52.905884,53.620842,52.682846,53.856575,53.345734,52.569885,53.22743,52.891415,53.844482,53.0945
53.73592,53.963993,54.00988,54.261776,53.826103,53.85608,54.25733,53.87931,54.014523,54.353638,54.12474,54.337334,54.227455,54.255867,54.213562,54.280464,54.23363,54.31884,54.1781,54.385273,54.52045,54.239586,54.58163,54.20485,54.563854,54.286697,54.342125,54.612217,54.376152,54.46013,54.438236
40.010994,40.2066,39.96308,40.17636,40.26169,39.518436,40.30582,39.73292,39.694973,40.13575,40.11697,40.25366,40.353348,39.976532,40.434227,40.553467,40.32188,40.03054,40.282997,40.641407,40.32237,40.358425,40.51221,40.556343,40.12743,40.06144,40.523804,40.37632,40.472507,40.339108,40.98588
46.040897,45.858307,46.31408,46.27025,45.994072,46.46514,46.160557,46.26829,46.18668,45.93416,46.11511,46.458496,46.322235,46.323704,45.951252,46.071922,46.587852,46.37264,46.01008,46.28163,46.438156,46.289284,46.66365,45.975334,46.531376,46.329773,46.503292,46.209976,46.313805,46.605255,45.92315
40.360455,40.548313,40.646988,40.764347,40.27942,40.435444,40.247288,40.359577,40.46915,40.462414,40.58185,40.721283,40.651146,40.62244,40.45457,40.257423,40.107754,40.589745,40.387764,40.829803,40.694153,40.700436,40.470627,40.344673,40.723026,41.04937,40.654194,40.73471,40.825108,40.67765,40.75845
49.841225,50.13345,49.719902,50.11191,50.115005,50.069527,50.122272,50.289253,49.898037,50.24037,49.86507,49.97474,50.470413,50.125282,50.2433,50.183147,49.960583,50.009995,50.159233,50.29068,50.12317,50.24701,50.029472,50.48844,50.398045,50.442062,50.212585,50.678795,50.257065,50.28803,50.610733
39.936,40.190807,39.693405,39.81833,40.107887,40.002087,39.8057,39.954502,40.241085,40.108517,40.003952,40.00586,40.188152,40.066708,39.713055,40.027794,40.056396,40.186287,40.13676,40.206112,40.11743,40.22138,39.98437,40.47129,40.194176,40.335968,40.322342,40.10954,40.461876,40.134876,40.27828
41.723175,41.869774,41.62507,41.528503,41.576057,41.303806,41.4393,41.239532,41.603382,41.925922,41.769318,41.63648,41.383068,41.502434,41.73466,41.349804,41.485218,41.960144,41.870827,42.06948,41.937862,42.183212,41.393013,41.664886,41.504295,41.985374,41.9147,41.910015,42.465614,41.6085,42.056007
36.769035,36.696865,36.75441,36.79329,36.464905,36.927116,36.92038,37.32233,37.13047,36.828426,36.989815,37.1749,36.632374,37.495968,36.931004,37.35887,37.070347,37.348465,37.08185,36.669155,36.918407,37.17174,37.071793,37.077454,37.52133,37.554886,37.199833,37.493023,36.931946,37.413914,37.32
40.8017,41.011898,40.808594,40.743263,41.239998,40.96764,41.245327,41.054554,41.08287,41.12562,40.95898,40.62136,41.16013,41.075928,41.35198,41.587284,41.05065,41.57593,41.62119,41.221497,41.29959,41.414608,40.98529,41.90152,41.359634,41.21785,41.6767,41.23298,41.331802,40.837822,42.083218
42.578888,42.699448,42.458237,42.774097,42.108017,42.461437,41.8845,42.725597,42.728893,42.133583,42.113503,42.59021,42.56116,42.843346,42.38067,42.24961,42.206078,42.549934,42.26391,42.391663,42.71474,42.84864,42.499226,42.4121,42.92418,42.742203,42.58194,42.711872,42.875977,43.15089,42.537792
48.852818,49.25137,49.51159,49.36284,48.743225,49.137943,49.358936,49.37633,49.14254,49.28194,49.213066,49.183037,49.22131,49.507935,49.520733,49.27974,49.383125,49.402435,49.468925,49.20249,49.19092,49.481216,49.657646,49.319023,49.82245,49.56955,49.284798,49.906025,49.29127,49.43329,49.64036
51.337204,51.43494,51.90883,51.884533,51.705986,52.163006,51.817936,52.04136,52.00573,51.86144,51.987392,51.538467,51.891243,51.930344,52.034767,51.64297,51.97979,51.987587,51.989437,51.876625,52.131546,52.031063,52.133205,52.011017,52.3776,52.19152,52.12246,52.097775,51.921055,52.192257,51.97453
44.920403,45.074028,45.05243,45.097824,45.026146,44.9104,45.28377,45.172432,45.364727,45.190296,45.090675,45.41793,45.25786,45.443558,45.819126,45.647396,45.614853,45.678146,45.4382,45.448257,45.806717,45.555767,45.920605,45.729874,45.887398,45.187874,45.74924,45.511234,45.294716,45.860054,45.940163
45.5455,45.25334,45.395874,45.505608,45.344604,45.468445,45.625393,45.74621,45.186184,45.094685,45.071598,45.758793,45.703957,45.826782,45.179886,46.122204,45.773575,45.649773,45.3894,45.428818,45.47316,45.578964,45.723007,45.447044,45.601734,45.616737,45.753548,45.854572,45.334568,45.737904,45.53981
46.48846,46.71489,47.016556,46.60475,46.989838,46.736908,46.651333,46.73938,46.860126,46.918575,46.973747,46.62818,46.929718,46.857517,47.162838,46.959026,47.075176,46.74697,47.294136,46.911095,46.670013,46.708252,47.066586,47.333946,46.640285,46.946335,47.135063,47.21543,46.98478,46.914967,47.16719
48.285004,48.208496,48.025414,48.115406,47.986984,48.425526,48.080994,48.49392,48.446777,47.997448,48.128174,48.407726,48.152287,48.085754,48.060223,48.137638,48.523624,48.382725,48.067287,48.44058,48.439243,48.465534,48.34766,48.253044,48.523357,48.531937,48.342793,48.48231,48.66722,48.693943,47.96357
45.49755,45.361732,45.047935,45.164482,45.106537,45.40393,45.593315,45.66017,44.8472,45.4326,45.169086,45.32441,45.185635,45.293186,45.053474,45.53169,44.872524,45.442146,45.367752,45.222374,45.155643,45.743607,44.898884,45.05622,45.223217,45.891792,44.96195,46.070942,45.510384,45.196373,45.35037
36.699497,37.200768,37.200714,36.54192,37.10054,36.770576,37.072987,36.839058,36.935493,36.828037,36.707832,37.192783,37.002254,37.24277,36.830498,37.61668,37.27484,36.97423,37.132442,37.114964,36.685173,36.88408,37.271595,37.346558,36.83823,37.478256,37.315163,37.281807,36.80928,36.947063,37.372536
40.221725,40.25867,40.47918,39.849995,40.295082,40.49875,40.19274,40.13948,40.57636,40.455906,40.67872,40.33842,40.17066,40.544697,40.42333,40.185703,40.32249,40.603115,40.539818,40.404022,40.5498,40.928616,40.32904,40.60173,40.469254,41.04297,40.704975,40.425186,40.941235,40.623337,40.75032
47.704372,47.863777,47.44584,47.84911,47.77041,47.45852,47.747665,47.523617,48.036556,48.209972,48.34153,48.082733,47.8239,47.927353,47.94765,48.036575,48.093063,47.87808,48.164543,48.311375,48.16037,47.80038,48.442295,48.094513,48.29591,48.161575,47.860554,48.232674,48.323368,48.528194,48.248714
44.346893,44.822083,44.61503,44.906654,44.87754,44.363113,44.84408,44.264736,44.423447,45.052013,44.896862,44.52912,45.221233,44.642345,45.31533,45.033905,45.178257,44.51833,44.94686,45.38804,45.007786,44.773403,44.970776,45.17479,44.69831,44.60868,45.050236,45.31528,45.510315,44.99557,45.54505
48.712063,48.509933,48.652687,48.431137,48.655525,48.708633,48.45217,48.677017,48.83684,48.31459,48.812996,48.703854,48.72203,48.737656,48.534225,48.61829,48.8978,48.742676,48.833282,48.90122,48.658783,48.927628,48.95031,49.079163,49.124504,49.220123,49.135277,48.516724,48.956264,49.03287,49.10103
44.522614,44.90061,44.535378,44.842342,44.982796,44.67777,44.642246,44.4406,45.284897,45.2379,45.1932,45.062454,45.077087,44.90814,44.93562,44.84715,44.85406,45.031673,45.041134,45.308567,45.478004,44.9666,45.305992,45.443344,45.300808,45.099106,45.294147,44.902157,45.471603,45.41746,45.337936
47.35326,47.493755,47.107986,47.840714,47.238167,47.46637,47.885902,47.789227,47.444477,47.99052,47.712067,47.923153,47.589355,47.758724,48.0674,47.837708,47.6955,47.84551,47.635296,48.091904,48.03294,47.718735,47.853073,47.441322,48.343857,48.155357,47.530018,48.55466,47.826046,48.250496,48.11208
48.844604,48.467373,48.870605,48.811295,48.48709,49.09548,48.550335,49.148182,48.748306,48.4273,48.43995,48.72825,48.79974,49.307877,48.302055,48.8482,48.542732,49.109184,48.726704,48.415604,48.81179,49.066956,48.62608,48.446396,48.998486,49.23526,48.900402,49.019207,48.69686,48.945297,48.579628
50.23207,50.283333,50.368095,50.153942,50.183014,50.202957,50.256973,50.318344,50.39835,50.045597,50.33627,50.099285,50.25585,50.212124,50.390865,50.56118,50.389114,50.360973,50.467926,50.42108,50.498432,50.73455,50.516003,50.712967,50.465977,50.5215,50.518738,50.518597,50.688427,50.58736,50.593254
48.8606,49.674236,49.439644,49.46149,49.020523,49.33971,49.55312,49.449966,49.66499,49.975826,49.3484,49.863567,49.63027,49.831432,50.044384,49.218796,49.914387,49.62426,49.203823,49.74329,50.11077,50.108387,50.18621,49.583748,50.226933,49.8468,49.55446,50.32263,49.617702,50.401463,49.67282
45.490566,45.47285,45.606873,45.385807,44.98979,45.611004,45.32301,45.701183,45.829285,45.119835,45.580395,45.59157,45.40479,45.577312,45.544746,45.524918,45.7611,45.730526,45.521408,45.376312,45.65598,45.97689,45.84026,45.839355,46.02999,45.67733,45.742645,45.682537,46.11316,46.03527,45.608967
46.744507,46.78329,47.022476,47.21317,46.753387,46.660164,47.036175,46.871685,46.679718,47.007748,47.411667,46.943214,46.895374,46.97357,47.018208,47.063778,46.881905,46.827106,47.31224,47.225304,46.73057,46.885544,47.2123,47.01761,47.261482,47.494118,47.011063,47.42817,47.13124,47.05533,47.5314
43.30052,43.999165,43.407677,43.40556,43.653854,43.080917,43.18895,43.133564,43.722805,43.585747,43.303276,43.474525,43.63918,43.619625,43.69652,43.7916,43.759624,43.33221,43.565937,44.046925,43.77468,43.57113,43.709217,43.896095,43.486755,43.765366,43.72755,43.89392,44.053562,44.01018,43.976746
40.959385,40.672474,41.05375,40.702183,40.888443,40.75354,40.989063,40.944016,40.679905,40.295185,40.951344,40.849995,40.741932,40.881817,40.271046,41.32153,41.301765,40.78835,40.958477,40.900772,40.446915,41.14636,40.928436,41.208992,40.742355,41.357346,41.451736,40.85442,41.033367,40.77259,41.133156
48.257923,48.134705,48.295517,48.525127,48.487137,48.25718,48.52644,48.26593,48.188393,48.378876,48.412193,48.453743,48.516132,48.327812,48.419464,48.64635,48.349068,48.566715,48.62439,48.65545,48.682354,48.478897,48.65408,48.65751,48.584293,48.48506,48.86865,48.514465,48.67298,48.516483,48.8833
47.246418,46.971355,47.057266,47.47847,46.993073,47.148685,47.140945,47.23913,46.964745,47.111393,47.20909,47.380283,47.275875,47.27174,47.176373,47.180923,47.291706,47.343273,47.35663,47.35861,47.291363,47.126884,47.496548,47.038803,47.583515,47.252228,47.36524,47.441963,47.548508,47.528534,47.42522
48.261787,48.878147,48.8127,48.541183,48.47902,48.17558,48.608788,48.339703,48.76795,48.818165,48.898792,48.596985,48.414894,48.489613,49.0277,48.73444,48.67204,48.56381,48.980118,48.983322,48.759,48.83458,49.09495,49.085464,48.836876,48.998924,48.7314,49.11228,49.004616,48.916206,49.169613
50.697372,51.039703,51.18228,50.669758,50.627647,50.80509,51.080772,51.0196,51.309574,50.899868,50.96547,51.227818,50.819736,51.153027,51.222637,51.37316,51.467598,51.307682,51.192085,51.054924,51.165787,51.344746,51.605236,51.55551,51.45822,51.313522,51.383972,51.448433,51.178406,51.40117,51.319035
46.002483,46.324966,46.51516,46.489826,46.09053,46.344105,45.753284,46.307735,46.862766,45.96158,46.489616,46.123295,46.46764,46.362087,46.495117,45.92678,46.12489,46.370193,46.520565,46.393986,46.48551,46.519844,46.60925,47.064896,47.09046,46.617424,46.91309,46.09869,46.898846,46.735287,46.95909
48.36821,48.595577,48.282127,48.422268,48.586952,48.10512,48.07178,48.06335,48.313663,48.202213,48.095863,48.279488,48.61686,48.537308,48.58823,48.528725,48.47545,48.123337,48.394127,48.890495,48.749836,48.46967,48.752884,48.42388,48.580444,48.583862,48.51104,48.45536,48.75818,49.098003,48.899677
44.621017,45.22914,45.39335,45.023254,45.01774,44.720074,44.777336,44.59491,44.924892,45.030052,45.186703,44.876507,45.287327,45.17904,45.08449,44.878998,45.142773,44.55892,45.13803,45.253918,44.82605,45.10372,45.452423,45.2779,45.05174,45.382698,45.10974,45.245293,45.26262,45.275803,45.45349
47.43196,47.66674,47.638794,47.231182,47.354004,47.526253,47.560566,47.60999,47.63828,47.506584,47.540623,47.659107,47.56823,47.828396,47.43512,47.820896,47.927822,47.483936,47.582333,47.465576,47.4411,47.96129,47.796497,47.91855,47.661804,48.018417,47.724873,48.06885,47.936253,47.96469,47.713432
51.25702,51.18646,51.679634,51.32926,51.83983,51.439964,51.23689,51.092403,51.258698,51.515648,51.701775,51.29518,51.746075,51.65558,51.57844,51.386135,51.442726,51.10914,51.733242,51.68438,51.453625,51.486362,51.695557,51.658333,51.286526,51.905037,51.78706,51.52137,51.70721,51.79162,51.934063
50.617336,50.55085,50.669693,51.116783,50.92076,50.963417,50.75683,51.070393,50.974415,50.971996,50.752357,50.601112,51.058975,51.131744,51.372154,51.063404,50.902424,51.224606,51.116657,51.103035,51.499157,51.080994,50.911953,51.09285,51.28748,51.01037,51.34796,51.34103,51.142845,51.36426,51.386257
37.43182,37.495346,37.309814,37.180477,37.33737,37.39206,37.53612,37.34928,37.0941,37.265545,37.25982,37.32098,37.554466,37.531372,37.31926,37.643787,37.423626,37.49538,37.392647,37.536816,37.416172,37.936115,37.25941,37.53707,37.498737,37.807007,37.60859,37.638412,37.859898,37.458363,37.964104
52.73393,52.650787,51.78576,51.940853,52.153854,52.09863,52.19255,52.298298,52.487446,52.50093,52.54549,52.556107,52.052197,51.775185,52.194828,52.148357,52.64576,52.4906,52.556606,52.79296,52.36012,52.661522,52.326164,52.66855,52.398743,52.554863,52.26514,52.724087,53.33516,52.576656,52.301003
47.85642,47.523823,47.583504,47.35993,47.757416,47.4631,47.274456,47.348446,47.46398,47.620293,47.22576,48.0731,47.593975,47.73292,47.29401,47.662975,47.491142,47.843864,47.6171,47.630592,47.792385,47.69309,47.496372,47.484528,46.99955,47.620354,47.993874,47.766727,47.993484,47.720985,47.39267
55.016727,54.571655,55.033066,55.244274,54.923218,54.962387,54.8931,54.930153,54.901154,54.759514,55.10665,55.247242,54.920723,55.175297,54.605812,54.96624,55.077534,55.107353,55.144722,55.275993,55.056408,54.83415,55.352825,54.80359,55.44371,55.537888,55.439877,54.96368,55.131557,55.31211,55.194897
41.612904,41.940243,42.255096,41.56491,42.25113,42.325943,42.411648,42.092136,42.057125,42.05577,42.106773,42.009106,42.27212,42.195698,42.10952,42.698597,42.48988,42.086876,42.305294,42.09392,41.95401,42.050972,42.426746,42.578186,42.018806,42.44429,42.353565,42.41103,42.04058,42.08991,42.3251
47.634804,47.711426,47.630188,47.20792,47.164238,47.652843,47.583374,47.551468,47.545513,47.422688,47.73781,47.449257,47.409508,47.323227,47.30529,47.466858,47.372486,47.694283,47.684216,47.546665,47.422237,48.08613,47.454098,47.7369,47.703514,48.026047,47.41943,47.795895,48.238907,47.44348,47.646763
66.71602,67.13292,66.948265,67.2018,66.89669,67.043686,67.191925,67.1725,66.99897,67.3164,67.06321,66.701416,67.39029,66.84749,67.88474,66.85167,67.31467,66.980286,67.28765,67.597725,67.53606,67.45774,67.61172,67.40719,67.8302,67.219406,66.960976,67.77081,67.45357,67.68496,67.57627
44.365482,44.991417,44.861015,44.591427,44.630608,45.067627,44.982677,44.835598,44.9335,45.04141,45.087708,44.60633,45.144466,44.49709,45.245487,44.86112,44.95692,44.79377,44.93558,45.025158,44.934555,45.124985,44.881447,45.453987,44.93896,44.970535,44.815052,45.434605,45.608444,44.88446,45.074306
47.655647,47.373974,47.352882,47.35508,47.66929,47.166428,47.06187,47.133324,47.280792,47.466248,46.937557,47.71193,47.584347,47.72722,47.452282,47.42049,47.45904,47.753887,47.525112,47.551865,47.960274,47.726467,47.685284,47.330284,47.20568,47.18512,47.883675,47.44143,47.65021,47.861843,47.530926
49.2796,49.06399,49.417313,49.21836,49.38218,49.863815,49.6383,49.480816,49.74812,49.374588,49.655273,49.40629,49.414227,49.50006,49.365017,49.798767,49.782608,49.97219,49.652897,49.60558,49.940342,49.69654,49.635406,49.75621,49.840202,49.783676,49.992626,49.521843,50.07291,49.6923,49.607815
46.33018,46.133553,46.377487,46.709938,46.444794,46.3514,46.6203,46.40006,46.213196,46.460773,46.46273,46.549507,46.497272,46.62533,46.350285,47.01647,46.45575,46.6785,46.604195,46.7052,46.744797,46.35708,46.57185,46.289047,46.47186,46.66932,46.709373,46.890404,46.60119,46.59618,46.659286
40.8243,41.135136,41.287277,41.277283,40.692146,41.332767,41.10299,41.46155,41.15667,40.820137,40.79355,41.153755,41.288982,41.610245,41.04428,41.12519,41.253296,41.313347,40.8981,41.104897,41.161453,41.516483,41.20613,41.11728,41.83551,41.755783,41.450916,41.507973,41.17764,41.44277,41.467587
43.13319,43.691555,43.409508,43.580162,42.965256,43.47235,43.139153,43.77383,43.653114,43.168858,42.96509,43.46382,43.536453,43.728245,43.441715,43.379852,43.48507,43.413082,43.082005,43.446346,43.554596,43.704857,43.49778,43.453674,43.951206,43.84703,43.459633,43.99123,43.577923,43.98704,43.454327
39.874317,39.569366,39.442307,39.51484,40.07541,39.361217,39.403637,39.224697,39.512478,39.609432,39.916733,39.721886,39.88276,39.33365,39.64249,39.789692,39.84529,39.649708,39.933277,40.199192,39.775726,39.715504,39.604485,40.11328,39.16707,39.569824,40.212814,39.55053,40.41613,39.68952,40.08122
54.045944,53.666355,53.442917,54.362827,54.006325,53.89999,54.270996,54.10935,53.81424,54.30814,53.846737,54.567562,54.153076,53.98806,54.290394,54.19948,54.225628,54.665775,54.217175,54.6379,54.783443,53.90135,54.594864,53.83177,54.7098,53.947777,54.356792,54.40121,54.05762,54.513496,54.2936
58.275345,58.37635,58.658195,58.644302,58.77562,58.50735,58.52624,58.536972,58.800087,58.695034,58.636578,58.506924,58.814125,58.80849,58.91227,58.922348,59.260395,58.533974,58.751465,58.886917,59.14477,58.760532,59.314,58.918777,58.710346,58.597633,58.948143,59.050804,58.725685,59.41181,58.617416
43.99021,44.118923,43.8733,44.16185,44.296104,44.284363,44.44583,44.26947,44.07877,44.64895,44.40844,44.056473,44.624516,44.267918,44.9148,44.376728,44.41594,44.634777,44.712852,44.697968,44.51395,44.457165,44.25682,44.751633,44.73573,44.457146,44.59947,44.795757,44.710983,44.32275,45.227516
41.995922,41.773933,42.049652,41.843212,42.101402,42.03254,41.96155,41.855934,41.75563,42.0592,42.120247,42.039867,42.06952,42.080418,41.980022,42.12116,41.812622,42.209698,42.303875,42.116512,42.00887,42.04985,41.944458,41.976974,41.811337,42.294876,42.20065,42.196835,42.2285,41.910027,42.278347
40.266617,40.197712,40.042656,40.410507,40.348053,40.354416,40.547398,40.502956,40.46723,40.58129,40.75924,40.51879,40.311935,40.3096,40.51834,40.587143,40.508533,40.604218,40.570095,40.58843,40.746613,40.751,40.59279,40.76751,40.71229,40.66754,40.717693,40.75769,40.871433,40.82782,40.772335
44.48446,44.54067,44.08634,44.485004,44.595245,44.245335,44.118958,44.37656,44.614185,44.43914,44.17815,44.279163,44.63063,44.630383,44.351234,44.72791,44.54119,44.71735,44.62871,44.68603,44.81824,44.6437,44.331352,44.823486,44.505264,44.4524,44.91578,44.650055,44.96273,44.702614,44.821846
43.72181,43.655113,44.123283,43.343895,44.062035,43.34182,43.558884,43.17324,43.523563,43.79348,43.73841,44.020245,43.83025,44.185295,43.65561,44.02757,44.08565,43.66661,44.070267,43.711052,43.605938,43.91454,44.1438,44.070427,43.190594,43.88449,44.38045,43.81934,43.96856,43.935375,44.17177
32.99132,33.220795,32.634148,33.296986,32.64147,32.84996,32.84054,33.130947,33.049305,32.823708,33.202805,32.982113,33.136536,33.013466,32.79826,33.341927,32.904705,33.2549,33.272118,33.533295,32.678616,32.574806,32.709965,33.100266,33.549934,33.57074,32.977917,33.440636,33.431107,32.7814,33.61043
43.48673,43.98998,43.56682,43.938175,43.160515,43.64501,43.712685,43.76274,44.02873,43.956226,43.993343,43.857986,43.710056,44.037174,43.940956,43.739872,43.811264,44.021667,43.89905,44.009583,44.001102,43.991306,44.075806,43.891403,44.765694,44.3216,43.732105,44.33245,44.39829,44.304436,44.345394
44.880756,44.473743,44.826187,44.617405,45.186363,45.069546,44.970387,44.948112,44.823296,44.82758,44.703857,45.06745,44.970722,45.022495,44.957924,45.26525,45.180744,45.180912,45.048183,44.805855,45.26311,45.161594,45.094685,45.244766,44.70228,44.813675,45.61582,44.979534,45.202637,45.244797,45.064243
49.40237,49.01413,49.450493,49.760143,49.294106,49.35321,49.82682,49.416733,48.768135,49.421062,49.368958,49.994305,49.783443,49.518673,49.31043,49.630577,49.468296,49.60248,49.34187,49.675476,49.56247,49.58292,49.73037,49.24784,49.58927,49.61007,49.82911,49.829983,49.48598,49.499474,49.70264
46.99041,46.69301,46.274635,46.89608,46.54384,46.65129,46.895557,47.12383,46.967773,46.652443,46.93396,46.8585,46.575466,46.848877,46.937138,47.28834,47.040962,47.236916,47.085793,47.127865,47.194706,47.11903,47.054348,47.059677,47.5979,47.162743,47.0352,47.189354,47.236736,47.4169,47.371037
57.88082,57.45479,58.00566,57.29643,57.75612,57.719734,57.581097,57.662468,57.602303,57.33078,57.42692,57.84237,57.78553,57.94722,57.559322,58.012947,57.783936,57.77035,57.94413,57.32954,57.70359,58.05402,58.13306,58.08908,57.55101,57.690155,58.138847,57.692097,57.916866,58.0271,57.8066
50.41814,50.475754,50.719994,50.768375,50.58567,50.623695,50.80968,50.651543,50.498177,50.38396,50.3179,50.709976,50.71933,50.58802,50.5576,50.821655,50.66283,50.79696,50.51036,50.87607,51.06643,50.949017,50.968925,50.704437,50.93179,50.82184,51.060795,50.73635,50.69663,50.86747,50.811256
46.892235,46.60903,47.17765,47.325108,46.828224,47.238815,47.23233,47.32629,47.265026,47.05403,47.575294,47.26308,47.126633,47.328968,47.20539,47.35237,47.666397,47.611134,47.50897,47.396072,47.229664,46.980328,47.633274,47.207054,47.79974,47.47892,47.539127,47.460438,47.146553,47.35177,47.36649
44.172104,44.625896,44.390533,43.86133,44.192314,44.649937,44.36312,44.55227,44.793663,44.315598,44.36606,44.484333,44.36457,44.321632,44.39197,44.53244,44.68903,44.42014,44.378616,44.33385,44.42729,44.701855,44.644756,44.941696,44.584,44.736877,44.459637,44.74803,44.931934,44.796722,44.326263
46.015373,45.64374,45.178185,45.614273,45.909035,45.461136,45.6264,45.5363,45.376015,45.828762,45.395836,45.911976,45.779476,45.513214,45.5168,45.632828,45.53287,46.120884,45.856373,46.038235,46.09308,45.98246,45.666485,45.67614,45.65008,45.58883,45.99635,45.690105,46.007896,45.716785,45.917324
42.86103,42.794506,42.59857,42.96827,42.8284,42.825825,42.74225,42.88478,42.88117,42.651516,43.185368,42.702957,42.90485,42.652138,42.62243,42.913136,42.73902,42.79971,43.057045,43.194157,42.757996,42.903946,42.729164,43.245102,43.183277,43.364746,43.141823,42.914997,43.48263,42.93362,43.391438
53.400333,53.081253,53.026657,53.32125,53.46943,53.339222,53.265606,53.169895,53.08868,53.604412,53.369545,53.73982,53.51717,53.314827,53.474648,53.040653,53.104683,53.459923,53.60315,53.552113,53.603565,53.31283,53.704357,53.419952,53.68365,53.48207,53.618904,53.40063,53.766018,53.773212,53.77256
51.1275,50.89258,50.979492,51.409626,50.783424,51.048615,51.174232,51.182243,51.064045,51.165657,51.518436,51.606735,51.003723,51.063305,51.40451,51.078945,51.246037,51.23826,51.242596,51.65829,51.395412,51.036697,51.658054,50.86744,51.785816,51.624237,51.105152,51.592667,51.477142,51.811737,51.36817
36.315758,36.527054,36.293304,36.716637,36.31031,35.923584,36.224045,36.148075,36.30347,36.48656,36.494522,36.741154,36.64734,36.90638,36.27298,36.991108,36.555466,36.43861,36.580173,36.786736,36.296127,36.09579,36.478184,36.480316,36.45675,36.794373,36.700554,37.004616,36.740517,36.618595,37.00178
42.33269,42.35487,42.19581,42.193363,42.13044,42.347713,41.873325,42.538033,42.82044,42.193375,42.31831,42.123734,42.124306,42.69937,42.57084,42.241917,42.101795,42.7888,42.648838,42.28418,42.68677,42.87175,42.340004,42.705437,43.023014,42.852165,42.686916,42.427055,42.696327,42.875237,42.95789
49.854656,49.945652,49.950615,49.562485,49.91735,50.23383,50.164005,50.12187,50.165062,50.179047,50.149727,49.93306,49.86877,50.222435,50.253727,50.278805,50.132324,50.18776,50.279804,49.97309,50.284626,50.43749,50.337074,50.22812,50.36907,50.54447,49.97505,50.483486,50.346016,50.570988,50.273605
45.887005,46.124077,46.04236,46.33991,46.03324,45.790337,45.72599,45.890167,46.09082,46.34501,45.601845,46.222076,46.293713,46.723278,46.064636,46.03914,46.094276,46.476097,46.169838,46.132748,46.545574,46.254517,46.30772,45.95665,46.28857,46.066116,46.49511,46.451344,46.12668,46.440063,46.307037
49.006405,48.574028,49.30487,48.86191,49.152824,49.101482,49.381042,48.969833,48.869564,48.98066,49.32643,49.31648,49.18802,49.14308,49.162617,49.561817,49.463192,49.310467,49.348934,49.142597,49.197536,49.40791,49.367664,49.5764,48.959167,49.2546,49.85985,49.292313,49.498962,49.180878,49.52771
50.817146,50.64021,50.293854,50.522114,50.630646,50.596783,50.270107,50.65447,50.85256,50.49303,50.671467,50.80233,50.82692,50.75449,50.770622,50.878353,50.70004,50.71453,50.923214,50.931202,50.730667,50.497787,50.77056,51.067833,50.994972,50.932915,50.890724,50.86795,51.29619,51.203213,51.140675
43.01405,42.852505,43.156418,43.077866,43.02674,42.72041,43.22238,42.760063,42.88984,43.232784,43.29457,43.763912,43.047657,43.57937,43.07754,43.554474,43.402866,43.202866,43.220387,43.277184,43.23324,43.197163,43.614048,43.142197,43.19459,43.54457,43.62484,43.494423,43.357914,43.6364,43.624664
53.91001,53.183487,53.337753,53.380074,53.669037,53.56306,53.849346,53.497917,53.392307,53.688435,53.63855,54.04365,53.461422,53.63391,53.66329,53.806286,53.736652,54.15315,53.83256,53.85385,54.215073,54.13584,53.958767,53.63559,53.86416,53.80696,54.132187,53.67202,54.0527,54.06902,53.976707
47.65804,47.435406,47.77292,47.978954,47.84339,47.96573,48.51277,48.182877,47.54167,47.95387,47.90507,48.0077,47.863827,47.730408,48.148342,48.52157,48.269073,48.268997,48.127926,48.132484,48.202187,47.91365,48.30361,47.889473,48.062878,47.891678,48.109932,48.51208,47.76777,47.981354,48.00324
48.161777,48.40334,48.494102,48.35229,48.792534,48.36044,48.31798,48.044537,48.40013,48.6157,48.293476,48.412903,48.869915,48.629986,48.365944,48.430275,48.395996,48.49961,48.595364,48.62262,48.79154,48.680977,48.731518,48.880577,48.444237,48.531395,49.01403,48.379593,48.703384,48.5935,48.87324
45.651455,45.428852,45.69433,45.59705,45.4619,45.370842,45.423485,45.569588,45.41677,45.28518,45.494785,45.540245,45.6309,45.833786,45.493202,45.806396,45.686485,45.82486,45.945488,45.617733,45.38172,45.686802,45.630215,45.8357,45.75499,45.80951,46.09434,45.733032,45.804283,45.524357,46.175426
44.313244,44.54623,44.669083,44.144115,44.407677,44.473305,44.678043,44.19247,44.446426,44.558308,44.725952,44.341076,44.50341,44.53299,44.49984,44.799408,44.66615,44.62391,44.68691,44.72253,44.579014,44.97798,44.455177,44.849663,44.462627,45.002403,44.792618,44.83168,45.221607,44.459606,45.00137
55.125324,55.1669,55.1605,54.75028,55.338867,55.546726,55.690895,55.36514,55.20833,55.541412,55.326397,55.224327,55.31863,55.12844,55.586918,55.518013,55.37433,55.410267,55.4405,55.294502,55.691696,55.96167,55.532364,55.73329,55.37768,55.562225,55.371113,55.765762,55.76822,55.662636,55.494816
50.458527,49.91896,49.954437,50.18891,50.408264,50.208992,50.063633,50.1365,50.13268,50.14421,50.433327,50.275322,50.355648,50.21932,49.612904,50.27613,50.04969,50.28929,50.510223,50.173088,50.19231,50.36479,50.241867,50.57847,50.21292,50.410774,50.64865,50.07367,50.727802,50.294518,50.417492
47.963573,47.5905,47.697952,47.593597,47.942467,47.779484,47.709877,47.689377,47.64349,47.578136,47.84602,48.01607,48.03942,47.75622,47.76036,47.99689,48.151203,47.8796,48.032013,48.133923,47.795574,47.6964,48.181393,47.96363,47.844456,47.88154,48.077286,47.791565,48.032246,48.04742,48.008854
49.645107,49.143204,49.59504,49.2025,49.171097,49.40453,49.163242,49.410572,49.493427,48.81165,49.490852,49.52183,49.079975,49.524734,49.37021,49.483692,49.486195,49.533882,49.61574,49.394844,49.47856,49.63469,49.873123,49.397087,49.823803,49.78636,49.654766,49.20419,49.730045,49.992508,49.67152
47.927776,47.840134,47.892296,47.959213,48.081924,47.654633,48.052647,47.765587,47.924477,48.085354,47.91058,47.98796,47.72695,48.126923,47.878353,48.36333,48.34692,48.290943,48.15717,48.350216,48.411903,48.29563,48.10218,47.973038,47.901924,48.257584,48.49011,48.32189,48.268955,48.218365,48.22632
33.67363,34.287582,34.283005,33.226955,34.278202,33.869392,33.974167,33.44017,33.84102,34.10451,33.271362,34.22093,34.24971,34.495396,34.128105,34.212288,34.172623,34.258766,33.89213,34.051193,34.306156,34.54875,34.19144,34.23345,33.66374,34.199135,34.57459,34.022068,34.030006,34.07809,34.489838
50.07504,49.730034,49.86628,49.65557,50.536964,49.948936,50.03695,49.722565,49.72293,49.97189,49.83533,49.872845,50.206673,49.795948,50.12501,50.218018,50.221638,50.076862,50.31479,50.18722,50.357098,50.275215,50.253643,50.45275,49.6545,49.70617,50.587364,49.842598,50.42467,50.171696,50.360653
41.134586,41.192474,40.875114,40.733475,41.247475,40.94488,41.129196,40.990353,40.790752,41.059093,40.741814,40.849854,41.029236,41.015495,40.71429,41.28414,40.906277,41.234467,41.14458,41.15322,41.14627,41.56474,40.800034,41.136536,40.762802,41.331703,41.189026,41.236664,41.219425,40.85939,41.232315
48.246044,48.495068,48.911736,48.485443,48.750305,48.740967,48.598717,48.717983,48.765102,48.581528,48.68287,48.336037,48.75341,48.65892,48.95708,48.703304,48.70657,48.71599,48.975063,48.70184,48.70691,48.91354,48.780895,49.29706,48.778587,48.969025,49.19528,48.877148,48.827465,48.705387,49.162354
47.756386,47.838974,47.921165,47.874443,47.35919,47.786015,47.60068,47.89728,47.616905,47.456234,47.425705,47.988113,47.959103,47.915874,47.395985,47.642998,47.52775,47.83759,47.603638,47.622208,47.611134,48.022743,47.77095,47.780296,47.997692,48.04364,47.91684,48.026352,48.019283,47.792988,47.795044
52.402447,52.556137,52.72525,52.73833,52.40274,52.41067,52.218792,52.375217,52.558186,52.50768,52.53728,52.492634,52.755325,52.472187,52.69568,52.369835,52.603992,52.587017,52.79633,52.773026,52.627094,52.443127,52.81179,52.702675,52.632214,52.436584,52.728287,52.81058,53.01312,52.672253,52.6659
35.425304,35.750824,35.597755,35.360535,35.9265,35.425903,35.81613,35.520947,35.621536,35.645462,35.953934,35.64009,35.69407,35.72522,35.430153,36.379093,36.06777,35.35487,35.877068,35.93666,35.325535,35.621857,35.77552,36.233696,35.396935,36.260204,35.962357,36.05717,35.892483,35.752735,36.14235
56.438713,56.29171,55.94921,56.690834,56.29033,56.34011,56.183155,56.488003,56.36284,56.53426,56.41046,56.29271,56.529926,56.167458,56.685673,55.837826,56.460083,56.521732,56.562572,56.76613,56.88617,56.716656,56.729008,56.49639,57.08439,56.325806,56.533714,56.574,56.960598,57.00872,56.687843
41.60105,42.1139,42.083565,41.373085,41.83201,41.93456,42.012604,41.974575,42.15607,42.169655,41.94378,41.794857,41.725845,42.231018,42.1434,42.086044,42.25212,42.156986,42.169308,41.862175,42.00113,42.596317,42.079636,42.38085,42.065598,42.531723,42.173264,42.492924,42.148,42.17661,42.299232
45.42953,45.881927,46.102165,46.15169,45.83233,45.81137,46.005035,45.759953,45.95601,46.264774,46.256397,45.981094,46.288155,46.02697,46.281727,46.066994,46.19588,45.962933,46.098267,46.254738,46.161705,46.081966,46.22119,46.377754,46.054047,46.10566,46.315315,46.59028,46.408005,46.139263,46.34597
49.738678,49.855804,49.8677,49.826187,50.227478,49.98154,50.22079,49.776722,49.8314,50.245934,50.152058,49.95737,50.28314,49.852962,50.59054,50.14086,50.14499,50.04402,50.21807,50.502335,50.543488,50.316288,50.468334,50.343834,50.233646,50.145752,50.22213,50.26943,50.337498,50.459614,50.592323
50.602608,50.397175,50.61078,50.516945,50.819687,50.611923,50.94019,50.753265,50.32336,50.688766,50.55709,50.719193,50.74399,50.899292,50.683884,51.330593,50.73202,50.653065,50.88484,50.61589,50.6956,50.85846,50.773296,50.918007,50.504765,50.98095,50.98125,51.228794,50.794785,50.90542,51.063766
48.91832,49.1626,48.786537,48.41269,48.521553,48.74287,48.65251,48.807278,49.058773,48.904568,48.761684,49.087864,48.68311,48.91066,48.97418,48.734028,48.84519,48.952763,48.885574,48.781055,49.05007,49.46688,49.141457,49.12597,49.102665,49.14579,48.789272,49.22482,49.47376,49.45364,48.97294
46.717407,46.744617,46.396202,46.59168,46.955986,46.34557,46.318764,46.15305,46.47283,46.684525,46.29396,46.532055,46.929016,46.39286,46.44572,46.283596,46.54635,46.839966,46.66115,47.095764,47.135815,47.066055,46.604916,46.834488,46.464653,46.41075,47.13786,46.34937,47.151127,46.597534,46.884144
59.607647,59.501976,60.00615,59.898113,60.407005,60.204323,60.407524,59.86272,59.8527,60.510002,60.28012,60.41825,60.695633,60.130062,60.45562,60.327057,60.391613,60.124966,60.436665,60.241135,60.363026,59.94405,60.796837,60.794983,60.224064,60.020424,60.722218,60.402225,60.256958,60.40094,60.56243
38.679688,39.39468,38.421394,38.729218,39.018517,38.613262,38.52264,38.60648,39.102,39.41746,38.83666,38.718975,39.219513,38.875526,39.13189,38.625843,39.16512,38.895813,38.92214,39.352764,39.29634,39.325485,38.879833,39.31253,38.885353,38.885773,38.95011,39.361668,39.5857,39.301437,39.158234
45.14775,45.492046,45.1119,44.85717,44.988335,45.00116,45.145527,45.20431,45.25038,45.10298,44.733982,45.169506,44.899918,45.31703,44.955917,45.42876,45.165764,45.37693,45.142258,45.14362,45.336784,45.723637,45.131504,45.30822,45.22514,45.57621,45.30243,45.580242,45.489643,45.376785,45.299175
45.65424,45.937035,45.89885,45.691525,45.71572,45.405514,45.64089,45.39803,45.964436,46.116344,46.232307,45.84017,45.577522,45.73342,46.040752,45.537918,45.804184,45.898136,46.12373,46.07767,46.073757,46.405617,46.024708,46.29135,45.941013,46.17974,46.224884,46.046494,46.59723,46.114574,46.40856
53.27769,53.59269,53.289062,53.723637,53.687813,53.727295,53.64794,53.77314,53.957676,53.86247,53.728664,53.49207,53.829834,53.595085,54.271183,53.85569,53.98548,53.7492,53.791164,54.243835,54.342537,53.726444,54.050133,53.991127,54.24328,53.900917,53.78795,54.219936,54.03568,54.447823,54.007126
46.423954,46.385525,46.35382,46.28538,46.60952,46.281322,46.302887,46.293083,46.51334,46.62413,46.40224,46.51806,46.64169,46.82933,46.728622,46.607765,46.721424,46.766594,46.856625,46.558292,46.782127,46.788975,46.845013,46.924744,46.71778,46.51126,47.021473,46.630047,46.80205,46.91152,47.110306
39.463688,39.77401,39.379593,39.34225,39.37628,39.434635,39.3904,39.64543,39.442997,39.69924,39.196613,39.416515,39.526043,39.8747,39.45041,39.507298,39.487537,39.668964,39.5488,39.33745,39.588478,40.101025,39.444126,39.53206,39.565533,39.779602,39.481113,40.068485,39.69817,39.76755,39.654354
53.022045,52.370525,52.846825,53.057167,53.33487,53.182453,53.082527,53.17701,52.859238,53.249676,53.23474,53.283836,53.354248,53.33914,53.3281,53.401424,53.18265,53.233223,53.353638,53.137703,53.382545,53.07717,53.267166,53.251595,52.990196,53.20755,53.54786,53.50924,53.14992,53.559616,53.329063
57.559803,57.273132,57.75193,57.688652,57.249992,58.04068,57.366306,58.162918,58.12628,57.386692,57.63059,57.506683,57.48198,58.09736,57.78048,57.66087,57.495068,58.228138,57.977978,57.49376,57.95606,57.859467,57.806755,57.723923,58.52391,58.279564,57.915005,57.951523,57.701317,58.134468,57.82891
52.07772,51.771084,52.210983,52.1595,52.19137,51.88874,52.219307,51.922657,51.958405,52.026505,52.011192,52.139297,52.32788,52.409622,52.58413,52.63651,52.53078,52.601746,52.519096,52.46812,52.605106,52.433315,52.446682,52.533714,52.37792,52.107887,53.006256,52.351353,52.520584,52.389153,53.014023
41.83255,42.29305,42.35099,42.353806,41.846794,42.22366,42.447678,42.229797,42.25019,42.72783,42.33277,42.711517,42.512447,42.62142,42.597267,42.044277,42.39461,42.83971,42.430016,42.466694,42.49796,42.62224,42.657413,42.4887,43.034546,42.66765,42.684196,42.850407,42.460155,42.375557,42.883118
28.583378,28.619251,28.8883,28.66849,28.504532,28.87739,28.825468,28.974148,28.511477,28.426596,28.411385,28.858894,28.882872,28.977156,28.517523,29.066137,28.752312,29.124256,28.64293,28.547346,28.593958,29.013075,28.483116,28.809906,28.650295,28.921392,29.182043,29.036526,28.767748,28.436562,28.91446
44.21168,44.106117,44.375526,44.34948,44.27205,44.289818,44.151543,44.520214,44.58978,43.994247,44.398624,44.27386,44.389458,44.721077,44.315563,44.97284,44.81211,44.50613,44.58732,44.46255,44.353485,44.239105,44.58481,44.644653,44.546066,44.666153,44.760563,44.685963,44.382454,44.720184,44.596935
45.500618,45.357365,45.500763,45.419838,45.389366,45.859615,45.42617,45.823235,45.662888,45.5462,45.796253,45.51749,45.585342,45.691605,45.559795,45.49579,45.468052,45.714535,45.781963,45.493683,45.531433,45.71152,45.6102,45.644257,45.85839,46.041634,45.541893,45.89557,45.80044,45.83286,45.63854
52.91577,52.800423,53.406265,52.898136,52.704872,53.03609,52.751717,53.044514,53.189068,52.731316,52.713745,53.133503,52.87155,53.58111,52.852398,53.00048,53.138344,53.38931,52.977135,52.859184,53.299656,53.529022,53.281788,52.89289,53.29891,53.48607,53.461094,53.18852,52.988285,53.428596,52.999496
38.551414,39.16907,38.943657,39.14293,38.951218,38.893692,38.91049,39.064598,39.244774,39.285385,38.930824,39.21774,39.22777,39.368122,39.28523,38.9562,39.22974,39.174583,38.963047,39.324482,39.407402,39.3196,39.40437,39.279533,39.530598,39.441635,39.369,39.508224,39.003197,39.576656,39.40319
41.969048,41.893284,42.50956,42.442184,41.961136,42.331852,42.50854,42.43115,42.21089,42.140625,42.696545,42.732124,42.483253,42.661835,42.24357,42.586662,42.871063,42.376724,42.309834,42.52367,42.071613,42.30882,42.68095,42.499405,42.78428,43.01169,42.85647,42.78968,42.361805,42.565926,42.731804
37.321148,37.397022,37.63307,36.915752,37.382286,37.44185,37.216232,37.30144,37.55773,37.356625,37.211494,38.025757,37.554054,37.651352,37.15181,37.300976,37.68319,37.739403,37.425217,37.147312,37.3849,37.713108,37.88375,37.823822,37.31846,37.413376,37.980045,37.330307,37.45733,37.55235,37.30109
50.79084,50.888344,50.74032,51.17638,51.048157,50.981182,51.05431,51.11604,51.089085,51.026466,51.187138,50.735336,51.059734,50.77464,51.451637,51.26248,51.387897,51.07695,51.300175,51.663746,51.39019,50.894867,51.328136,51.178276,51.4332,51.197624,51.0948,51.463024,51.321255,51.45443,51.34983
52.278793,52.04737,52.21306,52.072353,52.68995,52.466095,52.629547,52.262627,51.96248,52.518913,52.225662,52.451298,52.700974,52.233112,52.3638,52.432713,52.565712,52.425022,52.502357,52.435402,52.602962,52.683975,52.716026,52.675575,52.234222,52.247955,52.748074,52.463943,52.53517,52.502514,52.519665
35.352234,35.154037,35.1983,35.53419,35.064346,35.322365,35.36978,35.735527,35.443768,35.4939,35.79408,35.657913,35.349983,35.637962,35.525753,35.62698,35.582485,35.71905,35.580254,35.42952,35.382458,35.66469,35.35087,35.602825,35.62985,35.802315,35.685036,36.112755,35.685417,35.692425,35.7083
48.6031,48.001656,48.408463,48.608963,48.89805,48.67745,48.136898,48.490643,48.828255,48.5158,48.764187,48.62382,48.900604,49.007477,48.74251,48.87571,48.52656,49.01956,49.084785,48.776546,48.97447,48.388863,48.63578,49.028267,48.775677,48.778976,49.416935,48.50978,48.934452,48.958954,49.215584
38.516315,38.8525,38.2713,38.264442,38.78109,38.284634,38.570293,38.355034,38.629124,38.905167,38.701847,38.681404,38.585506,38.4861,38.872826,38.67147,39.09276,38.583317,38.631737,39.17759,38.915745,39.093567,38.698154,38.955017,38.486076,38.916565,38.867905,39.04236,39.179695,39.066505,39.00134
43.954792,43.953236,44.101463,43.865025,44.21299,44.165413,44.239532,43.95418,43.735023,44.14077,43.984863,44.004436,44.483044,44.17794,44.17322,44.125416,44.092033,44.288994,44.257954,44.23088,44.19056,44.51767,44.134064,44.38746,44.175114,44.291626,44.494263,44.209557,44.326015,43.98848,44.671658
46.659542,46.573963,46.170105,47.033577,46.66491,46.43853,46.44084,46.68129,46.708,46.759193,46.656544,46.554142,46.869583,46.525917,46.85967,46.70988,46.76062,46.793858,46.71817,46.95731,47.293434,46.990894,46.743347,46.96647,46.827904,46.339546,46.99205,47.000443,47.36896,47.21891,46.89418
42.308483,42.856667,42.47442,42.519524,42.245537,42.484917,42.475517,42.756626,43.009716,42.73313,42.999973,42.61829,42.295773,42.389545,42.877686,42.475117,42.547085,42.588867,42.82253,42.798687,42.6708,42.792194,42.956654,42.985977,43.16312,43.12599,42.416508,43.10214,42.986748,43.09618,42.83914
40.47502,40.868225,40.532494,40.524166,40.396255,40.766663,40.979115,40.689842,40.91259,41.0885,41.342396,40.946964,40.564262,40.295044,40.964134,40.650024,40.85234,40.95294,40.929634,41.18977,40.90811,40.949764,41.011753,41.009277,41.16487,41.202377,40.586388,41.23957,41.392918,40.906784,40.926582
56.75183,56.833725,56.545135,57.126415,56.70993,56.671158,56.518257,56.732,57.11238,57.116447,56.96183,56.961323,57.004356,57.080376,57.054462,56.83248,56.870277,57.13668,57.184536,57.35771,57.28731,56.66545,57.166004,56.931458,57.498234,57.16366,56.996567,57.297726,57.301857,57.40658,57.243725
43.896255,44.0068,43.86654,44.22054,43.96469,43.82237,44.02167,43.980244,44.125393,44.265324,44.186123,44.082584,43.932213,44.151,43.937862,44.25299,44.01618,44.339058,44.2017,44.358765,44.37407,44.284023,43.974503,44.15217,44.171383,44.467354,44.374527,44.53082,44.440914,44.19493,44.33235
48.501305,48.87443,49.02163,48.627106,48.611694,48.78321,48.577248,48.74769,49.104736,48.832554,48.748825,48.760864,48.72623,49.01351,49.158073,48.766735,48.803703,48.97364,48.949497,48.854664,49.09793,49.21627,48.94887,49.200653,49.073574,49.21547,49.189896,49.189724,49.30193,49.227573,49.222126
41.854786,41.700512,41.96032,41.77402,41.88778,42.020866,42.079933,41.917946,41.569695,41.998096,41.843636,41.843616,42.139114,42.38029,42.085823,42.100803,41.944122,42.38277,42.20531,42.089073,41.993557,42.31349,41.80369,41.898018,42.216812,42.481804,42.31336,42.27443,42.028275,41.84239,42.689785
39.94451,39.947575,39.93158,40.081715,40.175438,40.513626,40.93488,40.454647,39.755634,40.85624,40.785007,40.78375,40.549225,39.99743,40.149067,40.206326,40.337425,40.374687,40.392605,40.419167,39.948776,40.3233,40.386223,40.490234,40.415287,40.779312,40.292774,40.952557,40.347828,39.99632,40.433228
40.20252,40.925472,40.917793,40.816216,40.327377,40.507523,40.445694,40.667046,40.775394,40.53265,40.095695,40.840946,40.893463,41.45973,40.46093,40.94651,40.903328,40.794647,40.62208,40.573677,40.56967,40.481163,41.134262,40.611794,41.17888,40.989662,40.861107,41.112682,40.38671,40.962223,40.88625
48.47817,48.491024,48.664032,48.368675,48.881485,48.74248,48.765972,48.542313,48.442776,48.94501,48.918514,48.861774,48.925064,48.56812,48.65437,48.587425,48.792995,48.54282,48.82882,48.877983,48.607937,48.751762,48.980392,48.85952,48.48542,49.00376,48.739407,48.9854,48.728893,48.78953,48.685658
60.914803,60.908108,60.66532,61.33768,61.3412,60.847134,61.248184,60.843502,60.79801,61.60175,61.033096,60.962654,61.464817,61.027622,61.618896,61.191296,61.123573,61.25731,61.376087,61.68605,61.887585,61.374302,61.387115,61.32225,61.38217,61.00596,61.410175,61.594715,61.57437,61.553043,61.737873
51.223034,51.56163,51.9795,51.453987,51.654747,52.038948,51.833164,51.877213,51.784527,51.937645,51.18596,52.104588,52.043808,52.506233,51.910057,51.872967,52.018383,52.029953,51.621002,51.502327,52.075447,52.042305,52.25332,51.82557,52.103363,52.143547,52.17564,52.287495,51.44264,52.29882,51.82249
48.48309,48.406036,48.346382,48.52266,48.821487,48.5153,48.796776,48.713505,48.59858,48.79293,48.681576,48.576042,48.727104,48.699173,49.058792,49.156265,49.005535,48.93916,49.000587,49.101135,48.988884,48.76795,48.80272,49.0231,48.817257,48.91192,49.069023,49.174072,48.76931,48.933254,49.224648
46.290985,46.359325,46.40992,46.021935,46.18937,46.615826,46.16786,46.411728,46.401234,46.171776,46.29555,46.100502,46.361904,46.421505,46.16122,46.274097,46.10048,46.36313,46.258606,46.3055,46.37641,46.893295,45.951622,46.469833,46.32043,46.992714,46.43123,46.609444,46.90899,46.450745,46.45417
52.774563,53.276516,53.060616,53.336643,53.044655,53.055767,53.682705,53.153404,52.95606,53.711582,53.541454,53.315857,53.3755,53.244568,53.214867,53.455345,53.376957,53.063828,53.400764,53.61152,53.151978,53.245495,53.582825,53.39324,53.658684,53.88034,53.10588,54.086807,53.441437,53.382877,53.655487
37.713497,37.504543,37.143463,37.672432,37.476425,37.15219,37.06646,37.556477,37.461445,37.295444,37.569805,37.492767,37.39385,37.3481,37.37249,37.533264,37.371265,37.576694,37.813805,37.74827,37.350315,37.303307,37.403767,37.597176,37.513836,37.56357,37.624954,37.634457,37.79362,37.584896,37.775723
57.891636,58.188877,57.809685,58.32404,58.390884,58.13331,58.47296,58.170563,58.16063,58.66992,58.45352,57.805954,58.293674,57.494198,58.87751,58.198944,58.27585,58.242397,58.522827,58.95376,58.925747,58.45464,58.46313,58.576584,58.418518,58.152573,58.162716,58.785416,58.782993,58.51313,58.499046
57.482655,57.096813,57.76853,57.525787,57.48172,57.475082,57.61306,57.152203,57.099438,57.68636,57.558064,58.02786,57.70118,57.763756,57.541092,57.363327,57.76072,57.650204,57.622078,57.682095,57.811897,57.631443,58.243572,57.169716,57.615566,57.598465,57.784096,57.687916,57.66062,57.95095,57.534016
49.39595,49.27347,49.802147,49.928413,49.446228,49.78605,49.775677,49.88066,49.66912,49.764103,49.870834,49.854156,49.779564,50.13276,49.684322,49.81985,49.842014,49.935482,49.832882,49.676918,49.842808,49.851227,50.02389,49.705574,50.171894,50.17437,50.058697,50.197105,49.685135,50.055912,49.923203
50.2361,49.77957,49.45034,49.69666,50.093163,49.870346,49.58834,50.054276,49.990532,49.7654,49.724438,49.6294,49.87954,50.076126,49.80775,50.239403,49.813705,50.163727,50.31549,49.85105,50.123203,50.150436,49.78254,50.226334,49.9736,49.990578,50.159412,50.020317,50.341507,50.271114,50.252857
49.62589,49.36949,49.681244,50.08316,49.683212,49.892773,50.172997,50.019493,49.468136,49.823483,49.992332,49.796288,49.851696,49.66266,49.752853,50.127594,49.754333,49.97332,49.972813,50.003506,49.894573,49.851257,49.762314,49.86177,49.978554,50.126534,50.082478,50.338825,50.066032,49.742386,50.07538
41.742752,41.879696,41.829475,41.769264,41.931,41.76161,41.469227,41.73826,42.192577,41.57719,42.0864,41.78176,41.9212,42.00877,41.87663,41.970325,42.08958,41.676678,42.02501,42.11648,41.945236,41.89006,42.28122,42.276268,42.208893,42.258858,42.149345,41.78597,42.227737,42.519363,42.2851
42.295444,42.762756,42.55349,42.642586,42.616455,42.42722,42.841713,42.503784,42.57872,42.893105,42.886036,42.607838,42.92682,42.580086,42.944073,42.95762,42.916973,42.737667,42.901924,43.159096,42.76939,42.776394,42.91059,43.09716,42.88092,42.92064,42.820522,43.20596,42.937862,42.70555,43.231388
43.259747,43.3565,43.683258,43.606415,43.711273,43.893185,43.933407,43.54692,43.472992,44.005226,43.85876,43.88245,44.144875,43.808327,43.926617,43.59511,43.63291,43.971348,43.834003,43.83551,43.954006,43.95935,43.927837,44.068924,44.044327,43.95765,44.212852,43.898987,43.954304,43.73069,44.296482
44.64555,44.390835,43.86815,44.6412,44.409904,44.571716,44.566956,44.81681,44.21366,44.551,44.07319,44.60769,44.559647,44.32695,44.673214,44.59431,44.144016,45.01232,44.618996,44.75386,44.90707,44.55242,44.29863,44.35546,44.870216,44.483055,44.56682,44.889034,44.780033,44.60689,44.803303
38.243866,38.033268,38.52468,38.39145,38.17328,38.36612,38.268467,38.58282,38.39918,38.110916,38.083183,38.656315,38.439686,39.132732,38.198746,38.78195,38.790127,38.895847,38.49446,38.172676,38.392,38.47812,38.655518,38.39839,38.69211,38.62967,39.047424,38.63329,38.10157,38.61209,38.62971
37.92551,37.82833,38.134018,37.798473,38.275963,38.074284,38.1442,38.075066,37.93728,38.144867,38.03646,38.151623,38.15803,38.40989,38.172104,38.363777,38.170303,38.217064,38.235817,37.863785,38.212143,38.62771,38.12831,38.552315,37.889492,38.30564,38.75197,38.33128,38.317562,38.326458,38.585625
45.024174,45.01585,44.889572,44.78054,44.958656,44.885025,45.02049,44.982597,45.08148,44.957737,45.022583,45.04972,44.894234,44.9804,44.928974,45.104084,45.302643,45.212227,45.07529,45.177055,45.32997,45.5694,45.34774,45.210983,45.185738,45.205475,45.228172,45.151665,45.279697,45.397476,45.10422
54.62189,54.408,54.550125,54.400642,54.571365,54.893574,54.76627,54.701786,54.699284,54.565884,54.76062,54.52508,54.51462,54.414658,54.307934,54.744915,54.62398,54.7918,54.721226,54.63884,54.866398,55.054016,54.599483,54.895782,54.678066,54.971634,54.878048,54.802784,55.28774,54.75313,54.556156
42.675346,42.982063,42.323868,42.594593,42.775185,42.712837,42.665607,43.065636,43.07989,43.001503,42.706528,43.008705,42.79131,42.79886,43.128624,43.168762,42.73217,42.928825,42.978,42.927044,43.06313,42.802357,43.00297,43.210754,42.996002,42.99418,42.708202,43.460815,42.977074,43.38504,42.959362
39.282654,39.500248,39.54418,39.486538,39.334297,39.520954,39.379272,39.614826,39.77403,39.499092,39.59614,39.510952,39.414673,39.8206,39.69511,39.633213,39.860355,39.706684,39.559746,39.70848,39.7258,39.879875,39.52877,39.750977,39.816845,40.069153,39.9806,39.984932,39.983788,39.980377,39.915997
54.4484,54.294388,54.464935,54.84931,54.807884,54.572716,54.74532,54.6864,54.517506,54.919926,54.99391,55.028194,55.126682,54.46987,55.186512,54.68134,55.05318,54.552937,54.928562,55.012203,54.90223,54.590305,55.35517,55.258507,54.894733,54.491547,55.102524,55.11233,54.996395,55.25618,55.0326
50.466084,49.99588,50.079803,50.300865,50.25937,50.512463,50.414654,50.275234,50.468113,50.36127,50.815536,50.40034,50.266777,50.13478,50.026726,50.397034,50.406082,50.788532,50.580585,50.712242,50.70582,50.596874,50.34007,50.49102,50.650913,50.745544,50.70134,50.3655,51.09691,50.431988,50.47407
51.402252,50.966286,51.222168,51.237003,51.55155,51.538223,51.61901,51.452156,51.3679,51.695755,51.76467,51.839123,51.33181,51.311806,51.367687,51.6,51.728706,51.72622,51.654026,51.79519,51.68048,51.368015,51.719696,51.36714,51.370564,51.807106,51.6516,51.824665,51.52842,51.67466,51.24925
48.703953,48.885643,48.9094,48.982105,48.61081,49.03465,48.753834,48.981106,49.163616,48.89046,49.08594,48.79102,48.811848,48.780476,49.00057,48.90893,48.86586,48.93304,48.84276,49.07164,49.253174,49.218067,48.796806,49.040604,49.001392,49.248116,48.98671,49.430534,49.70909,49.310665,48.852406
47.780334,47.343178,47.20907,47.497944,47.64898,47.358795,48.02175,47.581074,47.27365,47.64528,47.695297,47.73069,47.405422,47.576683,47.131664,48.162487,47.93876,47.94474,47.891006,47.84371,47.648876,47.89703,47.641422,47.787758,47.693005,47.95057,48.08343,47.886578,47.955116,47.540665,48.013546
49.5367,49.543602,49.457413,49.7182,49.724915,49.853004,49.996677,50.01777,49.959976,49.895775,50.14433,49.726772,49.739338,49.91696,49.891804,50.24567,50.01053,49.882473,50.099033,49.966774,49.964485,49.904232,50.116386,50.23816,50.39328,50.387268,49.987686,50.286427,50.03866,50.32158,50.285236
47.71608,47.907417,48.15194,48.11687,47.798676,47.778698,47.92312,47.81697,47.830658,47.96604,47.990406,48.06966,48.08111,48.025074,48.024582,48.00832,47.987423,47.98237,48.121338,48.10173,47.981506,48.01671,48.227253,48.159546,48.094994,48.12908,48.276905,48.32036,48.292603,48.077145,48.303665
48.088985,48.28669,48.502464,48.472324,48.333748,48.761818,48.27195,48.65181,48.713608,48.665535,48.35665,48.36938,48.75374,48.78419,48.682228,48.324318,48.42847,48.887947,48.512543,48.49851,48.883423,48.84145,48.344746,48.7099,48.732388,48.796623,48.881683,48.969322,48.712353,48.665493,48.60109
41.08659,41.340015,41.120445,41.040157,41.07155,40.92239,41.097965,41.024372,40.99227,41.0837,41.018627,41.030586,41.059498,41.235962,41.311123,41.24525,41.23292,41.150623,41.170307,41.52459,41.28349,41.563313,41.11352,41.13401,41.270355,41.65722,41.281036,41.52179,41.525352,41.427464,41.674038
43.546795,43.313282,43.26496,43.27605,43.878723,43.482952,43.79762,43.637352,43.52297,43.557457,43.584206,43.448997,43.629177,43.66965,43.670055,44.45008,43.94575,43.814663,44.035652,43.600094,43.759937,43.733986,43.761353,44.25441,43.497196,43.548996,44.12652,43.86674,43.876057,43.791214,44.137653
48.68742,48.897453,48.72921,48.737717,49.10675,49.16685,49.074993,48.960506,48.908504,49.36159,48.86844,49.29536,49.32684,48.781086,49.02396,48.675213,48.90922,49.15176,48.993458,49.108124,49.33238,49.15178,49.43415,49.21888,49.159496,48.9694,49.06216,49.160362,48.988544,49.192997,48.859592
46.339245,46.844654,46.645042,46.873997,46.417053,46.9112,46.383175,47.108925,47.053898,46.751266,46.41422,46.514782,47.021038,47.068222,46.993824,46.65183,46.73137,46.99744,46.914692,46.664146,46.81283,46.683002,46.814693,47.03807,47.366646,46.884132,46.840164,47.29985,46.852703,47.008984,46.97007
43.320904,43.01818,43.432617,43.073547,43.044044,43.435963,43.468582,43.307865,43.003395,43.023373,43.395824,43.534874,43.164043,43.076977,42.99802,43.20394,43.178883,43.455364,43.27109,43.241554,43.213867,43.65424,43.406174,43.251907,43.346184,43.617073,43.481354,43.288185,43.570988,43.21592,43.29994
42.717617,43.08618,42.828445,43.04231,42.685455,42.8714,42.76138,43.06584,43.15666,42.71706,43.269196,42.736996,43.079906,42.80372,43.48745,42.97983,43.01071,42.73527,43.044956,43.401043,43.01924,43.192936,43.04885,43.542465,43.586185,43.482605,43.109962,43.34562,43.661526,43.51997,43.77859
49.181915,49.709797,49.63456,50.11952,49.01879,49.8038,49.943115,50.173256,49.940598,50.03768,49.87157,50.186546,49.837307,49.86276,50.094532,49.450893,50.062073,50.022728,49.614693,49.9252,50.07857,49.99599,50.493668,49.795746,50.901268,50.10849,49.707287,50.594257,49.703354,50.41652,49.769836
51.50898,51.20378,51.508217,51.390747,51.831696,51.58649,52.016327,51.516327,51.149723,51.802227,51.869625,51.810276,51.730717,51.62536,51.57598,51.70151,52.01093,51.468082,51.8055,51.735027,51.654446,51.93206,52.25864,51.775215,51.73955,51.89953,51.873966,51.80985,51.6327,52.022087,51.912266
44.53106,45.17388,44.946976,44.96393,45.011925,44.88469,44.706467,44.785114,45.308105,45.266003,44.707676,45.07227,45.446217,45.452698,45.766426,44.81631,45.398636,45.281128,45.017834,45.46721,45.784973,45.393154,45.638912,45.346718,45.70462,45.0981,45.45864,45.286503,45.17966,45.86189,45.648144
53.870533,54.12666,53.885147,53.121655,54.311317,53.471066,53.93328,53.180515,53.902,54.183475,53.897583,53.951992,53.969643,53.689938,54.42981,54.263184,54.36507,53.93514,54.370052,54.33829,54.352245,54.290733,54.55114,54.6597,53.58529,53.714417,54.25707,54.001095,54.60733,54.315273,54.48603
38.489788,39.2998,39.087738,39.47133,39.102615,38.92348,38.836494,38.995354,39.40542,39.308945,39.50677,38.97273,39.39657,39.049164,39.564007,38.91564,39.220047,38.84897,39.257168,39.730484,39.262005,38.947895,39.466534,39.581215,39.614437,39.529762,39.30723,39.51698,39.430794,39.562115,39.703476
42.191154,42.741455,42.302147,42.55314,42.500404,42.461273,42.48282,42.4771,42.553143,42.8741,42.4963,42.45622,42.923496,42.811977,42.680294,42.43899,42.6405,42.6987,42.654907,42.939384,42.676983,42.809757,42.54947,42.8778,43.05257,43.06655,42.810577,43.020176,42.820534,42.6942,43.224266
40.910347,41.39033,40.71772,40.8531,41.358276,41.18298,41.38416,41.306458,41.234467,41.389572,41.0482,40.993458,41.437016,40.964325,41.74557,41.62729,41.4578,41.305378,41.333157,41.639557,41.563496,41.49201,41.23347,41.8489,41.3526,41.312355,41.347008,41.765724,41.59227,41.49081,41.760365
51.86705,51.917137,52.00258,51.875732,52.182404,52.085754,52.352097,51.95268,52.04108,52.01785,52.15917,51.608063,52.10113,51.79666,52.500862,52.470417,52.24144,52.261703,52.361965,52.451206,52.603775,52.64073,52.132248,52.701294,52.27161,52.2294,52.587177,52.27986,52.83049,52.251396,52.8201
50.916183,50.906338,50.689873,51.08782,51.056656,51.31439,51.1379,51.304596,51.221325,51.48996,50.78138,51.360287,51.30506,51.418682,51.261814,51.2283,51.40112,51.80161,51.255463,51.409176,51.702908,51.044716,51.369663,50.951942,51.60134,51.232346,51.306606,51.667175,51.06287,51.470203,51.060543
38.322334,38.823116,38.603798,38.642975,38.395996,38.23819,38.53788,38.41815,38.73424,38.703693,38.91202,38.75214,38.642063,38.555393,38.844177,38.728077,38.865314,38.60892,38.734375,39.05185,38.70281,38.775528,38.960335,38.978127,38.860336,38.919716,38.76747,39.062057,39.001675,38.91433,39.052425
48.561195,48.615196,48.554207,48.559444,48.925438,48.701836,48.65866,48.43038,48.519012,48.925983,48.44927,49.02041,49.05463,48.935825,48.591724,48.695084,48.712498,48.84639,48.774292,48.945023,48.950268,48.6873,48.986496,48.772507,48.807842,48.91931,49.069073,48.816196,48.861553,48.936962,48.979935
55.154736,55.238045,55.727654,55.708603,55.471786,56.06156,55.905178,56.084576,55.816208,55.57014,55.850193,55.672897,55.81367,55.83964,55.578213,56.119774,55.947044,55.563602,55.69951,55.57397,55.69247,55.50741,56.154926,55.888992,56.084354,56.15014,55.71476,56.27593,55.550293,56.141792,55.484673
42.86272,42.789524,42.594345,42.638226,42.92753,42.68697,42.747597,42.795403,42.93893,42.84102,43.09708,43.198223,42.838352,42.962402,42.860626,43.141,43.095676,42.75905,43.027607,43.09171,42.905895,42.825317,43.355793,43.11255,43.05908,43.249344,42.976852,43.072083,43.056038,43.52456,43.137337
46.14287,46.382298,46.49798,46.407303,45.89601,46.18622,46.117027,46.280712,46.442307,46.399185,45.966393,46.818348,46.183937,46.888016,46.23561,46.153145,46.342556,46.911034,46.280907,46.559643,46.61033,46.4672,46.592007,45.882446,46.888172,46.961662,46.583317,46.735104,46.163174,46.593124,46.420452
54.07332,53.68502,53.51838,53.99409,54.111526,54.008198,54.479454,54.23372,53.79411,54.11516,54.383034,54.265465,54.02819,53.56524,53.864967,54.39011,54.6394,54.025723,54.30103,54.444656,54.03598,53.884872,54.582287,54.280693,54.26631,54.116737,54.11418,54.41857,54.243107,54.31786,54.00025
40.894344,41.287865,41.785416,41.028698,41.23069,41.498344,41.491524,41.137413,41.119186,41.370792,41.41692,41.62023,41.707783,41.519867,41.44979,41.229603,41.36916,41.328247,41.345665,41.437588,41.125244,41.569275,41.586803,41.66028,41.48535,41.941414,41.722702,41.575535,41.48053,41.259533,41.846104
56.06119,55.720764,55.694405,56.12965,56.005707,55.89038,55.61879,56.13663,55.931778,55.698708,55.582775,55.66339,55.993954,56.080875,55.98597,56.183285,55.95887,56.079865,56.10845,56.087185,56.3229,55.99508,55.965363,55.88183,56.04642,55.92772,56.125683,56.236523,56.123512,56.41602,56.004574
42.383,42.757458,42.79419,42.44566,42.124,42.437164,42.52836,42.50918,42.739887,42.420166,42.77187,43.062485,42.59538,42.728264,42.433334,42.6591,42.848938,42.574593,42.566406,42.717224,42.334015,42.688534,43.025215,42.905144,43.008335,43.164444,42.778652,42.929344,42.939865,42.873436,42.846577
48.79386,48.2297,48.68718,48.89359,48.42813,48.997242,48.25047,49.217506,48.666477,48.178688,48.177067,48.91681,48.855896,49.276463,48.482933,48.709167,48.52541,49.008556,48.622173,48.395527,48.66971,48.606106,48.598995,48.435654,49.043102,49.004303,49.08008,48.91822,48.519375,49.069603,48.652576
47.932415,47.88322,48.367744,47.80762,47.696815,48.53428,48.00092,48.693394,48.54625,47.675335,48.15911,48.117374,47.919876,48.131115,48.026714,48.226696,48.358547,48.39329,48.262753,47.78137,47.924633,48.27197,48.323433,48.508514,48.440792,48.4905,48.31859,48.428757,48.161648,48.290035,47.83718
51.9124,51.534397,51.86721,52.33323,51.794266,52.29446,52.497406,52.55612,51.970917,52.05961,52.409275,52.181374,52.04672,52.316822,51.976658,52.900513,52.27597,52.42919,52.4785,52.268078,51.926674,51.672993,52.064762,52.130463,52.593517,52.798096,52.30844,52.93633,52.20004,52.111458,52.453888
46.652218,47.295967,47.082603,47.132545,47.15274,46.574123,47.07845,46.625385,47.021786,47.174347,47.089546,47.2565,47.172276,46.7776,47.369526,47.010773,47.466057,46.75565,47.030422,47.712532,47.44312,47.155735,47.939636,47.340973,47.278934,47.07139,47.236618,47.24028,47.25519,47.655205,47.3576
54.541077,54.438423,54.469963,54.628574,54.606354,55.10463,54.77835,55.082375,55.01106,54.888145,54.62882,54.97626,55.039757,54.79458,54.852608,54.6842,54.897354,55.331886,54.800438,54.832092,55.28183,55.072517,55.018654,55.13256,55.313477,54.87623,55.15561,55.074978,54.881046,55.08211,54.709892
48.476746,48.121426,48.210815,48.354286,48.640625,48.371437,48.23071,48.41325,48.379883,48.292233,47.995766,48.442177,48.636852,48.96838,48.22974,48.79,48.534252,48.74886,48.599247,48.303726,48.741745,48.69424,48.487087,48.749435,48.551914,48.495476,49.211704,48.45242,48.64244,48.792175,48.914185
55.109047,55.21291,55.43692,55.297108,55.187614,55.370834,55.05489,55.28476,55.379444,55.33808,54.883373,55.56497,55.651146,55.63754,55.354824,55.096504,55.602997,55.650955,55.37134,55.39373,55.52038,55.38679,55.623474,55.49044,55.615154,55.350876,55.866966,55.575874,55.491337,55.548687,55.408768
47.13794,47.123093,47.515022,47.283688,47.034836,47.39807,47.06987,47.234856,47.295513,47.251392,47.260517,47.36216,47.462307,47.58497,47.220562,47.155373,47.278755,47.611332,47.457863,47.26749,47.28881,47.407112,47.30595,47.35347,47.480167,47.567802,47.655857,47.542946,47.63403,47.276817,47.489002
44.94242,44.75207,44.804848,44.76669,45.094322,45.28174,44.649498,44.92999,45.022724,44.465828,44.665424,44.83257,45.25008,44.878952,44.512444,45.089893,44.731445,44.893085,44.798218,44.85516,45.102497,45.015236,44.750763,45.308617,44.833294,44.994812,45.393932,44.66707,45.58246,45.119663,44.968136
39.55999,39.57532,39.975876,39.85811,39.467598,40.18204,40.013756,40.21387,40.007736,39.89814,40.069176,39.93159,39.707794,40.11165,39.889812,40.02085,39.961185,40.42152,40.00874,39.912224,39.987495,40.033062,39.87657,39.725883,40.29096,40.501114,40.015385,40.43138,39.854397,39.89665,39.893982
46.40815,46.515907,46.262917,46.858997,46.082832,46.493477,46.104317,46.645454,46.64909,46.446507,46.588814,46.461407,46.62367,46.51673,46.750156,45.948097,46.434937,46.6615,46.489967,46.89978,46.753323,46.758068,46.482334,46.536415,47.306667,46.90558,46.676735,46.8062,47.104954,46.97915,46.94787
47.948727,48.04519,48.217186,48.033962,48.386086,48.01409,48.208157,47.743687,47.87491,48.5239,48.373646,48.172714,48.427547,48.243103,48.112976,48.008152,48.253246,48.07201,48.26472,48.43399,48.35413,48.60545,48.350376,48.323105,47.975704,48.47979,48.47258,48.398438,48.495796,48.303665,48.469154
54.638832,54.278095,54.243515,54.735214,54.58143,54.697174,54.460083,54.89646,54.7293,54.57086,54.75628,54.581715,54.853733,54.807587,54.557644,54.975693,54.681755,54.819176,54.999043,54.715076,54.640064,54.45774,54.625374,55.048187,54.997025,54.903534,54.958664,55.047546,54.9788,54.908337,54.990154
46.5517,46.590958,46.445465,47.095688,46.857475,46.228767,46.621677,46.56477,46.580795,46.67434,46.97827,46.449783,46.798412,46.42912,47.26009,46.65746,46.92306,46.66543,47.044636,47.505817,47.16497,46.829346,47.31113,46.917862,47.27318,46.75669,46.937416,46.78718,46.76634,47.236874,47.461002
36.975384,37.399345,37.96425,37.47655,37.259926,37.728832,37.642277,37.630566,37.835793,37.441895,37.58174,37.97397,37.60256,38.078014,37.56569,37.804306,37.792736,37.704315,37.2951,37.471176,37.824844,37.913845,38.063225,37.745003,37.95662,38.204315,38.039936,37.907467,37.48649,38.11736,37.67854
53.732304,53.342888,53.526794,53.49963,53.600243,53.893337,53.74985,53.793945,53.736717,53.679165,54.022644,53.921535,53.737434,53.69763,53.804718,53.630253,53.577915,53.89969,53.916553,53.810654,53.95281,54.07246,54.03595,54.02752,54.28688,54.23253,53.978218,53.78385,54.099888,54.20533,54.139095
58.472595,57.779488,58.222,58.382607,58.23565,58.51628,58.450405,58.450424,58.198395,58.438564,58.511066,58.68413,58.370483,58.467106,58.338142,58.014103,58.3629,58.824947,58.53152,58.461044,58.755524,58.90873,58.619205,58.431946,58.95362,58.7666,58.979294,58.420826,58.719326,58.73812,58.723637
42.050102,41.844368,41.237328,41.715164,41.66118,41.567223,41.471874,41.85298,41.927803,41.71245,41.836266,41.52647,41.368046,41.560177,41.26937,41.923122,41.646183,41.89816,41.891376,41.734592,41.908722,42.150257,41.32055,41.924606,41.54395,41.873802,41.82852,42.048443,42.627567,41.941303,41.65788
37.651478,37.875046,38.22673,37.332752,38.0942,37.912315,37.645508,37.449173,37.923668,37.75951,37.864666,37.763866,38.00429,37.882404,37.691833,37.773804,37.895298,37.96454,38.027542,37.886967,37.805855,38.225746,37.787918,38.408264,37.47469,38.12731,38.519646,37.637627,38.33538,37.61252,38.19963
48.028816,47.976093,47.88881,48.429783,48.267075,48.30453,48.16518,48.49558,48.313946,48.091427,47.926945,48.101665,48.53287,48.65592,48.499763,48.823162,48.570778,48.427048,48.339153,48.42986,48.690525,48.16859,48.489704,48.423866,48.7351,48.321655,48.609344,48.68205,48.34753,48.922417,48.666187
49.54571,50.38238,49.9616,49.870075,49.83721,49.64552,50.098305,49.675175,49.9603,50.466305,49.98148,49.983536,49.93667,49.674164,50.643776,49.61367,50.220863,49.97014,49.99694,50.62882,50.49639,50.562874,50.412056,50.197838,50.30787,50.246246,49.996548,50.59456,50.48318,50.420387,50.40337
52.34314,52.36146,52.511543,52.18011,52.436653,52.27009,52.55927,52.262222,52.483067,52.497684,52.871307,52.6036,52.245045,52.30146,52.74982,52.725006,52.64489,52.364296,52.88535,52.73675,52.487747,52.47954,53.022488,52.868614,52.662163,52.86624,52.608513,52.758873,52.922226,52.908985,52.944008
45.673546,46.065544,45.788918,45.940727,45.796684,45.497715,45.510456,45.54193,45.87785,45.70016,45.797184,45.673763,45.89688,45.708294,45.897797,45.722492,45.776745,45.705647,45.974976,46.286682,45.96323,45.841877,46.08436,46.031555,46.117653,46.038147,45.956497,45.881454,46.239105,46.098927,46.29043
34.387512,34.93765,34.749504,34.327393,34.51285,34.449196,34.7013,34.55504,34.854904,34.6622,35.02976,34.700863,34.63527,34.82729,34.709404,35.11987,34.939323,34.498875,34.780876,34.795372,34.51401,35.027237,34.91752,35.231293,34.75644,35.294075,34.7547,35.152645,35.05708,35.009964,35.150932
54.302086,53.910427,54.314934,54.644756,54.282623,54.671234,55.01261,54.67552,54.22747,54.777313,54.630848,54.722385,54.606167,54.625618,54.630764,54.777653,54.544117,54.99475,54.639805,54.457935,55.046013,54.99421,54.764496,54.645103,54.942608,54.63159,54.956394,55.04941,54.848705,54.785446,54.81341
56.382095,56.680058,56.13022,56.44223,56.465813,56.188786,56.300423,56.217316,56.703278,56.460518,56.37812,56.454735,56.763367,56.013153,56.7249,56.47737,56.744663,56.567043,56.629414,56.9952,57.04363,56.652256,57.05299,57.154633,56.865845,56.07904,56.718555,56.515247,57.18158,56.933,56.739544
55.02901,54.949917,55.053055,54.965496,54.94951,55.1482,54.94936,55.22637,55.24902,55.358677,55.244793,55.08303,55.162697,55.25754,55.475258,55.22467,55.24957,55.386635,55.57001,55.063076,55.221043,55.23843,55.18703,55.51487,55.202515,55.2072,55.326767,55.79577,55.676914,55.39872,55.34869
47.06242,47.303776,47.852516,47.563984,47.2007,47.660393,47.524044,47.632202,47.579865,47.426037,47.645634,47.960587,47.68177,47.860867,47.53409,47.50439,47.598866,47.454067,47.551373,47.399323,47.404766,47.37345,48.315018,47.618027,48.105625,47.989235,47.63752,47.823708,47.291054,48.015694,47.60646
46.197563,45.901176,46.134468,45.89754,46.519196,45.87993,46.26645,45.77392,45.913307,46.372406,46.28003,46.529015,46.21252,46.36606,46.06269,46.64939,46.325233,46.404144,46.57028,46.451256,46.285725,46.13759,46.459774,46.34513,45.863285,46.43065,46.682316,46.34266,46.269073,46.22596,46.581364
51.29652,50.77383,51.033203,50.847336,51.616287,51.352142,51.3226,50.849434,50.829758,51.38249,51.506042,51.263172,51.465305,50.967278,51.116592,51.176636,51.051044,51.222282,51.49644,51.389492,51.381325,51.451992,51.22909,51.53711,50.918736,51.360306,51.628498,51.086853,51.86606,51.225903,51.58228
47.021133,46.686977,46.42614,46.61817,46.774612,46.549023,46.611572,46.789177,46.876896,46.77231,46.701443,47.263317,46.7473,46.892628,46.98119,47.018982,47.0921,47.0733,46.934414,46.966057,47.190434,47.057865,47.183495,47.085793,46.973866,46.771454,47.20894,47.036877,47.244858,47.522877,47.067677
51.556114,51.71908,51.728706,51.87702,51.680824,51.72112,51.711353,51.859062,51.705006,51.32769,51.552788,51.53759,51.917187,51.495995,51.65083,51.913383,51.97962,51.514565,51.668945,51.978767,51.802795,51.839054,51.962654,52.09919,51.939972,51.820534,52.01726,51.919323,52.09669,52.008266,51.880066
40.24385,40.10514,40.32637,39.86688,40.282814,40.056713,39.6392,39.97654,39.986103,39.825447,39.704277,40.192436,40.446705,40.44412,39.94378,39.89984,40.065006,40.288567,40.155674,40.07159,40.03948,40.53422,39.98109,40.369102,39.88309,40.27707,40.76887,39.957314,40.26682,40.084908,40.458496
45.09812,45.14504,45.009323,44.84478,45.26715,44.93038,45.4244,44.971325,45.110344,45.51337,45.32728,45.43275,45.1191,45.111145,45.464893,45.62394,45.526905,45.497353,45.551453,45.482216,45.46884,45.42213,45.50805,45.602234,45.10787,45.262352,45.525497,45.664066,45.62133,45.38125,45.598225
50.372166,50.620407,50.641495,50.529243,50.70108,50.376038,50.41522,50.140114,50.72605,50.947433,50.968044,50.89098,50.745476,50.72934,51.13525,50.36262,50.59028,50.553192,50.697193,51.258366,51.229294,50.949287,51.22219,50.703186,50.97297,51.18563,50.75033,50.83569,50.940323,51.45064,51.123535
46.663857,46.55768,46.57859,46.25835,46.808777,46.830196,46.76676,46.740845,46.67755,46.594116,46.32856,46.671967,46.863907,46.896534,47.04774,47.03574,46.95926,47.108448,46.850628,46.78325,47.165157,47.206837,46.91107,47.075027,46.91683,46.773575,47.192505,46.846313,46.96218,47.087475,47.19279
52.14299,52.24998,51.898727,52.12767,52.263947,52.182842,52.33463,52.279823,52.111027,52.269363,51.939396,52.03143,52.422207,52.13531,52.403435,52.556007,52.116608,52.3884,52.313675,52.445705,52.648724,52.656464,52.15349,52.61841,52.37598,52.343033,52.447582,52.657772,52.69866,52.443855,52.670563
46.743282,46.66525,46.75306,47.00015,47.209923,46.91515,47.220474,46.816315,47.106514,47.49666,47.728107,47.25674,47.228,47.006996,47.52882,47.46046,47.441612,47.23436,47.639915,47.52538,47.28931,46.810192,47.484505,47.727646,47.30357,47.227623,47.586174,47.505875,47.65409,47.398808,47.812172
46.673595,46.526188,46.68419,46.458305,46.683395,46.57311,46.525265,46.568554,46.873276,46.62634,46.839485,46.81986,46.521378,46.881992,47.01729,46.799404,46.69265,46.93364,47.059586,46.78354,47.018852,47.01038,47.109318,47.09877,47.111393,47.038147,47.174995,46.713066,47.116055,47.291798,47.37292
47.915226,48.12393,47.93161,48.430363,48.180145,48.16984,48.167736,48.386475,48.14592,48.451878,48.47676,48.07539,48.481895,48.259495,48.737587,48.182926,48.25123,48.08909,48.465237,48.617157,48.383568,48.19993,48.56997,48.35917,48.76554,48.584167,48.078014,48.83323,48.269794,48.786617,48.705303
43.54243,43.508915,43.1801,43.027267,43.615562,43.302177,42.996098,43.265053,43.37974,43.34144,43.17289,43.423973,43.368324,43.409786,43.084454,43.292843,43.213936,43.362938,43.56758,43.403748,43.33475,43.42454,43.44864,43.460846,43.192852,43.577057,43.409363,43.341946,43.558025,43.58765,43.382793
50.105465,50.043655,50.482704,50.025177,50.259216,50.732594,50.202217,50.26607,50.53451,50.474903,50.45639,50.490437,50.54175,50.554462,50.639595,50.024582,50.19512,50.60511,50.439014,50.171726,50.812206,50.86872,50.64917,50.707054,50.69109,50.592506,50.767708,50.39145,50.903805,50.877537,50.608715
55.615562,55.114044,55.48381,55.60238,55.3985,55.69071,55.5448,55.718338,55.50239,55.25522,55.87672,55.652668,55.554882,55.651886,55.751625,55.91284,55.585876,55.35559,55.704674,55.588997,55.71656,55.603123,55.987827,55.658592,55.938698,55.933876,55.606136,55.87179,56.034996,56.41962,55.84659
51.356407,51.59642,51.30813,51.939873,51.769226,51.535355,51.57253,51.533882,51.665344,52.084446,51.762405,51.57253,51.905704,51.610767,51.948345,51.74805,51.51731,51.621628,51.876778,51.95718,52.166733,51.605545,51.88492,51.895935,51.81571,51.614494,51.736996,52.191437,52.179996,52.146416,51.934147
34.986137,35.075695,35.023373,34.9617,34.825783,35.100594,34.91547,35.212986,35.42247,35.055954,35.203014,35.41145,34.98947,35.47554,35.073368,35.35493,35.137394,35.533028,35.195362,35.196766,35.21922,35.277195,35.08046,35.30137,35.443493,35.730835,35.469685,35.479187,35.38113,35.397972,35.44559
39.49565,39.755047,39.86445,40.060413,39.677628,39.89788,39.988026,39.864315,39.797016,40.020355,39.938545,40.33755,40.488564,40.28258,40.135815,40.168552,40.192204,40.064125,39.94095,40.037075,39.990578,39.803967,40.38118,40.25418,40.383526,39.98107,40.308414,40.382545,40.1127,40.237637,40.429066
39.18948,39.163826,39.254913,39.476963,38.974846,39.072033,39.620106,39.59263,39.185223,39.275284,39.069077,39.60516,39.107967,39.693233,39.057964,39.956814,39.80502,39.866783,39.328197,39.343864,39.504814,39.582912,39.594578,39.10556,39.514183,39.5035,39.60248,39.99711,39.016895,39.437237,39.25512
50.708416,50.486286,50.554657,50.338596,50.960464,50.352802,50.787792,50.22727,50.549896,50.909134,50.982105,50.94421,50.580883,50.3112,50.70049,50.38774,51.005016,50.829453,50.906837,51.129288,51.037827,51.358913,51.050205,51.269333,50.659912,50.866966,51.483376,50.51916,51.30274,50.88872,51.19454
45.1595,45.444805,45.49185,45.41271,45.197998,45.92204,45.59567,46.087223,45.53011,45.502533,44.969883,45.47508,45.858177,46.07486,45.386024,45.510723,45.746277,45.88817,45.37145,45.168636,45.515965,46.036175,45.484207,45.727516,46.05202,45.912567,45.854397,46.120132,45.358517,45.64908,45.601696
57.34304,57.352856,57.35824,57.118446,57.398605,57.244667,57.1148,57.44844,57.392616,56.875713,56.64992,57.261856,57.315937,57.42083,57.211224,57.715664,57.68215,57.152885,57.229916,57.176025,57.580708,57.556747,57.783222,57.54325,57.201256,57.142006,57.544273,57.51367,57.450214,58.0078,57.07578
52.636528,53.1873,52.73339,53.502346,52.895477,53.152203,53.28833,53.476326,53.551792,53.432064,53.651066,52.933926,53.275482,52.9486,53.72917,53.2578,53.45585,53.24816,53.490112,53.886494,53.54519,53.044144,53.72797,53.591553,54.317085,53.677765,53.025436,53.886066,53.356766,53.77758,53.66809
31.414341,31.696342,31.676226,31.157866,31.615507,31.643497,31.58486,31.666159,31.959524,31.616278,31.613375,31.591606,31.479597,31.946274,31.973263,32.108242,31.952538,32.169292,32.023468,31.732649,31.802193,31.869896,31.758759,32.085262,31.833447,32.00373,32.08664,31.918846,31.81912,31.794704,32.211906
42.668774,43.255592,42.70481,43.1045,42.919044,42.707615,43.27963,42.94225,42.804707,43.686028,42.96791,43.532513,43.26978,43.305286,43.46405,43.101265,43.192207,43.25763,43.186394,43.57988,43.258392,43.05243,43.518105,43.054565,43.62802,43.50454,43.05238,43.87784,42.960518,43.412003,43.681114
47.24038,47.673546,47.27076,47.144527,47.40576,47.440834,47.313503,47.28268,47.662556,47.58997,47.618736,47.201237,47.499218,47.071957,47.95596,47.155235,47.92421,47.367554,47.524624,47.944347,47.875633,47.882572,47.836246,47.795578,47.708412,47.485718,47.40325,47.709282,48.194374,48.05284,47.612076
46.92548,47.082348,46.485252,46.35254,46.597313,46.412285,46.426537,46.525143,46.918377,46.58485,46.863995,46.69339,46.394753,46.347916,46.633446,46.615005,46.815083,46.6419,46.82106,47.164944,46.810577,47.07403,46.853085,46.894417,46.79937,47.123245,46.55821,46.839252,47.37197,47.11315,46.811962
57.99461,57.89287,57.799393,58.40326,58.02643,58.085342,58.055378,58.344387,57.95779,57.838467,57.88296,58.25638,58.665306,57.910236,58.27329,58.155605,58.55908,58.04629,58.294453,58.36122,58.17935,57.66744,59.056732,58.405777,58.815907,57.622345,58.17723,58.233128,58.009796,58.62271,58.183277
51.775806,51.504814,51.80062,51.317524,52.254677,51.78632,51.959442,51.39165,51.830597,52.116634,52.381187,52.178497,51.99275,51.738724,52.17006,52.04706,51.857693,51.972374,52.55046,52.057323,51.997105,51.830757,52.52164,52.6977,51.981464,52.049583,52.441963,51.68913,52.359497,52.137268,52.684574
47.42701,47.24844,47.412354,47.61092,47.530495,47.33599,47.38202,47.452824,47.30351,47.4134,47.80216,47.617584,47.618473,47.38273,47.51598,47.514023,47.542587,47.38296,47.832726,47.839943,47.27748,47.179676,47.80551,47.65873,47.683323,47.801674,47.671608,47.68358,47.597824,47.63996,47.873436
35.899174,36.54387,36.372765,35.87538,36.102356,36.05936,36.14748,35.933357,36.345795,36.39473,36.367058,36.42078,36.248314,36.451775,36.31112,36.162384,36.26959,36.246174,36.394978,36.381626,36.143776,36.476738,36.603264,36.586983,36.55441,36.822113,36.381226,36.442238,36.501125,36.46025,36.80197
45.963863,46.20668,46.21351,46.464935,46.334206,46.215385,46.31874,46.119526,46.40343,46.574245,46.481724,46.508614,46.502945,46.547783,46.685642,46.555187,46.183174,46.517326,46.455425,46.840168,46.840027,46.375244,46.51379,46.52749,46.73827,46.88668,46.711338,46.756363,46.66693,46.772213,47.013226
43.388428,43.559673,42.99665,43.546944,43.018913,42.991203,43.574062,43.356754,43.561142,43.57445,43.551216,43.874405,43.348846,43.413097,43.764713,43.71569,43.581112,43.873043,43.45038,43.917538,44.080566,44.006073,43.80774,43.815453,44.174164,43.675873,43.779156,43.921833,44.092564,44.066463,44.133137
49.097145,49.155243,49.218956,48.672146,48.66365,49.43772,48.746487,49.511906,49.740158,48.968456,48.540173,49.22447,48.925076,49.668854,49.23889,49.06882,49.465034,49.85413,49.075115,48.656277,49.647755,49.91513,49.25725,49.347374,49.521072,49.215538,49.550926,49.495342,49.503113,49.77092,48.882458
50.55912,50.478783,50.24768,50.32162,50.570366,50.283054,50.50921,50.419487,50.52292,50.493736,50.585392,50.407722,50.409004,50.27986,50.714336,50.87574,50.83718,50.643547,50.848656,50.919003,50.72452,50.653347,50.61667,50.925293,50.525734,50.610695,50.81391,50.859035,51.139492,50.76529,50.922394
47.886284,48.04274,48.560867,48.260155,47.899704,48.11546,48.102528,48.093277,48.123493,47.92045,48.26827,48.132843,48.277164,48.20789,48.046257,48.178955,48.14654,48.193436,48.279984,48.19801,48.01445,48.356678,48.253925,48.51841,48.31325,48.523277,48.627773,48.383728,48.530827,48.059357,48.514774
39.66758,39.518818,39.342415,39.982357,39.545013,39.75947,39.659008,39.994198,39.74592,39.50904,39.71769,39.60121,39.860405,39.83712,39.675617,39.875072,39.671864,40.10011,39.71606,40.079185,40.033585,40.03856,39.49992,39.84308,40.312572,40.198463,40.123306,39.957733,39.973167,39.91466,40.252296
34.297455,34.74803,33.72703,34.14497,34.163616,33.969765,33.855965,34.033478,34.12832,34.533447,33.720108,34.202415,34.496685,34.34636,34.027866,33.864594,33.854263,34.539177,34.0947,34.38823,34.50088,34.882248,33.672375,34.373566,34.22626,34.32244,34.41432,34.50885,34.914433,34.171745,34.623756
49.266575,49.05316,49.018974,49.193615,49.282013,49.391228,49.032986,49.384823,49.205215,49.075214,48.79155,49.043762,49.36664,49.528187,48.89748,49.51134,49.21792,49.477516,49.30059,49.11737,49.394363,49.358795,48.941883,49.311615,49.18883,49.362846,49.623905,49.48713,49.602097,49.350906,49.29878
54.003906,54.03098,54.07849,53.840218,53.93361,54.055717,53.85067,54.043728,54.08927,54.200798,53.995075,54.14527,54.083088,54.207832,54.1519,53.650196,53.93142,54.1936,54.196026,53.99963,54.2267,54.63387,54.230778,54.330368,54.35129,54.43612,54.333225,54.30455,54.430336,54.433075,54.347797
59.018555,59.399815,59.111443,59.469345,59.699722,59.315918,59.463955,59.473495,59.386887,59.727585,59.44464,59.108566,59.76361,59.29926,60.1634,59.58738,59.556988,59.151943,59.794624,59.894012,59.797276,59.36988,59.9964,59.933968,59.85384,59.53975,59.40539,60.00786,59.526363,60.110195,60.01667
40.670376,41.129303,41.441284,41.167946,41.00534,40.854145,41.16029,40.970287,41.10944,40.95197,41.16496,41.24071,41.178127,41.30445,41.36553,41.233204,41.628876,41.16073,41.250744,41.625683,41.12604,41.114635,41.80373,41.269463,41.638706,41.61155,41.514248,41.32205,40.880848,41.38916,41.683163
53.86432,53.71334,54.004684,54.212006,54.000618,53.969486,53.865704,54.095604,54.14586,53.680016,54.100677,53.88235,54.155727,54.347923,54.085957,54.49545,54.348194,53.944027,54.28625,54.226013,54.101486,53.867992,54.38142,54.39205,54.515022,54.406395,54.5184,54.259186,54.328342,54.61592,54.604305
47.664406,47.991566,48.07155,48.103554,47.94867,48.20786,48.6578,48.234673,48.125584,48.451702,48.64917,48.3626,48.269653,48.104767,48.262867,48.42489,48.616753,48.228252,48.31926,48.57635,48.17867,48.224888,48.676556,48.484596,48.72375,48.808647,48.271824,48.817493,48.258297,48.370525,48.494686
34.71499,34.5012,34.233444,34.35753,34.552937,34.48153,34.105423,34.556145,34.648144,34.394463,34.139088,34.7917,34.593895,34.923286,34.435818,34.646023,34.5575,35.10361,34.693104,34.596542,34.79848,34.540047,34.632034,34.44215,34.718987,34.552307,34.839325,34.50054,34.540226,34.823418,34.6902
46.919186,47.00573,46.94787,47.30792,46.799248,47.16677,47.26638,47.3734,46.873875,47.041615,46.816406,46.869503,47.231827,46.973152,46.975784,47.20205,47.184067,47.3803,47.138546,47.03991,47.249268,47.362762,47.11602,47.13861,47.31282,46.892822,47.1761,47.562958,47.33424,46.995964,47.04007
37.587975,38.063385,37.43283,38.05217,37.480133,37.688335,37.85138,37.99482,37.962418,37.881115,38.018295,37.77871,37.685997,37.552345,37.9295,37.856934,37.82891,37.742542,37.762524,38.104877,38.06039,38.07165,37.97193,38.030235,38.331085,38.087143,37.692795,38.34516,38.443974,38.32747,38.062366
38.568775,39.17539,39.035492,39.358196,38.596405,38.768814,38.69509,38.855145,39.05356,39.020382,38.764927,38.97897,39.0256,39.131245,38.959377,38.62734,38.859276,39.302868,38.79275,39.51881,39.29323,39.12266,38.88514,38.64872,39.426266,39.477203,39.144188,39.354458,39.04627,38.97884,39.17259
47.282703,47.240185,47.163963,47.13406,47.37847,47.075123,46.812443,47.110703,47.323,46.935223,47.17731,46.913193,47.319473,47.25937,46.924557,47.206932,47.149773,47.14569,47.404682,47.320614,47.243343,47.508064,47.216,47.620834,47.238163,47.47014,47.575516,47.08723,47.585003,47.401733,47.533733
56.809723,57.213894,57.05461,57.056305,56.899574,56.93526,57.259235,57.183407,57.477238,57.27177,57.255596,56.972347,56.907368,57.0267,57.56764,57.38416,57.480083,57.37338,57.366737,57.56265,57.686348,57.60106,57.587936,57.57425,57.702316,57.517418,57.30805,57.740673,57.505016,57.68131,57.48821
53.053986,52.99583,53.1232,53.368984,52.947388,53.416737,53.2042,53.435028,53.225014,53.382614,53.166195,53.256863,53.415184,53.506565,53.20606,52.874123,53.251575,53.62852,53.29914,53.25073,53.533596,53.700073,53.40259,53.2714,53.927044,53.590065,53.543636,53.561775,53.422737,53.516552,53.45504
43.040257,42.99865,43.306206,42.733574,43.356743,43.380062,43.413925,43.201744,43.149773,43.132263,43.226944,43.31305,43.391838,43.432896,43.17139,43.56236,43.45398,43.35123,43.337692,43.173542,43.271244,43.654083,43.472885,43.70835,43.272625,43.64177,43.723354,43.325363,43.338264,43.403793,43.624226
60.258915,59.932835,60.487526,60.17025,60.252724,60.341076,60.296967,60.31857,60.125603,60.094635,60.33949,60.164,60.33321,60.067795,60.48831,60.191986,60.471573,60.369457,60.583767,60.39028,60.40004,60.573734,60.649162,60.55741,60.396572,60.319077,60.615185,60.421364,60.5599,60.454666,60.444176
52.8431,52.389156,52.543,52.6934,52.90045,52.362274,52.84381,52.299026,52.210545,52.709827,52.929928,52.47371,52.68683,52.374256,52.71491,52.908524,52.74644,52.748043,53.070015,53.1337,52.928894,52.99399,52.718506,52.85199,52.47542,52.703255,53.069374,52.781105,53.348156,52.655125,53.245426
47.92893,48.26575,48.29393,47.963596,47.84725,47.970135,48.28672,48.255836,48.43306,48.131855,48.459312,48.251087,48.024952,48.153717,48.67092,48.690887,48.72533,48.24922,48.56509,48.321865,48.214508,48.290436,48.864513,48.752228,48.553963,48.33732,48.245514,48.8191,48.540638,48.69717,48.540756
36.84293,37.111454,37.195282,37.04281,37.502144,37.21495,37.686764,37.155277,37.10156,37.761166,37.52177,37.51714,37.70705,37.497467,37.883774,37.76177,37.76952,37.430874,37.561054,37.46528,37.568775,37.62491,37.76643,37.994545,37.340343,37.338844,37.843098,37.872566,37.54285,37.637997,38.046535
47.763195,47.685802,47.54091,47.792416,47.926933,47.81692,48.10274,47.69359,47.41001,48.220554,47.834408,47.62103,48.049995,47.691257,47.928005,47.7819,47.825676,48.198563,48.111584,48.13691,48.156418,48.296665,47.700726,47.953674,47.89792,47.879974,48.104874,48.182304,48.330734,47.63916,48.302826
46.732857,46.72937,46.820923,46.390682,47.135864,47.089306,46.572777,46.841057,46.96902,46.649605,46.501198,46.28816,47.005173,46.847263,46.890793,46.97582,46.651756,47.047832,47.19095,46.583214,47.06955,47.14196,46.75679,47.42292,46.69177,46.682465,47.234806,46.683876,47.20221,46.84914,47.104027
43.373585,43.21091,43.35314,43.44621,43.407616,43.40111,43.502316,43.59244,43.29059,43.452747,43.718662,43.46523,43.355503,43.2819,43.375435,43.69367,43.22782,43.444794,43.720524,43.391582,43.34863,43.480274,43.490524,43.64422,43.312317,43.650642,43.483746,43.851845,43.632347,43.486713,43.537983
50.202156,50.12551,50.180664,50.062893,50.136406,50.072803,50.273903,50.178513,50.34934,50.30694,50.45189,50.434303,50.009468,50.41249,50.004063,50.449497,50.356663,50.39996,50.439793,50.30554,50.405045,50.59183,50.612473,50.429626,50.488056,50.7657,50.465977,50.514324,50.45373,50.645382,50.412518
48.36568,48.713047,49.103783,48.375656,48.596428,48.902874,48.64468,48.55703,48.637783,48.668804,48.916115,48.723763,48.868225,48.72258,48.508484,48.470573,48.436565,48.336918,48.66196,48.58895,48.427303,48.988136,48.847965,48.957703,48.646313,49.384262,48.68755,48.91719,48.99236,48.797356,48.77153
43.9178,44.184578,43.872612,44.151848,44.219467,44.041035,44.316433,44.082428,44.13015,44.44419,44.173214,44.223248,44.43429,44.343163,44.365524,44.516647,44.45519,44.418774,44.39306,44.595657,44.468464,44.270363,44.418163,44.490883,44.542538,44.436363,44.47978,44.645367,44.44255,44.43028,44.759903
49.485947,49.443447,49.74881,49.390507,49.831085,49.932278,49.507954,49.722065,49.686165,49.819916,49.461784,49.91839,50.017277,50.183655,49.745266,49.466797,49.855255,49.767708,49.626625,49.593296,49.89592,50.125355,49.88531,49.915092,49.80078,50.121063,50.230064,49.92388,49.775547,50.21581,49.88015
46.97835,47.42907,47.414963,47.474785,47.18718,47.605392,47.698082,47.678474,47.712795,47.71152,47.806732,47.259026,47.568596,47.278828,48.05489,47.642254,47.67319,47.6911,47.657005,47.724506,47.90039,47.89401,47.699993,48.023148,47.926373,47.68943,47.585526,48.201992,47.98362,47.792812,47.79892
48.223866,48.253326,48.061745,47.965473,48.367027,48.0187,48.276966,48.116352,48.04389,48.22313,47.982395,48.4903,48.293888,48.120552,47.850018,48.456238,48.51782,48.241444,48.285603,48.377487,48.210728,48.257942,48.592915,48.37703,48.020905,48.24002,48.38296,48.418076,48.221203,48.316486,48.070267
50.794716,50.58616,51.024887,51.490105,50.767036,51.218357,51.292713,51.372314,50.699047,51.18503,51.220226,51.082115,51.25313,51.223854,51.249332,50.75757,50.9211,51.31351,51.172947,51.194107,51.237793,51.41715,51.247795,50.946526,51.827843,51.55555,51.331505,51.521225,51.02795,51.25544,51.548946
47.65543,47.907356,48.048744,48.099937,47.912567,47.85267,48.09209,47.750034,47.704548,48.187157,47.88115,48.2847,48.40051,48.373608,47.96607,48.05631,48.01573,48.040237,48.04116,48.12318,48.07468,48.1013,48.360416,48.168686,48.336243,48.300827,48.397022,48.33883,48.15884,48.19204,48.555878
59.139694,58.61076,58.54418,58.64036,58.911316,59.077766,59.148956,59.217144,58.72519,58.825676,58.930313,58.827,58.64088,58.59793,58.90438,58.991238,58.703636,59.044643,59.051685,59.014355,59.228054,59.51463,58.912457,59.016075,59.162624,59.395325,58.95213,59.17421,59.27691,59.29644,59.0771
51.800087,52.09207,52.27893,51.699944,52.06624,52.246044,51.94159,52.137413,52.187847,51.902184,51.82195,51.96532,52.31611,52.36163,52.16408,52.11144,52.102516,52.08779,52.340073,51.8999,51.980145,52.21889,52.53771,52.589653,52.510838,52.4048,52.320107,52.15237,52.070133,52.355904,52.490967
44.644928,44.785336,44.72825,44.70535,44.954987,44.464813,44.91277,44.50593,44.83688,44.951218,45.12123,45.032383,44.58086,44.38943,44.96473,44.75504,45.205467,44.773396,44.8683,45.408127,45.194977,45.22025,45.184074,45.212807,44.78684,45.08008,45.350975,44.962193,45.382057,45.20526,45.131092
40.593834,40.33239,39.882683,40.18077,40.23333,40.62527,40.067318,40.5949,40.55545,40.34391,40.27135,40.258286,40.31607,40.100563,40.524673,39.936455,40.1667,40.99296,40.566223,40.507492,40.77172,40.846695,40.02548,40.61077,40.763756,40.394745,40.677406,40.35019,41.173256,40.48511,40.647873
49.73165,49.383434,49.54155,49.291805,49.513573,49.576237,49.47924,49.558132,49.50727,49.382347,49.669975,49.635742,49.38855,49.70809,49.42628,49.565586,49.777905,49.71957,49.78909,49.7956,49.49399,49.829876,49.627815,49.609055,49.824257,50.25492,49.90798,49.678303,49.923973,49.827198,49.960087
55.44484,54.858955,55.18216,54.867485,55.633682,55.091507,55.126793,54.951866,54.80453,55.215115,55.197277,55.211998,55.377018,55.360973,55.02357,55.37653,55.195995,55.113873,55.59787,55.101967,55.1713,55.468086,55.402527,55.48712,54.811737,55.284767,55.61475,55.19483,55.483868,55.405308,55.54043
51.762314,51.817142,51.705635,51.701958,51.84916,52.087543,52.058743,52.2084,52.21375,52.068478,52.181625,52.052837,51.893505,51.843765,52.3822,52.16342,52.257904,52.098953,52.298973,52.075127,52.194607,52.049797,52.507805,52.489334,52.49368,52.17552,52.069088,52.41377,52.308548,52.593872,52.232574
49.227463,49.351215,48.754524,49.26026,48.70906,49.308514,49.217632,49.819122,49.387268,49.164486,48.73106,49.321983,49.129894,49.43735,49.289684,49.49909,49.318768,49.67872,49.31719,49.060547,49.44801,49.369953,49.45891,49.261032,50.007114,49.282516,49.07149,49.918167,49.3786,49.74799,49.245068
51.317245,51.648544,51.68589,51.742283,51.444168,51.610905,51.860733,51.8004,51.475567,51.735428,51.535553,51.65749,51.871605,51.695724,51.952065,51.884094,51.740746,51.72683,51.804344,51.844166,51.740097,51.749607,51.98693,51.84693,52.021465,51.883232,51.691494,52.32703,51.69552,51.831608,51.98983
53.829666,53.45724,53.742966,53.927937,53.80593,54.079372,54.345417,54.230564,53.77792,53.660267,53.74311,54.297207,53.922966,53.77449,53.914875,54.275467,54.302586,54.26808,53.812862,54.219936,54.37597,54.157585,54.419365,53.993202,54.417377,54.145576,54.384163,54.149086,53.87462,54.33377,53.964214
53.20831,53.406128,53.29229,53.55155,53.33143,53.346355,53.79796,53.46111,53.34259,54.063034,53.811436,53.712723,53.652187,53.487312,54.28101,53.737743,53.69256,53.628765,53.861553,53.871704,53.861797,53.644184,53.92552,53.83349,53.87608,53.670883,53.572334,54.45549,54.066753,54.024628,54.125057
47.523994,47.18287,47.452377,47.53429,47.12307,47.083916,47.241043,47.31834,47.190823,47.04617,47.3436,47.641487,47.274574,47.60426,47.605335,47.43716,47.422176,47.659157,47.52228,47.79161,47.570927,47.62277,47.646263,47.23905,47.902466,47.872345,47.795067,47.529076,47.55354,47.793686,48.06699
59.739273,59.689247,59.755104,59.57135,59.925766,59.995037,60.157814,59.81357,59.711647,60.197395,60.17367,59.78065,59.92186,59.523735,60.273247,59.834522,59.928257,59.85561,60.1556,60.12393,60.2075,60.322784,60.17817,60.22426,59.99208,60.1121,59.886997,60.332863,60.46888,60.226868,60.13463
46.71186,46.908604,47.061928,46.977654,46.57325,46.73664,46.779503,47.030693,46.88538,46.652885,46.79609,46.816032,46.909096,47.270256,47.21998,47.076427,46.974243,47.08827,47.097084,47.203358,46.906143,47.049587,47.134277,46.895638,47.53749,47.557167,47.0324,47.36186,46.78102,47.20364,47.54906
46.93007,47.151955,47.371857,46.447994,47.175423,47.1865,47.20509,46.978546,46.987835,47.133804,47.022697,47.45258,47.32184,47.28647,47.110973,47.279514,47.266014,46.982224,47.202698,46.943966,46.845566,47.43394,47.407608,47.697823,46.935368,47.543816,47.459442,47.405613,47.37629,47.27686,47.43245
44.529404,44.457066,44.66719,44.357212,44.85708,44.630474,44.890865,44.39599,44.59706,45.035496,45.053448,44.789204,44.83587,44.563026,44.810978,45.10133,45.00355,44.84705,44.97844,44.775024,44.936596,45.013073,44.802765,45.24582,44.17166,44.58185,45.12665,45.131084,45.40833,44.736546,44.848736
47.830517,47.87877,48.239502,47.752094,47.957535,48.143063,48.095345,47.801685,48.135612,48.135895,48.43256,48.254868,48.15939,47.888393,48.365147,48.061768,48.108192,48.233715,48.3425,48.23959,48.23438,48.234867,48.400288,48.563553,48.19075,48.260254,48.42394,48.209217,48.712563,48.2192,48.44796
51.430634,51.961555,52.312973,52.17739,51.958206,52.201588,52.21288,52.18018,52.244965,52.200287,52.34389,51.901405,52.390358,52.411736,52.593315,52.448223,52.518135,51.991222,52.40387,52.358868,52.136505,51.915966,52.67916,52.49951,52.69927,52.59867,52.25143,52.78327,52.147842,52.56435,52.63519
55.108444,55.214207,54.84202,55.120872,55.500664,55.56848,55.26486,55.645046,55.307835,55.462097,54.747215,54.897552,55.791252,55.207256,55.97499,55.41161,55.111538,55.53567,55.424023,55.22782,56.027737,55.88809,55.278214,55.980263,55.48947,54.928734,55.55781,55.75872,55.695854,55.77469,55.66286
49.67878,49.844326,50.039337,49.930145,49.744827,49.9819,49.77447,50.154167,50.021797,49.701736,49.724102,49.856255,50.01053,50.063606,50.012028,50.04197,49.84012,49.985043,49.99581,49.86883,49.971348,50.105072,50.02014,50.256783,50.186855,50.248764,50.217796,50.29841,50.051556,50.17228,50.169403
44.98309,44.970974,45.142303,45.02772,44.995422,45.24347,45.550686,45.50819,45.25738,45.42691,45.503834,45.721977,45.006866,45.457912,45.109924,45.86193,45.420723,45.4215,45.472694,45.12656,45.09149,45.072197,45.648136,45.334427,45.375854,45.79374,45.20868,46.028324,45.04763,45.51543,45.16221
44.286205,44.17627,44.27423,44.536396,44.277016,44.469524,44.372246,44.631546,44.774017,44.6622,44.701336,44.695457,44.266037,44.86024,44.69935,44.660683,44.737446,44.984287,44.70584,44.79795,44.8516,44.56034,44.558517,44.511368,44.98346,45.13337,44.935852,45.046135,44.71577,44.98444,44.854507
50.12339,49.965157,49.973373,50.177692,50.13848,50.298317,49.876644,50.220463,50.028053,49.91639,49.965862,50.137306,50.409462,50.11669,49.88445,49.819256,49.7805,50.09805,50.133884,50.12914,50.186745,50.25797,50.2266,50.274284,50.473656,50.36711,50.33869,50.019333,50.349667,50.368214,50.311455
51.029854,51.11737,51.298286,50.779167,51.138123,51.075916,51.335587,51.001923,51.18615,51.396988,51.050358,51.334892,51.18911,51.496613,51.425415,51.281,51.341686,51.668262,51.459675,51.186695,51.595707,51.939568,51.565834,51.656563,51.51697,51.483177,51.790333,51.41993,51.47386,51.452446,51.814487
42.4233,42.186066,41.97918,42.20906,42.6286,42.639862,42.508324,42.699505,42.48608,42.585274,42.601593,42.348606,42.609592,42.469734,42.749104,42.78335,42.516846,42.759544,42.779095,42.638065,42.72573,42.687805,42.365265,42.920494,42.650803,42.733574,42.76644,42.828056,42.80306,42.746727,42.96442
43.523968,43.623444,43.63607,43.59814,43.530647,43.54551,43.616615,43.722008,43.589413,43.575447,43.44806,43.617874,43.60514,44.111195,43.74043,43.966415,43.95422,43.69921,43.528114,43.81859,43.92843,44.135067,43.730785,43.513626,43.795967,44.197273,43.83868,44.21701,43.767914,44.245796,43.913574
42.786194,42.703346,43.107956,42.611275,42.920593,42.878895,43.090916,42.901466,42.578606,43.04645,42.912235,43.130707,43.133575,43.261406,43.208817,42.938026,43.26822,43.132645,43.223534,42.80795,42.833797,43.38745,43.37313,43.247353,43.080654,43.09356,43.392494,43.222965,42.90807,43.09574,43.501263
62.111217,61.853832,62.20179,62.189472,62.244286,62.51466,62.38542,62.603256,62.463272,62.367268,62.64504,62.11001,62.286022,62.322563,62.097763,62.38064,62.562458,62.30042,62.584343,62.1225,62.382355,62.62211,62.677864,62.75244,62.60033,62.64064,62.498116,62.687336,62.478065,62.716805,62.187294
52.060047,51.818996,52.018158,51.709328,51.85164,52.16023,52.101967,52.127438,52.136528,51.899086,52.06799,52.295914,51.850548,52.060776,51.891624,52.21195,52.22049,52.243557,52.10218,51.962257,52.241917,52.386623,52.40166,52.204018,52.240597,52.342354,52.253456,52.237137,52.379326,52.486435,51.967255
54.483616,54.13619,54.4731,54.497005,54.209747,54.465588,54.609848,54.56363,54.38573,54.417908,54.56779,54.80368,54.360653,54.69895,54.145645,54.513504,54.597786,54.5964,54.48881,54.256603,54.63875,55.00242,54.88996,54.62883,54.859074,54.81752,54.893715,54.709515,54.84511,54.985394,54.591236
50.50442,50.621967,50.752075,50.662754,50.60697,50.53964,50.611126,50.502037,50.793716,50.970707,50.977486,51.077427,50.71356,50.958324,50.75435,50.42468,51.029186,50.815884,50.90606,51.03445,50.815456,50.89273,51.241123,50.889442,51.20504,51.297356,51.120804,50.978718,50.967148,51.18837,51.114304
40.0177,40.34801,39.721855,39.55167,39.988014,39.904137,39.647457,39.749348,40.308918,39.73611,39.679905,39.88759,40.094135,39.805984,39.98896,40.155437,40.183174,40.18334,40.047676,40.23734,40.287243,40.220936,40.040348,40.557877,40.07062,39.85643,40.28837,39.874912,40.831596,40.24075,40.279705
52.2788,52.32836,52.47711,52.88477,51.996742,52.56716,52.381245,52.737583,52.59064,52.20172,52.321194,52.847874,52.57335,52.65992,52.330524,52.38076,52.649693,52.774536,52.4268,52.82988,52.578278,52.2042,52.9353,52.270416,53.427166,52.958336,52.693047,52.764442,52.439606,52.83157,52.55435
51.96981,52.07109,52.48768,52.511826,52.17283,52.362343,52.351532,52.347095,52.197613,52.374336,52.25676,52.190414,52.6329,52.59481,52.424908,52.551502,52.29698,52.525417,52.50167,52.3703,52.479546,52.43301,52.377357,52.50225,52.48598,52.528687,52.665977,52.859207,52.49781,52.335625,52.64248
47.245785,47.308014,47.019943,47.291424,47.38665,47.019936,46.85846,47.134617,47.149067,47.21712,46.96579,47.263264,47.543346,47.442875,47.41467,47.10118,47.21421,47.2325,47.411324,47.530926,47.41587,47.28915,47.519524,47.391678,47.546246,47.35694,47.47693,47.339607,47.37321,47.709763,47.74996
54.0014,53.522755,53.633125,54.117523,53.507324,53.927803,53.4397,54.136246,53.87112,53.627373,53.779217,53.860962,53.792953,53.94114,53.895847,53.572857,53.76212,54.09879,53.976562,53.905983,54.06516,53.860756,53.957794,53.558052,54.332264,53.96414,53.86979,54.108093,54.111904,54.35675,53.79436
40.654156,40.534485,40.195107,40.695343,40.542297,40.626064,40.35484,40.574436,40.601177,40.746742,40.71072,40.309658,40.717064,40.49763,40.525383,40.393005,40.456783,41.04386,40.86294,40.907215,40.855904,40.83247,40.19552,40.679214,40.769054,40.708794,40.82174,40.77931,41.267345,40.468254,40.908695
44.88808,45.69724,45.48632,45.28834,45.427727,44.97778,45.122246,44.84487,45.08283,45.54916,45.184994,45.118114,45.77764,45.502495,45.605026,45.11645,44.983456,44.966076,45.43346,45.58855,45.30546,45.622772,45.435635,45.77211,45.431065,45.718925,45.51111,45.615128,45.68508,45.44515,46.23396
37.62799,38.05102,36.952225,38.02277,38.01832,37.426716,37.730896,37.625813,37.88798,38.360306,37.883186,37.93328,37.974697,37.821136,37.88665,38.084705,37.899525,37.883602,37.88799,38.554802,38.365658,37.687283,37.933144,37.890892,38.086437,38.046196,37.792217,38.366524,38.18525,38.373833,38.2002
47.562046,47.09959,47.06304,47.23728,47.499977,47.189407,47.47229,47.547253,47.055866,47.22086,47.27306,47.279583,47.31356,47.378998,47.551292,47.86489,47.67546,47.38267,47.64785,47.347363,47.485542,47.712795,47.551666,47.66535,47.29374,47.28617,47.675568,47.73581,47.680256,47.83028,47.77434
54.795227,54.452793,54.680374,55.330612,54.561043,54.80896,54.63648,54.96182,54.52582,54.63416,54.619713,54.88315,55.028584,55.071457,54.73958,54.55627,54.744446,55.050564,54.740093,55.287224,55.003235,54.86484,54.689247,54.415634,55.42412,55.39743,55.190998,55.14363,54.91201,55.02982,55.199894
43.104073,42.778595,43.203438,43.20257,42.97017,43.355595,43.369602,43.420795,43.275387,42.99477,43.552624,43.6005,43.232735,43.54046,43.085907,43.50502,43.56191,43.45656,43.273445,43.322735,43.265263,43.41811,43.6242,43.407555,43.837692,43.892677,43.709,43.42679,43.32404,43.691364,43.595272
50.486065,50.390278,50.414856,50.08929,50.484497,50.748787,50.393116,50.6004,50.527035,50.795605,50.230515,50.73834,50.60614,50.67817,50.58894,49.87029,50.518997,50.901005,50.42789,50.32118,51.0265,51.457752,50.778625,50.61049,50.741432,50.653282,50.80519,50.629078,50.66695,51.0007,50.40283
45.231358,44.878105,44.81814,45.200912,45.431885,45.329304,45.437252,45.213856,45.080223,45.330013,45.59171,45.058792,45.198814,44.92775,45.441765,45.30505,45.224552,45.391476,45.39977,45.75054,45.69595,45.716766,44.990917,45.557472,45.42558,45.708008,45.768684,45.397923,46.054512,45.49284,45.93206
41.24664,41.09605,41.501854,41.11218,41.34304,41.338116,41.793205,41.466843,41.154934,41.12188,41.65126,41.49242,41.303032,41.283318,41.250263,41.970066,41.782967,41.437828,41.613777,41.482693,41.1021,41.569523,41.610607,41.852264,41.383034,41.82212,41.85082,41.654163,41.519337,41.292603,41.812336
45.306168,45.640064,44.911613,45.884556,44.984375,45.404663,45.34257,45.86787,45.40309,45.481888,45.27048,45.260868,45.654636,45.312218,45.416576,45.44997,45.302216,45.535175,45.46376,45.58641,45.486008,45.393303,45.368668,45.45717,46.007877,45.43949,45.099857,46.174614,45.778915,45.61526,45.485634
51.458935,51.028,51.360245,51.307266,51.61718,51.361,51.6217,51.335476,51.007683,51.304794,51.53304,51.1928,51.41705,51.122982,51.94327,51.790695,51.37146,51.432896,51.820217,51.644176,51.704037,51.658997,51.547165,51.718742,51.304832,51.375282,51.746666,51.636242,51.965836,51.651665,52.068996
41.588215,42.25847,42.086525,42.04288,41.852005,41.80665,42.032734,41.9262,42.17161,42.28348,42.13946,42.19541,42.15488,42.189777,42.2801,42.129112,42.242397,42.00753,42.003384,42.346905,42.236668,42.3618,42.31368,42.393845,42.274513,42.495766,42.25098,42.68492,42.349285,42.439056,42.414284
40.422794,40.578,40.641464,40.686203,40.401115,40.97389,40.433323,40.922676,41.00804,40.60479,40.54358,40.6808,40.8434,41.10466,40.851917,40.55026,40.729755,41.18605,40.78765,40.696514,40.88713,40.959927,40.55318,41.06491,41.397125,41.167892,41.348133,40.925907,41.172028,40.939842,41.29273
44.17925,44.231712,44.54426,44.278595,44.580536,44.485577,44.55324,44.533905,44.21956,44.42718,44.16249,44.38027,44.6171,44.772995,44.567417,44.97316,44.55669,44.53992,44.552658,44.424526,44.51569,44.598297,44.413414,44.613045,44.208317,44.726227,44.81916,44.99029,44.392254,44.5414,44.73774
45.370453,45.184372,45.73636,45.2072,45.942123,45.441162,45.620853,45.11246,45.3262,45.713802,45.62353,45.815388,45.787422,45.79367,45.640163,45.960518,45.688877,45.67323,45.808136,45.657387,45.78142,45.706093,45.8179,45.92411,45.095234,45.68696,46.244305,45.677715,45.769875,45.680668,45.972626
39.446606,39.49242,39.664566,39.484417,39.140396,39.60935,39.7497,39.41632,39.562965,39.61525,40.3679,39.81772,39.23213,39.2567,39.273685,39.496456,39.629795,39.513767,39.583603,39.869957,39.410645,39.75642,39.619556,39.49414,39.67053,40.338043,39.476517,39.93968,40.34712,39.639305,39.556328
46.473007,47.218796,46.79924,46.32399,47.05758,46.939873,46.986767,46.91227,47.274593,47.186275,46.839897,46.665855,47.04206,47.139973,47.25904,47.574577,47.296448,46.904465,47.253147,46.988964,47.03642,47.074894,47.17295,47.73671,46.999184,47.283035,47.033024,47.59751,47.278767,47.320644,47.37251
41.471508,41.592216,41.464333,41.395657,41.331482,41.618202,41.755478,41.81019,41.753674,41.562366,41.493626,41.789654,41.361813,41.99787,41.414165,42.05558,41.85982,41.979492,41.63814,41.637634,41.79949,41.90518,41.88139,41.558525,42.082493,42.224503,41.708317,42.059402,41.569157,42.02103,41.73573
46.489697,46.69387,46.77855,46.944622,46.581184,47.04669,46.944496,47.34066,46.937355,46.801983,46.57134,46.789406,47.010258,47.239204,47.055557,47.460686,47.08501,47.139435,47.012302,46.744854,46.933983,46.724197,46.998627,47.012077,47.221157,47.04219,46.969685,47.686806,46.775536,47.13272,46.97697
45.36507,46.06124,45.542625,46.08233,45.846573,45.340534,45.574215,45.386627,45.95432,46.30793,46.072193,45.72325,46.01624,45.85942,46.06126,45.81485,45.97748,45.647564,46.0188,46.418686,46.176483,45.68116,46.222324,46.021896,46.056377,45.960617,45.796486,46.350815,46.243107,46.315506,46.202286
49.83985,50.16956,50.175743,50.332645,49.801193,49.907047,49.81437,50.01071,50.38077,50.021236,50.06295,50.14601,50.254543,50.48116,50.260002,50.390263,50.460423,50.33371,50.337402,50.508854,50.274662,49.821224,50.50439,50.18595,50.651325,50.387978,50.313152,50.580093,50.350956,50.501892,50.442112
46.70153,46.564526,46.541084,46.651897,46.63851,46.448326,46.76534,46.364494,46.416683,46.82898,46.671932,47.015106,46.823936,46.78397,46.67519,46.67961,46.839962,46.93286,46.74211,46.96816,47.056156,47.100857,47.02459,46.751236,46.89671,46.788254,47.09778,46.823086,47.13599,46.99743,47.10818
51.02703,51.013134,51.5633,51.714546,51.283783,51.25275,51.635105,51.23648,50.934673,51.64893,51.880028,51.40359,51.581955,51.432377,51.72974,51.66884,51.154255,51.24195,51.732952,51.65425,51.36255,51.24013,51.575043,51.401665,51.428955,51.802307,51.432125,52.11873,51.636185,51.460136,51.941467
47.17041,47.592377,47.2854,47.43464,47.0365,47.34232,47.399773,47.639435,47.774982,47.400707,47.40454,47.75457,47.221737,47.567192,47.562515,47.294865,47.709747,47.55714,47.240154,47.81139,47.83567,47.850777,48.044037,47.451927,48.36133,48.162262,47.473682,47.839554,47.44106,48.30526,47.586178
43.936165,44.331814,43.916733,43.839077,44.226685,43.842896,44.204926,43.8094,43.942078,44.37497,44.110035,44.011707,44.111324,43.840584,44.25716,44.081223,44.05477,44.08736,44.24906,44.448856,44.37475,44.566093,44.274734,44.416794,44.090096,44.28943,44.173214,44.359707,44.53542,44.247757,44.521732
49.38636,49.017536,49.42224,48.87583,49.200554,49.4961,49.094105,49.271908,49.405308,49.180874,49.407627,49.15394,49.212643,49.428806,49.26395,49.192085,49.373947,49.750694,49.66028,49.222767,49.360447,49.7492,49.186153,49.573837,49.370785,49.634163,49.768024,49.32755,49.83008,49.28862,49.567207
37.60276,37.901737,37.559647,37.3111,37.78546,37.7673,37.927322,37.759808,37.62016,37.834747,37.694893,37.565838,37.874012,37.61025,38.19912,37.89722,38.224976,37.763138,37.765404,37.99289,37.9984,38.410606,37.881977,38.1323,37.760345,37.833168,37.866013,38.178223,38.259872,38.124195,38.14123
46.34705,46.310184,46.396355,46.446552,46.450653,46.099102,46.57573,46.267242,46.307587,46.329353,46.73866,46.438892,46.399937,46.431675,46.48465,47.031593,46.565605,46.441372,46.732243,46.898296,46.473324,46.50248,46.600082,46.76159,46.541794,46.958397,46.765472,46.80194,46.747986,46.58908,47.10752
40.532543,41.036804,40.95469,40.31354,40.638115,40.85439,40.489742,40.71058,40.90803,40.80905,40.288918,40.835556,40.987427,41.222023,40.764915,40.513844,40.817844,41.13857,40.78157,40.702965,40.80466,41.249718,40.805557,41.006584,40.999683,41.179947,41.11084,40.95772,40.823223,40.8044,41.05617
41.978374,41.806957,41.83674,41.83649,41.972237,41.905796,42.02699,41.959904,41.850765,41.6356,42.023125,42.44024,41.96955,41.795223,41.37645,42.41962,42.32784,41.684536,41.719276,42.090508,41.854458,41.809807,42.351295,41.972046,41.667328,42.131317,42.032738,42.12803,42.099686,42.33423,41.515694
46.026302,46.369053,46.06784,45.97388,46.319794,46.02415,46.033684,46.06078,46.02579,46.230743,45.842396,45.986267,46.51421,46.165398,46.154205,46.148277,46.091232,46.2016,46.371967,46.242615,46.14635,46.443966,46.178844,46.69297,46.15381,46.197098,46.466442,46.35541,46.425053,46.079502,46.620113
49.690086,49.793186,49.57789,49.89675,49.574005,49.715355,49.802414,49.75545,49.83989,50.114708,49.988247,50.096016,50.033306,49.975002,49.990654,49.705135,49.873768,50.17553,50.060577,50.198174,50.027493,49.989765,50.03735,50.08889,50.48774,50.250427,50.125286,50.262314,50.288635,50.08115,50.4309
53.048977,53.265358,53.34353,52.93141,53.13449,53.292747,52.86236,53.298683,53.463898,53.027725,52.82857,52.907383,53.233414,53.373356,53.47888,53.128735,53.31606,53.35858,53.3231,53.177517,53.47696,53.672436,53.258053,53.59218,53.379494,53.400375,53.566586,53.459007,53.583893,53.595135,53.442345
45.491283,45.735043,45.24823,45.64906,45.428352,45.182693,45.64648,45.482742,45.229675,45.63075,45.315144,45.757107,45.63604,45.60677,45.604874,45.691177,45.49467,45.514103,45.456665,45.943478,45.741463,45.882545,45.683727,45.563248,45.855324,45.956696,45.630196,46.05761,45.783146,45.919933,46.07749
51.01259,50.829266,51.001045,50.539074,51.18158,51.062042,50.97695,50.922596,50.967022,50.893124,51.46386,51.01984,51.11606,50.797623,50.87704,51.102695,50.913986,50.68947,51.30183,51.01274,50.757156,51.212776,51.28364,51.64086,50.93503,51.481125,51.12094,51.026733,51.37269,51.24146,51.301434
58.435707,58.337795,58.180428,58.253124,58.241882,58.167496,58.195316,58.54958,58.519703,58.363262,58.08487,58.321304,58.33693,58.60285,58.61851,58.463657,58.55354,58.599205,58.588097,58.209267,58.83617,59.058304,58.83271,58.815453,58.77736,58.300583,58.663265,58.741463,58.65312,59.12906,58.638992
53.393616,53.08204,52.805656,53.589035,53.20073,53.187187,53.143517,53.582573,53.277668,53.300755,53.12527,53.14526,53.31917,53.306557,53.582485,53.512253,53.330868,53.611538,53.590637,53.475616,53.739704,53.390713,53.3399,53.423386,53.668808,53.161255,53.508614,53.799496,53.725197,53.77844,53.607677
46.01999,45.582035,45.332657,45.611458,45.629158,45.849506,45.71567,46.218407,45.75605,45.43876,46.070095,45.57259,45.452385,45.283833,45.67927,45.977142,45.82142,45.766464,46.129932,45.908226,45.451748,45.67842,45.60487,46.01146,45.896126,46.089394,45.662033,46.087727,46.225937,45.86906,45.865467
36.729473,36.427017,36.503143,36.668983,36.333035,36.766075,36.445892,36.795048,36.734463,36.425762,36.52513,36.625523,36.658295,36.984234,36.8067,36.91314,36.43535,37.37238,36.779186,36.717922,37.10475,36.992252,36.41104,36.54563,37.016838,36.874756,36.94846,36.869904,37.00681,36.821976,37.04863
47.32714,47.372284,47.961426,47.1383,47.703606,47.681953,47.644817,47.348484,47.548,47.5189,47.625298,47.50731,47.72863,47.97987,47.76238,48.00683,47.65251,47.767906,47.896946,47.640766,47.72819,47.81972,47.923683,47.81353,47.61147,48.08058,47.89871,47.736557,47.57703,47.74682,48.057636
52.743393,52.199825,52.65238,52.383102,52.92977,52.86147,52.790974,52.609016,52.25487,52.649254,52.602722,52.844727,52.921368,52.817757,52.385326,52.86857,52.5528,52.747223,52.92829,52.498486,52.56195,52.765987,52.711994,52.91677,52.46905,52.89756,53.166157,52.727474,52.91958,52.64235,52.960983
44.183376,44.073772,43.957626,44.34183,44.655807,44.29301,44.244995,44.095356,44.077843,44.345222,44.313225,44.417435,44.600784,44.049156,44.332462,44.120842,44.514812,44.16066,44.26349,44.815655,44.630795,44.297604,44.569187,44.446556,44.357025,44.32994,44.724724,44.21898,44.683037,44.705173,44.56123
50.811497,50.829544,50.811317,51.052517,50.964508,51.001896,50.647423,50.913414,51.160927,51.093876,51.39409,50.626347,51.024353,51.057396,50.85448,50.83493,50.877476,50.942238,51.382866,51.178154,50.96605,50.87097,51.02931,51.15236,51.30483,51.457367,51.001434,51.191895,51.388763,51.207634,51.2498
48.000515,47.79771,47.58011,47.780766,48.02043,47.93276,48.08305,47.909748,47.766865,48.179882,48.135246,47.94499,48.16183,47.913677,47.927624,48.150146,48.047012,48.17815,48.238934,48.181587,48.096718,48.25209,47.934044,48.289284,48.04262,48.16513,48.185078,48.31414,48.465187,48.02949,48.36284
53.04691,53.756714,53.516777,53.395493,53.38347,53.264484,53.664467,53.315586,53.71819,53.82828,53.507286,53.7086,53.669643,53.7125,54.22581,53.935474,54.221554,53.471092,53.62802,54.020203,54.033466,53.661053,54.397964,53.89556,54.003204,53.70935,53.60685,54.30681,53.89636,54.445435,53.95326
45.02363,45.356033,45.07509,45.41748,45.213837,45.115547,44.870846,45.131874,45.46946,45.609962,45.432705,45.167873,45.408104,45.427475,45.74487,44.90667,44.894676,45.556847,45.632507,45.75458,45.574707,45.407993,45.12262,45.594505,45.83087,45.850525,45.623943,45.630512,45.786427,45.499573,46.170063
36.532818,36.6472,36.723785,36.791508,36.537918,36.22676,36.373608,36.160324,36.671375,36.59051,36.63078,37.371746,36.799164,37.07669,36.519314,36.68769,36.969604,36.78721,36.55313,37.01408,36.88964,36.638123,37.220806,36.682175,36.926,36.877937,37.30276,36.63418,36.97652,37.19826,37.08637
44.141758,44.400368,44.80768,44.333347,44.401016,44.56738,44.819866,44.61219,44.564655,44.691216,44.834827,45.009277,44.68826,45.004562,44.77076,44.97124,44.961727,44.61966,44.853935,44.586197,44.339325,44.50699,45.25253,44.973198,45.00849,45.21003,44.876736,45.134827,44.445477,44.931877,45.09104
38.956966,38.787296,39.016273,39.01937,39.032608,39.26197,39.22608,38.97681,38.710224,39.24173,39.205715,39.2229,39.59782,39.53342,39.248558,39.140057,39.05887,39.431095,39.25636,39.2635,39.121696,39.424377,38.919853,39.305595,39.461002,39.62097,39.670486,39.374416,39.559532,39.069927,40.056606
48.193363,48.22957,48.110054,48.232697,48.453094,48.575996,48.059696,48.47335,48.727737,48.578854,48.25606,48.439556,48.547398,48.57669,48.314266,48.31871,48.45424,48.772118,48.62645,48.38286,48.684578,48.305542,48.535275,48.67482,48.60682,48.44435,48.71329,48.580063,48.587715,48.666428,48.328465
48.498898,48.756912,48.839424,48.236687,48.986763,48.75704,48.69869,48.334972,48.40582,48.667248,48.181934,48.336178,48.92448,48.67517,48.416664,48.61671,48.64706,48.662193,48.577168,48.69071,48.94402,49.354294,48.573524,48.878258,48.262085,48.775795,49.047665,48.62626,49.024868,48.559883,48.77892
40.372902,40.17197,40.49331,40.55503,40.322372,40.689575,40.764717,40.684658,40.627865,40.79218,40.67094,40.9937,40.729614,41.011475,40.9686,40.71486,40.897324,41.438377,40.749397,40.80639,41.089775,41.076275,40.70964,40.851273,41.209858,40.96988,41.428566,41.008144,40.87899,40.821976,41.2811
46.619728,45.96881,46.055824,45.698658,46.63186,46.536884,46.40888,46.40054,46.122433,46.206966,46.05507,46.335064,46.292458,46.37631,46.398262,46.631935,46.636585,46.719376,46.51551,46.33806,46.666298,46.859222,46.301685,46.49189,46.105568,46.388985,46.804134,46.359547,46.66454,46.61819,46.52635
57.718716,57.569363,57.87832,58.441727,57.722214,58.10293,58.37304,58.442677,57.79466,58.163834,57.99019,58.175804,58.125603,57.891586,58.02082,57.983536,58.15108,58.48188,58.130863,58.317036,58.245136,58.102303,58.215107,57.995506,58.585426,58.288055,58.348618,58.67483,57.834995,57.93953,58.04689
53.905594,53.83383,53.828156,53.74451,54.00923,53.641056,53.42209,53.52555,53.74628,53.942673,53.638344,54.0235,54.13345,54.224804,53.689705,53.686127,53.55055,53.871403,54.034912,53.921993,53.992752,53.966183,54.101723,53.898994,53.886963,54.11164,54.05205,53.89056,53.95288,54.18678,54.12546
55.67075,55.80554,55.54931,55.609074,56.11384,55.844807,55.806286,55.881855,56.0294,56.06978,56.040462,55.921143,56.21667,55.729713,56.399277,55.94233,56.320774,55.80545,56.336227,56.26289,56.001076,55.75645,56.51368,56.703735,56.319427,55.946594,56.18909,56.164482,56.214737,56.45663,56.449135
53.55215,52.86878,53.262444,53.37623,52.971054,53.462776,53.473362,53.763374,53.117317,52.922493,53.757565,53.306664,53.094574,53.028294,53.588184,53.187717,53.401115,53.456856,53.59748,53.56897,53.23066,53.767696,53.417854,53.49681,53.994514,53.951874,53.590317,53.569893,53.78292,53.63734,53.900772
48.84367,48.651054,49.072006,48.718548,48.71495,48.880707,48.768307,48.88552,49.05908,48.6077,49.011803,49.00907,48.818787,49.08004,48.89567,49.071064,49.277237,49.165527,49.129284,49.032784,48.939835,49.06243,49.208084,49.181396,49.2043,49.280693,49.41768,49.011677,49.189503,49.178055,49.211037
41.517666,41.87039,41.39718,41.406826,41.61499,41.317085,41.458427,41.31372,41.48566,41.69402,41.339603,41.616306,41.815945,41.746414,41.832912,41.72695,41.669346,41.76377,41.70423,42.06018,41.84639,41.82077,41.696243,41.728058,41.77926,41.844627,41.737694,41.897377,41.915974,41.828644,42.19732
46.37228,46.433296,46.378334,46.70201,46.546814,47.019726,46.639606,46.902493,46.82165,46.515408,46.52102,46.365864,46.873486,46.760853,46.747326,46.8712,46.70254,46.907978,46.665966,46.800697,47.066742,46.80459,46.578133,46.90577,47.1861,46.931435,46.977028,46.922863,47.122585,46.997704,46.981197
39.972496,40.522694,40.43068,40.495987,40.126503,39.97127,40.562782,40.094776,39.918705,40.77868,40.37817,40.48991,40.66659,40.800423,40.710888,40.606415,40.347073,40.42887,40.55562,40.643436,40.258465,40.58759,40.339405,40.547195,40.58034,40.886383,40.62844,41.243484,40.714737,40.333908,41.38487
60.79402,60.56035,61.072815,61.23331,60.931656,61.25986,61.36493,61.287525,60.86551,61.168365,61.235386,61.08708,61.273193,61.144485,61.14906,61.4758,61.049416,61.223156,61.374363,61.136547,61.135437,60.95205,61.221725,61.26822,61.32169,61.417076,61.307682,61.752586,61.246365,61.143673,61.3055
47.546085,47.3372,47.612274,47.342472,47.714455,47.44886,47.26883,47.40876,47.6244,47.27996,47.48181,47.418518,47.652977,47.757988,47.73649,47.846264,47.63846,47.732,47.94405,47.639614,47.695354,47.67297,47.71142,48.059395,47.62779,47.680206,48.183773,47.50617,47.911545,47.814415,48.20074
56.088757,55.556915,55.43669,56.186756,56.074554,55.943707,56.135773,56.138992,55.63795,56.127308,55.88879,56.139908,56.24745,55.949585,56.139214,56.103962,56.0182,56.168858,56.04664,56.218117,56.50781,56.370556,56.095142,56.173607,56.262417,55.977287,56.42077,56.37755,56.412125,56.500828,56.382553
44.774532,44.444622,44.39247,44.25648,44.356598,44.603065,44.362858,44.605198,44.905807,44.47862,44.98772,44.824974,44.19681,44.341293,44.673416,44.330402,44.743496,44.968838,44.83408,44.881783,44.76593,44.953667,44.660404,44.8936,44.966747,45.071785,44.97553,44.602287,45.353195,44.95696,44.8762
46.571064,46.79543,46.950768,46.61936,46.897484,47.060753,47.099594,47.018528,47.099964,46.873753,46.91049,46.701717,46.976013,47.06588,47.24401,47.501373,47.368076,47.13964,47.100685,47.096493,47.213287,47.23331,47.047108,47.436806,47.094364,47.271263,47.35104,47.43032,47.296673,47.2223,47.34738
44.357655,44.67369,44.298103,44.668087,44.40912,44.28244,44.73724,44.51487,44.401367,44.793644,44.372967,44.86567,44.59707,44.62999,44.62934,44.693333,44.7471,44.800556,44.582478,44.961357,44.878475,44.704865,44.978016,44.50524,44.992733,44.78585,44.661217,45.059147,44.59663,44.87906,44.841755
54.555737,54.15126,54.2209,53.94958,54.873405,54.202065,54.190216,54.120216,54.287678,54.501892,54.576138,54.11453,54.425655,54.229816,54.49199,54.542446,54.256336,54.295902,54.999767,54.2425,54.497066,54.759136,54.492085,55.194458,53.94534,54.232323,54.851753,54.355515,55.067398,54.61286,54.888966
49.576775,49.275158,49.18374,49.192657,49.700264,49.747063,49.374195,49.58986,49.642773,49.602875,49.77176,49.341953,49.40947,49.329487,49.485916,49.50942,49.483883,49.626984,49.918343,49.602585,49.612106,49.556774,49.462685,49.83732,49.547253,49.80442,49.685467,49.638325,50.110493,49.756054,49.66633
52.526764,52.199272,52.100533,52.555813,52.469406,52.339264,52.6177,52.53408,52.221836,52.196255,52.393436,52.42953,52.397552,52.215267,52.18386,52.717266,52.767105,52.588867,52.57622,52.97875,52.555614,52.425507,52.581314,52.47393,52.7859,52.772934,52.78476,52.58661,52.662903,52.558052,52.7265
40.039867,40.093945,40.36592,39.776295,40.368156,40.12796,40.32165,39.9506,39.77738,40.17617,40.071373,39.915424,40.323383,40.511105,40.346134,40.4862,40.222294,40.207047,40.45551,40.129,40.147377,40.688286,40.211884,40.433525,40.040794,40.520973,40.538807,40.37358,40.39658,40.206177,40.945145
47.741074,47.646362,47.809,47.74627,47.26544,47.481976,47.558987,47.69452,47.7433,47.395462,47.934196,47.622852,47.354565,47.782825,47.657177,47.789257,47.739807,47.66886,47.721127,47.79586,47.748386,48.26408,47.649895,47.81024,47.95371,48.312454,47.94554,48.071632,48.42962,48.133503,48.107006
51.849167,51.53308,51.983406,51.59072,51.978477,51.899643,51.86638,51.76781,51.805614,51.923203,52.26101,51.904133,51.80955,51.778057,51.8111,51.810776,51.861263,51.762245,52.181404,51.642296,51.89411,52.322586,52.187153,52.38295,51.724323,52.030556,52.24985,51.942074,52.405025,52.187527,52.052048
42.26993,42.02387,42.33397,42.274357,42.09279,42.673244,42.33598,42.608624,42.226315,42.111225,42.265045,42.09933,42.462124,42.563076,42.373093,42.397297,42.316933,42.677433,42.27973,42.31302,42.538128,42.934975,41.973747,42.340607,42.553,42.780563,42.670853,42.67059,42.722656,42.43657,42.626297
55.632027,55.7857,56.353683,55.8341,55.51245,55.98653,55.885628,55.813175,56.04314,55.968143,56.346832,56.459236,56.080845,56.035133,55.962116,55.462307,56.24715,55.9455,56.001106,56.126186,55.791637,56.116405,56.6362,56.193916,56.533348,56.57463,56.232998,56.19336,56.184837,56.287323,56.096447
48.526222,48.703472,49.10884,48.793194,49.292305,49.194984,49.22943,48.933155,48.861423,49.22773,49.141228,48.92363,49.29472,49.194126,49.286278,49.195053,49.095905,48.847973,49.09068,49.147182,49.28703,49.31279,49.3411,49.32669,49.050224,49.49978,49.324017,49.37012,49.03491,49.42878,49.40384
51.810463,51.53743,51.637543,51.604206,51.649315,51.68481,51.572296,51.86323,51.520405,51.296726,51.4151,51.799442,51.529987,51.695385,51.016556,51.66911,51.83636,51.489918,51.596104,51.540596,51.46177,51.795124,51.915314,51.597214,51.688633,51.980682,51.83478,51.720337,51.71116,51.97553,51.39168
41.691032,41.627773,42.1279,41.874348,42.317024,42.123707,41.680832,41.71458,41.521187,41.616795,41.408943,41.726406,42.64567,42.37368,41.68774,41.903023,41.811886,41.82688,41.856056,41.831474,41.949802,42.012657,41.98398,42.018814,41.78213,41.949303,42.507904,41.624355,41.78727,41.92536,42.294373
46.259773,46.449932,46.46942,46.220417,46.187485,46.372074,46.39041,46.377163,46.6153,46.43415,46.75914,46.24407,46.266678,46.45693,46.8257,46.557087,46.54059,46.50071,46.628017,46.658833,46.725433,46.939255,46.65503,46.690483,46.771465,46.923485,46.455715,46.85452,46.982536,46.957016,46.871227
50.11283,50.23547,50.51831,50.26492,50.592026,50.377644,50.402557,50.141388,50.730953,50.211582,50.865227,50.09847,50.447674,50.479855,50.468304,51.063164,50.61722,50.211285,50.754704,50.635117,50.704464,50.472023,50.92755,51.067505,50.62332,50.792274,50.763435,50.43201,50.96484,50.98499,50.940975
49.802578,49.61842,49.38569,49.51408,50.24881,49.754974,49.69333,49.474255,49.611202,49.886826,49.76215,49.518097,49.919342,49.55125,49.200325,49.793926,49.521618,49.679348,50.012424,49.748394,49.935658,49.960155,49.781036,50.166878,49.484173,49.73105,50.04859,49.51432,50.250412,49.767204,49.86655
51.66297,51.34957,51.311356,51.2562,51.185196,51.440056,50.671413,51.57221,51.737015,50.822002,51.182922,51.382484,51.418,51.74274,51.157097,51.166565,51.25278,51.31654,51.26827,51.171703,51.534966,51.920425,51.490055,51.619156,51.778133,51.779854,51.634666,51.26919,51.829754,52.251087,51.484226
55.216408,55.03507,54.36579,55.342937,54.555084,54.86391,54.446312,55.43815,55.25555,54.702553,54.690445,54.915718,54.907757,54.99468,54.98472,54.809143,54.928528,55.082695,54.95166,55.057034,55.346363,55.16313,55.116898,54.974968,55.729866,54.979996,54.863125,55.355934,55.456654,55.871407,54.95155
49.778538,49.30133,49.512253,49.606815,49.60183,49.899494,49.706398,50.08424,49.729004,49.73027,49.967403,49.978756,49.707977,49.993183,49.813637,50.04407,49.89333,49.85273,49.970108,49.657295,49.690426,49.750088,49.85734,49.869774,49.923687,50.195778,49.896515,50.326305,49.950397,50.263325,49.87714
43.140297,43.29121,43.471985,43.40728,43.09561,43.34174,43.508358,43.533825,43.696075,43.53239,43.93409,43.53962,43.194866,43.669582,43.50047,43.80248,43.6882,43.701305,43.848976,43.547226,43.404922,43.40439,43.86711,43.662346,43.948772,44.02207,43.53659,43.983513,43.553646,43.732,43.755154
51.340965,51.662636,51.417114,51.517273,51.45485,51.584583,51.341183,51.424694,51.929874,51.922886,51.801373,51.50183,51.691788,51.721405,51.8694,51.47988,51.434765,51.841755,51.878006,51.88568,52.032124,51.795284,51.735725,51.90782,52.076263,52.00242,51.690002,51.977196,52.201725,52.013996,52.017036
53.546528,53.06711,53.269684,53.397903,53.30591,53.53147,53.140606,53.730328,53.260456,52.830563,52.97485,53.23881,53.357742,53.4962,53.127174,53.57922,53.384197,53.40717,53.47676,53.200806,53.356163,53.301285,53.543674,53.240677,53.557465,53.42308,53.452797,53.45067,53.356663,53.75012,53.252632
48.864716,48.640144,48.482727,49.375225,48.91423,48.608955,48.866318,48.942886,48.504833,49.0049,48.72028,48.904408,49.197166,48.86995,49.140915,48.963966,49.039505,49.179794,49.148586,49.388138,49.216206,48.753227,49.108,48.78724,49.21524,48.67652,49.14797,49.303837,48.927288,49.06157,49.292156
51.25422,51.18783,51.220154,50.850548,51.320618,51.702007,51.127197,51.337986,51.53213,51.61054,51.30731,51.41584,51.385365,51.295414,51.283215,50.91816,51.223076,51.625805,51.45537,51.088383,51.630215,51.778587,51.36126,51.636215,51.298973,51.405396,51.546577,51.47998,51.931175,51.577423,51.11438
50.55489,50.533085,51.264114,50.83917,50.779266,51.389465,51.200867,51.24365,51.25334,51.01239,51.38897,51.0037,50.977055,51.19741,51.32419,51.178368,51.508255,51.290466,51.279877,51.054367,51.14541,51.175285,51.3958,51.384926,51.503296,51.549843,51.490482,51.471817,51.254475,51.362774,51.269066
44.486,44.689053,45.237076,45.13763,44.80213,45.466038,45.091152,45.242027,45.148594,45.041973,45.27573,45.021523,45.411728,45.24915,45.3358,44.99756,44.997635,45.218124,45.05344,45.144325,45.28965,45.160336,45.326183,45.184914,45.60285,45.520752,45.22044,45.415337,45.03975,45.32655,45.258785
51.42825,51.679268,51.530724,51.539253,51.836998,51.642124,51.771038,51.608154,51.698673,52.0915,52.078255,51.63091,51.732883,51.61702,52.022842,51.696014,51.6779,51.60717,52.031048,52.171158,51.874416,51.8067,51.992535,51.93345,51.963825,52.346382,51.634377,52.203503,51.894493,52.080425,52.13294
43.680206,43.802483,43.584274,43.866905,43.72493,43.671448,44.36075,43.952263,43.390396,44.127827,43.985466,43.91929,44.075333,43.835865,44.234196,44.090668,43.956207,43.779606,43.854702,43.91061,44.131557,44.72484,44.15028,44.29373,44.164124,44.01674,44.01812,44.528587,44.28556,44.330822,44.55783
49.31533,49.577087,49.3984,49.32599,49.533936,49.38944,49.572674,49.48188,49.129993,49.299908,49.214794,49.199215,49.657986,48.889164,49.547085,49.474777,49.47253,49.212288,49.38411,49.758556,49.444977,49.839714,49.270203,49.911194,49.172813,49.498497,49.660686,49.80762,49.964943,49.32468,49.672245
43.530266,44.0451,43.654297,43.747425,43.859085,43.742046,43.591938,43.64106,43.641106,43.930763,43.077404,43.773148,44.300564,44.028812,43.94679,43.394356,43.71367,44.017906,43.557487,44.06433,44.27461,44.394394,43.780003,43.950134,44.09573,43.90262,44.23914,43.935146,43.979267,43.994522,44.265724
45.765232,45.39164,45.814842,45.668533,45.689735,45.574017,45.806416,45.469166,45.340984,45.715233,45.962933,45.797546,45.740345,45.65824,45.600277,45.80735,45.690437,45.858006,46.034077,45.69044,45.731583,45.955826,45.94611,45.816093,45.567062,45.67856,46.009674,45.79834,46.12364,45.67374,45.977703
35.01865,35.32162,34.6737,35.091515,34.775993,34.909397,35.21546,35.143833,35.060253,35.091084,34.98762,35.131264,34.863056,35.009933,35.16646,35.160004,35.247288,35.38976,35.040375,35.52204,35.431118,35.489845,35.209007,35.002686,35.70811,35.463097,35.10259,35.423225,35.49005,35.446484,35.5198
43.004803,42.81248,42.93953,42.767822,42.906555,42.989895,43.072033,42.79571,42.656525,43.31679,43.05424,43.40233,43.116768,43.238457,42.85939,42.781612,42.971073,43.366863,43.130875,43.060604,43.045784,43.356358,43.07486,42.89125,43.070206,43.366005,43.275837,43.25678,43.24811,42.989185,43.269432
38.56195,38.48651,39.038628,38.011856,38.73353,38.651585,38.456467,38.381546,38.23696,38.518387,38.230354,38.56475,38.73036,39.0952,38.40907,38.349407,38.423992,38.76783,38.738537,38.041794,38.441055,39.39689,38.65039,38.785515,38.298935,38.79624,39.111416,38.42561,38.570293,38.485943,38.96525
55.59997,55.862236,55.62169,55.561295,55.90168,55.915573,56.36616,55.615448,55.773594,56.27131,56.2644,55.686104,55.888725,55.29121,56.39772,55.88435,56.052574,55.991657,56.13944,56.551018,56.44366,56.391735,56.199947,56.32466,56.280495,56.196762,55.949947,56.236916,56.70443,56.126587,56.457733
53.302048,53.161446,53.71196,53.330975,53.571762,53.714016,53.4194,53.470142,53.585907,53.520466,53.39066,53.42411,53.693035,53.81586,53.91182,53.38792,53.67556,53.79751,53.607204,53.490406,54.1454,54.206482,53.867115,53.794548,53.776653,53.643738,54.11972,53.610676,53.814846,54.10095,53.84925
49.668568,49.778046,50.175995,49.62144,50.027634,50.0874,50.034767,49.882164,49.9484,50.17622,50.000866,49.896698,49.96124,50.16509,50.299545,49.85938,50.16903,50.254837,50.300125,50.11384,50.186737,50.31331,50.306465,50.13198,50.212105,50.407883,50.30897,50.23025,50.01405,50.165295,50.356503
42.803474,42.7076,42.634575,42.549908,43.10225,42.78141,42.56468,42.586143,42.73525,42.915764,42.88788,43.045223,43.13772,42.902634,43.26584,42.688915,42.667416,42.805065,43.06631,43.057236,43.025753,42.992275,43.027863,43.326645,42.972843,43.05284,43.305176,42.80711,43.33145,43.326694,43.637703
41.245186,41.49246,41.451904,41.230927,41.5291,41.502697,41.52387,41.41595,41.871536,41.805183,41.95869,41.528214,41.556522,41.507515,41.906242,41.586422,41.715214,41.861797,41.92908,41.718807,41.896267,41.957237,41.915234,42.245377,41.8815,41.758133,41.92892,41.74256,42.014034,41.86089,42.060703
52.268368,52.403145,52.42044,52.25373,52.692345,52.415257,52.4445,52.266773,52.53473,52.65705,52.287548,52.556423,52.548122,52.652824,52.91004,52.57549,52.591564,52.74323,52.6586,52.95361,53.141224,52.70413,52.982197,52.524773,52.795303,52.808823,52.746082,52.6725,52.479305,53.059704,52.870052
44.768814,44.796856,45.09793,44.751266,44.917915,45.248158,45.469196,45.05442,44.872227,45.215656,45.39674,45.097122,45.11673,45.098095,44.88886,45.401302,45.179337,45.263992,45.37119,45.03699,44.86644,45.15764,45.204903,45.341156,45.204678,45.54222,45.21578,45.473522,45.29855,44.85633,45.35061
59.716297,59.726994,59.59104,60.64942,59.762894,59.735542,60.16332,60.01117,59.879364,60.32342,60.335823,59.848522,60.1219,59.81625,60.357094,60.145527,60.215786,60.135284,60.224396,60.72259,60.56714,59.96312,60.290775,59.968864,60.606743,60.13801,60.05095,60.784794,60.4523,60.436935,60.3553
39.519783,39.637154,39.572823,39.507496,39.77948,39.606934,39.490906,39.329853,39.555027,39.767063,39.57637,39.76125,39.969967,39.59052,39.78037,39.366863,39.7349,39.943405,39.715027,40.08154,40.008644,39.9077,39.81467,39.782974,39.734215,39.682793,40.04578,39.58642,39.961678,39.71199,39.970943
42.91688,43.150024,43.04252,43.12154,42.74755,43.252335,43.20208,43.332928,43.411922,43.120625,43.39417,43.303497,42.943592,43.309044,42.932144,43.482075,43.301117,43.38977,43.37404,43.319073,43.044052,42.85924,43.44083,43.11798,43.758118,43.81407,43.024734,43.633236,43.30913,43.376915,43.22259
46.25273,45.497955,45.79785,46.641445,45.938744,46.475815,46.287228,46.592598,45.943462,46.124516,46.658367,46.24883,46.329628,46.407364,45.937912,46.386948,45.840126,46.440666,46.330788,46.26706,46.224678,46.229534,45.843483,46.068146,46.695374,46.883774,46.44449,46.63797,46.57038,46.36102,46.607742
48.20611,48.04673,47.998665,47.94114,48.347923,48.043262,47.555508,47.83074,48.296524,48.066074,48.238102,47.950195,48.18785,48.13819,48.322807,48.037518,47.883125,48.07696,48.43739,48.317387,48.37241,48.22106,48.027218,48.509583,48.011173,48.305443,48.48801,48.08872,48.93595,48.56119,48.608154
46.51806,46.96365,46.46022,46.782654,46.23294,46.551975,46.628048,46.77932,46.6606,47.011185,46.661476,46.745632,46.611164,46.4753,46.76205,46.358765,46.378918,46.758175,46.612377,46.714554,46.9183,47.175343,46.670624,46.70359,46.891724,46.82328,46.396435,47.395405,47.240086,46.931633,46.609577
41.5611,41.43526,41.713806,41.533215,41.517105,41.4979,41.506824,41.60533,41.624752,41.487724,41.24989,42.025944,41.444347,42.107906,41.488625,41.939148,41.643536,42.05927,41.529022,41.67653,41.963062,41.89935,41.66032,41.43525,41.62264,42.084183,42.160385,41.920635,41.574966,41.932835,41.754612
39.01381,39.255745,39.027084,39.214058,39.234108,39.406353,39.224022,39.484352,39.391357,39.331764,39.450813,39.335384,39.350315,39.27311,39.40574,39.408768,39.354023,39.17206,39.31228,39.49192,39.269386,39.253643,39.28458,39.566902,39.496033,39.798096,39.383556,39.781998,39.63258,39.680965,39.548748
53.64151,53.82121,53.59263,53.677235,53.322693,53.670338,54.118176,54.079773,53.66614,53.759453,54.078056,53.96614,53.52114,53.266884,53.685204,53.894707,53.99237,53.643085,53.904133,53.999264,53.489258,53.79306,54.23091,53.926643,54.166763,54.202812,53.374878,54.460335,53.898827,53.939728,53.637768
47.59182,48.302998,47.861015,47.62636,48.167137,47.831776,48.371902,47.7912,47.921295,48.665394,47.87942,47.877914,48.151615,47.819614,47.849968,48.170654,48.151905,48.22731,48.178753,48.14235,48.248,48.588074,48.0454,48.571213,47.704903,48.079163,48.188602,48.62566,48.289787,47.68775,48.0578
43.497673,44.102795,43.731323,44.088837,43.505127,43.368103,44.02381,43.68449,43.90521,44.13491,44.397568,44.129765,43.740288,43.626972,44.047607,43.737225,44.37286,43.722614,43.93226,44.59186,43.88661,44.05128,44.38931,44.168175,44.48672,44.45394,44.0028,44.47661,44.357685,44.277103,44.400063
58.701923,58.507545,58.300056,58.71446,58.64241,58.74895,58.909565,58.899967,58.715183,59.115147,58.971508,58.877167,58.86641,58.591736,59.271496,58.50062,59.074013,59.190884,59.16779,59.26273,59.182453,59.029022,59.277615,59.025658,59.607967,58.96666,58.94707,59.167507,59.00821,59.21726,59.26032
53.41985,53.09883,53.44021,53.51828,52.99182,53.93939,53.32513,53.896908,53.531303,53.133842,53.653187,53.41254,53.537743,53.58371,53.16622,53.170475,53.441284,53.45901,53.24832,53.40696,53.406055,53.866028,53.2904,53.40168,53.989388,54.24169,53.548943,53.80255,53.904488,53.849167,53.372807
43.02276,42.64368,42.24228,42.54422,42.64837,42.113014,42.37153,42.368675,42.470306,42.48209,42.41663,42.815235,42.615776,42.77165,42.73936,42.863617,42.615696,43.04075,42.92562,42.92784,42.978436,43.018894,42.73296,42.871353,42.846016,42.60193,43.13866,42.60107,43.160755,42.97618,43.441315
42.315643,42.591,42.548637,42.66586,42.422935,42.843925,42.650223,42.919136,42.98628,42.800915,42.759186,42.75298,42.917843,42.994804,42.8692,42.946926,43.017864,43.13238,42.91811,42.850895,42.81383,42.63377,42.869106,43.052322,43.25504,43.024193,42.987137,43.25495,42.850864,42.891266,43.003494
42.458965,42.55951,42.859207,42.38375,42.849922,42.888054,42.515247,42.738125,42.87242,42.722237,42.24071,42.992508,42.916283,43.257496,42.89055,42.897675,42.83646,43.176796,42.931488,42.565777,42.91948,42.73182,42.960205,43.06481,42.84528,42.87121,43.43287,42.86105,42.686775,42.95677,43.072712
59.702255,59.164886,59.65686,59.372974,60.046387,59.860527,59.788227,59.597626,59.29693,59.41027,59.725437,59.34174,59.974056,59.372253,59.53934,59.954117,59.756035,59.33661,59.889397,59.511044,59.746384,59.899193,59.995777,60.108673,59.28005,59.41475,59.88401,59.582806,60.036148,59.899906,59.654537
48.94372,48.843987,49.42746,48.989403,49.12442,49.28985,49.52283,49.038784,49.04763,49.366833,49.481277,49.282406,49.10561,49.16081,49.463604,49.227116,49.444588,49.590134,49.465954,49.509777,49.52292,49.5745,49.537674,49.24578,49.40354,49.60344,49.58352,49.470142,49.43391,49.2624,49.527473
58.07022,57.803787,58.182083,58.61928,58.12599,58.622223,59.06544,58.734406,57.999638,58.637985,58.667942,58.594032,58.530754,58.194378,58.564484,58.499626,58.40398,58.71258,58.600063,58.59412,58.604286,58.571365,58.728832,58.55841,59.099266,58.776276,58.654243,59.01057,58.4867,58.45468,58.775032
60.033035,59.919964,59.733818,60.33212,59.916603,60.242508,59.98919,60.32573,60.218147,60.388138,60.260597,60.03461,60.25675,60.16407,60.387196,59.91039,59.979275,60.406128,60.458824,60.406166,60.456287,60.180763,60.21056,60.26397,60.859257,60.488113,60.201866,60.6445,60.61158,60.54425,60.511845
42.330547,42.4915,43.10785,42.65971,42.293198,42.563183,42.57056,42.42751,42.79825,42.609447,43.043865,43.13144,42.602116,43.108326,42.74962,42.709892,42.651043,42.77515,42.79097,42.71687,42.700363,42.75731,43.249294,42.74904,43.14559,43.349403,42.99451,42.88636,42.839397,43.123074,43.115753
59.641945,59.52923,59.911224,59.50788,60.162605,59.989693,59.749382,59.748135,60.17945,60.063034,60.442017,59.961952,59.931503,59.811768,59.935223,60.064518,59.983738,59.72855,60.4545,59.979206,59.792828,59.587925,60.308907,60.644264,59.863693,60.33452,60.250416,60.092865,60.289047,60.22294,60.120907
50.186634,50.44024,50.663506,50.647476,50.46003,50.593784,50.350975,50.459324,50.806973,50.30813,50.527405,50.463516,50.71186,50.550438,50.733646,50.597675,50.81989,50.560223,50.502903,50.959873,50.984776,50.585842,50.97874,50.733,50.943253,50.76606,50.86547,50.664066,50.834595,51.075504,50.691177
45.08896,44.966236,44.821472,45.04798,44.889854,44.976944,45.014774,45.050907,44.76306,44.96369,44.839005,44.917732,45.084595,45.302624,44.58722,45.199394,44.75407,45.258266,45.09386,45.056953,45.00244,45.366165,44.654217,44.983063,45.187595,45.566574,45.255962,45.32863,45.357735,44.91949,45.44158
54.142902,54.27857,54.46875,54.17878,54.305634,54.61352,54.63378,54.550125,54.42279,54.603275,54.19365,54.567734,54.70601,54.570038,54.681725,54.554432,54.67272,54.66536,54.38314,54.267082,54.87759,55.114906,54.736645,54.92607,54.572315,54.427048,54.855564,54.96195,54.814503,54.842285,54.53707
47.518986,47.532406,47.17504,47.73411,47.508026,47.219063,47.72763,47.42728,47.226246,47.768898,47.983177,47.490322,47.66798,47.193882,47.8037,47.723076,47.443386,47.448692,47.88647,48.05488,47.6135,47.684517,47.61719,47.910194,47.76323,47.787407,47.586685,48.06394,48.221184,47.689217,48.274273
44.052795,44.249348,44.126503,43.75785,43.878,44.35085,44.136925,44.37277,44.366066,44.279465,43.84363,44.485157,44.22657,44.63394,44.081036,44.335354,44.170513,44.646713,44.185192,43.868183,44.28534,44.684246,44.130943,44.531754,44.427567,44.6034,44.528023,44.68518,44.501526,44.391216,44.362206
48.445557,48.20646,48.350967,48.5306,48.386368,48.67628,48.692986,48.89813,48.442444,48.697594,48.757084,48.767326,48.6373,48.828484,48.669968,48.39611,48.71518,48.67456,48.582508,48.531387,48.720333,49.179207,48.878994,48.726814,49.149456,49.136414,48.82371,49.010967,48.58439,49.177895,48.89728
44.215485,44.07621,44.043648,44.028637,44.06807,44.125446,44.28252,44.303402,44.230816,44.193073,44.36884,44.14716,43.91238,44.382248,43.944485,44.470234,44.42962,44.44395,44.4239,44.255615,44.241646,44.601677,44.253853,44.309914,44.42905,44.762306,44.4319,44.547554,44.476055,44.42548,44.453697
48.31448,48.0321,47.73918,48.529533,47.687027,48.116222,48.17273,48.353413,48.15615,48.194805,48.295425,48.388256,48.146576,47.98642,48.25093,47.961494,48.558273,48.706146,48.239395,48.678978,48.57447,48.40218,48.331207,48.025726,48.895535,48.213173,48.36815,48.576385,48.841484,48.506508,48.310307
48.10212,48.712856,48.033737,48.749905,48.101395,47.83329,48.45902,48.08154,48.231415,48.815296,48.492046,48.285305,48.528988,48.247242,48.921467,48.368576,48.46953,48.497585,48.55108,49.16832,48.915886,48.645206,48.73724,48.420914,49.002865,48.506294,48.23667,49.082005,48.90157,48.774246,49.07228
55.7149,55.951656,55.53338,55.93224,55.47928,55.83746,55.540096,56.07914,56.24542,55.85803,55.339565,55.894596,55.857708,56.157852,55.78132,55.76448,55.936676,56.18848,55.546257,55.90112,56.552364,56.491745,55.878235,55.948517,56.382156,56.103218,56.11463,56.368645,56.27169,56.591377,55.74487
42.439976,41.956944,42.523323,42.31521,42.514915,42.941383,42.623245,42.67154,42.20801,42.50735,42.583534,42.567623,42.688324,42.59059,42.503586,42.23779,42.0909,42.834023,42.589756,42.200733,42.71794,43.12762,42.46103,42.63704,42.654037,42.766838,42.929417,42.467705,42.693825,42.556362,42.786392
52.417294,52.802414,52.072556,52.61703,52.570084,52.004494,52.313972,52.219624,52.28324,52.62503,52.479645,52.392986,52.666733,52.228436,52.837765,52.44905,52.733795,52.001884,52.657063,53.12429,52.62467,52.349083,53.05125,52.614563,52.779255,52.481247,52.218044,52.88886,52.94289,53.193737,52.92414
42.77853,43.215427,43.10163,43.236984,42.870644,42.83246,42.991093,42.92703,42.892708,43.09744,42.889454,43.209164,43.316433,43.220592,43.11243,43.026295,43.221684,43.023457,42.935356,43.411255,43.13502,43.23248,43.21057,43.101242,43.269924,43.373573,43.29288,43.53581,43.313946,43.276806,43.40806
44.40588,44.84811,44.64582,44.48983,44.627235,44.302025,44.548462,44.356922,44.45794,44.663406,44.3155,44.625698,44.777508,44.468697,45.014282,44.55331,44.58122,44.717026,44.74572,44.937176,44.88155,44.94727,44.875164,44.978523,44.713608,44.57601,44.912025,44.82468,44.9208,44.733936,45.175842
45.55222,45.286377,45.596985,45.080368,45.637474,45.782497,45.44228,45.625046,45.902843,45.423412,45.723404,45.91052,45.475513,45.884705,45.079937,45.872066,46.056427,45.635525,45.605503,45.330555,45.6066,45.75476,46.01672,45.857895,45.483288,45.941452,45.942963,45.62446,45.7447,46.14502,45.22607
40.71573,40.829475,40.87226,40.778564,40.7435,40.689667,41.032143,40.716305,41.08804,40.96829,41.37273,41.18416,40.936184,41.13928,41.38256,41.41941,41.520107,41.13293,41.265938,41.339367,41.129402,41.048733,41.481564,41.46649,41.456047,41.30181,41.42016,41.310513,41.5287,41.50807,41.790974
36.355278,36.433086,36.03598,36.395004,36.216003,36.20123,35.865654,36.27391,36.290794,36.195995,36.25243,36.503765,36.358437,36.55438,36.104908,36.070835,36.05432,36.279625,36.249916,36.66331,36.242115,36.239346,36.201195,36.07396,36.66897,37.017296,36.341766,36.437183,36.51194,36.672974,36.67718
59.038345,58.931408,59.167465,59.228855,58.69281,59.486137,59.039608,59.593,59.561775,58.826122,59.425312,59.186977,58.904564,59.105873,58.89856,59.277184,59.5141,59.205982,59.280117,59.375305,58.99741,58.819866,59.356705,59.135887,59.745354,59.894722,59.123882,59.665844,59.508297,59.55346,58.864326
51.430943,51.623623,51.606163,51.44833,51.742126,51.742355,51.600063,51.612713,51.902946,51.858395,51.345123,51.809338,51.9671,52.220703,51.715916,52.12033,51.57142,52.118015,51.934536,51.58364,52.07304,51.85945,51.838375,52.22419,51.963783,51.94329,52.248158,52.012592,51.95505,51.96115,52.186123
45.964,46.034897,46.435852,46.20436,45.953835,46.398983,46.138645,46.36373,45.813618,46.252563,45.63517,46.352936,46.658817,46.61556,46.146,45.75624,46.1139,46.523952,46.04184,45.88184,46.20178,46.763054,46.136185,46.17431,46.318203,46.277466,46.64253,46.5702,46.142433,46.081036,46.30009
39.993755,40.1992,39.820007,40.116505,39.3266,39.6994,39.901836,40.313553,40.13969,39.845676,39.817566,40.325035,39.636826,40.180748,40.047043,40.09925,40.28481,40.43884,40.00639,40.203182,40.054237,40.21669,40.22348,39.840355,40.681038,40.409363,40.0104,40.639286,40.095173,40.384716,40.16461
52.575,52.427605,52.72699,52.93639,52.553764,52.97179,52.804577,52.991787,52.58734,52.61111,52.109833,53.213196,52.993805,53.21288,52.36319,52.857113,52.909485,53.102177,52.4918,52.67015,53.01562,52.749374,53.04696,52.461136,53.136723,52.941483,53.189518,53.06145,52.558514,53.064114,52.543804
52.54303,52.456192,52.315903,52.377033,52.605865,52.4262,52.43144,52.473206,52.48199,52.524765,52.32498,52.646236,52.59896,52.53213,52.46723,52.557327,52.661026,52.599987,52.65556,52.604393,52.807686,52.729706,52.982212,52.712234,52.695885,52.500862,52.71821,52.63009,52.72685,52.994267,52.598408
33.822372,34.010437,33.80838,34.202457,33.570427,33.985947,33.952934,34.252186,33.979813,33.91429,33.718956,34.343964,33.92788,34.42376,33.733345,33.94061,34.16947,34.46215,33.759422,34.344727,34.056038,34.135445,33.869846,33.60659,34.65308,34.80259,34.303932,34.455093,33.907814,34.14366,34.248634
51.003387,50.715443,50.934456,50.84701,51.553177,50.861908,51.33571,50.81636,50.473713,51.089287,50.88771,51.098484,51.261837,50.85951,51.21728,51.22684,51.274258,50.89782,51.17235,51.28847,51.414707,51.42044,51.642887,51.232513,50.821033,50.875572,51.41647,51.032654,50.982784,51.42053,51.35237
49.806534,49.684265,49.91707,49.950798,50.180748,50.323357,50.387863,50.269955,50.15585,50.065105,49.91902,50.162117,50.40262,50.57,50.418865,50.87192,50.6003,50.454502,50.19497,50.24827,50.6721,50.343906,50.481285,50.50358,50.564396,50.36934,50.72772,50.53706,50.246723,50.74436,50.64187
54.51948,55.026897,54.792503,54.54764,54.538574,54.215885,54.481197,54.508247,55.041565,54.723442,55.002132,54.772408,54.736877,54.61366,55.40269,54.84066,55.102577,54.505123,55.178043,55.043907,54.79164,54.874836,55.579723,55.609085,55.221046,54.81423,54.871708,55.126286,55.288322,55.478664,55.445694
57.4532,57.339798,57.41327,57.487137,57.352814,57.753613,57.570965,57.755646,57.42819,57.472656,57.466095,57.6904,57.787365,57.649284,57.543335,57.38022,57.565662,57.539204,57.530098,57.607758,57.62652,57.81105,57.865856,57.6877,58.140244,57.99991,57.667606,57.843098,57.73731,58.024868,57.771362
56.883068,56.749214,57.046997,56.84469,57.165985,57.140495,57.001183,57.23624,57.017143,56.866936,56.825993,57.041897,57.04553,57.02943,56.86372,57.235577,57.124428,56.846867,57.03183,56.850258,57.119072,57.233818,57.27938,57.359352,56.86931,57.21389,57.33415,57.32445,57.09249,57.454174,56.852783
50.777943,51.06936,50.616753,50.43341,51.020973,50.85929,50.685505,50.718414,50.917404,50.924206,50.426407,50.873695,51.04756,50.568558,50.834072,50.605495,50.77081,50.866207,50.83192,50.840366,51.18745,51.349472,51.01275,51.474266,50.81232,50.678276,51.17811,50.83326,51.456795,51.123837,50.952316
41.320892,41.372917,41.148735,41.12057,41.732147,41.228752,41.45251,41.00953,41.101025,41.75094,41.41771,41.246723,41.60353,41.439995,41.415016,41.544735,41.18954,41.509598,41.77304,41.43578,41.623665,41.741405,41.456062,41.782074,41.221375,41.372078,41.679073,41.47806,41.876266,41.409245,42.005287
55.33905,55.314087,55.522987,55.161594,55.63595,55.2809,54.873055,55.09558,55.434967,55.315014,55.213497,55.366497,55.503235,55.547554,55.426422,55.00675,55.200764,55.060055,55.371918,55.297504,55.706882,55.870007,55.73615,55.65554,55.25111,55.537567,55.716484,55.26992,55.736897,56.128696,55.51223
57.922844,57.606083,57.974228,57.989925,58.374146,58.31067,58.202686,58.035336,57.914635,58.238995,57.80204,58.075504,58.455795,58.139275,58.44068,58.042824,58.20161,58.542114,58.33294,58.272404,58.793934,58.405876,58.48918,58.347008,58.37995,57.918747,58.73371,58.09589,58.24107,58.392185,58.446125
42.34154,42.753326,43.052177,42.37097,42.473648,42.71932,42.844803,42.410007,42.711754,42.62192,42.853035,42.897625,42.783367,42.836647,42.28501,42.955147,42.963886,42.541744,42.572765,42.585217,42.53273,43.02927,42.938187,43.09542,42.585316,43.138496,43.016945,42.961372,43.27011,42.77792,42.77482
49.993828,49.90157,49.84002,50.231003,50.308556,49.934425,50.170822,49.98223,49.639706,49.961132,49.725315,49.961308,50.431416,50.0331,49.773636,50.442688,50.02922,49.991955,50.07117,50.265865,50.233997,50.119846,50.092533,50.20527,49.921284,50.02108,50.397686,50.257362,50.235134,50.08333,50.300564
47.36759,47.31923,47.078438,47.161324,47.314354,47.793064,47.613182,47.71688,47.41743,47.56987,47.40356,47.375244,47.53125,47.61127,47.385315,47.73396,47.44993,47.655266,47.519375,47.400894,47.60818,47.730488,47.346474,47.54294,47.73273,47.905212,47.392467,47.99185,47.849255,47.752518,47.58339
43.522987,43.341755,43.309135,43.4865,43.110756,43.526104,42.87298,43.668823,43.28083,43.002144,42.631824,43.398266,43.618645,43.889687,43.042564,42.87668,43.298,43.63849,43.087807,43.04419,43.55277,43.943348,43.397076,43.0772,43.78349,43.393234,43.621284,43.336533,43.36078,43.804417,43.26999
55.187,54.79782,55.003098,55.171715,55.172134,54.963154,54.83244,54.808502,55.093136,54.992252,55.26372,55.148163,55.206223,54.97628,55.170273,54.811836,55.355934,55.201126,55.207092,55.58582,55.52719,55.44374,55.285374,55.351944,55.30772,55.24601,55.77956,54.993214,55.86561,55.54681,55.507664
32.22494,32.68554,32.36114,32.739105,32.451557,32.365417,32.675423,32.41037,32.50149,32.956417,32.87994,32.868793,32.73384,32.817642,32.79793,32.89073,32.52641,32.759064,32.71342,33.200302,32.683517,32.424217,32.56832,32.58098,32.9128,33.31797,32.682426,33.277843,32.83526,32.716717,33.285675
55.72323,56.027798,55.887756,56.323116,56.020836,56.12188,56.143803,56.12221,56.034397,56.376236,55.801735,56.25578,56.553352,56.299297,56.411423,56.067642,56.32284,56.21194,56.01214,56.431572,56.663525,56.245934,56.564796,56.189056,56.631817,56.162697,56.31833,56.66193,56.27789,56.71099,56.31268
51.79687,51.653072,52.099358,52.019142,51.816452,52.36381,51.973072,52.28621,52.194244,51.95755,51.826836,52.20856,52.22831,52.242558,51.954018,51.86102,52.13409,52.53829,52.090874,51.82789,52.32261,52.354065,52.257668,52.37612,52.506878,52.122032,52.699818,52.160637,52.231297,52.210995,52.08497
52.513527,52.562843,53.190323,53.44979,52.48932,53.086967,53.170345,53.242725,52.99385,52.763733,53.243362,53.125896,52.986988,52.97349,52.765568,53.15315,53.329506,53.015015,52.896297,53.207508,52.966667,52.791454,53.342,52.900932,53.46259,53.44049,53.20827,53.550602,53.01704,53.155865,52.814037
43.59363,43.84926,43.32937,43.39521,43.533394,43.649773,43.50907,43.752056,44.003662,43.871117,43.919544,43.674652,43.439243,43.53976,43.936245,43.853584,43.56626,43.847755,44.004818,43.971436,43.79427,43.668884,43.596096,43.995186,43.895798,44.19516,43.57789,44.242493,44.289692,44.00098,43.987392
43.023266,42.43332,42.833908,43.058136,42.75515,43.21789,42.869137,43.367737,43.098286,42.73704,43.23782,43.267506,42.75459,43.17105,42.674763,43.16794,42.873123,43.330414,43.16447,42.87905,42.95348,42.846706,43.012222,42.90206,43.313496,43.52012,43.27349,43.18584,43.03785,43.245766,42.964184
43.707237,44.229027,43.8303,44.307568,44.16008,44.175602,44.37332,44.246937,44.049446,44.571613,43.945484,44.31356,44.710403,44.198444,44.3954,44.44864,44.353283,44.32106,44.21258,44.39718,44.443333,44.09866,44.39607,44.560402,44.382668,44.03087,44.361443,44.885212,44.39735,44.317497,44.4174
41.75656,42.677944,42.27024,42.05572,42.010292,42.25345,41.925404,42.158653,42.633255,42.52831,42.051918,42.166824,42.249256,42.505863,42.33505,41.799652,42.10395,42.28217,42.061707,42.33141,42.61004,42.803955,42.38564,42.36818,42.657955,42.82396,42.2021,42.64448,42.50864,42.747055,42.337337
39.49259,39.270485,39.589508,39.300194,39.897797,39.475796,39.571747,39.265846,39.64558,39.707676,40.192074,39.6039,39.779907,39.580788,39.915997,39.802002,39.942314,39.807877,40.183064,39.88065,39.678112,39.835342,39.802937,40.512627,39.598763,39.766235,40.494205,39.552345,40.30399,39.6938,40.547478
50.110947,50.155445,50.007072,49.896545,50.337326,50.029434,50.110104,50.140053,50.5524,50.29104,50.169556,50.256657,50.109722,50.37075,50.678318,50.536083,50.61922,50.53624,50.48348,50.54315,50.83983,50.66553,50.61177,50.78344,50.53804,50.454704,50.795315,50.483624,50.62227,50.949703,50.779095
53.41868,53.10235,53.633484,53.611935,53.46012,53.286728,53.14545,53.472572,53.51933,53.18049,53.483845,53.21438,53.424313,53.728336,53.769634,53.48672,53.87941,53.71139,53.85721,53.812145,53.689407,53.576965,53.81027,53.524765,53.836334,53.710075,54.007755,53.583412,53.476547,53.865795,53.934658
45.417915,45.718678,45.422005,45.415565,45.183502,45.415394,45.171013,45.532074,46.07792,45.424187,45.2692,45.46664,45.44235,45.937595,45.778072,45.799206,45.712315,46.082405,45.627274,45.704433,46.07924,46.01819,45.461746,45.961624,46.055275,45.869095,46.075527,45.924965,46.276882,46.045116,46.07921
48.53196,48.754524,48.565453,48.554493,48.573814,48.54778,48.621212,48.602722,48.550076,48.457226,48.452435,48.423515,48.727226,48.2344,48.472202,48.6836,48.702637,48.651302,48.60069,48.937626,48.720215,48.943783,48.490524,48.95246,48.515213,48.721428,48.847935,48.879986,49.129868,48.48786,48.69074
56.402603,55.882023,56.14119,56.63148,56.46956,56.3087,56.515667,56.343033,56.386913,56.771694,57.23206,56.75896,56.408955,56.337677,56.749096,56.395935,56.896255,56.433926,56.880978,56.910336,56.721992,56.3503,57.140057,56.621162,56.887573,56.693672,56.74042,56.805832,56.95258,57.21179,56.80017
44.36922,44.27752,44.160873,44.40265,43.711815,44.36557,43.916286,44.617928,44.6206,43.924927,44.274334,44.505936,44.078384,44.606945,44.286007,44.322,44.354942,44.606625,44.257347,44.531624,44.373814,44.31396,44.283543,44.06662,45.028168,45.029243,44.334957,44.716255,44.644936,44.872337,44.464653
41.58655,42.074398,42.020676,42.08438,41.895844,42.245434,42.340866,42.259937,42.28854,42.331944,42.21642,41.917465,42.11257,42.421116,42.394775,42.567177,42.306217,42.423367,42.235912,42.431637,42.44149,42.299923,42.12816,42.239502,42.615494,42.826027,42.247433,42.87905,42.300453,42.377804,42.57774
51.159866,51.35133,51.315186,51.54337,51.135406,51.279655,51.10543,51.505424,51.758,51.11043,51.033688,51.42806,51.540928,51.729073,51.526386,51.532837,51.81668,51.75704,51.404297,51.6569,51.868423,51.548927,51.88653,51.66072,52.16154,51.515266,51.897808,51.578384,51.474407,52.00946,51.689625
55.51714,55.726307,55.677475,55.583805,55.55616,56.08046,55.566017,56.160492,56.16266,55.58287,55.14972,55.52271,55.82785,56.102684,56.156414,56.075687,55.904366,56.164295,55.787476,55.70067,56.351692,56.049744,55.878567,55.983612,56.248367,55.91204,55.976894,56.288292,55.97551,56.402332,55.834774
53.0338,53.03263,53.183815,53.179897,53.72496,53.341927,53.618923,53.253296,53.159348,53.645355,53.557877,53.21043,53.641476,53.223022,53.598087,53.643402,53.566895,53.21785,53.674118,53.478462,53.609165,53.589077,53.73793,54.02099,53.28083,53.36081,53.764084,53.68524,53.66063,53.6575,53.782337
43.664898,43.33584,43.710274,44.12994,43.60038,43.98449,44.100384,44.225677,43.721752,43.88693,44.102654,44.091366,44.099,44.1935,44.057545,44.255875,44.12648,44.317596,44.13686,43.982655,43.949215,43.849304,44.10444,44.016197,44.46415,44.185425,44.29154,44.450775,43.85621,44.07326,44.355988
53.476326,53.16018,53.23323,53.91174,53.578796,53.635307,53.605354,53.83012,53.31768,53.842842,53.66109,53.46388,53.88757,53.66776,53.712055,53.59311,53.555984,53.70108,53.70408,53.701847,53.906532,53.848507,53.518005,53.62567,53.70823,53.671555,53.77468,54.231274,53.819324,53.89062,53.73084
30.83337,30.802711,30.448814,30.657146,30.73428,30.498579,30.573776,30.632547,30.7476,30.74631,30.730799,31.072304,30.911282,31.07279,30.335846,31.078476,31.069466,30.9855,30.790161,30.816288,30.750868,30.90689,30.838448,30.948729,30.696312,30.834324,31.118574,30.935963,31.05376,30.94402,30.93175
43.79409,43.518444,43.873215,43.674286,43.54525,43.81643,43.808365,44.14387,44.05316,43.74113,44.19704,43.87554,43.461037,44.354355,44.13864,44.165737,44.149193,44.194935,44.307007,43.769627,43.87564,44.146164,44.255543,43.989746,44.4944,44.538948,44.09353,44.28909,43.843243,44.48022,44.401184
44.914772,45.191204,44.862495,45.28871,44.909164,44.757378,44.73138,44.823006,45.351124,45.175987,45.402283,45.09956,44.96611,44.94938,44.89253,44.82968,45.395096,45.10555,45.150414,45.708622,45.261826,45.045757,45.2425,45.12284,45.382965,45.46489,45.26121,45.31205,45.643536,45.399673,45.174698
51.177097,51.61009,51.47013,51.4613,51.191574,51.61486,51.5435,51.887222,51.829624,51.5801,51.671738,51.2581,51.52582,51.503986,52.073566,51.501984,51.639854,51.667362,51.68799,51.759796,51.82119,52.06061,51.78714,51.96778,52.255993,52.067665,51.508583,52.18569,51.74757,52.040657,51.92995
45.61623,45.543087,45.12934,45.202312,45.02968,45.680847,45.42274,45.84784,45.76326,45.41202,45.52995,45.4551,45.197796,45.288937,45.335167,45.28788,45.32465,45.967407,45.537785,45.42063,45.740276,46.185863,45.381977,45.679817,46.020073,45.866096,45.432053,45.73664,46.03022,45.71435,45.455036
45.511406,45.84555,45.55374,45.50006,45.483162,45.699203,45.473557,45.597206,45.84974,45.58066,45.57158,45.3505,45.625603,45.668262,45.9206,45.304543,45.691475,45.744358,45.543587,45.96386,46.18872,46.508247,45.717075,45.867188,46.24066,46.140625,45.873543,45.749508,46.333557,46.25896,46.16146
41.714397,42.44234,41.92813,42.18239,41.948692,42.030605,41.95648,42.054962,42.40819,42.143642,42.149937,42.113976,42.285404,41.923683,42.312656,41.95821,42.156673,42.007763,41.965324,42.614075,42.45472,42.329964,42.37616,42.50599,42.64655,42.487274,42.202934,42.402714,42.607685,42.60885,42.444256
40.91735,40.68228,41.36682,40.369816,40.55384,41.311,40.827663,41.00776,41.214188,40.419743,41.23449,41.098682,40.67549,40.9507,40.64754,40.750732,40.971752,41.178566,41.015057,40.55694,40.70921,41.53948,41.015545,41.466766,41.199463,41.53106,41.53346,40.6681,41.597775,41.009308,41.150635
48.487083,48.655823,48.97502,48.672478,48.86563,48.70538,48.489567,48.692387,48.84178,48.66127,48.630592,48.68867,48.876686,49.017582,48.33321,48.818016,48.759556,48.686543,48.916405,48.579002,48.58903,48.779343,48.900043,49.11618,48.613953,49.034668,49.19497,48.876892,48.76128,48.774525,48.783085
55.299095,54.980568,54.956375,55.369946,54.982353,55.217945,54.9488,55.572884,55.345425,54.96141,54.81606,55.21714,55.15489,55.404152,54.978413,55.32254,55.04351,55.660233,55.28049,55.16176,55.547047,55.423008,55.202904,55.21051,55.609188,55.385803,55.486683,55.48366,55.232574,55.50581,55.16548
53.671906,53.48314,53.779655,54.022774,54.142395,53.894337,54.220226,54.0758,53.776085,54.06924,54.279682,53.856384,54.12396,53.802536,54.10483,54.30411,54.038864,53.96887,54.406372,54.121216,53.99517,53.96501,54.239918,54.607925,54.14461,54.162064,54.445847,54.322968,54.061073,54.043243,54.51463
35.756058,35.78528,36.09021,35.62147,35.561638,35.923977,35.52491,35.80302,36.145924,35.56685,36.21312,35.95372,35.786312,36.023823,35.644466,35.91188,35.82328,35.865314,35.94997,35.593475,35.713314,36.08761,36.025223,36.18843,35.897068,36.17954,36.0395,35.896255,36.358627,36.145683,35.916668
41.719017,41.453167,42.08924,41.924297,42.091164,41.95702,42.196774,41.789974,41.629284,41.90468,41.90113,42.188797,42.275883,41.91554,42.025814,41.99473,42.34769,42.362186,41.988056,42.160866,42.326927,42.372044,42.288326,42.257942,41.930134,41.788208,42.86458,41.890034,42.041832,41.889824,42.27222
52.22054,52.42351,52.42457,52.523308,52.272438,52.41331,52.4446,52.521767,52.66393,52.792023,52.612995,52.71783,52.52676,52.667446,52.853428,52.376736,52.790062,52.808876,52.77865,52.79729,52.7636,52.59753,52.96209,52.72554,53.104225,52.835495,52.782337,53.031357,52.74242,52.95049,52.863987
60.151638,59.777943,60.04586,60.37713,59.83809,60.02628,59.90191,60.269814,60.40851,60.01981,60.599976,60.52129,59.922436,60.06017,60.313313,60.02236,60.3743,60.23867,60.48315,60.511734,60.312366,59.85393,60.916973,60.177765,60.88296,60.504585,60.250362,60.39365,60.34366,60.920597,60.21058
41.248447,41.53666,41.54882,41.270752,41.32512,41.74876,41.06703,41.686207,42.009613,41.103943,41.247265,41.304863,41.45821,41.699615,41.643078,41.475258,41.40493,41.787727,41.429577,41.666233,41.856205,41.759613,41.475266,41.66725,41.97614,42.0784,41.7505,41.538467,41.622253,41.922398,41.69049
50.310448,50.29894,50.21354,49.960674,50.75344,50.277443,50.724598,50.085022,50.229942,50.672226,50.380627,50.684658,50.627422,50.449665,50.52948,50.757603,50.70328,50.517193,50.61735,50.614628,50.810886,50.883537,50.93408,51.04296,50.47167,50.532272,50.995255,50.52026,50.83117,50.82231,51.01676
47.797802,47.928852,48.113083,47.948265,47.798668,48.541435,48.28375,48.59302,48.575947,48.028187,48.11517,48.321915,48.01679,48.267548,48.18133,48.46232,48.611813,48.539318,48.13884,48.13227,48.435783,48.253418,48.543354,48.354187,48.693645,48.529152,48.3608,48.640377,48.242588,48.63433,47.92324
58.287888,58.454918,58.98855,58.78253,58.263367,58.762806,58.765133,58.867207,58.772217,58.604477,59.106716,58.887604,58.76314,58.46469,59.26923,58.589508,58.93247,58.53952,58.987923,58.81878,58.571674,58.588245,59.403,59.232628,59.31721,58.945984,58.873653,59.22793,59.10323,59.161457,59.058804
47.54843,47.35018,47.44377,47.835796,47.991577,47.975426,47.90269,48.028797,47.56074,47.767223,47.639034,47.752125,48.1142,47.896133,48.02271,48.059776,47.764523,47.794033,47.744736,47.978416,48.221718,47.917133,48.000854,47.84545,48.028927,48.008873,47.985977,48.113495,47.625698,48.33269,48.041084
49.560635,49.504967,49.18502,49.747707,49.496582,49.30913,49.364994,49.649517,49.373024,49.408245,49.398586,49.29797,49.54655,49.06483,49.773266,49.55747,49.502922,49.502693,49.753914,49.787262,49.722248,49.511497,49.622746,49.728752,49.56847,49.182884,49.55135,49.85135,49.985825,49.75157,49.672455
52.848328,52.835705,53.054085,52.67694,52.952507,52.652805,52.528503,52.557068,52.985092,52.6518,52.941227,52.62638,52.99059,52.85336,53.137226,52.870964,52.993435,52.787956,53.18513,52.945183,53.108036,53.308983,53.23708,53.51967,52.91064,52.80417,53.35196,52.78953,53.554726,53.3157,53.406013
51.02682,50.966686,51.308136,50.843616,51.02063,51.183296,51.100647,51.03478,51.326862,51.296318,51.474834,51.091297,51.06824,51.534172,51.250675,51.311855,51.629528,51.348816,51.529423,51.135662,51.244217,51.51938,51.45486,51.45572,51.3456,51.581512,51.500237,51.561077,51.700806,51.574795,51.47554
51.164783,50.9482,51.170425,50.999275,51.077354,50.872036,51.21835,50.74775,50.90283,51.35591,51.21574,51.583027,51.148148,51.407314,51.021107,51.170547,51.276894,51.465042,51.33068,51.3646,51.41941,51.465153,51.616287,51.06035,51.313393,51.44593,51.485,51.310825,51.345406,51.404697,51.447716
51.132584,51.39669,51.150322,51.053413,51.503822,51.250927,51.61402,51.217186,51.255375,51.827766,51.715603,51.108944,51.400738,51.099426,51.595245,51.409725,51.415787,51.402634,51.919285,51.57761,51.418896,51.663616,51.637592,51.974495,51.533215,51.59532,51.430817,51.766323,51.815475,51.38484,51.923325
40.66247,41.375774,41.07692,41.1479,41.123474,41.126675,41.278786,41.05274,41.405056,41.530865,41.332706,41.09922,41.31255,41.314934,41.51088,41.548794,41.466255,41.29266,41.35553,41.62423,41.526802,41.179222,41.476532,41.45388,41.49833,41.552536,41.23254,41.835613,41.54197,41.53925,41.562626
42.50785,43.158657,42.449287,42.81371,42.50634,42.52177,42.407196,42.738903,42.78145,42.598045,42.175312,42.362865,42.886135,42.718456,42.78175,42.761948,42.655552,42.715,42.546757,42.988796,43.01057,42.970215,42.586308,42.77053,42.92886,42.75988,42.59929,43.15953,43.08204,42.984375,42.878674
52.10157,52.426117,52.346962,52.19752,52.18112,52.20604,52.041748,52.232395,52.439224,52.31736,52.445057,52.303516,52.42061,52.540535,52.10715,52.07528,52.303963,52.08205,52.352585,52.490425,52.17785,52.561443,52.547768,52.550957,52.708416,53.10405,52.37317,52.58728,52.47555,52.70623,52.599293
51.185566,50.9275,51.095833,51.10504,51.53251,50.814102,51.26978,50.907093,51.1756,51.27117,51.311237,51.364487,51.22335,51.155617,51.688297,51.62339,51.707737,51.424656,51.6483,51.61335,51.82935,51.424934,52.029476,51.69069,51.30962,50.945213,51.829926,51.25655,51.46,51.846718,51.751457
50.246372,50.365925,50.52738,50.00506,50.523148,50.08696,50.15922,50.020515,50.38096,50.421257,49.854153,50.759697,50.480843,50.841602,50.551476,50.425106,50.573963,50.6096,50.42778,50.37074,50.85526,50.82092,51.019146,50.618675,50.435318,50.396095,50.972477,50.400784,50.348965,50.98086,50.702606
47.04598,47.36474,47.24769,47.146896,47.240677,47.37285,47.105522,47.31335,47.786083,47.31826,47.689816,47.08911,47.29424,47.377068,47.34563,47.5564,47.224873,47.2241,47.54025,47.359447,47.512146,47.52119,47.517063,47.884544,47.60217,47.80847,47.3674,47.611526,47.87184,47.84026,47.578648
50.79164,51.074196,50.771492,50.74104,50.941124,51.413883,51.35029,51.555344,51.255447,51.031204,50.806248,50.918488,51.186512,51.165527,51.135296,51.600033,51.151726,51.22731,51.00853,51.018456,51.4111,51.526413,51.227287,51.46427,51.518223,51.520363,51.011673,51.686256,51.122833,51.54364,51.128033
37.495846,37.644264,37.52881,37.763023,37.348457,37.490074,37.646397,37.61423,37.41716,37.677475,37.77879,37.649498,37.568012,37.512077,37.370724,37.6231,37.576035,37.710297,37.666733,37.800953,37.51514,37.710896,37.534554,37.481834,37.632164,37.89882,37.56492,38.067184,37.92749,37.498547,37.650135
46.82107,46.595196,46.920113,47.079006,46.836212,47.201744,46.80072,47.18439,47.055008,46.86176,46.965652,47.13887,47.166046,47.231583,46.846455,46.733055,47.043625,47.23389,46.928154,46.986706,47.174255,47.27268,47.06537,47.139885,47.430664,47.36995,47.553905,47.09084,47.16528,47.317398,47.160286
46.236927,46.236946,46.114853,46.240143,46.356148,46.35477,46.492043,46.518364,46.24367,46.45626,46.113934,46.53436,46.2757,46.637707,46.168983,46.638912,46.46212,46.56675,46.338055,46.508133,46.52839,46.582306,46.36559,46.290527,46.531483,46.963547,46.61273,46.861614,46.328598,46.6409,46.52954
47.669262,47.672264,47.76851,47.640587,47.78225,47.6103,47.98901,47.833008,47.80625,47.73556,47.73643,48.28947,47.854343,47.83721,47.78588,48.112854,47.9949,48.058586,47.94813,47.91474,47.980885,48.061928,48.421196,48.341927,48.15158,48.017967,48.35684,47.957607,47.75443,48.10075,48.17828
41.564354,42.133007,41.95307,41.770622,41.564148,41.843033,41.37886,41.86425,42.391598,41.84118,41.743755,42.062172,41.898205,42.32188,42.0752,41.587162,42.014263,41.99316,41.832382,41.93771,42.161453,42.12194,42.408108,42.04554,42.564983,42.302567,42.012844,42.077415,42.052273,42.690784,42.07913
44.456875,44.21547,44.352898,44.393616,44.551247,44.1227,44.40547,44.282017,44.07673,44.1366,44.39196,44.337788,44.506813,44.334488,44.30762,45.06676,44.594112,44.253197,44.617943,44.53351,44.32432,44.312767,44.510006,44.616074,43.964306,44.29342,44.637424,44.69379,44.697433,44.495102,44.618824
49.786945,49.948513,49.919037,50.108414,49.985405,49.811546,49.80355,49.73256,49.795322,50.219433,49.98804,49.73591,50.176422,49.836903,50.246216,49.55267,49.951836,50.02612,50.183357,50.234833,50.2587,50.349003,50.014755,50.227943,50.075275,49.913513,50.32118,50.216736,50.625175,50.096638,50.424522
46.750412,46.879425,46.742996,46.69372,47.086845,47.091293,46.870583,47.024246,47.304836,47.04066,46.98277,46.871338,47.14011,46.976933,47.211926,47.29969,47.442383,47.294987,47.392727,47.17331,47.180016,46.855522,47.217216,47.644783,47.19956,46.950043,47.44271,47.23797,47.435787,47.212013,47.29929
47.803604,47.76691,47.74621,47.764812,47.744965,48.229816,48.060326,48.083076,47.648056,47.88868,48.14568,47.86585,48.153194,47.58329,47.699482,47.72055,47.60879,47.802277,48.055954,47.845596,47.597588,48.000103,47.895264,48.216988,48.166,48.24067,47.815475,48.11985,48.361706,47.780422,48.090675
44.522007,44.851467,44.723038,44.69607,44.59191,44.581844,44.760845,44.499992,44.93327,44.993027,45.06109,44.830368,44.757473,44.830627,45.19652,44.882114,44.846794,44.996475,45.132244,45.08284,45.13607,44.962204,45.25335,45.13282,45.297043,45.005463,44.95246,45.075058,45.369003,45.21788,45.433823
48.0432,48.287663,48.283493,48.45522,48.17547,47.980595,48.160862,48.165634,48.121704,48.176373,47.990913,48.4934,48.499943,48.349194,48.02191,48.28018,48.50572,48.33742,48.420326,48.460575,48.09607,48.018024,48.674435,48.50614,48.54714,48.290253,48.701584,48.445694,48.278873,48.2372,48.538334
52.14001,52.21836,52.45983,52.74062,52.456367,52.384445,52.538296,52.313774,52.294086,52.84226,52.888557,52.530262,52.661983,52.47153,52.7369,52.603344,52.261566,52.436188,52.720608,52.908978,52.695187,52.33254,52.606518,52.460907,52.533756,52.918243,52.491047,53.147038,52.752174,52.672447,52.78159
44.262188,44.14556,44.29847,44.915623,44.010063,44.32814,44.417774,44.584133,44.258053,44.658234,44.642696,44.61621,44.56255,44.76568,44.504223,44.362656,44.211876,44.868153,44.615513,44.58443,44.61527,44.57388,44.485573,44.232933,45.0115,44.824966,44.578426,45.048504,44.50741,44.564426,44.818832
44.738598,44.972435,45.670937,44.89345,44.91999,45.115955,45.079933,44.90458,44.844536,44.75429,45.21011,44.70465,45.34018,45.249607,45.08752,45.12961,45.10776,44.903797,45.316742,44.908123,44.7034,45.423588,45.268333,45.515533,45.150024,45.4123,45.39002,45.15738,45.330692,44.90943,45.659966
52.12285,51.368034,51.90959,52.10051,51.64113,51.821728,51.781364,51.95743,51.780453,51.59853,51.908146,51.86927,51.703213,51.972923,51.954174,51.990574,51.906067,52.462475,52.156982,51.925972,52.38451,52.30483,52.055756,51.733955,52.1484,51.807793,52.33461,51.957867,52.250523,52.17055,52.063572
38.200367,38.359318,38.477432,38.191353,38.348694,37.93302,38.244644,37.9657,38.54321,38.343143,38.723118,38.57,38.250694,38.564625,38.67723,38.666664,38.794292,38.504116,38.593777,38.867794,38.630474,38.677357,38.770622,38.77694,38.548523,38.84761,38.950287,38.54991,38.80117,38.854725,39.117462
41.397305,41.262093,41.25438,42.044643,41.406822,41.23283,41.29458,41.594887,41.355186,41.466476,41.59829,41.701496,41.46832,41.655094,41.16447,41.415714,41.48128,41.617558,41.55119,41.981438,41.47972,41.222794,41.528633,41.152916,41.851143,42.065384,41.75703,41.80927,41.31323,41.63474,41.68465
52.018536,51.906178,51.84407,52.010242,52.030235,51.769215,51.801697,51.824715,52.045834,51.88908,51.885353,51.56784,52.101986,52.02894,52.44478,52.419308,52.044216,52.34881,52.362877,52.382645,52.548683,52.362564,51.826202,52.440132,52.08481,51.976433,52.520485,52.300743,52.783813,52.22003,52.75485
38.13409,38.755993,38.38668,38.185623,38.06611,38.063107,38.16481,38.23404,38.593975,37.949524,38.029343,38.252666,38.238457,38.288822,38.18545,38.699127,38.480545,38.35147,38.22079,38.45894,38.48446,38.622654,38.562817,38.680496,38.479977,38.44359,38.450405,38.498775,38.71433,38.587765,38.470135
41.271603,41.53201,41.461716,40.971096,41.655388,41.42926,41.87219,41.287014,41.357327,41.528008,41.365932,41.86392,41.57462,41.418797,41.45126,41.938698,42.022835,41.598213,41.526863,41.791996,41.58848,41.687225,41.96635,41.917854,41.469364,41.747986,41.930244,41.67747,41.67023,41.63752,41.790257
49.500614,48.946533,49.833366,49.699825,49.08777,49.660965,49.345577,49.67315,49.38189,49.05794,49.362324,49.57492,49.372215,49.7888,49.08413,49.44484,49.339024,49.855106,49.392452,49.141106,49.632317,49.95142,49.371475,49.293587,49.5544,49.734535,50.05082,49.607117,49.7493,49.55693,49.36105
49.406666,49.71207,49.529198,49.56989,49.464752,49.181213,49.409508,49.16229,49.57647,49.63915,49.58781,49.631634,49.70094,49.576794,49.769646,49.46787,49.870174,49.610355,49.70499,50.023388,49.90325,49.82476,50.11514,49.808525,49.94287,49.63157,49.821213,49.71353,50.03636,50.01967,50.034164
49.60611,50.003014,50.120697,49.87413,49.7081,49.885838,49.72999,49.830433,50.00321,49.88659,49.458347,49.892155,50.08678,50.360737,49.893654,49.951748,50.11365,50.190025,49.88326,50.002228,50.161163,50.17509,50.06602,49.94278,50.17026,50.19648,50.26373,50.29853,50.0531,50.11876,50.07784
49.393745,49.638855,49.168144,49.769825,49.143967,49.280357,49.4511,49.813877,49.593155,49.18307,49.20901,49.22981,49.55613,49.61992,50.05801,49.821278,49.839436,49.74751,49.549828,50.158325,49.96391,49.78527,49.769535,49.569237,50.51309,49.89808,49.56852,50.04964,49.623127,50.17162,50.226833
45.41812,45.41307,45.53591,45.69836,45.110268,45.63603,45.366837,45.840984,45.974743,45.448223,45.46947,45.732277,45.316124,45.779022,45.44471,45.518364,45.81796,46.21489,45.539875,45.727806,45.967854,45.8526,45.6101,45.49727,46.08936,45.969475,45.994602,45.941376,45.771133,45.84733,45.451096
42.139484,42.16449,42.17134,42.115986,42.71322,42.594566,42.45683,42.31698,42.34875,42.279167,42.359875,41.983963,42.715263,42.252445,42.1986,42.994686,42.557873,42.39345,42.61718,42.41694,42.481556,42.27031,42.34243,42.911736,42.071186,42.23333,42.686775,42.472446,42.798412,42.29342,42.51067
45.841057,46.067047,45.73317,45.943348,45.821,46.136364,45.803513,46.247524,46.085907,45.981327,45.645996,45.872314,46.189583,46.255604,45.867905,46.071926,46.009266,46.240112,46.079117,46.006508,46.023342,46.016056,45.920475,46.088028,46.3626,46.27317,46.044964,46.433296,46.131096,46.139965,46.110863
48.03046,48.30449,48.24446,48.465725,47.936546,47.987534,47.83193,48.214706,48.346375,48.114895,48.200985,48.25026,48.38229,48.225418,48.621143,48.024063,48.2707,48.31748,48.390694,48.62604,48.35002,48.177483,48.492523,48.409714,48.696983,48.38047,48.395782,48.587257,48.49932,48.564575,48.629463
46.330875,46.48534,46.47724,46.93129,46.496666,46.351295,46.94996,46.74345,46.327244,46.599007,46.89484,46.614605,46.77868,46.448784,46.929035,47.134975,46.868538,46.541313,46.909504,47.14908,46.55695,46.414803,47.01879,46.86828,47.02111,46.913513,46.681965,47.275696,46.637154,46.76991,47.21518
50.6826,50.301277,50.503555,50.868603,50.492416,50.55431,50.514572,50.590076,50.340237,50.71002,50.941296,50.597416,50.78446,50.353745,50.742714,50.40837,50.576523,50.64803,50.82546,50.759865,50.737183,50.848953,50.575176,50.761375,50.525757,50.493713,50.839497,50.996326,51.36772,50.742374,50.769054
43.56853,42.797764,43.39959,43.508064,43.406273,43.393124,43.777077,43.15308,42.796432,43.58092,44.263134,43.59747,43.452774,43.284267,43.622734,43.347343,43.40135,43.51872,43.810375,43.720062,43.46424,43.857296,43.49502,43.507866,43.554424,43.835564,43.910965,43.55722,44.276672,43.521984,44.30086
51.505836,51.172382,51.31785,51.194122,51.481094,51.27054,51.470463,51.232384,51.23317,51.50748,51.938694,51.522987,51.27623,51.155857,51.403057,51.393246,51.35622,51.38448,51.803993,51.712708,51.392487,51.584995,51.69514,51.602592,51.45992,51.871933,51.489708,51.558426,51.77727,51.600918,51.736847
40.803123,41.312546,41.29692,40.80582,41.10678,41.025967,41.315277,40.8321,41.185898,41.18624,41.070736,41.229473,41.428097,41.267616,41.11877,41.507504,41.535347,41.333096,41.27503,41.2403,41.224964,41.534313,41.427303,41.907516,41.235607,41.255623,41.77198,41.342537,41.713673,41.11667,41.720745
43.096436,43.026096,42.92456,42.698452,43.21061,42.406834,42.93621,42.271034,42.53135,43.112373,42.95755,43.10941,43.153774,43.05557,42.85222,43.305645,43.239693,42.95124,43.26335,43.18748,42.977463,43.224472,43.128487,43.309708,42.458073,42.813072,43.456627,43.080643,43.67046,42.971836,43.56393
48.715813,48.579723,48.418655,48.731728,49.02861,48.61042,48.332,48.599865,48.839878,48.603024,48.584972,48.585674,48.961914,48.80708,48.88657,48.944977,48.716858,48.769238,49.061356,48.94416,49.051765,48.570274,48.94527,49.16394,48.87277,48.627106,49.170414,48.681847,49.13836,49.209663,49.224815
48.99746,49.11933,49.454697,49.34798,49.221542,49.091797,49.500183,49.035713,48.712624,49.333878,49.340412,49.523785,49.70085,49.18099,49.19773,49.41362,49.09215,48.976097,49.202137,49.35022,49.16532,49.44849,49.50562,49.47843,49.026382,49.406075,49.41481,49.706997,49.4608,49.235878,49.50225
51.045532,50.67914,51.208748,50.87095,51.020218,51.14405,50.82144,50.92848,50.9797,50.869328,51.051212,51.02564,51.10377,51.343403,50.914474,50.987274,50.967068,51.180756,51.16705,50.938538,51.15366,51.445026,51.00183,51.21203,51.06593,51.442406,51.594067,51.07253,51.493034,51.276627,51.373123
48.65029,48.79292,48.8311,48.821518,49.060158,49.080082,48.934322,49.011253,49.095394,48.993725,48.71712,49.017063,49.15974,49.159397,49.12043,48.99766,49.225716,49.21577,48.934143,49.24887,49.428493,49.27736,49.18349,49.274963,49.34857,49.331726,49.54352,49.16897,49.076664,49.399395,49.30621
43.53878,43.683884,43.29267,43.524353,43.633667,43.694992,43.442253,43.62505,43.469467,43.38823,43.135227,43.560307,43.83409,43.477917,43.48242,43.36661,43.730072,43.596794,43.351418,43.931717,43.89358,43.776695,43.800335,43.448112,43.888515,43.662865,43.617508,43.55862,43.713108,43.970257,43.560726
39.43171,39.758316,39.53447,39.81492,39.39527,39.326538,39.601738,39.59757,39.479256,39.647793,39.561207,39.758522,39.782562,39.921825,39.607037,39.70449,39.813423,39.518356,39.527184,39.69439,39.710854,40.044247,39.941963,39.789276,39.973198,39.866943,39.828754,40.07218,39.90814,40.129562,40.05774
42.006897,42.195744,42.206512,42.37525,41.67742,42.16213,42.090412,42.347683,42.210567,42.044743,42.103264,42.181473,42.170853,42.64631,41.92692,42.2846,42.085526,42.36664,42.08708,42.081936,42.236412,42.569427,42.17942,42.074852,42.69972,42.751534,42.263767,42.657852,42.407734,42.473186,42.417107
47.551094,47.82776,47.804863,47.7383,47.540054,47.540237,47.751637,47.616108,47.636974,47.754265,47.825317,47.66519,47.604664,47.701797,47.440495,47.571705,47.588055,47.795826,47.81425,48.018085,47.74039,48.059845,47.89911,47.651367,48.04036,48.374435,47.70813,47.96015,47.753025,47.712112,47.913372
48.19888,48.26557,48.088142,47.865337,48.489998,47.971615,47.956707,47.9405,48.128036,48.076008,47.98565,47.95771,48.372997,48.014416,48.074017,48.408363,48.072563,48.086254,48.469933,48.13847,48.22909,48.414913,48.23378,48.873093,47.80761,47.980583,48.546707,48.15513,48.692383,48.21021,48.49896
41.597015,41.637886,41.416084,41.427616,41.773254,41.759937,41.725254,41.67999,41.70515,41.779312,41.44581,41.771164,41.94435,42.100418,41.56678,41.942318,41.79966,42.027924,41.749416,41.65551,42.01934,42.19772,41.790737,42.090942,42.002884,41.96456,42.21107,41.83889,42.001434,42.017853,42.195072
45.101353,45.24636,44.980682,44.698242,44.905373,45.037327,45.23894,45.132656,45.48411,45.315395,45.634037,45.463596,45.037506,45.42335,45.151688,45.77701,45.66257,45.348007,45.556026,45.336746,45.012028,45.20453,45.5138,45.692245,45.505165,45.83074,45.25149,45.7939,45.6854,45.57949,45.575977
34.80753,35.02886,34.78913,35.153908,34.915997,34.676537,34.806526,34.822037,35.039494,35.084423,35.045376,35.469543,35.090324,35.366867,34.864796,35.147175,35.15638,35.16122,35.064754,35.404682,35.060776,34.76242,35.345623,34.97776,35.399323,35.46443,35.30605,35.255905,35.004845,35.36543,35.42333
37.322033,37.388252,37.188393,36.98111,37.323517,37.242496,37.481087,37.24338,37.074894,37.154144,37.07663,37.721397,37.486546,37.260216,37.05507,37.66379,37.554592,37.49822,37.352108,37.50638,37.144253,37.322433,37.493973,37.586494,37.307037,37.486305,37.65013,37.436367,37.49525,37.207508,37.58904
51.084415,50.734432,50.165382,51.141895,50.82907,50.784367,50.206795,51.038815,51.012226,50.68143,50.81301,50.512417,50.90981,50.71358,50.77912,50.66995,50.62719,50.938457,51.127895,51.144653,51.044178,50.62209,50.625675,50.901306,51.214085,50.860847,50.860107,50.964,51.41782,51.257656,51.02412
48.612526,48.551376,47.830917,48.547573,48.65293,48.18239,48.5399,48.46263,48.34971,48.818733,48.304375,48.814426,48.446632,48.256958,48.5184,48.422325,48.56249,48.815014,48.658344,49.073658,48.992336,48.608437,48.833252,48.472305,48.847076,48.559837,48.632347,48.73963,48.63103,48.873512,48.711193
43.495083,43.50491,43.362946,43.460323,43.549217,43.689255,43.785633,43.802322,43.73846,43.927998,43.730774,43.836567,43.718426,43.88725,43.64199,43.88551,44.041405,44.08535,43.83406,43.758503,43.823334,43.988968,43.704903,44.028603,43.922382,44.013924,44.10412,44.208794,43.97324,43.851562,43.955544
47.860535,47.509827,47.78328,47.669556,48.255173,47.93155,47.849495,47.610306,47.86201,47.939476,48.14481,47.856197,47.999676,47.917934,47.862904,48.187622,48.030807,47.944935,48.197536,48.06461,48.184875,48.012043,48.01912,48.29219,47.688778,48.041183,48.467995,47.881344,48.507553,48.191345,48.26442
47.230392,47.169518,47.311424,47.439983,47.27533,47.087822,47.13641,47.007126,47.131527,47.51358,47.303307,47.58943,47.476147,47.643444,47.453007,47.264194,47.319122,47.587406,47.554024,47.668686,47.51569,47.28819,47.48006,47.23639,47.520313,47.616364,47.730125,47.61894,47.62795,47.523724,47.850582
42.962105,43.46351,43.443222,43.821487,42.653305,43.34242,43.565105,43.67347,43.62019,43.26901,43.74682,43.50216,43.28911,43.520557,43.41994,43.729218,43.70514,43.543316,43.50405,43.731186,43.258987,43.207138,43.71453,43.505356,44.35261,44.09191,43.41408,44.170074,43.74925,43.646473,43.791332
32.499283,33.22573,32.854202,32.490734,32.967453,32.478462,32.792706,32.592075,33.11729,33.19227,32.92995,32.987965,33.031174,33.48162,33.526897,33.20884,33.38483,33.04633,33.19007,33.25609,33.095993,33.344704,33.3208,33.60297,33.336357,33.463005,33.4437,33.341686,33.128185,33.49504,34.084923
37.60707,37.62015,36.918488,37.053017,37.29315,37.337612,37.58385,37.425415,37.153786,37.440094,37.281925,37.511894,37.25893,37.2232,37.29878,37.483837,37.38334,37.605167,37.471947,37.60785,37.44127,37.873306,37.2712,37.530678,37.64261,37.764297,37.44652,37.64576,38.050186,37.52556,37.886467
40.963707,40.930492,40.950012,41.059643,40.990852,40.902733,40.885998,41.10045,40.985016,40.901592,40.832508,40.92044,40.97718,41.315002,40.915173,41.25554,41.224014,41.22572,41.1993,41.022503,41.093365,41.202637,41.066208,41.122612,41.13319,41.19272,41.421104,41.29166,41.21146,41.233173,41.324306
40.614788,41.196095,41.02025,40.672607,40.430283,41.001133,40.462727,40.88546,41.34491,40.607178,40.76513,40.917507,40.829617,41.109196,40.411724,40.642372,40.698242,40.954422,40.704872,40.80589,40.802223,41.102623,40.9467,41.012726,41.360172,41.559296,40.879112,40.936344,41.170517,41.09351,40.82207
42.80023,42.618217,42.037262,42.154037,42.906586,42.417,42.38226,42.451496,42.54681,42.722565,42.455814,42.604145,42.594994,42.635715,42.669098,42.837933,42.56302,42.7338,42.873806,42.780216,42.86134,42.80539,42.58861,42.87007,42.486305,42.711166,42.75818,42.728622,43.011868,43.01017,43.011574
32.08971,32.269238,32.21481,32.593292,32.14823,32.172455,32.6233,32.591076,32.146576,32.20311,32.214657,32.497295,32.35843,32.559315,32.213707,32.843143,32.649734,32.541332,32.184326,32.588455,32.427147,32.642654,32.34129,32.404087,32.600693,32.79535,32.789764,32.90137,32.318615,32.47107,32.743412
39.25087,39.329655,39.044502,39.31942,38.842987,39.255272,39.261555,39.49822,39.31342,39.222706,39.054325,39.363506,39.34528,39.613518,39.542263,39.635666,39.68449,39.843204,39.462723,39.45627,39.488617,39.36055,39.45775,39.22126,39.86642,39.341835,39.36974,39.86645,39.575935,39.592674,39.629044
48.606514,48.53625,48.3994,48.533005,48.43685,48.636524,48.0452,48.635063,48.67868,48.21179,48.519337,48.36348,48.655224,48.53131,48.40242,48.16814,48.453968,48.41508,48.680252,48.56512,48.465267,48.586708,48.732788,48.728416,48.997643,48.754578,48.60103,48.41639,48.95497,48.978073,48.724358
51.989166,51.703014,52.474083,51.784603,52.18535,52.04961,51.747852,51.757675,51.976116,51.536785,51.78189,52.347355,52.164024,52.24205,51.986675,51.905655,52.333607,51.977345,52.073685,52.05313,52.127186,52.109337,52.742153,52.214478,52.1307,52.135193,52.74724,51.60263,52.104538,52.536537,52.239803
47.79639,48.279747,48.110535,48.296837,47.935043,48.01659,48.69887,48.14428,48.02276,48.352448,48.207054,47.918537,48.36022,47.961094,48.38191,48.598133,48.382324,48.598545,48.54316,48.52587,48.44376,48.497005,48.483967,48.69101,48.724358,48.1724,48.42172,48.682568,48.5629,47.91958,48.82896
53.239017,53.11441,53.15686,53.163864,52.971405,53.46032,53.40497,53.51287,53.533627,53.491066,53.226063,53.63805,53.1682,53.44168,53.664566,53.250435,53.651894,54.07986,53.48384,53.58037,53.915062,53.728577,53.6597,53.35871,54.019913,53.616905,53.688736,53.76793,53.620605,53.77311,53.491425
43.416805,43.737926,43.312477,43.59666,43.57373,43.817966,43.703762,43.829586,43.713436,43.89172,43.641834,43.605335,44.00377,43.61283,43.70191,43.430992,43.73023,43.87292,43.69816,43.82515,43.904457,44.09499,43.811413,44.058716,44.19024,43.85933,43.803764,43.963985,43.95812,43.86745,43.92871
46.592113,46.390656,46.26967,46.316467,46.29397,46.230854,45.914917,46.354256,46.4807,46.200222,46.21912,46.572353,46.44827,46.585564,46.36194,46.36186,46.64651,46.477795,46.433094,46.48406,46.53676,46.55767,46.568146,46.436462,46.398777,46.398422,46.619637,46.585445,46.830513,46.946297,46.400043
43.948875,44.093006,44.249496,44.25197,43.903206,43.775246,44.144638,43.994755,44.389866,44.28308,44.33534,44.596123,44.02419,44.631824,44.28541,44.515427,44.490265,44.557934,44.41479,44.34499,44.466316,44.419216,44.674522,44.52294,44.65691,44.576538,44.823162,44.583786,44.487198,44.66566,44.78947
39.72571,39.5644,38.672295,39.326904,39.018646,39.27983,39.22662,39.775524,39.587875,39.27594,39.517014,39.56658,38.926037,38.972046,39.290493,39.362278,39.342148,39.544292,39.35301,39.618454,39.54238,39.764793,39.165333,39.503716,39.72027,39.740166,39.264126,39.826733,40.205063,39.91148,39.413002
41.855953,41.916405,42.42845,42.00507,41.53238,41.99484,41.908077,41.902542,42.22764,41.86992,42.11945,42.207687,41.809456,42.469563,41.790054,41.862625,42.359028,42.5778,42.216522,41.981487,42.07699,42.38617,42.40675,42.02517,42.632774,42.465355,42.57717,42.05443,42.32394,42.129627,42.31053
58.354927,58.165794,58.357605,58.34605,58.556305,58.636116,58.599255,58.55468,58.45156,58.641964,58.546196,58.64202,58.635235,58.453365,58.543835,58.598648,58.53748,58.632122,58.732677,58.57219,58.70968,58.59301,58.774063,58.857704,58.674118,58.71454,58.830353,58.826878,58.80228,58.778625,58.662975
52.250813,52.229206,52.364304,52.358486,52.04625,52.534626,52.211987,52.498333,52.584396,52.344154,52.443596,52.347507,52.47863,52.5861,52.9009,52.34771,52.5269,52.703026,52.641827,52.502758,52.771526,52.593353,52.79414,52.537666,53.08431,52.553703,52.500656,52.743046,52.83447,53.013657,52.762398
49.399033,49.29404,49.375282,49.96053,49.304367,49.31562,49.35574,49.711105,49.51304,49.401325,49.43872,49.5769,49.685455,49.73019,49.89484,49.61684,49.817562,49.70904,49.636787,49.795635,49.869324,49.676414,49.834282,49.709785,50.075665,49.559074,50.005383,49.982662,49.788303,50.1191,50.01652
51.68959,51.32619,51.628555,51.8425,51.48623,51.928856,51.3802,51.875515,51.59473,51.446583,51.356453,51.412556,51.897175,51.90778,51.89475,51.473095,51.63239,51.99177,51.61996,51.67774,52.19949,52.1521,51.58649,51.483833,51.96276,51.664787,51.94717,51.88946,52.04221,52.118458,51.762287
41.71907,41.8789,41.502525,42.061623,41.724808,41.34245,42.007904,41.547882,41.66271,41.97327,42.27917,41.83009,41.83833,41.644363,42.09094,42.16213,42.35845,41.906467,42.216053,42.65288,41.926,41.73678,42.1637,42.078896,42.291405,42.083412,42.076427,42.26517,42.468834,42.04393,42.67766
52.245853,52.272392,52.10434,52.444103,52.513527,51.845573,52.028774,51.9183,52.15137,52.50917,52.213074,52.198032,52.33022,52.26951,52.43136,52.091095,52.149197,52.379982,52.557354,52.760582,52.745384,52.53007,52.480255,52.384666,52.382725,52.398476,52.648506,52.396404,52.593094,52.583607,52.7927
44.34508,44.334305,44.22448,44.073067,44.25717,44.165825,44.343113,44.089993,44.204082,44.587513,44.518837,44.47874,44.178955,44.2711,44.105415,44.31839,44.20794,44.560093,44.663586,44.36236,44.32232,44.517117,44.46288,44.419434,44.276955,44.54451,44.374462,44.557693,44.73927,44.274284,44.47286
59.217613,59.193787,59.305557,59.445732,59.158142,59.261086,59.27691,59.569805,59.52377,59.126335,59.491127,59.31188,59.402756,59.014885,59.49544,59.401253,59.858006,59.31464,59.58863,59.584633,59.399273,59.369156,59.897236,59.899666,59.722557,59.288948,59.617466,59.690033,59.689564,59.74268,59.376385
46.44424,46.55746,46.51439,46.35855,46.505836,46.394897,46.222607,46.256634,46.644638,46.41188,46.707832,46.306244,46.491074,46.238052,46.690224,46.437782,46.34877,46.511665,46.785046,46.76317,46.698948,46.699978,46.58109,46.923447,46.53862,46.634514,46.707546,46.531384,47.234787,46.696697,46.89228
55.25772,54.925304,55.325523,54.617176,55.888237,55.44408,55.225567,55.143063,55.412315,55.095673,55.391674,54.755096,55.19842,54.826824,55.681965,55.465267,55.36025,55.27952,55.71661,55.39494,55.789856,55.846634,55.49185,56.082542,54.90345,55.231407,55.832516,55.007923,55.769825,55.6095,55.58932
45.33108,45.5851,45.912003,46.20429,45.311325,45.468742,45.59194,45.78106,45.589283,45.445942,45.68809,46.087975,45.96693,46.18666,45.324947,45.903584,46.025166,45.452908,45.58402,45.75175,45.381306,45.33439,46.354866,45.586754,46.184082,46.082466,45.839825,46.161404,45.41049,46.114403,45.742893
49.283623,48.97736,49.037003,49.440727,49.09349,49.309128,49.4273,49.4924,49.242672,49.478985,49.449997,49.63369,49.339947,49.313023,49.29255,49.4383,49.449726,49.631912,49.48908,49.25196,49.55801,49.505505,49.5772,49.538193,49.56334,49.257156,49.638878,49.78118,49.75437,49.641567,49.379875
52.08817,51.961952,52.491287,52.31692,52.03363,52.400223,52.229748,52.38046,52.77089,52.264576,52.72788,52.486866,52.10613,52.47484,52.365242,52.281696,52.53664,52.802208,52.67113,52.448822,52.66534,52.4829,52.95746,52.56656,53.04752,52.770134,52.746613,52.398697,52.448517,52.754597,52.476665
56.453953,55.99382,56.13008,56.131668,56.122086,56.65371,56.121334,56.593853,56.455246,56.012455,56.574337,56.356636,56.078396,56.018536,56.096577,55.922752,56.206165,56.27108,56.32304,56.437645,56.362915,56.529526,56.417114,56.30252,56.740097,56.953636,56.3036,56.31557,56.739315,56.81015,56.154625
42.83283,43.318848,42.993782,43.292416,42.82431,42.655083,42.752163,42.99169,43.03274,42.933697,43.120213,42.871994,43.00346,42.842754,43.306644,42.957314,43.02189,42.77614,43.10064,43.56276,42.96429,43.06651,42.982155,43.220306,43.223434,43.46115,43.07523,43.566635,43.521645,43.28378,43.53246
51.734447,51.79534,51.461304,51.583767,51.73227,51.617916,51.861256,51.72746,51.804096,51.80211,51.973835,51.69124,51.77143,51.473186,51.88994,51.83163,51.978622,51.877697,52.06927,52.18447,51.95632,52.07293,52.115997,52.261314,52.234943,52.036102,51.932087,51.956604,52.22895,52.046585,52.251816
59.506935,59.627754,59.481163,59.623425,59.36051,59.3619,59.450127,59.600315,60.033756,59.516815,59.72006,59.438953,59.297817,59.49932,59.90008,59.859753,59.70152,59.902508,60.06167,59.962914,60.041946,59.706455,60.035507,60.034958,60.27,59.8749,59.815838,59.914738,60.13159,60.116985,60.05681
56.054424,56.121613,56.01989,56.44812,56.095055,55.919777,55.907993,56.193203,56.339874,56.27038,56.232754,56.212955,56.17025,56.33782,56.408142,56.175438,56.271294,56.185505,56.433414,56.48134,56.462776,56.213696,56.522144,56.42312,56.650192,56.485237,56.475464,56.632362,56.5593,56.83672,56.605038
66.55866,66.5047,66.41682,66.83185,66.73646,67.009926,66.8028,67.04671,67.00831,66.98858,67.146576,66.34365,66.74732,66.324066,67.44773,66.62478,66.871796,66.75686,67.1238,67.19718,67.41933,66.9866,67.22199,67.07075,67.408424,66.9379,66.59206,67.28842,67.3072,67.5752,66.89377
48.568348,48.984417,48.860878,48.622055,48.699417,48.67412,48.75251,48.697983,49.20844,48.86506,49.063396,48.62679,48.67174,48.761875,49.22607,49.069733,49.09437,48.960865,49.131683,49.22947,49.12031,49.16983,48.969826,49.46144,49.13955,49.291855,49.20188,49.257793,49.599106,49.199783,49.446083
44.655876,44.54827,44.291252,44.541054,44.760406,44.80251,44.830887,44.91018,44.80845,44.93286,44.990902,44.95789,44.843826,44.70535,44.552746,44.759174,45.033764,44.947968,44.95029,44.881443,44.773468,44.908173,45.027905,45.18042,45.131096,45.065475,45.028137,44.98023,44.925583,45.003956,44.934856
45.9932,45.955204,46.167664,46.039223,46.143997,46.08831,46.16117,46.191265,46.2422,46.157963,46.3635,46.308002,46.0963,46.50228,46.50555,46.54423,46.474194,46.28437,46.37287,46.54991,46.364166,46.26881,46.475002,46.2675,46.49171,46.88172,46.46142,46.654373,46.23274,46.756126,46.687878
48.275406,48.23343,48.292572,48.614956,48.5371,48.41763,48.69396,48.61474,48.466934,48.609535,49.095516,48.45167,48.60649,48.372826,48.86374,48.903603,48.7642,48.32628,48.898052,48.84479,48.52366,48.47491,48.857533,49.076202,48.82729,48.873466,48.73434,49.057335,48.94664,48.965515,49.13569
54.40558,53.966194,54.251045,53.922585,54.362244,54.412807,54.623837,54.30137,53.936455,54.446507,54.099552,54.3775,54.25389,54.489098,54.246525,54.553272,54.3362,54.847042,54.61644,54.334946,54.54188,54.762676,54.34232,54.251053,54.343426,54.649567,54.641716,54.60827,54.405613,54.239304,54.593105
41.649338,41.4504,41.442574,41.615303,41.844772,41.781883,41.422615,41.75629,41.76965,41.58906,41.539173,41.59883,41.79975,41.59122,41.639763,41.859684,41.62327,42.03328,41.988586,41.724113,41.82819,41.53664,41.48705,42.067238,41.54219,41.533104,42.205074,41.754665,42.10815,41.606255,41.856003
41.244476,40.99219,41.043427,41.02027,41.22779,41.356255,41.396023,41.22046,41.122536,41.40676,40.842957,41.858532,41.355927,41.619324,41.342,41.227757,41.659275,41.93407,41.100906,41.41861,41.929653,41.81279,41.610336,41.12548,41.59631,41.356285,41.911003,41.383785,41.39158,41.75442,41.438675
47.59952,47.791565,48.36708,48.08013,47.830544,48.442493,48.49106,48.32996,48.242085,48.02167,48.517982,48.178402,48.21605,47.969917,48.067097,48.363,48.438095,48.109146,48.1476,48.01433,48.145008,48.340332,48.58537,48.666588,48.437775,48.39653,48.4413,48.498867,48.460583,48.308857,48.112354
50.523697,50.326077,50.78884,50.66904,50.63797,50.96403,50.61043,50.734715,50.556274,50.696964,50.839466,50.68094,50.896893,50.651707,50.36687,50.32955,50.679073,50.7269,50.844055,50.519184,50.566837,50.78096,50.86412,50.82698,50.76081,50.803673,50.94818,50.742035,50.93748,50.658752,50.561626
47.70694,47.24299,47.677948,47.422447,47.418182,47.743507,47.423428,47.732567,47.864487,47.268036,48.200367,47.592106,47.216106,47.3326,47.35205,47.629837,47.955685,47.520386,47.80459,47.53133,47.564194,47.72869,47.991264,47.7182,47.568527,47.789795,47.624004,47.64909,48.109585,48.09177,47.180603
43.711166,43.09696,43.36853,43.30984,43.229538,43.075047,43.407574,43.404045,43.013195,43.047337,43.286716,43.52634,43.00513,43.655132,42.922073,43.70816,43.41166,43.5898,43.456573,43.25802,43.30716,43.96055,43.243877,43.259933,43.26657,43.835083,43.85671,43.5622,43.62581,43.50369,43.70636
41.255016,41.384686,41.75492,41.85507,41.32795,41.40229,41.430946,41.397125,41.767853,41.434593,41.69706,41.917706,41.826786,41.868145,41.813026,41.862007,41.825203,41.978107,41.748444,41.944675,41.87994,41.44793,42.0125,41.90262,42.07997,41.732018,42.2697,41.777756,41.88144,41.847946,42.160652
51.184143,51.250717,51.123817,51.15939,51.066544,51.301094,51.288094,51.43223,51.37759,51.404495,51.26957,51.32538,51.263466,51.398922,51.5824,51.337303,51.644764,51.529533,51.353573,51.57992,51.61066,51.708733,51.41694,51.414116,51.650288,51.69648,51.4668,51.911354,51.697815,51.787155,51.52114
51.38688,51.194725,51.698807,50.909573,51.883102,51.414055,51.412884,50.816166,51.011173,51.578926,51.346107,51.577873,51.753376,51.484055,51.318653,51.238796,51.301197,51.442963,51.645042,51.48337,51.525356,51.82774,51.59991,51.7558,50.975075,51.585907,52.062195,51.18409,51.805,51.324226,51.855633
49.82532,50.142498,50.037308,49.7865,49.76761,49.914444,49.86468,50.12924,50.16213,49.99472,49.8422,49.831875,49.853523,50.171394,50.0494,50.174675,49.882286,50.22215,50.30072,49.956425,49.994087,50.205894,50.082676,50.235962,50.25905,50.423058,49.995598,50.496773,50.091217,50.111378,50.236504
51.028458,50.94536,50.44957,51.115032,50.896088,50.799965,51.200233,51.014183,51.023567,51.26203,51.427635,51.21526,50.721985,50.561516,51.087994,50.993176,51.211876,51.07746,51.17866,51.596016,51.42963,51.173264,51.444454,51.081245,51.524406,51.31894,50.9734,51.389793,51.586857,51.610672,51.1909
60.384983,60.28269,60.814003,60.584824,60.63363,60.810246,60.975983,60.69195,60.631042,60.88476,60.92736,60.969254,60.828182,61.011055,60.998722,60.78817,61.05332,60.696877,60.78013,60.8519,61.07461,61.134148,61.404472,60.92916,61.23764,61.29341,61.082752,61.157326,60.855606,61.492935,61.091625
40.0721,40.526794,40.794937,40.084003,40.27398,40.421204,40.38919,40.1783,40.5396,40.284767,40.643017,40.52036,40.524384,40.38311,40.17472,40.50061,40.824986,40.28252,40.483017,40.462883,40.091667,40.518692,40.687595,40.947433,40.31593,40.74846,40.77281,40.581432,40.91591,40.364555,40.53397
51.291424,51.389595,51.681168,51.078106,51.63069,51.81866,51.42033,51.495823,51.914158,51.46064,51.750492,51.45331,51.528305,51.68183,51.554512,51.62897,51.56372,51.647846,51.909508,51.57041,51.59444,51.64041,51.843086,52.13002,51.916077,52.190445,51.94649,51.516117,51.88894,51.84682,51.96322
48.22382,48.868725,48.407784,48.360687,48.16961,48.33543,48.077118,48.078568,48.355297,48.54964,48.138676,48.33886,48.839207,48.406685,48.483887,47.841736,48.30433,48.39811,48.369617,48.72051,48.53062,48.66332,48.563812,48.472908,48.778458,48.517868,48.296787,48.607002,49.003937,48.547237,48.675083
37.050117,37.611805,37.066772,37.206543,37.155052,37.13819,36.899223,37.25071,37.884995,37.215134,37.445175,37.026913,37.262638,37.48515,37.611385,37.752296,37.542084,37.339962,37.556145,37.604195,37.542545,37.2526,37.447536,37.815834,37.696922,37.59845,37.388134,37.699265,37.977623,37.931652,37.820984
47.90643,47.874046,48.61978,48.392498,47.869713,48.05461,47.990623,48.11956,48.111687,47.634167,47.921276,48.423584,48.21677,48.521854,48.22379,48.137424,48.585182,48.362686,48.117077,48.493053,48.256954,48.097187,48.77235,47.955017,48.746727,48.54831,48.7348,48.168896,47.903492,48.517628,48.4621
49.188625,49.27731,49.433014,49.39473,49.893852,49.736313,49.87232,49.785362,49.596546,49.7443,49.574993,49.38265,49.95266,49.73743,49.887722,50.07758,50.006546,49.685577,49.849777,49.602283,49.921597,49.958576,49.967545,50.37496,49.76762,49.65953,50.16448,49.994984,49.649097,49.967323,50.061543
34.05556,34.462315,34.07914,34.528843,34.137085,33.945213,34.575012,34.19142,34.329323,34.5936,34.686314,34.624706,34.37279,34.46824,34.75206,34.842663,34.620735,34.521458,34.497097,34.95711,34.67775,34.468834,34.727848,34.573956,34.874195,34.78002,34.5407,34.98853,34.74287,34.825745,35.15711
34.451984,35.09061,34.75173,34.484676,34.787365,34.52465,34.970253,34.597076,34.785904,35.069855,34.770386,35.075413,35.012676,34.908596,35.19017,35.1577,35.199387,34.92016,34.86145,35.13689,34.98445,35.16744,35.13404,35.34099,34.860424,35.02244,35.12191,35.363777,35.09941,35.06924,35.381954
41.434864,41.585037,40.88624,41.514477,41.328255,40.988792,41.257683,41.51177,41.22823,41.57149,41.501934,41.470757,41.6507,41.485558,42.15485,41.727985,41.456795,41.238377,41.71421,41.74196,41.49333,41.457573,41.682922,41.773903,41.761864,41.46733,41.260067,42.176735,41.8164,42.16184,42.248314
54.922466,54.60855,54.796593,55.264393,54.587578,54.962387,54.976948,55.424633,54.63873,54.803993,54.769302,54.670826,54.877552,55.015404,54.845757,54.928967,54.760273,55.205036,55.177467,54.8146,54.86471,55.168446,54.795017,54.852486,55.358578,55.192497,55.04749,55.498745,54.94875,54.89933,55.14197
55.767788,55.25803,55.33763,55.49038,56.02175,55.95088,55.665226,55.778656,55.297646,55.776695,55.056164,55.912968,56.120426,55.615242,55.507645,55.50899,55.468063,56.047604,55.72078,55.566845,56.02738,55.88291,55.630604,55.87053,55.506733,55.38513,56.25946,55.671547,55.808018,55.653973,55.63888
44.347603,44.773983,44.916245,44.902843,44.894676,44.665985,45.04798,44.482285,44.66031,44.9717,45.081398,44.587685,45.035717,44.830307,45.18989,44.98132,44.901115,44.776436,45.06595,45.310802,45.109093,45.074905,45.157696,45.2182,45.22867,45.235214,45.218357,45.05371,45.24281,45.018414,45.751442
42.37277,42.494568,41.81919,42.177624,42.208336,41.827682,42.003162,42.14308,42.385437,42.31965,42.247677,42.487312,42.235474,41.9802,42.48537,42.152218,42.63785,42.47721,42.466442,42.772297,42.542053,42.423702,42.67659,42.59838,42.554054,42.113716,42.451534,42.427963,42.70354,42.698524,42.54698
41.7658,41.809647,42.283783,41.85899,41.91185,42.01139,41.715153,41.688923,42.30896,42.088715,42.55634,42.142803,41.973713,42.261024,41.97107,41.814487,42.19993,42.238907,42.4403,42.149246,41.941185,41.97996,42.322453,42.358757,42.302067,42.517464,42.553696,41.986855,42.510082,42.153885,42.45481
53.275684,52.818676,53.50032,53.137905,53.526726,53.432766,53.390934,53.243275,53.029747,52.866306,53.1122,53.082233,53.491028,53.392284,53.240685,53.732086,53.554512,53.356995,53.445564,53.34984,53.44692,53.579876,53.36565,53.62233,53.15225,53.426086,54.035778,53.26256,53.631836,53.40262,53.703434
44.630783,44.501205,44.20655,44.636887,44.519318,44.618324,44.54283,44.925713,44.563663,44.787518,44.78104,44.66386,44.66304,44.61909,44.54882,44.550125,44.794117,44.761406,44.86977,44.746143,44.51655,44.658207,44.707134,44.70501,44.891632,44.88481,44.59363,45.124126,44.725754,44.838367,44.6802
43.083225,43.011803,43.27906,43.25508,43.310623,43.538307,43.134007,43.442966,43.509888,43.178062,43.301517,43.453697,43.46726,43.610588,43.40039,43.729836,43.522827,43.584454,43.63943,43.409077,43.288864,42.787064,43.472145,43.55748,43.54842,43.573067,43.748154,43.59967,43.503906,43.53062,43.59559
49.28686,49.206604,49.362907,49.621716,49.101273,49.26434,49.097446,49.35996,49.575893,49.230267,49.719585,49.516212,49.378258,49.445812,49.360622,49.40682,49.354523,49.46011,49.65634,49.59606,49.371216,49.21631,49.597744,49.662346,49.85582,49.76616,49.708065,49.611206,49.920906,49.710587,49.788532
62.33271,62.3713,62.17283,62.23423,62.296097,62.13117,62.089874,62.228592,62.248062,62.306343,61.89287,62.296696,62.390755,62.363197,62.12493,62.262524,62.364594,62.199497,62.256134,62.346195,62.631226,62.644344,62.63494,62.32872,62.314583,62.311737,62.308502,62.623127,62.56188,62.848133,62.10643
53.74664,53.267628,53.258743,53.901573,53.630608,53.326523,53.301388,53.534958,53.40785,53.61114,53.621777,53.95782,53.783054,53.82418,53.609627,53.525135,53.326336,53.668938,53.780327,53.846733,53.845287,53.59053,53.847622,53.64054,53.98689,53.873238,53.976727,53.75436,53.81099,54.170086,54.119736
43.136288,43.414543,42.917,43.43958,43.194633,43.462063,43.406033,43.681442,43.45517,43.705345,43.566593,43.52835,43.564003,43.617012,43.67414,43.305664,43.322575,43.468536,43.6101,43.53785,43.48623,43.446987,43.79732,43.60769,44.314594,43.925262,43.257656,43.92972,43.47248,44.022266,43.944107
47.234543,47.879314,47.61329,47.367725,47.46235,47.56406,47.689857,47.52801,47.654827,47.80317,47.594006,47.5684,47.585724,47.630867,47.55857,47.60748,47.7818,47.59322,47.76748,47.8834,47.545204,47.612095,48.01777,47.662575,47.98035,48.143127,47.392723,48.050232,47.62503,47.755394,47.725754
49.288475,49.44547,50.188118,49.64906,49.63124,50.007896,50.190525,49.96181,50.05387,49.94844,50.23198,50.014973,49.867634,50.163094,50.164986,50.344505,50.34201,50.10824,50.191887,49.771423,49.94317,50.022064,50.457233,50.47396,50.271706,50.30703,50.41518,50.41757,49.980545,50.17829,50.277527
42.009155,42.19367,42.401527,41.964764,41.98465,42.527866,41.693134,42.305473,42.707993,41.80578,42.22541,42.270218,42.175526,42.456226,41.893215,41.950443,42.23277,42.296986,42.226727,42.21429,42.025936,42.101017,42.31115,42.385094,42.665424,42.931,42.49377,42.087772,42.4388,42.484974,42.238888
54.262695,54.333233,54.40059,54.231827,54.420837,54.672905,54.51063,54.56623,54.377872,54.57507,54.133045,54.69026,54.740295,54.79506,54.44549,54.380707,54.70179,54.53699,54.39368,54.372696,54.698704,54.789154,54.964966,54.542007,54.832836,54.699913,54.636387,54.785473,54.467896,55.029617,54.46837
52.027115,51.56559,52.12957,52.244305,52.011917,52.52628,52.28644,52.52749,52.15734,51.892277,52.137463,52.122578,52.318542,52.410046,51.92568,52.705463,52.36413,52.62193,52.425644,52.1267,52.159416,51.970146,52.08978,52.343704,52.44878,52.473534,52.705883,52.52395,52.307106,52.08052,52.31169
44.169373,44.16303,44.168266,44.11469,44.257973,44.16788,44.466206,44.257774,43.971516,44.160297,44.26058,44.099228,44.33043,44.27625,44.000923,44.7801,44.517693,44.275047,44.38917,44.456253,44.095825,44.395023,44.139305,44.41214,44.094505,44.624405,44.441227,44.716805,44.489243,44.120346,44.512157
53.07705,53.570675,53.28048,53.63706,53.304,53.342567,53.496716,53.551605,53.554604,53.445488,53.29383,53.536476,53.64518,53.30062,53.633133,53.594093,53.83785,53.37572,53.393677,53.964985,53.75083,53.34258,54.03372,53.623764,53.96407,53.605095,53.458836,53.967793,53.529335,53.97283,53.491398
52.24603,52.49863,52.461784,52.616913,52.375343,52.560658,52.661472,52.630756,52.594273,52.56763,52.67411,52.376858,52.599953,52.491905,52.37466,52.740902,52.60514,52.565533,52.647213,52.79632,52.610603,52.679585,52.6103,52.80474,52.870247,53.061424,52.666664,53.027725,52.85558,52.636547,52.742
50.35017,50.729828,51.116333,50.745506,50.69523,51.04568,51.11537,50.740337,50.95168,51.007866,51.078487,50.924534,51.1317,50.92717,51.164967,51.089954,50.8905,50.948597,51.02539,50.863777,51.146255,51.159534,51.29041,51.49267,51.218952,51.11434,51.25543,51.250076,51.446297,51.136124,51.346725
47.22722,47.177406,47.191544,46.889362,47.170555,47.08127,46.92908,47.121174,47.204987,47.096233,46.666584,47.256123,47.13444,47.62741,47.094078,47.189533,47.353046,47.536556,47.199017,47.123623,47.500877,47.739365,47.286278,47.214325,47.257584,47.401093,47.65561,47.318657,47.326515,47.554752,47.370583
47.257713,47.161957,46.93466,46.952454,46.82386,47.36099,46.623302,47.641663,47.55539,46.802185,46.162548,47.425777,47.127705,47.714943,47.021057,46.854187,47.335247,47.882626,46.99917,46.81096,47.595123,47.612144,47.416084,47.13208,47.88437,47.137398,47.61466,47.148384,47.003006,47.79339,46.977814
43.564304,43.515907,43.81932,43.815643,43.53263,43.610577,43.79349,43.806072,43.445652,43.636234,43.90924,43.84265,43.670902,43.957733,43.861443,43.98313,43.62122,43.577923,43.877144,43.75037,43.564247,43.79154,43.912674,43.722748,43.926632,44.29447,43.81342,44.246136,43.841614,44.0759,44.222225
41.832508,42.000244,41.991837,41.82589,42.129097,41.7203,42.117153,41.86988,41.735714,42.265465,41.895294,42.180485,42.13703,42.326736,42.25175,41.939804,42.14408,42.260406,42.207935,42.285145,42.174866,42.588455,42.30562,42.25358,42.309296,42.50023,42.51534,42.288986,41.87057,42.19986,42.79973
38.100384,38.478756,38.929276,38.41134,38.164665,38.426876,38.81301,38.512657,38.586346,38.73203,38.869286,39.01427,38.50798,39.05995,38.755646,38.823467,38.898876,38.88772,38.757175,38.686188,38.461655,38.80377,39.057133,38.764496,39.057526,39.361984,38.935677,39.17844,38.462494,38.73578,39.139374
45.90221,45.661484,45.82112,45.956036,45.807686,46.11296,45.94139,46.010887,45.8849,45.93831,45.81727,46.095333,46.196136,46.190838,46.199127,45.97664,46.186077,46.364548,45.95891,46.060574,46.45286,46.38521,46.128376,46.04634,46.328598,45.983643,46.434464,46.20028,46.42522,46.41583,46.28262
53.915043,54.163597,54.361603,54.266968,54.245605,54.357933,54.47065,54.19987,54.372326,54.508156,54.25613,54.485054,54.695335,54.363564,54.872707,54.540783,54.572086,54.629494,54.56623,54.54909,54.810257,54.4378,54.879017,54.8938,54.7448,54.214417,54.821915,54.71641,54.75699,54.67386,54.831688
55.952774,55.748234,55.440063,55.879807,55.983162,55.73507,55.829014,55.870815,55.959595,55.897907,55.93204,55.54858,55.972168,55.849167,56.08858,56.4476,56.050575,56.091656,56.348423,56.204403,56.28755,55.956177,55.969933,56.342285,56.107685,55.87185,56.132748,56.26262,56.547318,56.26455,56.40545
45.257515,45.19306,45.258705,45.79828,44.948097,45.488373,45.71113,45.747044,45.63552,45.411774,45.834034,45.441612,45.286053,45.470238,45.214977,45.76091,45.76687,45.949127,45.621754,45.67087,45.668224,45.685036,45.568417,45.6248,46.18463,45.88121,45.794167,45.947556,45.91007,45.561348,45.677967
53.21232,52.736366,52.661613,52.811306,53.05449,53.072193,53.00439,53.22476,53.193737,52.760204,52.92715,53.093216,53.025658,53.108383,53.018997,53.422417,53.522404,53.328594,53.279774,53.050392,53.386494,53.315163,53.495354,53.51863,53.477806,52.98407,53.540768,53.054146,53.4546,53.692974,53.30623
45.840443,45.427814,45.38257,45.66373,45.33451,45.95304,45.43326,46.11128,45.445065,45.147247,45.45166,45.42306,45.6026,45.44225,45.444347,45.280617,45.50343,45.5474,45.30003,45.572765,45.699963,46.229588,45.30732,45.413155,45.82797,45.942116,45.57696,45.80872,46.071808,46.030575,45.456966
47.976532,47.984264,48.223175,48.133385,47.912384,48.151154,48.051846,48.161274,48.268013,48.016586,48.20426,48.106136,47.903477,48.310654,47.972725,48.215946,48.124844,48.270355,48.246014,48.10559,48.305916,48.37777,48.331055,48.17176,48.43844,48.582825,48.364265,48.36055,48.45462,48.48732,48.2654
57.18494,57.388763,57.67325,57.536003,57.216164,57.57071,57.233757,57.384495,57.992886,57.357708,57.55347,57.42323,57.320103,57.50304,57.806942,57.43767,57.747284,57.734356,57.64244,57.838177,58.071865,57.553917,57.957275,57.657204,58.075233,57.760056,57.83445,57.67606,58.118176,58.13412,57.63001
49.563114,49.45917,49.958344,49.859188,49.607002,49.877495,49.714348,49.938675,49.916676,49.861076,49.997326,49.82374,49.853153,50.02052,50.03038,49.680374,49.992607,50.12596,50.070244,49.78884,50.017372,50.132675,50.123756,50.064873,50.185867,50.03636,50.253475,50.143406,49.971943,50.11173,50.05266
45.943726,45.907433,45.60656,45.99559,46.135445,45.765667,45.756767,45.62729,45.881348,46.470753,45.96144,46.110554,46.316216,46.361732,46.064762,45.79531,46.02467,46.287518,46.246365,46.1807,46.459724,46.275684,46.253483,46.113655,46.245407,45.96515,46.348213,46.15213,46.410057,46.4178,46.485767
51.596966,51.62982,51.738266,51.5783,51.484215,51.570652,51.345608,51.54267,52.03096,51.656475,51.717133,51.64451,51.613335,51.880257,51.942295,51.680096,52.053986,51.977165,51.937763,51.800343,52.13847,51.96587,52.16523,51.896935,52.01275,51.665154,51.963684,51.88973,52.19072,52.30759,51.81706
50.976017,50.76356,51.038757,50.919445,50.536392,51.157345,51.012512,51.316544,51.249035,50.818092,51.16334,51.307915,50.65786,51.055126,50.93279,51.177864,51.306953,51.32089,51.166237,50.958,51.083508,51.013065,51.47466,50.942635,51.46353,51.339127,51.025024,51.424236,51.21271,51.479324,50.754578
48.641735,48.124336,48.606544,48.84273,48.60032,48.796547,48.87148,48.742878,48.150394,48.40173,48.454388,48.89858,48.88619,48.90268,48.34132,48.758728,48.52162,48.861874,48.434914,48.84588,48.85739,49.014217,48.552048,48.42591,48.924183,49.245674,49.22917,48.78109,48.696056,48.757355,49.03419
37.196453,37.20058,36.742203,36.883698,37.24556,36.88861,37.18899,37.072147,37.231556,37.207,37.617905,37.326225,36.98631,36.904396,36.7613,37.463886,37.442062,37.039818,37.334873,37.40152,37.052364,37.273167,37.42805,37.553596,37.0893,37.483406,37.198746,37.33269,37.50536,37.42673,37.22355
43.4522,43.051315,43.208588,43.059853,43.27938,43.19453,43.089687,43.190052,43.27449,43.2996,43.416035,43.30482,42.960957,43.340263,43.176193,43.223145,43.116665,43.6921,43.618675,43.304214,43.44819,43.678284,43.124092,43.35163,43.21953,43.628555,43.698193,43.348217,43.736767,43.342545,43.57687
47.871075,47.77558,47.842155,48.28091,48.15306,48.43668,48.168907,48.384453,48.438065,48.401417,48.146854,48.290676,48.52152,48.47303,48.376377,48.22502,48.75993,48.85,48.50606,48.385296,48.642765,48.104885,48.597908,48.569817,48.935654,48.126305,48.885952,48.427265,48.38496,48.526608,48.50852
39.664516,39.74632,39.643745,39.73734,39.651115,39.74544,39.391354,39.799583,40.066868,39.55549,39.891644,39.722874,39.87472,40.062496,39.70208,39.9866,40.032238,39.774456,39.91384,39.8318,39.796158,39.723564,40.023674,40.0363,40.072803,40.008537,39.948887,39.943573,40.121105,40.304726,39.98964
44.784065,44.28795,44.871117,44.62731,44.75618,44.826893,44.86108,44.70059,44.399166,44.631042,44.611908,44.87405,44.87304,45.166103,44.62647,44.959427,44.6795,45.19547,44.92298,44.63356,44.868114,45.24792,44.602516,44.90233,44.801876,45.118423,45.557148,44.842644,45.04333,44.6883,45.38564
58.40313,58.22911,58.206528,58.75523,58.68495,58.21421,59.028572,58.388123,58.059902,58.935722,59.005768,58.541626,58.709614,58.21734,59.229523,58.789593,58.853973,58.584316,59.03717,59.426437,58.917374,58.621937,59.06583,58.7715,59.014233,58.816643,58.73669,59.14721,58.853245,58.889854,59.44689
57.587776,57.665295,57.689728,58.115826,57.731018,58.082756,58.00828,58.065334,58.07051,58.07239,57.823635,58.189857,58.31588,58.220234,58.252983,58.015263,58.091328,58.38785,58.10803,58.297905,58.494385,57.842007,58.63342,58.08103,59.009033,58.19165,58.199142,58.27455,57.88712,58.521652,58.34676
32.60177,32.421906,32.337414,32.174053,31.896172,32.212906,31.817856,32.389698,32.212807,31.90374,31.92925,32.437325,32.20813,32.560486,32.007584,31.913252,32.126347,32.709785,32.18649,32.14509,32.17469,32.93592,31.895416,32.176487,32.3878,32.58278,32.65173,32.30741,32.704983,32.26185,32.515976
50.2956,50.23667,50.16825,49.937656,50.102707,50.082962,49.82835,50.053337,50.43254,49.99503,50.1315,50.41945,50.13022,50.225395,50.253353,50.20391,50.299503,50.28005,50.330242,50.318123,50.42852,50.338314,50.608273,50.43289,50.375988,50.319405,50.392723,50.22817,50.6825,50.7912,50.30709
43.048725,42.95623,42.714653,43.1361,42.87451,42.650734,42.835762,42.89246,43.037735,43.136333,43.28069,43.40076,42.954113,43.14947,43.230114,43.031227,43.014183,43.248917,43.301193,43.47358,43.20327,43.044945,43.31066,43.16255,43.548965,43.473343,43.31912,43.308926,43.36761,43.501312,43.71101
39.82633,40.234528,39.823914,40.296642,40.00467,39.904533,39.88825,40.072758,40.265057,40.218784,40.397774,40.19341,40.211407,40.004154,40.241043,40.08488,40.186047,40.001553,40.24404,40.635174,40.133503,39.852993,40.33666,40.32067,40.500298,40.50889,40.114506,40.51791,40.409557,40.473026,40.45178
44.91534,44.926483,44.737503,45.24377,45.013924,44.732944,45.04984,45.04256,44.7009,45.06906,44.721607,44.870625,45.215065,45.234722,44.790066,45.268017,45.33568,45.19527,45.030983,45.262207,45.193523,45.276066,45.009235,44.947502,45.055557,45.07158,45.298714,45.48949,45.011353,45.079395,45.200077
60.616764,60.252426,60.686707,60.85643,61.048706,60.687035,60.908783,60.700268,60.40199,60.791164,60.79097,60.97345,61.087803,60.736095,60.927315,61.300026,60.87233,60.667892,61.168736,61.02408,60.822433,60.205837,61.313084,60.952637,60.699192,60.73188,61.018646,61.14422,60.690834,61.02152,60.997444
58.542553,57.900063,58.188484,58.496426,58.427353,58.73739,58.405003,58.672695,58.376038,58.202335,58.54025,58.439518,58.555267,58.466503,58.242058,58.70585,58.61056,58.50878,58.689674,58.49311,58.46145,58.21483,58.531067,58.584236,58.70667,58.664757,58.771824,58.649532,58.951546,58.793045,58.55125
39.16296,39.100636,39.429733,39.125687,39.348236,39.82193,39.614445,39.536007,39.30287,39.619377,39.57881,39.684517,39.794308,39.799324,39.57393,39.709778,39.470047,39.81851,39.604042,39.47488,39.34869,39.51155,39.209095,39.72226,39.55614,40.05842,39.888878,39.976364,39.74722,39.337616,39.95927
50.207012,49.78963,49.863213,50.269905,50.181793,50.173706,50.567062,50.316578,49.81619,50.182472,50.067738,50.260162,50.26519,50.03677,50.001072,50.599403,50.113445,50.663776,50.378063,50.364883,50.481762,50.41963,50.150227,50.328186,50.331367,50.254448,50.620495,50.47109,50.373604,50.010902,50.48674
47.68401,47.829636,47.404366,48.319542,47.525063,47.78636,48.13677,48.192146,47.92045,47.94506,47.976933,47.943466,47.89537,47.79242,48.225628,48.325268,48.019447,48.17615,47.99029,48.434765,48.379166,47.878098,48.185192,47.922485,48.728,48.164955,47.858387,48.613964,48.19811,48.411877,48.307507
39.983456,39.59583,39.729195,40.34668,39.89514,39.859608,39.917072,40.007133,39.547993,39.863953,39.913437,40.100773,40.072845,40.083286,39.5946,39.968674,39.70994,40.077385,39.80402,40.111454,40.074375,40.221832,39.573345,39.784264,39.92987,40.317993,40.451424,40.219597,40.277237,39.9817,40.252487
39.573566,39.715664,39.66783,39.119957,39.690033,39.542744,39.594913,39.41645,39.851345,39.44226,39.444733,39.543793,39.480247,39.559116,39.46496,39.79634,39.84873,40.114765,39.713673,39.819794,40.00109,40.342335,39.613373,40.145866,39.610798,39.865944,40.31307,39.468502,40.077766,39.56976,39.958576
38.62752,38.72159,38.716682,38.827026,38.593422,38.53461,38.927887,38.577557,38.736977,38.996803,39.069553,39.142696,38.782413,38.814804,39.02013,38.780266,39.052715,39.223965,38.92436,39.316498,39.16037,39.167496,39.127594,38.907593,39.222263,39.14657,39.2162,39.084965,39.1233,39.00798,39.339745
45.950687,46.231754,46.67266,46.202187,46.24324,46.533154,46.293617,46.29178,46.403313,46.291557,46.256493,46.635418,46.63418,46.770557,46.33459,46.30822,46.38684,46.290073,46.13515,46.293728,46.51415,46.727455,46.698418,46.563805,46.59005,46.91651,46.758442,46.588882,46.464207,46.83536,46.55124
51.462894,51.30576,51.460167,51.72848,51.331924,51.39177,51.25235,51.739353,51.4928,51.16093,51.06952,51.34551,51.642723,51.866623,51.439224,51.80428,51.645546,51.82769,51.6769,51.523228,51.626476,51.54736,51.575123,51.589928,51.83146,51.566765,51.91976,51.821007,51.467007,51.686443,51.763477
56.15213,55.923862,55.93248,55.938274,56.407944,56.073578,56.167515,56.0204,55.941097,56.055294,56.277,56.1308,56.228706,55.774727,55.930298,56.385452,56.319717,55.786198,56.289883,56.36992,56.155563,56.0295,56.527733,56.351677,55.86755,56.17543,56.114304,56.282806,56.398983,56.46715,55.984505
51.12432,51.046154,50.90596,51.807255,51.12918,51.389973,51.1703,51.39342,51.277733,51.35382,51.647995,51.40593,51.659462,51.339848,51.25937,51.209488,51.032825,51.199966,51.421078,51.653168,51.408947,51.01058,51.45835,51.442703,52.06435,51.76963,51.41875,51.611526,51.823383,51.76723,51.79975
46.269714,46.482834,45.913452,46.580193,46.42713,46.60135,46.591797,46.804478,46.586014,46.78601,46.286217,46.359272,46.770027,46.745716,46.78964,46.732697,46.603973,46.947636,46.63893,46.819374,46.99369,46.798763,46.430546,46.80506,47.202408,46.845726,46.776955,47.13987,46.799355,46.876255,47.104305
44.177593,44.785248,44.6877,44.65267,44.686737,44.38371,44.76975,44.287098,44.82352,44.844482,45.001583,44.81415,44.83192,44.49846,45.312996,44.885666,45.219276,44.62256,44.91203,45.445602,45.099037,44.530327,45.615063,45.045845,45.167484,44.79827,44.816185,44.96073,44.94459,45.2812,45.215004
52.083843,52.286892,51.84465,52.375305,52.085144,51.837605,52.125835,52.139404,52.326782,52.62342,52.261024,52.838234,52.269073,52.669247,52.470463,52.248188,52.39287,52.36953,52.34083,52.74008,52.578293,52.282055,52.77241,52.339325,53.021873,52.923576,52.513317,52.84267,52.399136,53.108063,52.88703
42.610554,42.549927,42.14022,42.639027,42.21032,42.493576,42.333797,42.64496,42.709747,42.649353,42.273216,42.9074,42.283176,42.75481,42.002483,42.34835,42.33872,43.101555,42.44421,42.518,42.915157,42.84361,42.472916,42.312263,42.96003,42.85746,42.781498,42.746,42.884033,42.80086,42.406666
41.82917,41.661526,41.171616,41.64593,41.238487,41.454075,41.11148,41.638905,41.63438,41.66002,41.436714,41.979473,41.43855,41.771683,41.51563,40.94519,41.44052,41.98621,41.44659,41.916153,41.90985,41.99238,41.507996,41.147476,42.113625,42.088326,41.63856,41.800995,41.918625,42.1112,41.685303
49.537365,49.89434,50.197678,50.06142,50.271088,50.184273,50.452137,50.189663,50.112442,50.239685,50.28791,49.871338,50.516144,50.172916,50.30917,50.533962,50.51073,50.110603,50.37822,50.284203,50.20604,50.37323,50.43578,50.97763,50.357533,50.41343,50.729168,50.569344,50.247498,50.183544,50.715275
49.230274,48.626266,48.76799,49.03947,48.90905,49.112003,48.934578,49.27407,48.96746,48.902153,48.78706,49.22285,48.92421,49.568413,49.085,49.444397,49.03159,49.549988,49.220306,49.05943,49.401737,49.160034,49.04262,48.775574,49.40392,49.43541,49.36121,49.418793,49.169014,49.571224,49.359703
54.99286,55.555004,55.259377,55.31605,55.30436,55.220535,54.978474,55.433723,55.503036,55.339386,54.87119,55.055073,55.464527,55.418514,55.57288,55.17473,55.33971,55.237152,55.439896,55.46577,55.52035,55.391438,55.639385,55.575012,55.67657,55.46924,55.334404,55.733707,55.31031,55.78297,55.473766
45.291016,45.6924,45.702988,45.60974,45.757484,45.489212,45.930367,45.428627,45.2516,46.03503,45.840096,45.405083,45.749805,45.425186,45.365837,45.669064,45.47795,45.423634,45.735474,45.73995,45.577892,46.056396,45.550415,45.8384,45.2202,45.945923,45.651573,46.16942,45.922836,45.344578,45.721203
50.327328,50.128807,50.569267,50.532352,50.47828,50.28013,50.77035,50.413235,49.935585,50.468212,50.75762,50.693436,50.465557,50.221466,50.646324,50.42569,50.767735,50.19776,50.53307,50.8566,50.406597,50.653393,50.94202,50.434464,50.489918,50.82605,50.651966,50.85268,50.504955,50.758,50.73065
47.774868,47.829105,47.948746,47.590626,47.777603,47.66997,47.699986,47.57876,47.676235,47.812904,47.88647,47.981636,48.102646,47.984463,47.800438,47.58182,47.98313,47.804188,47.899094,47.95336,47.806805,48.357517,48.161293,48.176834,48.018326,48.15988,48.188446,47.89241,48.13124,48.078106,48.279457
46.15678,46.631954,46.665695,46.19825,46.696457,46.769432,46.593708,46.55005,46.678917,46.807293,46.465008,46.488735,46.825676,46.757248,46.85984,46.580753,47.039562,46.58872,46.576996,46.80121,46.82545,46.926807,46.83613,46.84426,46.612247,46.943268,46.785313,47.057594,46.7338,46.9621,46.67776
52.64606,51.99293,52.710945,52.219532,52.84587,52.874268,52.710823,52.5608,52.518456,52.57015,52.925594,52.845448,52.83633,52.81764,52.806652,52.82031,52.77059,52.898487,53.104496,52.590622,52.710705,52.812992,53.00172,53.18033,52.802067,52.931572,53.356464,52.5561,52.946136,52.894787,53.24572
50.022217,49.93331,50.16333,50.323566,50.325516,50.577503,50.496956,50.493492,50.713528,50.61523,50.687035,50.73856,50.572643,50.52002,51.010063,50.376,50.708828,50.970753,50.599293,50.89002,51.103813,50.666794,50.916187,50.90188,51.30684,50.8665,51.115143,50.64772,50.608784,51.04346,51.057354
48.562,48.56057,48.906395,48.841125,48.80899,49.03035,48.679245,49.053436,48.85499,48.625504,48.592537,48.72544,49.129574,49.30286,48.796562,49.043877,48.913315,48.95631,48.95003,48.76875,48.851685,48.828133,48.9985,48.99665,49.174763,49.21498,49.19117,49.105095,48.67778,49.100677,49.10652
60.602074,60.142002,60.2249,60.8054,60.365532,60.400745,60.36492,60.75315,60.412704,60.522156,60.613556,60.29923,60.43021,60.461914,60.72333,60.66539,60.371284,60.65954,60.90746,60.618645,60.75832,60.554485,60.529625,60.557167,60.727215,60.57834,60.57416,61.09163,60.897743,60.88617,60.71326
45.375786,45.32286,45.237328,45.779907,44.733124,45.229748,45.405376,45.75283,45.659245,45.40313,45.708736,45.86006,45.28305,46.03647,45.70647,45.71083,45.644226,45.86944,45.57154,45.690304,45.678493,45.68851,45.859535,45.405304,46.623123,46.240852,45.605766,46.17735,45.641567,46.275177,46.114834
57.542725,57.212517,57.42562,57.77527,57.678635,57.7331,58.22887,57.848236,57.380604,57.90062,58.20788,57.56537,57.59684,57.36782,57.92183,58.075752,58.152798,57.72375,58.038296,58.217255,57.87144,57.734673,57.97622,57.73723,57.9375,58.091156,57.740746,58.391273,58.0138,57.948048,57.9368
34.082874,34.348232,33.83985,34.086376,33.889988,34.01606,33.878265,34.06828,34.127537,34.3511,33.9022,34.282833,34.185886,34.494736,33.675495,34.062244,33.77529,34.490376,33.96348,34.15615,34.251957,34.57646,33.585148,34.02958,34.119434,34.662346,34.28493,34.585056,34.53358,34.066505,34.27169
52.661774,52.619816,52.73523,53.036125,52.653328,52.81266,52.904785,52.783638,52.470493,52.894157,52.68755,52.548847,52.79443,52.68886,52.84056,52.658844,52.60983,53.032833,52.88817,53.11842,53.140366,53.083485,52.678005,52.51082,53.00673,53.060013,52.887203,53.19431,53.12901,52.7715,53.001495
39.123096,38.888485,38.858704,38.93747,38.889412,38.615185,38.63522,38.718025,38.983852,38.667084,39.014904,39.060806,38.831196,38.986336,39.244144,39.111183,39.1111,39.184063,39.081093,39.436844,39.325954,39.23363,39.040928,39.04084,39.080967,39.15245,39.411037,38.99484,39.53864,39.42862,39.54248
44.29227,43.866264,44.240067,44.6183,44.268692,44.37755,44.037994,44.565075,44.313904,44.313385,44.242725,44.43092,44.62068,44.713497,44.61384,44.207123,44.363544,44.82269,44.563923,44.2627,44.682404,44.615154,44.422787,44.559395,44.674683,44.24546,45.047188,44.556114,44.496674,44.676086,44.75763
49.753136,50.112396,49.87845,49.24599,50.339127,49.884598,49.790874,49.677956,50.302258,49.9801,49.923306,49.595562,49.956398,49.741318,50.37104,50.143738,50.37868,49.88615,50.3229,50.150543,50.3021,50.36784,50.333656,50.91516,49.868538,49.937347,50.399666,49.945538,50.624344,50.44295,50.426907
48.71968,48.33757,48.23179,48.732197,48.02771,48.20494,48.29843,48.701786,48.375523,48.043396,48.38849,48.997932,48.30643,48.554173,48.11607,48.49771,48.65183,48.542908,48.303883,48.717278,48.447094,48.53867,48.80762,48.206154,49.00269,48.900307,48.581364,48.730385,48.5421,49.038406,48.465797
40.96686,41.049847,41.17137,41.026806,41.197334,41.33503,41.230934,41.356503,41.248524,41.21776,41.05002,41.383965,41.18001,41.703346,41.138664,41.40956,41.264103,41.387062,41.21095,41.155098,41.40353,41.460503,41.4979,41.190254,41.56456,41.82448,41.46229,41.494995,41.022526,41.70853,41.4416
42.35691,42.898685,43.12697,42.45681,42.933807,42.746136,42.3738,42.605907,42.932617,42.777813,42.396282,42.759007,43.064846,43.16914,43.02393,42.61219,42.9437,42.660328,42.619923,42.76724,43.00143,43.263134,42.944138,43.13916,42.547497,43.038498,43.260937,43.02644,42.830063,43.21925,42.941216
52.348675,52.619896,52.47544,53.0155,52.45832,52.64373,52.862667,52.788948,52.81442,53.176125,53.07849,53.068504,52.784733,52.67852,52.93437,52.571507,52.800472,52.860744,52.954987,53.031475,53.02532,52.651962,53.418644,52.883316,53.499966,53.00421,52.730976,53.295246,52.926365,53.256397,52.932705
52.54507,52.142612,52.613968,52.280693,52.603775,52.723003,52.48188,52.598297,52.97467,52.397808,53.10048,52.434196,52.207104,52.27529,52.88848,52.624374,52.847187,52.92768,53.0818,52.903442,52.940437,52.774467,52.895042,53.036957,52.889427,52.935112,53.081673,52.51499,53.11855,52.948357,52.87519
36.450287,36.74533,36.719116,36.013798,36.61104,36.24649,36.405285,36.095284,36.477287,36.398884,36.63526,36.632202,36.392147,36.596954,36.19284,36.75842,36.600582,36.25671,36.624664,36.521145,36.24552,36.776093,36.695644,36.88272,36.16686,36.97473,36.73937,36.5463,36.964542,36.64461,36.83415
49.2274,49.23714,49.194084,49.33503,49.23008,49.325325,49.440937,49.359737,49.360596,49.297726,49.387566,49.445164,49.49086,49.124172,49.646973,49.351944,49.48243,49.635475,49.497208,49.712116,49.75035,49.67787,49.707523,49.77333,49.868927,49.433937,49.746216,49.49545,49.790653,49.64588,49.825054
52.480595,52.74903,52.58062,52.24116,52.591248,52.484695,52.274647,52.36827,52.51181,52.46735,52.08291,52.554386,52.861217,52.945763,52.592186,52.67024,52.43521,52.478,52.613876,52.537487,52.674706,52.769505,52.83022,52.75956,52.71298,52.813736,52.632957,52.74616,52.75079,53.010956,52.92052
48.328327,47.84698,47.928818,48.15302,48.170135,48.1332,48.060997,48.29298,48.192726,48.06639,47.895554,48.3439,48.186028,48.18732,48.25103,48.135372,48.491108,48.75713,48.29889,48.225098,48.745716,48.69908,48.408752,48.437088,48.39617,47.881523,48.907784,48.178764,48.5372,48.545918,48.326134
62.114433,62.00085,62.23568,61.791405,62.574852,62.060444,61.804974,61.761806,62.13414,61.959568,61.66694,62.166855,62.537716,62.22183,62.017677,62.12759,62.17119,62.121044,62.269615,62.225727,62.512417,62.32655,62.646366,62.595184,62.001896,61.99685,62.698925,61.816994,62.25071,62.49035,62.258945
34.087646,33.88833,33.379658,33.90505,33.97992,33.747902,33.950462,33.80602,33.807487,34.134304,34.081215,34.526455,33.860313,33.74941,34.15872,33.72609,33.889652,34.351086,34.024384,34.60366,34.383476,34.140068,34.13434,33.928795,34.434135,34.31102,34.306095,33.95348,34.3576,34.352077,34.571087
54.777424,54.689903,54.828003,54.770115,55.00142,54.92081,54.94342,54.66634,54.700455,54.858383,54.924736,54.675312,55.18324,54.824425,55.25474,55.138977,54.853226,54.936382,55.093338,55.318123,55.25731,55.1332,54.90188,55.21427,55.012707,55.163666,55.22892,55.13948,55.531883,55.125385,55.56375
58.555195,58.063828,58.545868,58.54428,58.49563,58.974705,58.507084,58.765366,58.72596,58.398952,58.483105,58.560833,58.60685,58.75014,58.22781,58.608353,58.766445,59.075115,58.78868,58.564487,58.885773,58.574802,58.838474,58.50585,58.987713,58.772316,58.953968,58.575092,58.700424,58.771954,58.35457
42.29832,42.589188,42.05002,42.25081,41.97123,42.468254,42.170734,42.575615,42.716156,42.51648,42.654255,42.710464,42.372105,42.665802,42.348858,42.208443,42.640026,42.43999,42.499424,42.56918,42.201912,42.382675,42.64459,42.59092,43.232216,43.17179,42.335747,42.879925,42.909588,43.01952,42.742645
43.81648,43.398884,43.80034,43.82559,43.851227,44.594994,44.21194,44.630386,44.310406,43.73732,44.106945,43.868065,43.890453,44.278496,43.79818,44.414696,44.41537,44.52068,44.061848,43.837635,44.282883,44.405003,44.00191,44.2818,44.55291,44.56492,44.56577,44.25321,44.11188,44.361942,44.046074
52.604774,52.560703,52.50348,52.490917,52.631744,52.9093,52.739807,52.9316,52.612465,53.01657,52.412777,52.63343,52.82268,52.945087,52.670822,52.459408,52.52704,53.101276,52.809998,52.423187,53.07392,53.42205,52.788242,52.803703,52.983444,52.863556,52.828728,53.08264,52.760788,52.93948,52.7256
42.82025,42.95411,42.853455,42.569675,43.43373,43.114883,43.416492,42.867924,43.043945,43.31304,43.240887,43.079964,43.23846,42.991558,43.33382,43.399685,43.32065,43.271313,43.351387,43.424835,43.459435,43.529842,43.3894,43.783836,43.260075,43.42598,43.630306,43.15219,43.44524,43.3103,43.819645
50.455666,50.76423,50.605537,50.835594,50.330452,50.730698,50.730625,50.828888,50.729195,50.816883,50.6952,50.805023,50.839954,50.777508,50.80241,50.644478,50.787075,50.873272,50.768105,50.957993,50.828686,50.804977,50.945343,50.767418,51.30808,51.094162,50.70819,51.2786,51.009514,50.981487,50.93063
40.56364,40.56372,39.97238,40.60523,40.225105,40.483334,40.35299,40.839817,40.506737,40.431496,40.190266,40.438644,40.48276,40.60318,40.365376,40.75887,40.602448,40.88917,40.47828,40.789482,40.666817,40.52714,40.184048,40.254105,40.758076,40.764816,40.414543,41.116806,40.698456,40.65159,40.487473
39.08285,39.4541,39.241203,39.56685,39.126625,39.26974,39.583065,39.67786,39.781616,39.46297,39.581615,39.29051,39.284702,39.563564,39.944965,40.143764,40.02602,39.83007,39.66437,39.81515,39.902885,39.634533,39.715534,39.800575,39.953026,39.638977,39.695374,40.23069,39.791798,39.95171,39.8886
51.824257,51.33842,51.272346,51.502613,51.65499,51.578724,51.686718,51.672817,51.495754,51.75217,51.667107,51.85675,51.807682,51.85604,52.13817,51.736835,51.819805,52.055187,52.114906,51.73641,52.04856,52.020233,52.186935,52.05876,52.325294,51.62258,52.114433,51.778744,52.087597,52.30617,52.501312
48.226055,48.63442,48.053047,48.481884,48.382935,48.09299,48.316917,48.38189,48.36934,48.645485,48.302414,48.46825,48.575287,48.682503,48.313625,48.79533,48.296787,48.33336,48.622765,48.67436,48.35838,48.22087,48.527092,48.59494,48.673946,48.896843,48.32711,49.08017,48.511356,48.690132,48.84502
58.83749,58.81496,59.05181,59.5035,58.86167,59.467396,59.247013,59.465153,59.12808,59.14575,58.716602,59.498917,59.6981,59.65108,59.232315,58.993107,59.5528,59.6051,58.967133,59.421635,59.69629,59.302433,59.793503,59.006317,60.26055,59.43315,59.58103,59.507534,58.941624,59.773346,59.290825
42.198326,42.27858,42.599335,42.80107,42.35592,42.566784,42.864613,42.475544,42.58198,42.52042,42.949673,43.021355,42.75906,42.626343,42.4921,43.087894,42.75631,42.662075,42.4514,42.967793,42.84536,42.572098,42.87913,42.82402,42.88266,43.072014,43.051132,42.979374,42.998356,42.880573,42.904087
44.191322,44.331535,44.664413,44.38776,44.07061,44.29011,44.32591,44.53369,44.54102,44.29328,44.408325,44.47695,44.269276,44.74554,44.77633,44.679092,44.61357,44.692997,44.674335,44.375587,44.56977,44.604885,44.907665,44.493187,44.786194,44.630913,44.551064,44.894844,44.39197,44.857315,44.679314
47.38648,47.951077,47.100624,47.7481,47.244217,47.556507,47.893333,48.117237,47.788055,48.025036,47.712997,47.54089,47.5164,47.705025,47.991566,47.940033,47.78537,47.757423,47.742264,47.972366,47.91792,48.006115,47.796238,47.774193,48.42361,48.2825,47.249756,48.785892,47.8898,48.270565,47.978455
38.888466,38.616486,38.632767,38.761723,38.726006,39.0036,38.90284,38.922848,38.76819,38.722443,38.578453,38.935368,39.129536,39.257008,38.537643,39.456867,39.000637,39.39202,38.9211,38.65685,39.078957,39.084747,38.708244,39.041016,38.885624,38.772827,39.34421,39.107586,39.325745,38.870926,39.05888
41.83841,41.777233,42.271942,41.933308,42.444,42.23001,42.16812,41.74905,41.92105,42.120247,42.63931,42.27473,42.462284,42.200474,41.979443,42.21532,42.298443,41.775433,42.244453,42.46622,41.952774,42.002804,42.405525,42.42148,42.040646,42.76365,42.56611,42.083565,42.43902,42.32323,42.599865
52.581944,52.988434,52.971786,52.99354,52.843582,52.635788,53.293293,52.73716,52.86075,53.46315,53.351147,53.069576,53.09634,53.350605,53.536953,53.359936,53.2411,52.9602,53.23837,53.455418,53.316418,53.408794,53.475155,53.279945,53.495335,53.705765,53.139603,53.858105,53.315887,53.611034,53.89305
50.09594,49.90257,49.806023,49.978134,49.981033,49.99295,50.05401,50.194344,50.104973,50.048767,50.265537,50.023933,50.04991,50.00587,50.241493,50.18498,50.212532,50.22502,50.376694,50.204838,50.258064,50.403305,50.34489,50.477654,50.45883,50.260498,50.29347,50.34662,50.47324,50.4929,50.48239
50.992382,51.405243,51.048683,51.47071,51.178627,51.16592,51.237076,51.391785,51.341175,51.327785,50.916683,51.27625,51.488167,51.39431,51.610077,51.642345,51.58842,51.30878,51.18498,51.745266,51.733948,51.287617,51.47752,51.344963,51.56017,51.44467,51.377365,52.030754,51.54056,51.865875,51.45334
36.639984,37.274025,36.98459,36.933815,36.286636,37.22071,36.670834,37.33288,37.68208,36.88392,36.618996,37.26956,36.96301,37.59655,36.768925,37.005108,37.13271,37.553085,36.74588,36.7195,37.254215,37.339,37.107162,37.166756,37.778202,37.429512,37.229927,37.460346,37.308437,37.471786,36.894104
46.947,46.7597,46.463593,46.485188,47.259254,47.117733,46.987522,47.02378,47.29979,47.28754,47.236187,46.785316,46.92873,46.74986,47.331352,47.13883,47.171616,47.524494,47.522152,47.240826,47.55907,47.32938,47.152046,47.622604,47.196198,47.01371,47.32743,47.093185,47.44254,47.27802,47.325974
40.629543,40.75361,40.399498,40.78249,40.901505,40.608673,40.820816,40.90835,40.801212,41.02437,40.51601,41.06966,41.034355,41.613968,40.675617,41.449657,41.15485,41.14934,41.095768,40.884903,40.879486,40.644436,41.188602,40.973457,41.307384,41.20868,41.175568,41.31401,40.49794,41.241016,41.382816
47.220894,46.925667,46.768433,47.114925,46.88241,47.318977,47.4857,47.41469,46.932167,47.25903,47.493214,47.32318,47.12324,46.99817,47.13912,47.411476,46.93604,47.289722,47.246914,47.24565,47.265438,47.495274,47.07638,47.25682,47.46427,47.65748,47.0723,47.74442,47.74537,47.414673,47.430534
55.17903,54.783573,55.161934,55.13032,55.407616,55.36301,55.392887,55.159515,54.734196,55.361713,55.332054,55.32161,55.455566,55.046192,55.232315,54.925293,55.002037,55.23685,55.3413,55.44572,55.35727,55.546753,55.32139,55.25418,55.255802,55.593346,55.50338,55.343006,55.368473,55.271862,55.498478
46.485455,46.85596,46.82186,46.545578,46.707672,46.846508,46.803986,46.872627,46.905693,46.74167,46.4369,46.80042,46.917313,47.01171,46.65369,47.068386,46.873516,47.04489,46.938118,46.684483,46.85098,46.89691,47.087696,47.150154,47.056423,46.978096,47.040913,47.055412,46.755043,46.86224,46.942184
50.685345,50.29551,50.087135,50.36574,50.610725,50.795532,51.025,50.871914,50.094242,50.878803,50.38328,50.732872,50.79649,50.675106,50.802284,50.484592,50.48539,50.93436,50.495518,50.69562,51.095005,51.63963,50.488323,50.69597,51.00882,51.060074,50.915096,51.045536,50.87143,50.984474,51.15509
53.748886,54.338505,54.063408,53.904736,53.95958,54.127285,54.277462,54.129543,54.373024,54.42742,54.48297,53.943726,54.06892,53.81225,54.717133,54.19117,54.1597,54.106407,54.401375,54.59411,54.454655,54.442825,54.465492,54.601547,54.57703,54.658104,53.940674,54.799206,54.65992,54.56015,54.526306
49.400978,49.694584,50.012924,49.72441,49.752144,49.895824,49.620705,49.77481,49.781208,49.617188,49.558636,49.747154,50.092266,50.115368,49.87405,49.641964,50.021584,49.663467,49.76574,49.862602,49.81542,49.909973,50.222534,49.980156,50.201744,50.16771,50.136246,49.924248,49.76866,50.21712,50.108025
44.864944,44.988586,44.1305,44.572388,44.85556,44.598003,44.25615,44.595924,44.930645,44.93895,44.633453,44.434116,44.69451,44.537098,44.702477,44.492348,44.402534,44.89262,44.851154,45.099735,45.19906,45.081795,44.371624,44.850693,44.726162,44.912254,44.67568,44.90253,45.445087,45.02609,44.880093
44.7637,44.244007,44.708397,44.53703,45.151245,44.768974,44.910503,44.475765,44.488655,45.112087,44.8212,45.08954,44.95959,44.89259,44.885494,44.743576,45.16576,45.359478,45.19321,44.922573,45.21754,45.01553,45.24668,44.931152,44.671394,44.521408,45.5502,44.679188,44.895767,44.84748,45.052036
57.26924,57.332893,57.662964,57.594273,57.485947,57.60103,57.367558,57.469772,57.76476,57.5846,58.03493,57.500328,57.526493,57.55529,57.557686,57.6069,57.734505,57.194622,57.719383,57.759434,57.58526,57.411507,57.89636,57.74865,57.649307,58.069473,57.601463,57.998142,58.072407,58.14896,57.535305
47.179337,47.16584,47.44169,47.30743,47.47087,47.460155,47.574867,47.464653,47.288532,47.67341,47.24892,47.540264,47.693634,47.89565,47.577164,47.577785,47.51601,47.894653,47.644485,47.39677,47.7568,47.910934,47.675636,47.696983,47.719246,47.695892,47.984974,47.794632,47.33727,47.592285,47.921192
45.935883,45.906322,45.97351,45.832737,45.877045,46.063614,45.73368,46.090553,46.200752,46.04539,45.93713,46.074905,46.23639,46.451275,46.198498,45.743523,45.999126,46.436142,46.26329,45.857426,46.225346,46.649773,46.18825,46.604836,46.62749,46.308487,46.669147,46.086887,46.37089,46.386734,46.716015
55.96165,56.1383,56.22319,56.00112,56.307747,55.954975,55.935482,55.737938,55.887337,56.299347,55.689575,56.249554,56.595577,56.207485,56.39832,55.71498,56.106457,56.264446,56.271675,56.328133,56.479557,56.488094,56.53286,56.489433,56.27273,55.97882,56.69053,56.111435,56.405037,56.316864,56.636005
29.319996,29.425959,28.797348,29.043465,29.068386,28.783712,29.022774,29.125332,28.972397,28.924429,29.037542,28.979294,29.05276,28.982468,28.693417,29.423899,29.09127,29.235632,29.274239,29.193638,28.90304,29.43352,28.833431,29.422424,28.966358,29.193035,29.267601,29.279297,29.605215,28.902908,29.4655
44.877533,45.133244,44.84951,44.657074,45.293144,45.024864,45.008656,44.9846,45.1322,45.28824,44.845734,44.995544,45.137238,45.11663,45.401722,45.313297,45.090527,45.22775,45.31278,45.171486,45.411736,45.328327,45.17448,45.529945,45.004536,45.161507,45.338604,45.41382,45.399544,45.390526,45.46248
54.513805,54.28305,53.952232,54.534218,54.204445,54.364838,54.32195,54.815727,54.486965,54.169025,54.49967,53.75869,54.25358,54.176853,54.420048,54.68038,54.38523,54.44314,54.60192,54.50197,54.670986,54.91965,54.199623,54.694786,54.706882,54.58902,54.34081,54.889526,54.961018,54.784996,54.59118
49.408337,49.304268,49.519432,49.481873,49.643562,49.761707,49.47584,49.73235,49.9385,49.387184,49.726196,49.70693,49.7096,49.653427,49.7485,49.85887,49.70363,49.77693,49.918686,49.65926,49.82241,49.51516,50.09656,50.24813,50.11819,49.80828,50.125084,49.58735,49.86414,50.1014,50.011887
47.658985,48.12394,47.58177,47.40604,47.947548,47.66833,47.48074,47.681137,47.94028,47.66371,47.340294,47.552063,48.166023,47.55929,48.255043,47.651592,48.15756,47.75611,47.857864,48.0804,48.13137,48.21499,48.14431,48.536453,47.974083,47.480164,48.100765,47.810585,48.278057,48.250507,48.19987
41.06047,41.18865,41.112564,41.248703,40.815186,40.930443,41.197723,41.388653,41.23923,40.864475,41.01012,40.848827,40.69305,41.152782,41.22767,41.49127,41.21797,41.451366,41.20613,41.26216,41.483326,41.776497,41.084457,41.238167,41.462425,41.498917,41.408806,41.57574,41.462204,41.41184,41.49722
51.03317,50.654182,51.231316,50.884323,51.42576,51.04868,51.468414,51.154396,50.800297,51.090076,51.235188,51.30907,51.04326,50.927937,50.903996,51.49938,51.388016,51.1296,51.469322,51.00905,51.097336,51.187214,51.825108,51.37532,50.82302,51.037712,51.414425,51.20907,50.76975,51.190712,50.9567
47.58539,47.97033,47.358627,47.69736,47.791817,47.41849,47.774414,47.447952,47.606266,48.461094,47.72726,47.75653,47.77842,47.633564,48.08495,47.32531,47.68927,48.0964,47.945953,48.30425,48.33425,48.340828,47.83297,47.815117,48.00881,47.967506,47.868275,48.226955,48.18088,47.93713,48.22076
46.74465,46.91418,46.477013,47.230125,46.919525,46.58459,46.78033,46.852856,47.02173,47.049477,47.10563,46.740715,47.043,46.74971,47.19773,47.014675,47.144005,47.051216,47.12965,47.622364,47.355923,47.002766,47.04195,47.238335,47.335197,47.07778,47.21158,47.31492,47.382298,47.286034,47.45824
41.67469,41.831024,41.73429,41.823803,41.805305,41.28277,41.62639,41.426094,41.60551,41.752712,41.76193,41.68352,41.82933,41.787785,42.224224,41.83583,41.962025,41.85577,41.99212,42.27579,42.110424,42.114525,42.059902,41.99385,41.947136,41.83525,42.165993,41.944794,42.14483,42.119865,42.554626
54.730507,54.927135,55.168854,54.523884,54.78781,54.849003,54.844883,54.956455,54.945507,54.589146,54.765396,54.973625,54.95445,54.897602,54.70759,55.0162,55.053356,54.75545,55.02124,54.789776,54.60962,55.111156,55.325806,55.442963,55.015564,55.2694,55.134068,55.072197,54.902424,55.037724,55.010223
46.627125,46.97796,46.60566,46.358776,46.776848,46.906815,46.64244,46.899357,46.851578,46.86232,46.14704,46.87378,47.01781,46.993195,47.088146,46.747276,46.7863,46.971035,46.550694,46.799,47.268753,47.460396,46.78036,47.055878,46.880993,46.986824,47.011463,47.217216,47.040543,47.312412,46.94853
40.197853,40.369877,40.403725,40.35154,40.62319,40.60308,40.54233,40.557674,40.599857,40.432648,40.499847,40.72653,40.850914,40.781433,40.70138,40.838196,40.904522,40.57602,40.596104,40.76843,40.670086,40.4794,41.04669,40.923363,40.96355,40.850296,40.93129,40.681507,40.48778,41.03514,40.995018
47.95367,47.6964,47.56945,47.777977,47.482925,47.895885,47.793926,48.244797,48.118504,47.706474,48.02273,48.010117,47.717106,47.8985,47.874134,48.16038,48.217243,48.310757,48.175106,47.975986,47.89032,47.88744,48.08371,48.099487,48.39158,48.125763,47.984745,48.327057,48.136654,48.18537,47.957554
47.05248,46.751144,47.668396,47.43233,47.006058,47.333504,47.545944,47.194717,47.155006,47.35486,47.731056,47.764137,47.337044,47.722908,47.195946,47.505363,47.448654,47.772564,47.629463,47.387497,47.27373,47.31813,47.685425,47.35254,47.74137,47.9114,47.9501,47.599495,47.411716,47.27299,47.7959
43.02272,43.182896,43.01477,42.836094,43.181,42.949818,43.149395,42.91114,43.327377,43.332626,43.255325,43.306793,43.11977,43.220707,43.110523,43.426273,43.40693,43.399403,43.33628,43.27315,43.45802,43.572372,43.37205,43.701447,43.152813,43.314438,43.63624,43.389244,43.720734,43.428234,43.482708
55.18159,55.049362,54.76248,55.14483,55.391777,55.381767,55.48086,55.531235,55.314827,55.45524,55.06881,55.21322,55.423973,55.361214,55.54573,55.520943,55.548935,55.733204,55.487263,55.60896,55.887005,55.698322,55.51344,55.641884,55.89193,55.537758,55.69646,55.655643,55.42738,55.758144,55.75422
46.57779,46.78859,46.81485,47.306423,46.770287,47.130898,47.349945,47.40646,46.96806,47.363567,47.20513,46.94267,47.261543,47.170216,47.770287,47.230633,47.14997,47.456936,47.39292,47.330967,47.413715,47.176067,47.391926,47.25997,47.891445,47.30156,47.147655,47.84989,47.019695,47.365566,47.70086
47.021107,46.853546,47.063164,47.437824,47.605927,47.16549,47.49767,46.884003,46.748413,47.555042,47.15294,47.30244,47.785038,47.220127,47.27295,47.3159,47.23777,47.527767,47.414425,47.564293,47.756668,47.478436,47.39943,47.526947,47.214806,47.011024,48.003143,47.276154,47.60778,47.14681,47.817673
49.16959,48.661385,48.427048,48.7044,49.311142,48.897503,48.84656,48.93072,48.708168,49.306362,48.704865,48.95205,49.09413,49.24414,49.022636,49.1188,48.710793,49.386436,49.29005,48.938396,49.4133,49.394424,48.745457,49.107224,48.803192,49.020798,49.35434,49.238808,49.224472,49.209255,49.38354
59.09416,58.97574,59.249847,59.093025,59.403244,58.99002,58.99574,58.97439,59.067455,59.054176,58.664112,59.177933,59.397278,59.331215,59.353256,59.303997,59.543884,59.23677,59.223564,59.30231,59.71963,59.47647,59.71364,59.360184,59.086475,58.876404,59.70271,59.266064,59.28984,59.741096,59.248207
50.47394,50.062206,50.160797,50.093563,50.527336,50.366592,50.177338,50.2009,50.0213,50.041035,49.98137,50.31602,50.550274,50.40034,50.199654,50.50529,50.16743,50.340183,50.366352,50.353275,50.51811,50.507053,50.350494,50.406715,50.218163,50.38468,50.64091,50.235138,50.625195,50.592484,50.60022
49.77415,49.841015,49.739227,49.529675,49.776215,49.91909,49.917534,49.901222,50.046566,50.28633,50.010094,50.161194,49.857967,49.97432,49.922745,49.942574,50.01186,50.283627,50.16411,49.902973,50.076363,50.188633,50.05672,50.23432,49.978535,50.17697,50.09312,50.42777,50.26348,50.07403,49.94289
46.52047,46.536343,47.023735,46.53969,46.52433,47.01732,46.05277,46.705414,47.378307,46.351887,46.476585,46.93807,46.947227,47.30421,46.56247,46.512753,46.858463,47.185547,46.733612,46.525402,47.005642,46.87174,46.988262,47.141357,47.190365,46.96965,47.538036,46.476128,47.048943,47.173767,46.805393
50.452744,50.581264,50.65547,50.062138,50.42462,50.505405,50.68032,50.474648,50.519703,50.705784,50.647373,50.577362,50.33671,50.64754,50.7634,50.58885,50.777317,50.52315,50.7586,50.38357,50.657738,51.23571,50.95463,50.914963,50.663765,50.88021,50.68388,50.95954,51.08144,51.076813,50.864136
44.71338,44.28526,44.6277,44.53161,44.846474,44.86038,44.779694,44.76307,44.613014,44.733677,45.039818,44.912746,44.836327,45.035618,44.63646,45.051323,44.94323,44.84026,45.056725,44.77352,44.6082,44.71835,44.86197,44.99797,44.84707,45.255783,45.201424,44.96576,44.998642,44.990055,45.19774
34.12604,34.836678,34.598377,34.834663,34.468258,34.09987,34.40567,34.326923,34.492336,34.407417,34.05885,34.159855,34.65332,34.86061,34.46946,35.043293,34.38999,34.753716,34.53851,34.860565,34.826775,34.70768,34.353024,34.598694,34.59996,34.76107,34.872242,34.908455,34.570217,34.39445,35.11332
46.65842,46.71995,46.80767,46.811146,46.9057,46.54643,46.95667,46.62959,46.580437,46.965744,46.66044,46.927574,47.049114,46.966427,47.151352,47.086067,46.700157,47.11545,47.011818,47.013027,47.269787,47.35809,47.00323,47.262077,46.939934,46.918396,47.422653,47.126675,47.09235,46.989044,47.593357
45.077854,45.241325,45.168648,44.96189,44.91948,44.900913,45.03206,44.871624,45.21336,44.98077,45.240604,45.155327,45.035328,45.148853,44.646736,45.335426,45.320343,45.06944,45.15943,45.09775,45.05751,45.483585,45.21308,45.531708,45.07225,45.375473,45.453163,45.290195,45.89545,45.265373,45.27804
33.29248,33.481796,33.681904,33.40466,33.288662,33.955097,33.60024,33.75549,33.914898,33.754135,33.554256,34.05345,33.82622,34.427727,33.698666,33.851566,33.731087,34.311665,33.71274,33.422337,33.86184,33.848633,33.84179,33.80712,34.273285,34.149914,34.112564,33.98721,33.765835,33.963707,34.057095
53.13206,53.42098,53.44577,53.44364,53.113983,53.368008,53.203503,53.322395,53.479584,53.517036,53.45009,53.28736,53.518597,53.351185,53.690166,53.019203,53.336067,53.52625,53.64181,53.51062,53.59844,53.620274,53.73848,53.66288,53.908924,53.48645,53.49933,53.678307,53.864326,53.672478,53.717445
45.808193,45.62622,45.45549,46.27407,45.658073,45.68468,45.643154,45.824043,45.741104,45.83979,45.5901,46.40498,45.989563,46.075977,45.90482,45.80832,45.92492,46.157227,45.74429,46.31743,46.38349,45.535255,46.388203,45.328705,46.473553,45.893555,45.960453,46.065453,45.79246,46.54792,45.90241
52.798763,52.648685,52.354378,52.77028,52.795456,52.283504,52.298298,52.419567,52.38913,52.61277,52.34921,52.901966,52.80198,52.656403,52.58011,52.385452,52.74946,52.48734,52.51773,53.161575,52.977863,52.74212,53.018253,52.34327,52.709675,52.76071,52.711784,52.751167,52.709198,53.285786,52.66459
43.482685,43.20538,43.3805,43.75284,42.98652,43.4057,43.27498,43.679676,43.331436,43.458088,43.421257,43.89374,43.423615,43.808544,43.340683,43.160408,43.378063,43.857784,43.42819,43.43496,43.534706,43.72143,43.511337,43.174942,43.932606,43.83992,43.73779,43.882267,43.582283,43.746746,43.585297
57.342606,57.231388,57.48123,57.38966,57.401573,57.577793,57.59941,57.53395,57.419823,57.67759,57.191536,57.51967,57.502743,57.670013,57.73304,57.67643,57.38461,57.981472,57.603455,57.548904,58.09021,57.98029,57.467087,57.559303,57.582912,57.699554,57.886585,58.034134,57.808723,57.711994,57.68754
46.90747,46.574017,46.73384,46.749462,46.81787,47.14462,47.008236,47.130825,46.721676,46.97761,46.660038,47.21483,47.123672,47.30125,46.80887,47.047024,46.897472,47.40878,46.990818,46.813606,47.025036,47.235954,46.763607,47.06202,47.15883,47.313095,47.473686,47.293655,47.124645,46.98637,47.27974
42.72738,43.039234,42.82802,42.69054,43.139336,42.858665,42.891678,42.748478,42.999462,43.086433,42.90673,42.747307,43.096752,43.192417,42.945427,43.253002,43.028717,43.04713,43.20654,43.17082,43.092022,43.150696,42.980267,43.343628,43.0334,43.370377,43.271782,43.19982,43.269516,43.09836,43.520325
51.753048,51.93511,51.676033,52.00699,51.967285,52.202614,52.20858,51.968365,51.962852,52.169495,52.128468,51.6556,52.166153,51.576813,52.157486,52.112396,51.61212,52.065044,52.01303,52.30925,52.570602,52.456974,51.75219,52.377625,52.170666,52.231865,52.086666,52.380917,52.917637,52.136276,52.340126
56.842377,56.2787,56.60813,56.611034,56.75374,57.058426,57.358265,57.251698,56.853405,57.1253,57.459766,57.19768,56.73827,57.021843,57.256424,57.435535,57.299717,57.247276,57.541317,56.913944,56.975216,56.856415,57.67119,57.17878,57.560062,57.322884,56.938034,57.511013,56.85091,57.48528,57.255074
48.86936,49.34075,48.7231,49.140293,48.945282,48.841454,49.20276,49.112156,49.093212,49.69989,48.903297,49.484776,49.272655,49.307888,49.48087,48.9817,49.055866,49.44389,49.199226,49.359043,49.63971,49.59539,49.5472,49.357986,49.74726,49.337822,49.23332,49.780376,49.28287,49.656994,49.60072
48.518627,48.083954,48.56344,48.34854,48.80001,48.80419,48.257816,48.53504,48.414993,48.52918,48.227383,48.669277,48.887722,48.871616,48.61798,48.290356,48.21612,48.915207,48.777145,48.29624,48.79641,48.81277,48.551018,48.86705,48.59661,48.581512,49.318264,48.376495,48.715725,48.68615,48.972473
43.17136,43.607616,43.46837,43.60961,43.33069,43.00423,43.33991,43.101982,43.519897,43.49732,43.61241,43.673138,43.43823,43.466553,43.566628,43.655434,43.87003,43.375652,43.497684,44.11702,43.604004,43.336895,43.805325,43.57148,43.61354,43.828384,43.73768,43.8912,43.883663,43.83062,43.83479
45.69859,44.987087,45.1941,45.48524,45.272057,45.277725,45.19583,45.319405,44.84401,44.88655,45.31477,45.249233,45.364918,45.180664,45.200947,45.249176,45.108,45.524017,45.48722,45.671967,45.36204,45.469536,45.194103,44.9953,45.47727,45.542427,45.50314,45.202538,45.609787,45.30319,45.705685
56.019012,56.0745,56.281914,56.56901,56.07531,56.406425,56.345306,56.272785,56.43047,56.659576,56.31248,56.498497,56.37995,56.590374,56.52844,56.06554,56.409218,56.74197,56.319798,56.54733,57.10856,56.764935,56.75293,56.201492,56.97499,56.582832,56.662537,56.72855,56.691845,56.95196,56.455776
45.58254,45.172825,45.23551,45.29706,45.873146,45.666393,45.75382,45.52681,45.473522,45.635746,45.8546,45.652596,45.80054,45.636646,45.831554,46.023335,45.760998,45.786926,45.849903,45.965908,45.895874,45.882454,45.572052,46.13717,45.72653,46.04545,46.238346,45.772327,46.125324,45.924007,46.40066
48.591034,49.35743,48.398285,48.76524,48.805397,48.35238,48.79002,48.620327,49.159283,49.15246,48.64931,49.018063,48.960518,48.89035,49.360413,49.16495,49.27354,48.91906,48.97425,49.44978,49.47437,49.065628,49.552425,49.40808,49.479702,48.913254,48.973248,49.37664,49.339108,49.73184,49.469753
43.321556,42.998814,42.78434,43.53452,43.00255,43.22748,43.57466,43.467762,43.102844,43.365685,43.805008,43.315308,43.375473,43.178825,43.409782,43.840195,43.26586,43.583916,43.637215,43.63746,43.37661,43.328335,43.14999,43.580223,43.742184,43.63452,43.441578,43.924892,44.005836,43.384216,43.987103
44.88991,45.04116,45.3367,44.819168,45.34749,45.25383,44.918297,44.818237,45.31769,45.412086,45.256096,45.083885,45.48393,45.419643,45.35852,44.888847,45.26416,45.408222,45.47161,45.103073,45.463257,45.656757,45.399105,45.794365,45.21724,45.2156,45.842854,45.103508,45.717926,45.361755,45.658928
65.73602,65.39399,65.14869,65.53018,66.006096,65.439896,65.40662,65.60193,65.58818,65.88705,65.62636,65.72579,65.82799,65.492516,66.03638,65.699165,65.92079,65.41606,65.98954,65.905365,66.01806,65.583206,66.189804,66.04917,65.61496,65.421,65.794685,66.033264,66.03218,66.53001,65.76874
43.13315,43.04575,42.788765,42.796253,42.87243,42.712082,42.590683,42.671333,42.824165,42.92809,43.00228,43.022938,43.154446,43.04659,42.88994,42.82042,42.823803,43.059116,43.20851,43.106995,42.87755,43.141075,42.95394,43.169388,43.04056,43.102722,43.114567,43.01657,43.532375,43.059147,43.45311
46.31937,46.345825,46.207954,46.042267,46.515915,46.52962,46.62256,46.468243,46.589817,46.733913,46.63879,46.646606,46.372986,46.372894,47.008495,46.222515,46.847343,46.796997,46.57323,46.92026,47.056328,47.227795,46.85098,46.87024,47.022003,46.972458,46.940865,46.674217,46.870182,47.120914,47.038773
57.145905,56.78045,56.971985,57.014977,57.419106,57.38878,57.15798,57.31907,57.25186,57.282642,57.07862,57.32004,57.385185,57.135246,57.223568,57.151623,57.540016,57.415874,57.313442,57.22567,57.660282,57.48948,57.567226,57.570107,57.23729,57.054825,57.724,57.326954,57.446217,57.67227,57.063297
43.410347,43.39564,43.422432,43.04852,43.49517,43.655605,43.571846,43.4671,43.309643,43.690323,43.267765,43.33248,43.48427,43.697575,43.549984,43.547462,43.193752,43.94325,43.661087,43.399506,43.726753,44.149254,43.086456,43.635857,43.42334,43.929398,43.810974,43.833054,43.877934,43.361656,43.936268
45.937088,45.616505,45.79976,45.83855,45.991776,45.901085,45.71969,45.887383,45.58115,45.693497,45.797558,45.648487,46.096916,45.68332,45.62076,45.945663,45.518913,45.952293,46.15101,45.718483,45.720222,45.97503,45.54902,46.250816,45.52168,45.75161,46.243862,45.923508,46.306046,45.523834,46.090794
40.46168,40.584576,40.511063,40.433117,40.503906,40.84021,40.76992,40.892513,40.65148,40.388084,40.16127,40.667484,40.81949,40.87148,40.697395,41.139458,40.81404,41.005085,40.48621,40.670574,40.995136,41.025826,40.657295,40.834625,40.896893,40.847107,40.98105,40.990498,40.769238,40.9074,40.86674
45.660725,45.16881,45.292877,45.421936,45.30401,45.29799,45.12478,45.228317,45.120365,45.19761,45.24752,45.610035,45.36698,45.451077,45.121105,45.215366,45.203342,45.600082,45.391647,45.48238,45.56511,45.62888,45.327187,45.12702,45.348995,45.510536,45.687206,45.34864,45.852047,45.57432,45.492474
45.50024,45.871628,45.970253,45.578747,45.76831,45.883434,46.039913,45.606613,45.890167,46.028625,45.823235,45.970234,46.062683,46.05601,46.036266,45.94669,45.99409,46.16525,45.957664,46.00671,46.239555,46.381275,46.229656,46.299843,46.26367,46.177345,46.330917,46.048904,46.267345,46.080395,46.434956
40.79561,41.28961,40.95957,41.394634,41.055,40.82316,41.31894,41.013313,41.097355,41.533863,41.10705,41.382164,41.44118,41.477497,41.678215,41.513462,41.48514,41.462368,41.287457,41.73501,41.662205,41.337975,41.550377,41.36161,41.686523,41.39834,41.506046,41.86739,41.408092,41.6179,41.933846
42.60704,42.74229,42.572693,42.47547,42.924385,42.590466,42.786266,42.512566,42.763752,42.84437,42.61668,42.820038,42.905926,42.855125,42.87842,43.129784,43.118313,43.02032,43.00333,42.986347,43.064304,42.93011,43.05706,43.23899,42.826424,42.72502,43.286453,42.90142,43.159557,42.991478,43.258057
45.59022,45.634747,46.020622,45.75849,45.48642,45.87009,45.8857,45.859303,45.869156,45.743362,45.91027,45.981037,45.94907,46.206615,45.71751,46.213806,46.15563,46.07388,45.95549,45.71852,45.7867,45.984303,46.05406,46.080757,46.03739,46.12047,46.19254,46.30715,46.140476,45.980415,46.02947
52.278015,52.61547,52.22825,52.21589,52.670685,52.312336,52.16766,52.350212,52.76309,52.554455,52.431065,52.143177,52.419468,52.392727,52.723976,52.626434,52.50745,52.424587,52.710392,52.95323,52.76508,52.58023,52.391335,52.917656,52.5112,52.953987,52.677906,52.84426,52.937134,52.852474,52.889748
39.75926,40.305702,40.04191,39.61272,39.781113,39.93405,39.8349,39.98868,40.611843,39.79935,39.87838,40.082645,39.732616,40.208717,39.915997,40.561672,40.456684,40.26539,40.008343,40.23363,40.25493,40.123466,40.269756,40.28614,40.20575,40.494232,40.173634,40.365105,40.29649,40.44931,39.985752
53.675797,53.78004,54.018517,53.722084,54.10189,54.19264,53.954735,53.93708,54.010563,53.881325,53.801437,54.080532,54.333084,53.939705,53.83289,54.12193,54.19349,53.930195,54.04185,53.98029,54.01172,53.86398,54.328136,54.466644,53.97939,54.011246,54.37931,54.084988,54.20832,54.139282,53.959084
48.333076,48.15851,48.201218,48.43496,48.463776,48.137924,48.415375,48.481567,48.306137,48.35074,48.32593,48.346954,48.307922,48.640842,48.49753,48.85642,48.581055,48.643677,48.750023,48.639973,48.583206,48.46083,48.644936,48.534653,48.674828,48.722595,48.75913,48.76261,48.296505,48.706142,48.911076
40.48995,40.38778,40.476357,40.851246,40.516937,40.256294,40.378952,40.42403,40.420116,40.661034,40.83759,40.812744,40.68015,40.83777,40.65146,40.575466,40.437504,40.588837,40.66775,40.861443,40.742397,40.74886,40.723324,40.58265,40.767155,41.00805,40.88232,40.895416,40.780453,40.994423,41.10087
34.49487,34.420555,34.54014,34.052475,34.023987,34.560074,33.896034,34.57769,34.680687,33.806023,33.99018,34.446552,34.266876,34.680702,34.10034,34.244766,34.28415,34.84804,34.198257,34.151745,34.447926,35.002182,34.07873,34.495453,34.532684,34.77856,34.85198,34.28076,34.704037,34.496902,34.43202
45.494022,45.896084,45.464455,45.8234,45.56935,45.825897,45.703594,45.984642,45.94062,45.88656,45.4769,45.440697,45.949963,45.969734,45.922096,46.11243,45.79787,46.054874,45.79379,45.872967,46.15163,46.119106,45.459106,46.093094,46.014282,45.96797,45.96527,46.501884,46.322693,45.990726,46.08168
52.58283,52.416107,52.81034,52.181286,52.86566,52.84835,52.39374,52.72433,52.76488,52.57978,52.18831,52.756775,52.956383,53.412136,52.34204,52.795288,52.94238,52.858116,52.825817,52.12703,52.702118,53.01156,53.09054,53.03589,52.676537,52.78399,53.22356,52.679047,52.453358,53.08363,52.659534
50.9335,51.41124,51.359787,51.50695,51.14309,51.41352,51.506207,51.30073,51.619698,51.629364,51.642017,51.495617,51.599598,51.454025,51.72178,51.40887,51.726665,51.591152,51.51298,51.954857,51.793728,51.498753,51.87735,51.691597,52.165527,51.88053,51.64079,51.88355,51.841965,51.838177,51.86342
38.88223,38.810738,38.5038,38.757034,38.827896,38.755108,38.730255,38.812332,38.87598,38.749706,38.533302,38.979263,38.869003,38.77735,38.85376,39.042305,38.941513,39.32297,38.921932,39.052242,39.29403,39.007595,38.92827,38.992058,38.966904,38.65085,39.230907,38.901714,39.226204,39.029503,39.02343
51.75979,52.333565,52.430138,52.189964,51.98986,51.84785,51.831448,51.801373,52.381348,52.4311,52.096115,52.452133,52.069992,52.417526,52.313564,51.667057,52.270096,52.287544,52.252922,52.55954,52.464256,52.2623,52.79231,52.07634,52.619724,52.65622,52.38018,52.418537,52.154137,52.627407,52.333004
42.27836,42.35858,42.805046,42.82579,42.71879,42.46157,42.615086,42.463135,42.011517,42.559383,42.348938,42.753487,43.108135,42.893665,42.466824,42.722633,42.748024,42.37215,42.555264,42.663902,42.394188,42.416317,42.8875,42.471428,42.366585,42.617996,42.879345,42.935028,42.313244,42.599293,42.74755
40.77701,40.967113,41.028015,41.24334,40.73181,41.054848,40.800835,41.06173,40.920162,40.58041,40.842003,40.679737,41.26404,40.943184,40.980698,41.033436,40.89654,40.98425,40.96123,41.089596,41.000015,41.083324,40.858513,41.218384,41.26792,41.05037,41.26532,41.134174,41.52816,41.011295,41.378998
55.990437,55.838993,56.070564,55.8925,56.13566,56.18296,56.086254,56.100063,56.023464,56.011463,56.075306,56.228924,56.123688,55.984497,56.011135,56.191467,56.149727,56.13934,56.250896,56.338158,56.13716,55.963585,56.354687,56.153633,56.159954,56.463486,56.22813,56.318146,56.142117,56.263756,56.071262
52.2156,51.721878,52.095795,51.918095,51.978218,52.56238,52.262344,52.585327,52.63875,52.280178,52.80836,52.5929,52.077003,52.371597,52.296806,52.337585,52.562744,52.619686,52.580578,52.074844,52.36385,52.526398,52.64758,52.779877,52.779423,52.730324,52.657436,52.567497,52.686775,52.84398,52.352875
54.80839,55.322365,55.061607,55.302204,54.8711,55.05389,54.959827,55.175907,55.274307,55.561672,54.934452,55.633987,55.407413,55.634735,55.310387,54.77227,55.03864,55.283455,55.109314,55.378,55.406906,55.315083,55.57985,55.20726,55.941467,55.81279,55.29841,55.785255,55.194252,55.781155,55.506927
55.80343,55.729744,56.147255,55.674538,56.10492,55.795513,55.528522,55.681076,55.99923,55.691097,55.507736,55.681618,55.97687,56.124397,56.142857,55.997414,56.07733,56.082302,56.187977,55.930286,56.32639,56.10786,56.3283,56.128258,55.83542,55.73919,56.375793,55.848427,55.994923,56.305832,56.07691
29.361233,29.885523,29.933939,30.048489,29.734518,29.324461,29.674456,29.470951,29.681017,29.437988,29.5334,29.900177,29.908783,30.15644,29.499989,30.280226,29.934391,29.681385,29.543854,30.142673,29.853052,29.745512,29.982456,29.797546,29.858086,30.184998,30.277859,29.907047,29.68515,29.953438,30.272734
45.45862,45.52837,45.50058,45.50421,45.57155,45.71529,46.329494,45.890045,45.307037,45.788483,46.014965,45.711517,45.858295,45.56099,45.931057,46.532787,46.018887,45.65829,46.141373,45.827908,45.336872,45.53262,45.950882,46.22641,45.89974,45.9887,45.704224,46.494987,46.01337,45.651756,46.339916
41.1288,41.81915,41.5784,41.5718,41.45501,41.02048,41.334084,41.16278,41.471066,41.542694,41.380238,41.47426,41.729862,41.573376,41.720833,41.824123,41.756195,41.32449,41.558426,41.91634,41.551964,41.489544,41.68764,41.86817,41.393494,41.596855,41.742413,42.040237,41.884075,41.688637,41.969837
51.03277,50.93032,50.74489,51.498367,50.984505,51.178295,51.279446,51.386097,51.13345,51.628223,51.562115,51.278862,51.344944,51.246803,51.28709,51.04941,51.115376,51.46773,51.456562,51.426678,51.450798,51.409603,51.315758,51.365486,51.82302,51.5679,51.332024,51.80221,51.53687,51.49901,51.581745
48.764767,48.854176,48.509415,48.906075,49.029594,48.788925,48.959187,48.91088,49.042362,49.08807,48.920208,48.815773,49.00987,48.768673,49.34145,49.21058,49.206474,49.268135,49.225494,49.482975,49.481987,49.051594,49.127094,49.342308,49.273163,48.975136,49.29926,49.292553,49.34744,49.27414,49.43507
50.946613,50.788624,50.913742,50.821613,50.870537,50.687717,50.787247,50.763103,50.901825,51.10417,51.351246,50.924618,50.74692,51.072273,50.991447,51.042454,50.758102,50.94236,51.470676,50.92703,50.83571,51.05717,51.075912,51.24666,51.02363,51.37741,51.105816,51.30023,51.463276,51.193073,51.484505
46.122868,45.972363,46.505005,46.597973,45.967102,46.35572,46.06898,46.355762,46.28942,46.01233,46.127922,46.392582,46.398148,46.52586,46.336143,46.160122,46.359047,46.72639,46.3311,46.43491,46.56986,46.3374,46.520027,46.09175,46.733143,46.40011,46.721317,46.407272,46.35952,46.45997,46.409687
56.12543,56.262993,56.16455,56.27145,56.658676,56.415554,56.706818,56.44721,56.020573,56.706734,56.393475,56.32875,56.711273,56.126526,56.48367,56.325726,56.51674,56.122524,56.56522,56.515045,56.48354,56.620567,56.929317,56.755516,56.497612,56.424072,56.390602,56.76017,56.384724,56.673985,56.523045
47.712337,47.26638,47.609055,48.078686,47.596344,47.803703,48.358276,47.928375,47.157272,47.904808,48.168156,47.640892,47.87153,47.675327,47.846,48.145866,47.827812,48.056732,48.090633,48.05282,47.871788,48.022705,47.78506,47.648003,48.044632,48.05806,47.885742,48.37784,48.029213,47.626728,48.25417
46.06895,46.306145,46.67546,45.79816,46.310394,46.18506,46.108223,45.987614,46.43292,45.94029,46.49112,45.95116,46.109642,46.20572,46.37635,46.35693,46.330437,46.117233,46.64869,46.302315,46.14731,46.57359,46.632008,46.87822,46.35941,46.69181,46.59684,46.104324,46.6876,46.443577,46.83962
50.716064,50.670025,50.70507,50.90026,50.844826,50.810715,50.857655,50.82987,50.965244,51.184605,50.958195,51.309643,50.98551,51.272995,51.037464,50.552876,51.135456,51.2324,50.936832,51.245827,51.42145,51.379585,51.481102,50.970833,51.686375,51.469948,51.404716,51.06901,50.909733,51.619358,51.36177
55.994846,55.988743,56.14765,56.286877,56.361565,56.05184,56.35895,56.045113,56.085068,56.38586,56.52032,56.621685,56.475937,56.113636,56.43626,56.331783,56.772633,56.02625,56.53954,56.687866,56.290047,55.853325,57.234318,56.512,56.592197,56.288773,56.44108,56.48776,56.318733,56.8078,56.483322
51.02994,50.421032,50.57544,51.13387,50.619904,50.508408,50.714222,50.890747,50.671494,50.734562,51.14657,51.23762,50.634434,51.122223,50.749992,51.029053,50.83422,50.862656,50.952843,51.0675,50.992634,50.934868,51.15308,50.612274,51.236774,51.40483,51.020855,51.22384,51.003426,51.58284,51.176693
42.193577,42.358837,42.559036,42.59017,42.11312,42.310463,42.63636,42.747723,42.75608,42.428703,42.730293,42.91547,42.341125,42.987362,42.641056,43.13417,43.163155,42.799267,42.744675,42.73115,42.47357,42.374134,43.14196,42.71221,43.190735,43.13704,42.853523,43.200565,42.36219,43.0446,42.909992
40.91498,41.442627,40.894844,41.187325,41.136307,40.92262,41.269455,41.14775,41.242664,41.26623,41.15517,41.070026,41.335968,41.158226,41.702827,41.58205,41.356243,41.1998,41.31835,41.61643,41.595707,41.488632,41.527367,41.673706,41.645668,41.344078,41.306156,41.67435,41.621037,41.739563,41.92277
51.694595,52.154144,52.146446,52.332493,51.888153,52.368927,52.311787,52.490536,52.28868,52.402283,52.17699,52.171974,52.410797,52.487232,52.33476,52.50609,52.322086,52.34367,52.419456,52.331406,52.1523,51.895145,52.424213,52.313576,52.761547,52.699432,52.127827,53.073883,52.189217,52.377796,52.388153
44.101597,44.22073,44.45691,43.891083,44.504593,44.40393,43.923332,44.171627,44.46698,44.064213,44.14703,43.997154,44.42634,44.408024,44.275604,44.506622,44.24266,44.26481,44.523205,44.178455,44.271767,44.341602,44.20965,44.793327,43.968567,44.4365,44.68652,44.31493,44.64635,44.364063,44.499424
44.52118,44.377567,44.526108,44.81498,44.13697,43.98632,44.28635,44.309624,44.438526,44.30919,44.905716,44.67995,44.180164,44.600204,44.993538,44.658897,44.438908,44.591488,44.817036,45.10846,44.669342,44.455296,44.822754,44.33204,45.05794,45.10292,44.626434,44.874798,44.86425,45.07217,45.33397
44.012203,43.9501,43.66617,44.12108,43.889748,43.761322,43.567135,43.918495,44.179993,43.98048,44.280807,43.9413,43.930737,43.86456,44.218296,43.72198,44.192955,44.029034,44.122932,44.485508,44.28106,44.186554,44.067513,44.160522,44.300392,44.226616,44.23477,44.1996,44.648476,44.561096,44.33513
51.619083,51.04756,51.177483,51.189857,51.34828,51.64861,51.12505,51.61026,51.634575,51.141403,51.644318,51.437035,51.385365,51.33764,51.397926,51.284943,51.601692,51.51752,51.61564,51.33227,51.583622,51.710487,51.660664,51.806465,51.731297,51.52057,51.74718,51.343666,52.05759,52.046947,51.49605
44.510292,44.353153,44.095146,44.62269,44.10624,44.23067,44.716022,44.551533,44.09854,44.724632,44.613262,45.022705,44.504208,44.66296,44.819305,44.464035,44.499405,44.806885,44.59043,44.907368,44.69141,44.75512,44.856804,44.278725,45.27684,45.01513,44.51035,45.0748,44.59479,44.97614,45.176994
58.42872,58.550823,59.030052,59.2075,58.718452,59.16448,59.643066,59.13036,58.7741,59.374897,59.242714,58.862915,59.02713,59.043312,58.910175,59.21371,59.143425,59.197853,59.11533,58.96154,59.345703,59.420135,59.363274,59.105095,59.44761,59.33288,59.18676,59.705864,59.16037,59.099968,59.07929
46.01121,45.860672,46.113945,46.136574,45.7714,45.783016,45.754818,45.796856,45.594387,45.770313,46.005325,45.974094,46.02246,45.837772,45.723507,45.745693,45.49929,45.86562,45.986305,45.992146,45.80177,46.216816,45.699104,45.968094,45.76909,46.209244,46.18298,46.12901,46.50818,45.806366,46.22339
44.316128,44.516827,44.40439,44.584126,44.446815,44.60174,44.640945,44.869144,44.605495,44.67569,44.78659,44.565777,44.710854,44.577408,44.806423,44.882515,44.62412,44.52136,44.75121,44.663868,44.52276,44.67694,44.616974,45.039017,44.7533,44.960495,44.666203,45.31002,44.8713,44.861122,44.9104
49.4985,49.70218,49.32914,49.404995,49.37654,49.100502,49.0784,49.38397,49.519695,49.412754,49.572395,49.46251,49.528706,49.392628,49.30849,49.460934,49.602684,49.08725,49.656803,49.508163,49.1913,49.480377,49.749386,49.860878,49.401573,49.53984,49.373314,49.83294,49.91619,49.86125,49.523815
49.271572,49.31653,49.780464,49.256683,49.305573,49.647182,49.44795,49.62176,49.56499,49.2057,49.416355,49.488445,49.45922,49.70467,49.468124,49.582787,49.63031,49.599854,49.58717,49.449223,49.388966,49.757862,49.595276,49.802597,49.754944,50.090813,49.954784,49.731274,49.68361,49.651505,49.818344
41.270756,41.29625,41.242485,41.34823,41.147293,41.310623,41.72506,41.47993,41.254562,41.730362,41.65866,41.54757,41.328857,41.514294,41.623657,41.396446,41.63935,41.685074,41.407257,41.498634,41.826458,42.348045,41.632935,41.556786,41.7544,41.758278,41.639046,41.983807,41.815426,41.86332,41.78038
50.75856,50.802208,50.56424,51.22142,50.842705,50.851044,50.874523,51.0929,50.810493,50.960495,50.9003,51.172745,51.03926,50.75974,50.85415,50.816162,50.922714,50.641266,50.651115,51.207108,51.23005,50.997227,51.273975,50.816017,51.16257,51.137474,50.834526,51.376358,51.036007,51.6293,50.7212
46.938797,46.704548,46.8602,46.812668,46.815155,46.857372,46.681305,46.79511,47.016567,46.783836,46.906506,47.15081,47.064304,47.10897,46.588253,47.10267,47.050343,47.24914,47.183376,46.832634,46.906708,46.877365,47.08551,47.316406,47.0122,46.90631,47.474663,46.941177,47.376194,46.969685,47.10987
46.599026,46.36236,46.642868,46.60387,46.713142,46.71294,46.881077,46.77783,46.743614,46.77805,47.20145,46.639248,46.604336,46.778683,46.928997,47.167545,46.91312,46.889736,47.202526,46.83301,46.81646,46.86828,46.95321,47.14148,46.935852,47.104355,47.056034,47.112213,47.120846,47.013412,47.25853
53.20712,53.220787,52.827286,52.80282,53.47283,53.172905,52.853924,53.117245,53.115948,53.15891,53.133224,52.75483,53.395664,52.984802,53.185375,53.122,52.986893,52.84629,53.47609,53.234253,53.068207,53.298622,53.070637,53.731087,53.053066,53.34426,53.19159,53.29432,53.707806,53.411804,53.538795
43.32518,43.760727,43.880142,43.44706,43.728302,43.527317,43.245113,43.50328,44.125862,43.5322,43.42847,43.330612,43.91032,44.405373,43.976925,44.36655,44.07154,43.87278,44.02499,43.651035,43.890682,43.760056,43.814594,44.344376,43.74052,43.834106,44.29462,44.04875,44.042587,44.101166,44.33393
43.576694,43.269615,43.051643,43.415478,43.38276,43.604633,43.416336,43.583076,43.333843,43.425545,43.6727,43.21707,43.612617,43.34452,43.275013,43.593765,43.318184,43.651077,43.6913,43.564358,43.45018,43.66679,43.064358,43.70883,43.555664,43.70691,43.600803,43.73235,44.167988,43.39527,43.797886
41.62016,41.92941,41.872253,42.163185,41.45321,41.47442,41.7529,41.627876,42.125275,41.984035,42.139057,42.540215,41.731342,42.213383,42.167915,41.874577,42.261078,42.223164,41.994473,42.571487,42.295353,41.688683,42.829414,41.612007,42.864456,42.41577,42.016205,42.19285,41.880287,42.67031,42.306515
56.15054,56.08229,56.1341,56.00966,56.313797,55.841934,56.345478,55.95953,56.026424,56.33597,56.353203,56.39431,56.054886,56.210762,56.07931,56.525696,56.3366,55.92687,56.291855,56.29035,56.383995,56.63926,56.61095,56.526306,56.03733,56.55867,56.455406,56.598106,56.59117,56.76568,56.4322
34.71917,34.69919,34.6136,34.737534,34.758087,34.47187,34.405273,34.63834,34.61492,34.523506,34.643787,34.56705,34.75908,34.684456,34.799084,34.795147,34.713627,34.859493,34.894596,34.961,34.78867,34.81932,34.63938,34.8071,34.59533,34.720245,34.970406,34.82415,34.921185,34.755795,35.043373
43.32537,42.904907,43.191307,43.211746,42.861748,43.254166,42.870956,43.217915,43.288185,43.052128,43.65483,43.24627,43.02824,43.450165,42.599586,43.04528,43.050194,43.391125,43.401745,43.05894,42.954266,43.3534,43.039803,43.121254,43.377224,43.811485,43.35976,43.30344,43.656937,43.250847,43.223526
37.15048,37.00657,36.762352,36.743935,36.75847,37.202877,36.700428,37.16737,37.28134,36.71524,37.21243,37.317448,36.934277,37.010284,36.754143,37.035675,37.185978,36.96604,36.878365,37.032852,36.983173,37.086544,37.17088,37.048615,37.191246,37.379257,36.919907,37.137108,37.549896,37.644024,36.791264
46.72262,46.62145,46.887276,46.534924,46.79489,46.899136,47.13989,46.94964,46.89725,47.012707,46.93715,47.273067,46.800713,47.090797,46.964436,47.2457,47.36579,47.342224,47.10977,47.016216,47.07222,47.086006,47.367943,47.04296,47.097534,47.23539,47.239418,47.317066,46.80055,47.13897,47.00553
40.620644,40.474163,40.80934,40.305904,40.552155,40.35111,40.494896,40.30625,40.375553,40.52792,40.589275,41.014538,40.607304,41.11115,40.337284,40.897995,40.56516,40.72029,40.76782,40.5023,40.38837,40.773956,40.739304,40.690857,40.453747,41.1165,41.026672,40.785954,40.724186,40.698917,41.054424
45.04691,45.589542,45.748306,45.118538,45.28514,45.541683,45.341072,45.064945,45.91455,45.652515,45.589603,45.25593,45.440865,45.79984,45.769165,45.418873,45.64403,45.856625,45.683273,45.590054,46.02599,46.105793,45.720604,45.931625,45.91839,45.88005,45.969788,45.59424,46.295074,45.846794,46.06514
43.23093,43.42222,43.44771,43.178513,43.285492,42.975086,43.241806,43.09798,43.119404,43.34904,43.231396,43.499996,43.346607,43.5393,43.476986,43.216213,43.500797,43.361614,43.491447,43.52392,43.334316,43.692444,43.762657,43.46164,43.55074,43.644325,43.62264,43.510567,43.3873,43.62742,43.88173
45.42186,45.431908,45.378998,45.381615,45.282204,45.432713,45.628967,45.58165,45.464203,45.522633,45.75485,45.631783,45.461067,45.548992,45.620968,45.737064,45.717983,45.49715,45.750874,45.469585,45.447094,45.76182,45.83376,45.955208,45.856697,45.77706,45.713577,45.936146,46.07664,45.93201,45.990192
44.81918,44.44466,44.606247,44.701897,44.86965,44.71468,44.399708,44.71583,44.506413,44.550373,44.244434,44.631313,44.897274,44.993347,44.469666,44.59138,44.61835,45.051334,44.74148,44.65735,45.00296,45.086773,44.600967,44.61412,44.62059,44.681725,45.20645,44.63982,44.72665,44.80378,44.79807
41.2215,41.36905,41.554314,41.428246,41.018265,41.385593,41.6767,41.602825,41.471745,41.195686,41.86713,41.582428,41.25703,41.540524,41.56138,41.93975,41.787693,41.3446,41.488472,41.69108,41.31923,41.606094,41.777843,41.59787,41.90648,42.21859,41.485973,42.043324,41.75474,41.91716,41.866364
56.87,56.57868,56.595993,56.568676,57.046967,56.61519,56.767204,56.942196,56.516148,56.587658,56.476036,56.43422,56.858414,56.720203,56.65266,57.264977,57.01813,56.658504,57.164692,56.594624,56.632473,56.920574,56.877487,57.313683,56.456676,56.578598,57.097904,57.092407,56.936783,56.874287,56.958874
39.92081,39.671204,39.511055,39.382774,39.785736,39.894947,39.518127,39.98171,40.26305,39.56322,39.537914,39.94744,39.7327,40.098972,39.935886,40.561016,40.12979,40.487583,40.223526,39.726006,40.05004,39.670887,39.797043,40.370773,39.89193,39.72126,40.416866,40.01962,40.32519,40.10244,40.119045
44.314014,44.464268,44.14097,44.15505,44.606033,44.32365,44.215492,44.21629,44.430355,44.49216,44.122593,43.97584,44.576847,44.535923,44.622086,44.684563,44.39392,44.726696,44.793434,44.560482,44.73921,44.633503,44.23277,44.85649,44.426678,44.367744,44.811268,44.57807,44.98557,44.459137,45.06218
59.456776,59.652523,59.664276,59.473648,59.65309,59.56959,59.830105,59.47679,59.782387,59.915092,59.539154,60.08642,59.740036,59.624474,59.888912,59.652107,59.932384,59.864513,59.698246,59.874134,60.364594,60.16254,60.54533,60.026176,60.054077,59.6774,60.002182,59.89621,59.967976,60.37467,59.74072
50.159386,49.990257,49.71736,50.024624,50.28961,50.016167,50.078503,50.17822,50.00619,50.018875,49.97567,49.91097,50.333702,50.23235,50.451534,50.403404,50.38227,50.30684,50.500126,50.54041,50.3864,50.19623,50.468327,50.382286,50.67098,50.288826,50.355873,50.266376,50.209312,50.576923,50.845207
47.149754,47.3189,47.932022,47.62966,47.530746,47.474537,47.790565,47.358887,47.399055,47.788445,48.22708,47.644573,47.78266,47.707687,47.656765,47.851883,47.69873,47.411167,47.87533,47.82292,47.41627,47.60078,47.93029,47.850327,47.56595,48.180153,47.76121,48.13817,47.7243,47.62375,47.977802
30.938385,31.37735,30.87875,30.737854,31.134026,30.964447,31.367956,30.935684,31.185894,31.549292,31.58259,31.38195,31.069618,30.967875,31.47589,31.271042,31.289886,31.224907,31.267006,31.517471,31.363039,31.715017,31.27708,31.69572,31.249008,31.628681,31.342485,31.589993,31.849764,31.468212,31.7885
61.468327,61.663147,61.5027,61.67341,60.919655,61.828373,61.292213,62.05889,61.99701,61.630848,61.36268,61.580692,61.433533,61.925785,61.85586,61.22827,61.688553,62.03037,61.714104,61.689564,61.881233,61.767544,61.873283,61.33706,62.654404,62.16442,61.358704,62.305252,61.77851,62.261364,61.528812
47.84869,47.13166,47.50154,47.668564,48.007874,47.65309,47.435265,47.552128,47.34084,47.260628,47.44127,47.534122,47.86963,47.61608,47.194283,47.94944,47.653725,47.668877,47.81015,47.53054,47.746555,47.603916,47.631706,47.808098,47.184784,47.289352,48.22333,47.389935,47.964176,47.688496,47.63652
50.078087,49.86371,49.614105,49.987534,49.590004,49.67386,49.59068,49.997787,49.976677,49.738228,50.104763,50.240776,49.78629,50.021984,49.982105,49.923492,50.158573,49.781708,50.074173,50.12448,49.885273,49.735672,50.534176,49.801605,50.476585,50.18676,49.70025,50.244736,50.177563,50.807945,50.03157
57.198017,56.963768,57.323296,57.52609,57.47364,57.479683,57.37836,57.357464,57.44613,57.69417,57.495697,57.402508,57.53278,57.807022,57.38995,57.416763,57.366398,57.79457,57.89038,57.347496,57.760765,57.482674,57.797268,57.66578,57.92601,57.61489,57.96002,57.576874,57.62733,57.722862,57.86145
49.877792,49.889286,49.9914,49.464203,50.023148,49.98748,49.69653,49.716175,49.90865,49.834213,49.56879,50.026253,50.061325,50.193356,49.958694,50.08136,50.097336,50.07483,50.01182,50.09848,50.020535,49.985657,49.92511,50.0362,49.79477,50.27619,50.293373,50.126053,50.260864,50.135654,50.162247
52.081974,51.806053,51.873222,52.752262,51.74595,51.963997,52.345634,52.298977,51.895947,52.022556,52.366436,52.000916,52.055294,52.104958,52.26961,52.50967,51.905785,52.316498,52.313255,52.436653,52.561264,52.2914,52.317112,51.97718,52.810368,52.39209,52.147427,52.648815,52.537712,52.541054,52.63402
53.411705,53.207157,53.316803,53.138943,53.598793,53.58765,53.352955,53.6557,53.445602,53.149925,53.094296,53.408577,53.493065,53.650673,53.528908,53.898026,53.796608,53.351208,53.54983,53.39569,53.580933,53.409496,53.84891,53.597916,53.511448,53.569237,53.60852,53.700336,53.451363,54.127964,53.46702
45.064472,45.4443,45.485664,44.95024,44.89734,45.09733,44.742256,45.151363,45.527332,44.787056,44.757977,45.24256,45.203243,45.59009,44.949184,45.275997,45.39788,45.344925,45.19551,45.047653,45.130302,45.371086,45.4692,45.44136,45.41522,45.424644,45.486523,45.283966,45.361145,45.4626,45.238037
44.080082,43.93082,44.328445,44.139557,43.93718,44.41453,44.177597,44.52638,44.41686,44.077934,44.223408,44.405857,44.09329,44.513935,44.396103,44.300438,44.293285,44.652695,44.300266,44.127876,44.4929,44.66118,44.36851,44.40618,44.65038,44.679573,44.700375,44.558834,44.40658,44.638054,44.472744
42.256912,42.40771,42.0822,42.29036,42.114517,42.302727,42.64536,42.453598,42.153015,42.59116,42.524033,42.34907,42.45913,42.38128,42.679527,42.564404,42.5191,42.55574,42.48088,42.653633,42.55978,42.888416,42.400185,42.54564,42.74412,42.75193,42.379395,43.052147,42.86463,42.63157,42.931107
39.302147,39.42994,39.92798,39.3402,39.657585,39.531178,39.77057,39.350513,39.287113,39.43539,39.77109,39.560356,39.616997,39.480587,39.55062,39.843624,39.981865,39.39376,39.756123,39.705956,39.329247,39.59359,39.92208,39.779488,39.291862,39.75763,39.85615,39.7482,39.778122,39.52576,39.786293
41.878704,42.34932,42.384583,42.07044,41.527756,41.865116,42.009563,42.09311,42.345932,42.01128,42.192352,42.053017,41.75547,42.26412,42.265625,42.194817,42.1796,42.351093,42.197353,42.180607,42.213757,42.66433,42.170242,42.28923,42.462955,42.634438,42.27082,42.667625,42.64484,42.335968,42.483406
52.775673,52.770966,53.093185,52.927727,53.186546,53.068127,53.295914,52.88205,52.865665,53.18924,53.26909,53.17303,53.554523,53.19843,53.53404,53.43434,53.24662,53.078747,53.449387,53.24786,53.22762,53.15886,53.6131,53.764908,53.403378,53.197838,53.569363,53.358753,53.46068,53.412617,53.931965
55.4233,55.66197,56.152397,55.86124,55.95819,55.85724,56.023666,55.870182,55.892845,55.739643,55.676823,55.885494,55.99181,55.99056,56.11474,55.98287,56.464233,55.878757,55.976627,56.128906,56.178135,56.044933,56.700855,56.210243,56.332336,56.068,56.45558,56.025726,55.73162,56.38117,56.176296
36.21416,36.653873,36.181076,36.05018,36.14705,36.356865,36.217846,36.321117,36.762466,36.631668,36.406025,36.56981,36.288857,36.54317,36.78837,36.261215,36.461178,36.82991,36.476807,36.6246,36.81295,36.968807,36.399765,36.824272,36.876923,36.854187,36.760773,36.751415,37.134773,36.852562,37.00179
55.52014,55.192932,55.32303,55.019382,55.569237,55.767918,55.83345,55.68006,55.550148,55.627693,55.532467,55.82504,55.553337,55.555107,55.24186,55.826523,56.100327,55.895836,55.736313,55.5038,55.656784,55.770794,55.981796,55.868492,55.68196,55.729057,55.87849,55.786934,55.657417,55.754875,55.36671
38.436615,38.198414,38.25808,38.152237,38.48581,38.43791,38.454277,38.337975,38.419205,38.24199,38.651646,38.447987,38.33468,38.386745,38.34382,38.84319,38.7717,38.57848,38.63065,38.68962,38.49754,38.45715,38.5342,38.608246,38.418636,38.706688,38.744026,38.51007,38.86099,38.63563,38.704884
41.528126,41.32302,41.33101,41.247437,41.605392,41.34424,41.369297,41.26008,40.79368,41.346302,41.156654,41.64677,41.641735,41.355843,41.3444,41.51148,41.072796,41.22619,41.511127,41.40611,41.209198,41.273544,41.45502,41.279457,41.006203,41.408928,41.381233,41.570824,41.552376,41.428223,41.6
57.647873,57.424644,57.785316,57.893707,57.228806,57.781788,57.48848,58.062275,57.80315,57.3005,57.775127,57.46857,57.51457,57.61759,57.62439,57.656445,57.748188,57.621876,57.81066,57.44205,57.688614,57.882004,57.965828,57.786934,58.039936,57.758476,57.669815,58.057484,58.07054,58.15938,57.492966
51.700466,51.352707,51.423332,51.79125,51.489006,51.877125,51.942513,51.964314,51.72957,51.84797,52.022266,51.79533,51.720184,51.75584,51.495937,51.82695,51.97448,52.229115,51.995823,51.9424,51.871574,51.953243,51.774567,51.880173,52.275158,52.182777,52.07552,52.1269,52.08463,51.770744,51.94217
49.246216,49.311127,49.676987,49.282497,49.131554,49.689423,49.457283,49.650513,49.7198,49.69977,49.84197,49.659245,49.39563,49.767853,49.46983,49.464653,49.390038,49.674877,49.610565,49.22937,49.567207,49.95505,49.631115,49.69272,49.66298,50.09874,49.547688,50.105576,49.79435,49.83163,49.423477
40.445347,40.10364,40.64292,40.24053,40.35154,40.551956,40.28011,40.46826,40.53209,40.066837,40.478146,40.53189,40.41237,40.518894,40.280643,40.50411,40.583626,40.85708,40.65817,40.336132,40.458267,40.704685,40.529617,40.802017,40.511364,40.564278,41.148754,40.276245,40.75248,40.405434,40.67678
39.716827,39.59972,39.61582,39.619984,39.80597,39.873257,39.749325,39.932568,39.852448,39.832485,39.723026,39.829453,39.815258,39.898495,39.868584,39.85127,39.95378,40.20233,39.878918,39.840904,40.18096,40.253265,39.90408,39.95262,39.907093,39.89753,40.146343,40.003872,39.914597,40.073162,39.890495
46.08349,46.117336,45.763535,45.46855,46.474365,46.004295,45.94507,45.775173,45.834885,46.32609,45.89619,45.74983,46.307182,45.79011,46.10993,45.96334,45.92371,46.06908,46.334705,46.010082,46.21192,46.62326,45.85098,46.70446,45.522743,45.836014,46.348316,46.11647,46.724636,45.971687,46.378197
53.693733,53.186245,53.455223,53.472527,53.979248,53.798607,53.697346,53.686504,53.54822,53.832123,53.585823,53.898884,54.02002,53.86195,53.70639,53.69593,53.72218,53.916607,53.808937,53.507973,54.15504,54.29007,53.922207,54.255287,53.697197,53.62091,54.46626,53.72227,54.037033,54.14195,54.00822
43.059383,43.22945,43.46942,42.9736,43.13633,43.010242,43.047253,42.830402,43.17946,43.098392,43.22986,43.574852,43.070686,43.14057,42.83374,43.052914,43.236794,43.18162,43.08421,43.438667,43.228367,43.354324,43.499935,43.11283,43.00666,43.62091,43.407745,43.195568,43.32867,43.29835,43.038353
49.53042,49.48203,49.57779,49.845547,49.619774,49.64328,49.693527,49.577015,49.652164,49.798214,49.80316,49.954865,49.93258,49.759357,49.552452,49.60894,49.888447,49.8696,49.85148,49.85801,49.86517,49.763943,50.097103,50.013954,50.107357,49.783173,50.212173,49.81674,50.127808,49.941822,50.01458
46.22557,46.54087,45.869865,45.741238,46.615814,46.052208,46.56762,46.111115,45.96539,46.477543,46.349064,46.29516,46.287025,45.69194,46.71291,46.438034,46.4571,45.873184,46.41193,46.84659,46.405834,46.5696,46.694927,46.68714,46.20221,46.52909,46.062946,46.620934,46.62275,46.747246,46.721157
49.883976,49.65168,49.879166,49.75953,49.876183,50.150284,49.823112,50.11541,49.97269,49.663483,49.83969,49.798145,50.030167,49.973476,49.72772,50.052475,49.98782,50.0864,50.05469,49.80793,49.956646,50.14912,49.91183,50.271294,50.046375,50.12393,50.31543,50.039627,50.262547,50.051315,50.03186
44.137524,43.66979,44.10499,44.16482,44.16797,44.129295,44.346252,44.359253,43.863544,44.19713,44.666374,44.109524,44.184242,44.131058,44.55676,44.212658,44.411514,44.235676,44.530064,44.26628,44.21215,44.629627,44.46898,44.440704,44.36531,44.404793,44.476753,44.52184,44.302685,44.508118,44.690945
51.83584,52.100925,52.279617,52.42972,52.00364,52.209755,52.391506,52.17542,52.16407,52.35549,52.15101,52.23303,52.44988,52.184887,52.326675,52.01184,52.356487,52.523464,52.28641,52.383778,52.68251,52.646038,52.756428,52.459854,52.81746,52.186966,52.592705,52.424534,52.4342,52.412907,52.466076
52.499714,52.280987,52.660088,52.375214,52.709892,52.542362,52.69408,52.377106,52.47458,52.59462,52.44194,52.63025,52.659492,52.63411,52.62326,52.565727,52.832634,52.957687,52.752777,52.657784,53.0689,53.246162,52.91382,53.002266,52.717506,52.58423,53.397797,52.509926,52.979195,52.78331,52.997047
54.31757,53.981735,54.462227,54.303482,54.41884,54.282932,54.1601,54.333447,54.288776,53.911232,54.39177,54.3197,54.432446,54.52386,54.4171,54.46804,54.490532,54.257416,54.535435,54.602222,54.373024,54.44987,54.698135,54.607643,54.71035,54.87877,54.859875,54.302895,54.409748,54.81767,54.920597
50.51931,50.6647,50.73397,49.62552,50.82966,50.86835,50.295074,50.34539,50.971775,50.28428,50.215046,50.40212,50.604263,50.88025,50.45691,50.708992,50.64748,50.673664,50.74422,50.33944,50.732243,51.145767,50.67303,51.398773,50.65632,51.057556,51.256622,50.23373,51.250713,50.9637,51.09324
54.124687,53.253525,53.281166,53.888657,53.902725,54.093685,54.061646,54.202904,53.781757,53.95084,54.249043,54.02459,53.708916,53.521362,53.711716,54.0092,53.949356,54.231422,54.12423,54.0966,54.186413,54.04072,53.77265,53.99936,54.021893,54.111565,54.205784,54.18043,54.454304,54.130047,53.862522
40.76157,41.338646,41.3925,41.25808,41.337128,41.104084,41.54026,41.031364,41.3797,41.650185,41.663364,41.48777,41.369442,41.40925,41.55091,41.686825,41.68434,41.307793,41.5552,41.752136,41.450115,41.24053,41.816303,41.69951,41.513367,41.77397,41.624424,41.840927,41.55763,41.58167,41.828133
47.6158,47.10316,47.700775,47.581264,47.420753,47.662487,47.71033,47.521793,47.412567,47.846027,48.08367,48.378365,47.76819,47.903755,47.684296,47.603436,47.745327,47.887264,47.828026,47.62105,47.666283,47.726124,48.073105,47.684853,47.807854,47.952568,48.043175,47.987583,47.962444,47.999138,47.868977
52.91363,53.193176,52.920288,53.041237,53.121162,52.748318,53.208347,52.849888,53.09087,53.340103,53.084633,53.197002,53.101612,52.962128,53.1686,53.304844,53.338013,53.305458,53.352917,53.605263,53.475246,53.192596,53.619377,53.290764,53.336025,53.216652,53.21724,53.447533,53.242428,53.32126,53.317795
45.274372,45.773,45.407936,45.58456,45.38018,45.316525,45.432697,45.363537,45.640137,45.653454,45.460514,45.574314,45.743305,45.566917,45.830044,45.770725,45.659683,45.67662,45.690945,45.976345,45.788082,45.521587,45.710686,45.86689,45.83584,45.694557,45.717346,46.04288,46.077717,45.790638,46.031456
45.820694,46.100212,45.713966,45.91372,45.898827,46.22,46.410805,46.226364,45.913258,46.126476,46.33798,45.934654,46.298717,45.584423,46.198097,46.151436,46.139656,46.010933,46.16875,46.456104,46.02746,46.24054,46.168854,46.508644,46.508488,46.426666,45.93831,46.503178,46.53399,46.090214,46.44671
41.78005,41.662056,41.684097,41.58465,41.916992,41.923977,41.86933,41.825073,41.787636,41.736744,41.645645,41.870777,42.026237,42.085594,41.665104,42.205635,42.171246,42.15526,41.89891,41.96412,42.005276,42.095463,41.80313,42.09488,41.876553,42.08306,42.38663,42.011192,42.141895,41.94445,42.14897
50.75659,50.166996,50.43026,50.682617,50.587196,50.664883,50.50182,50.79705,50.87018,50.53313,50.99957,50.963688,50.528374,50.827797,50.643906,50.81426,50.74847,50.91837,50.95265,50.693096,50.954926,50.771408,51.10433,50.937935,51.15128,50.97583,51.12598,50.72395,50.96988,51.35839,50.945217
56.841625,56.751385,57.387238,57.1375,57.022125,57.5374,57.319447,57.519623,57.35268,57.115883,57.30006,57.0693,57.268257,57.35711,57.290276,57.545406,57.55886,57.46792,57.48159,57.19863,57.223522,57.174618,57.319706,57.545364,57.44825,57.60054,57.63422,57.780067,57.37871,57.293236,57.28463
41.47513,41.80465,41.743332,42.010227,41.66736,41.692364,41.78866,41.765335,41.858112,42.113934,41.909782,42.045887,42.023537,42.047256,42.15574,41.64016,42.078,42.10774,41.95356,42.210045,42.162594,41.991104,42.297535,41.9252,42.43338,42.084175,42.13027,42.221504,41.934017,42.236473,42.279987
44.652603,44.615414,44.245956,44.567356,44.74518,44.717636,44.44313,44.95906,44.85624,44.85558,44.68219,44.738865,44.63453,44.895493,44.56364,44.61711,44.711533,44.825718,44.878613,44.749424,44.726067,44.800697,44.67685,44.88726,44.982193,45.20305,44.873737,45.06187,44.789814,45.104683,44.866333
44.833115,44.888016,44.49066,44.73907,44.782364,44.804337,44.817234,45.093544,44.820496,44.907528,44.302017,44.968464,45.025326,45.07445,45.07062,45.13736,45.004635,45.29573,44.932343,44.86271,45.240726,45.172657,44.971867,45.07463,45.097565,44.73317,45.13019,45.34047,44.988174,45.20859,45.09829
44.732018,44.359196,44.422813,44.41053,45.129684,44.703705,44.95404,44.45006,44.7667,44.964306,45.148697,45.148544,44.84272,44.58021,44.790257,45.09105,45.363945,45.014317,45.153736,45.123226,45.09679,44.724884,45.37333,45.328125,44.78811,44.675995,45.438984,44.6687,45.277977,45.12612,45.10717
40.26889,40.631615,40.25583,40.70498,40.3321,40.284817,40.87103,40.473457,40.592594,41.205883,40.962986,41.15019,40.392044,40.72775,40.65967,40.72609,40.886322,40.87425,40.744568,41.092464,40.839264,40.57525,41.052258,40.496536,41.10717,41.183098,40.64023,41.35757,40.79321,41.00235,40.8932
45.07103,45.05563,45.275993,45.32771,45.170204,45.249447,44.91846,45.277733,45.43008,44.92245,45.182526,45.28268,45.483246,45.657322,45.28529,45.36699,45.54755,45.29273,45.444286,45.24718,45.29607,45.14392,45.77814,45.59546,45.82258,45.384056,45.73941,45.22243,45.422394,45.829098,45.712
55.109383,54.95175,55.233696,55.33141,55.33529,55.081257,55.53099,55.129875,54.939297,55.508377,55.47257,55.70695,55.496983,55.24239,55.64862,55.46147,55.387447,55.26478,55.60526,55.489517,55.478775,55.255527,56.044205,55.58709,55.54102,55.293045,55.571766,55.65117,55.438435,55.73959,55.765167
47.327057,47.592674,47.525444,47.585056,47.421394,47.57981,47.759594,47.735416,47.486225,47.58388,47.592545,47.506775,47.407135,47.531837,47.797295,47.841644,47.69901,47.45533,47.513172,47.947914,47.78592,47.77879,47.6964,47.42375,47.764545,48.198425,47.434334,48.285023,47.76969,48.046474,47.707535
49.665432,48.99021,49.558136,49.069283,49.335495,49.723713,49.006405,49.619656,49.354256,48.839733,49.53252,49.06797,49.27925,49.46422,48.72368,49.20264,49.06969,49.2878,49.45255,48.95417,48.97125,49.94707,48.787327,49.635345,49.087208,50.05272,49.783092,49.28623,49.93291,49.307163,49.379833
48.73973,48.334465,48.477036,48.422306,48.923973,48.635166,48.69368,48.581455,48.435505,48.573666,48.597042,48.76041,48.757618,48.54003,48.75478,48.80502,48.861675,48.777077,48.819504,48.87434,48.991444,48.90225,49.02125,48.81639,48.60131,48.621964,49.004852,48.647953,48.808647,49.024933,48.83389
47.840588,48.255863,48.683395,47.68964,48.2715,48.05859,48.10535,47.800156,48.25697,48.15385,48.14968,48.159424,48.28896,48.627365,48.054863,48.357193,48.612785,48.083504,48.391453,48.11898,48.048965,48.510765,48.69956,48.64238,48.133717,48.631866,48.63643,48.29326,48.298893,48.394142,48.53292
43.679234,43.588108,43.735474,43.36179,43.99714,43.29433,43.351444,43.195618,43.338165,43.478775,43.30692,43.720325,43.752308,43.83176,43.25841,43.753765,43.76644,43.511086,43.693398,43.735485,43.577988,43.756783,43.755054,43.70273,43.08588,43.720833,44.106342,43.523518,43.69677,43.69582,43.788456
47.48608,47.521626,47.775497,47.555332,47.70449,47.803326,48.171314,47.76459,47.655476,47.98684,48.074684,48.010048,47.664043,47.862823,47.875137,48.053967,47.990635,47.79362,47.916737,47.812138,47.950577,48.124866,48.279594,48.012405,48.032192,48.265366,47.98712,48.229885,47.996445,48.238857,48.083267
58.08582,58.44544,58.516884,58.34115,58.641968,58.916267,58.615204,58.550415,58.782642,58.6437,58.301247,58.36795,59.01687,58.527073,58.76275,58.409702,58.851974,58.784317,58.614048,58.75239,59.132103,58.883614,59.080242,59.11393,59.138794,58.573578,58.98849,58.600594,58.825436,58.921413,58.737877
56.31021,56.850037,56.939552,56.42122,56.677376,56.815834,56.68643,56.77847,56.873123,56.89931,56.619213,56.77646,56.997807,56.77966,57.05279,56.40253,56.725574,56.635838,56.87527,56.618916,56.849678,57.20448,57.37994,57.39627,57.17644,56.987076,56.910946,57.021072,56.802902,57.183064,57.011276
48.69494,48.046528,48.224182,48.345375,48.563713,48.793636,48.491745,48.724205,48.451237,48.586296,48.566948,48.94405,48.618526,48.569084,48.517673,48.376133,48.456497,48.990257,48.803665,48.438786,48.763813,48.668858,48.82069,48.681305,48.862396,48.594933,48.92571,48.522797,48.73132,48.857258,48.659958
47.823624,48.051857,47.91604,47.843647,47.945137,47.9376,47.795826,48.056664,47.910816,47.932613,47.496136,47.878498,48.224335,48.13304,47.8936,47.921864,48.091064,48.14108,48.004314,47.97085,48.036343,48.271645,48.00846,48.214836,48.04861,48.030846,48.264484,48.271656,48.037605,48.030735,48.095352
46.441265,47.073837,46.229744,46.892708,46.563477,46.494843,46.541073,46.69025,46.68059,46.905582,46.542377,46.159683,46.90947,46.42843,47.202206,46.378254,46.437363,46.720844,46.633244,47.37434,47.273167,47.32112,46.44419,46.881615,47.22504,47.026443,46.589962,47.218014,47.271564,47.017635,47.339947
48.403534,48.976337,48.57514,48.92889,48.372658,48.929005,48.991467,49.22245,48.78151,49.246124,48.73703,48.737118,49.083973,48.854828,49.470314,48.718166,48.60691,49.002598,48.812416,48.883694,49.18757,49.411766,48.85376,49.080215,49.418068,49.10388,48.60387,49.87998,49.12621,49.21819,49.179626
47.183064,46.9187,47.058105,47.09949,47.183243,46.980164,47.0602,46.84438,46.85422,47.09084,46.93997,47.41481,47.386612,47.273003,46.9795,47.104927,47.09575,47.459213,47.237144,47.340275,47.376812,47.362545,47.30267,47.239838,47.26526,47.20935,47.712994,47.055138,47.421825,47.186737,47.572746
38.843327,38.970127,38.749184,38.91321,38.923096,39.051907,38.984165,38.914963,38.882202,38.88161,38.914104,38.884167,39.209217,38.92517,38.980534,39.151558,38.839226,39.207405,39.083843,39.267567,39.137035,39.053207,38.898197,39.176353,39.27079,39.217743,39.180645,39.090935,39.40798,38.95883,39.479336
52.852665,52.829662,52.455414,52.80733,53.07602,52.76437,52.710552,52.89344,52.94873,53.02463,52.87116,53.17559,53.01554,53.022842,52.848957,53.19162,53.02542,52.630955,52.92409,53.146038,53.05009,52.75075,53.134697,53.134552,52.91932,53.268875,53.01726,53.383934,53.2247,53.656147,53.020973
43.28892,43.112328,42.797096,43.26023,42.774643,42.9817,42.877373,43.195953,42.91155,42.853813,42.926624,43.112923,43.21018,43.05009,42.971485,43.24689,42.892017,43.38833,43.29902,43.26375,42.99125,42.95324,42.876755,43.07036,43.33494,43.135674,43.125683,43.40053,43.584812,42.998333,43.40848
47.264194,47.633232,47.454193,47.435062,47.51248,47.363953,47.498936,47.456974,47.65073,47.655197,47.527096,47.506664,47.570553,47.63322,47.67898,47.74487,47.924103,47.63178,47.79055,47.883774,47.67209,47.510258,47.96173,47.76236,47.829945,47.797195,47.666813,47.95408,47.666203,47.85937,47.81099
50.382328,50.84446,50.565887,49.86212,50.567474,50.71018,50.41179,50.68858,50.630795,50.43451,50.178123,50.183628,50.607796,50.397503,50.565723,50.414185,50.813595,50.401474,50.60559,50.48849,50.357506,51.00243,50.565655,51.033234,50.46863,50.819725,50.525158,50.84934,50.79355,50.649143,50.530994
44.953674,45.01431,45.091904,45.26673,44.905968,45.149517,45.017063,45.15568,45.158497,44.824173,44.86598,45.29358,45.296642,45.25288,44.960243,45.30976,45.364864,45.318245,45.1152,45.237663,45.282856,44.952736,45.550888,45.148293,45.54224,45.0942,45.397938,45.213093,45.284863,45.418724,45.171753
47.06279,46.786484,47.32383,46.947243,47.219894,47.258114,47.394253,47.27977,46.736767,47.133636,47.4217,47.209286,47.38408,47.277767,47.147137,47.37886,47.16616,47.11102,47.462067,47.109066,46.815784,47.35114,47.32739,47.398636,47.10787,47.65422,47.344635,47.533962,47.042812,47.09595,47.53318
47.546803,48.25879,47.40793,47.578106,47.912308,47.142506,47.641056,47.330948,47.80961,48.0881,47.621044,47.78747,47.581413,47.3706,47.68256,47.5182,48.088978,47.53692,47.687447,48.414246,48.132084,48.109802,48.21747,47.924286,47.74546,47.907898,47.721405,48.007088,48.015205,48.197372,47.761147
43.436176,43.885796,43.863075,43.65289,43.36837,43.92881,43.823048,44.017635,43.926395,43.65875,43.798687,43.55645,43.426006,43.704716,43.691135,43.841423,43.57341,43.806366,43.777874,43.75977,43.74899,44.002277,43.728863,43.74656,44.084404,44.454155,43.562405,44.282696,43.99603,43.899067,43.76741
47.586403,47.68374,47.42959,47.497383,47.6931,47.651123,47.59898,47.65508,47.612556,47.67444,47.36817,47.791416,47.85523,47.826942,47.557423,47.79401,47.849842,47.765675,47.63794,47.86322,47.8305,47.84058,47.760124,47.830757,47.82101,47.947876,47.94784,47.96553,47.932285,47.97732,47.87966
50.854263,51.202923,51.41517,51.43298,51.22529,51.154324,51.32015,51.17016,51.354897,51.342407,50.97421,51.23025,51.559544,51.657135,51.331863,51.703415,51.67576,51.502167,51.3467,51.326797,51.769035,51.481533,51.80063,51.538918,51.478497,51.13878,51.72787,51.69958,51.391262,51.65013,51.412926
60.14285,59.86506,59.950043,59.915493,60.393356,59.9791,59.84475,59.810608,59.89847,60.08235,60.36344,59.978218,60.23761,59.68267,60.143414,59.732307,60.12028,59.63398,60.30953,60.392456,60.16966,60.19967,60.50146,60.372444,59.97557,60.155632,60.157715,60.015778,60.557312,60.572964,60.198914
37.83333,38.171127,38.550003,37.857082,38.23403,38.46709,38.272827,38.125328,38.31616,38.56373,38.425014,38.43672,38.604828,38.632805,38.488976,38.194645,38.28467,38.467827,38.435734,38.03338,38.308296,38.743717,38.458717,38.84899,38.304028,38.58275,38.750687,38.57272,38.58998,38.37097,38.71503
52.74721,53.23144,52.88144,52.840183,52.879158,53.201614,52.88054,53.269844,53.45998,53.167664,52.825176,52.952087,53.30823,53.158062,53.34637,53.16431,53.27288,53.257416,53.216873,53.072548,53.336407,53.23806,53.333855,53.653397,53.496487,53.114517,53.168907,53.59904,53.444622,53.50858,53.18443
51.14304,50.639294,51.16291,51.1938,51.01671,51.31621,50.75644,51.33129,50.843143,50.766693,50.849957,50.939262,51.344334,51.605965,50.639507,50.97377,50.820103,51.111885,51.07794,50.742832,50.90677,51.368412,50.765106,51.018524,51.127174,51.551346,51.49824,51.245876,51.167854,51.193184,51.228695
41.853046,42.63427,42.290222,42.026344,41.42637,42.36761,42.3995,42.88265,42.75864,41.964127,42.18072,42.349392,41.895634,42.33633,42.404133,42.37793,42.79117,42.414116,42.1964,42.192097,42.137554,42.60414,42.953907,42.534943,43.40195,42.88775,41.97541,42.912613,42.185097,42.883938,42.274338
40.920036,40.965332,41.089386,40.67232,40.913673,41.104797,40.69739,40.897717,40.87938,40.698784,40.058792,41.15566,41.080944,41.312496,40.692333,40.584835,40.881638,41.538338,40.671192,40.915413,41.384365,41.54852,40.98593,40.710693,41.131245,41.098274,41.50598,40.69879,40.81727,41.008926,40.941128
53.475677,53.39726,53.803795,53.135864,53.960945,54.000546,53.88426,53.59569,53.613964,53.625027,53.546963,53.75983,54.04717,53.96769,54.012268,53.99887,54.025654,53.62689,53.825123,53.550854,54.023014,54.12456,54.369484,54.28418,53.910072,53.8263,54.191902,53.707134,53.99936,54.405407,54.181442
48.810123,48.886295,49.162216,48.998928,48.8873,48.892937,48.671986,48.901215,48.833447,48.755627,48.456665,49.01935,49.0897,49.202694,49.001484,48.76394,48.712387,48.995087,48.730095,48.909897,49.364273,49.449932,49.14023,48.83828,48.98834,49.082253,49.233555,49.080917,48.95931,49.392212,48.994736
41.580788,41.704872,41.78994,41.522133,41.72561,41.702034,41.770546,41.55559,41.419884,41.668076,41.36581,41.71074,42.065426,41.916107,41.719173,41.9158,41.728867,42.01292,41.783577,41.844067,41.763023,42.07307,41.487713,42.024223,41.655426,41.926735,42.299408,41.96241,42.10941,41.472466,42.324245
55.379894,55.120403,55.706924,55.219933,55.452087,55.375263,55.156216,55.061584,55.35957,55.19362,55.35965,55.587227,55.42,55.57573,55.066757,55.266422,55.26356,55.437767,55.513096,55.358788,55.52904,55.593338,55.759445,55.48757,55.399467,55.70382,55.86511,55.16988,55.65109,55.64251,55.49706
54.174667,54.140064,54.567505,54.26596,54.14344,54.492645,54.156097,54.22817,54.211514,54.091045,54.219067,54.15437,54.499428,54.439445,53.792294,54.197052,54.310173,54.31672,54.357224,54.21438,54.15638,54.38656,54.367794,54.282097,54.341305,54.585487,54.46421,54.39399,54.5778,54.205513,54.15558
39.26332,39.61144,39.799286,39.52495,39.661407,39.81972,39.647545,39.712147,39.82844,39.576477,39.40798,39.728127,40.024925,40.210827,39.813618,40.09779,39.728397,39.958286,39.661705,39.729286,39.929882,39.95498,39.711815,40.1353,39.97831,40.181313,40.31543,39.987907,39.794502,39.91421,40.294994
56.128128,56.14031,56.232384,56.35961,56.31768,56.358585,56.56811,56.32196,56.429276,56.721016,56.957996,56.37596,56.42399,56.303486,56.784554,56.608067,56.61515,56.42621,56.8898,56.73304,56.578045,56.334625,56.889503,56.774376,56.827217,56.726974,56.457386,56.95195,56.885746,56.83398,56.860638
58.114952,57.94231,58.01226,58.054443,57.92195,58.295383,57.938995,58.41605,58.316326,57.902973,58.059277,58.033283,58.100887,58.07624,57.927227,57.97238,58.104027,58.30691,58.358147,58.01984,58.160946,58.28616,58.38619,58.445114,58.653934,58.352165,58.314793,58.216824,58.357162,58.395733,58.144882
50.45552,50.45445,50.623848,50.67752,50.57187,50.699455,50.974354,50.859203,50.298862,50.821964,50.502964,50.84991,50.811394,50.920357,50.88304,50.93056,50.648163,50.768005,50.718758,50.735287,50.814537,50.953182,50.856358,50.665215,50.91382,51.117493,50.827736,51.363136,50.631657,50.97467,51.048058
44.666466,44.764095,44.069992,44.985283,44.27803,44.39003,44.70337,44.777866,44.2618,44.675842,44.76921,44.782757,44.87903,44.354244,44.8096,44.54004,44.8431,44.57045,44.669678,45.352657,44.519695,44.510876,44.750835,44.531784,45.286034,44.945694,44.395992,45.266068,45.041714,44.887016,45.114964
43.504353,43.698402,43.880684,44.08132,43.48826,43.499416,43.875843,43.73824,43.8427,43.78378,44.733196,43.586567,43.625763,43.36132,43.8537,43.745583,43.998688,43.58421,44.18058,44.176113,43.57927,43.914986,44.151318,44.265785,44.164703,44.20205,43.88265,44.145927,44.34237,43.875423,44.233894
60.535027,60.725468,60.32689,60.494064,60.57271,60.48969,60.76733,60.771152,60.784412,60.722717,60.460606,60.465714,60.48702,60.371517,60.76064,60.89402,60.982178,60.70626,60.75937,60.838577,61.1445,61.08695,61.085163,60.999817,60.891964,60.610527,60.646233,61.146328,61.01128,61.209244,60.574753
53.731476,53.698887,53.76072,54.14468,53.492516,53.59784,53.739418,53.884224,54.004738,53.78076,54.011818,54.24273,53.812794,53.91988,53.81482,53.873016,53.92504,53.99348,53.821075,54.175602,54.184616,54.03691,54.302376,53.962975,54.422394,54.264473,54.127823,54.228928,54.081814,54.435215,54.013805
58.991043,59.11443,59.55162,58.7742,59.34266,59.46629,59.221333,59.134586,59.165234,59.070724,59.10336,58.962524,59.55527,59.244785,59.19689,59.16664,59.195847,59.13469,59.418037,59.128704,59.22957,59.618427,59.59953,59.706688,59.322697,59.50248,59.42663,59.208775,59.320583,59.311066,59.414864
46.16839,46.104454,46.01747,45.949898,46.045265,46.319298,46.0659,46.42068,45.942352,45.703827,45.46648,46.39622,46.28993,46.14479,45.677128,46.150993,46.164684,46.110783,45.753334,46.00204,46.06399,46.390713,46.071396,46.19655,46.123478,46.336174,46.44321,46.262314,46.24456,46.31259,45.9496
57.175304,56.145233,56.78956,56.77807,57.07096,57.39103,56.983936,57.33572,56.8939,56.63038,57.0852,56.773968,56.84681,56.943565,56.662487,57.39885,56.833824,57.212334,57.241394,56.65158,57.10481,57.172745,56.68585,57.19497,56.76409,57.17935,57.442383,57.091175,57.39387,57.11267,56.898994
52.098137,52.038822,52.198326,51.599102,52.348167,52.334946,51.89059,52.125523,52.153645,51.8999,52.036884,51.80491,52.18049,52.155754,51.8538,52.136803,51.965534,51.87332,52.25906,51.89739,51.99799,52.47711,52.09345,52.529106,51.894745,52.53978,52.268425,52.10841,52.41524,52.331944,52.182648
47.214493,46.890884,46.754166,47.177135,46.85488,46.69251,47.076996,46.991203,46.720646,47.021988,47.28883,47.3402,47.006966,46.91104,46.999504,47.176876,47.295567,47.011677,47.279305,47.264366,47.017117,46.99861,47.612976,46.95793,47.26431,46.981453,46.933327,47.35752,47.286777,47.46835,47.16624
47.637463,48.178272,47.87229,47.821808,47.83866,47.785698,47.943882,47.679283,48.150368,48.11317,47.905212,47.958614,48.057556,48.008965,48.33613,47.844772,48.28812,48.18919,48.068405,48.478035,48.485382,48.381645,48.489983,48.31755,48.669395,48.25408,48.288467,48.128967,48.428635,48.472694,48.600506
42.01139,42.437374,42.08058,41.605835,42.072945,41.914825,41.613728,41.77943,42.45691,42.176582,42.013138,41.97862,42.050766,42.251694,42.26214,42.11614,42.136013,42.258884,42.50107,42.077263,42.1557,42.229443,42.237846,42.629494,42.108177,42.155212,42.284233,42.225773,42.773693,42.35484,42.496105
53.205364,53.3463,52.73284,53.184315,53.099678,53.28725,53.74032,53.67766,53.300583,53.742676,53.573025,53.478413,53.182045,53.154438,53.85806,53.42085,53.67938,53.44981,53.501266,53.786545,53.689106,53.789547,53.788597,53.554832,54.14136,53.89653,53.144447,54.191586,53.623554,54.10337,53.770046
52.95117,53.264698,53.557228,53.29044,52.94771,53.395195,53.210842,53.450806,53.608402,53.2826,53.347874,53.368397,53.240547,53.590878,53.614323,53.315784,53.236042,53.44808,53.430134,53.285465,53.563663,53.628475,53.6905,53.58808,53.918205,53.880074,53.5165,53.787704,53.561745,53.87365,53.642635
50.132454,50.036022,49.802208,49.55066,49.887337,49.672787,49.933647,49.718353,50.124012,50.2327,50.44421,50.40504,49.63233,49.917297,50.4007,49.780857,50.181736,49.989357,50.22349,50.24174,50.342422,50.7372,50.53973,50.462288,50.37681,50.493256,50.276707,50.206596,50.85833,50.933884,50.62972
44.035885,43.772964,43.97901,43.747543,43.922913,44.039337,44.299572,43.920048,43.96493,44.36065,44.567375,44.51337,43.874367,43.954956,44.315765,43.983376,44.194553,44.471462,44.390907,44.327488,44.25717,44.440823,44.364307,44.28968,44.344128,44.519875,44.43623,44.33563,44.569736,44.273888,44.543556
40.14148,39.655174,39.807625,40.132446,39.55983,40.038372,40.110325,40.39152,39.75385,39.547756,40.089565,39.95494,39.938034,40.10799,40.131355,40.59017,39.99908,40.282516,40.20745,39.98211,39.90077,40.1155,39.833504,40.06344,40.377373,40.272224,40.174675,40.485863,40.432037,40.160282,40.56707
55.591686,56.098434,55.962082,55.870903,56.065292,55.796074,55.70606,55.892235,56.339386,56.24875,55.89447,55.55173,56.15682,56.385406,56.343918,56.016983,56.20449,56.179245,56.298508,56.3242,56.42226,56.44649,56.168755,56.494835,56.404224,56.482643,56.363148,56.46863,56.11695,56.41584,56.576084
55.675774,55.681236,55.574303,55.809093,55.72326,55.550858,55.95064,55.84263,55.47976,55.683956,55.3801,55.758144,56.081837,55.85666,55.97546,56.14286,56.070244,55.783707,55.78023,55.849354,56.11825,56.25405,56.19349,56.167984,56.040295,55.614822,56.110283,56.21169,55.99475,56.264072,56.19338
37.40229,37.60849,37.174187,37.13339,37.40828,37.304417,37.287453,37.509346,37.402763,37.465694,37.017776,37.396885,37.494915,37.61432,38.010887,37.540127,37.599926,37.820206,37.53342,37.731594,37.843147,37.900913,37.495182,37.527397,37.672085,37.567734,37.586983,37.839718,37.544987,37.848194,37.95027
45.87725,46.08859,46.28704,45.67111,46.50898,46.375294,46.213253,46.198505,46.286736,46.529057,46.144604,46.328503,46.501926,46.529255,46.577877,46.231514,46.49888,46.344666,46.452118,46.15523,46.418236,46.61361,46.646286,46.779037,46.23236,46.471443,46.66024,46.518917,46.177235,46.625954,46.54133
50.0428,50.078102,49.99256,50.21613,50.396317,50.211807,50.385536,50.3473,49.98335,49.985752,49.723385,49.889954,50.43341,50.138203,50.38986,50.60648,50.387012,50.38358,50.29444,50.554337,50.63247,50.415092,50.42149,50.382065,50.48093,50.20896,50.51592,50.389576,50.143257,50.406136,50.596363
47.22203,47.732998,47.817505,47.739513,47.413673,47.71319,47.57183,47.693665,48.331623,47.92157,48.339024,47.881756,47.687763,47.879032,47.99575,47.83441,48.31222,47.81394,48.092182,48.12765,47.76771,47.4097,48.381657,48.16407,48.395706,48.283096,47.894444,48.280796,48.132996,48.286045,47.970726
48.356655,48.508213,48.535576,48.78186,48.732765,48.702675,48.538227,48.793983,49.01903,48.670513,48.981495,48.46542,48.831867,48.755947,48.83344,49.099556,48.82912,48.731384,49.198616,48.823105,48.751945,48.32906,49.082333,49.30049,49.110283,48.842148,48.944447,48.98033,48.944614,49.029396,49.100906
37.873497,38.075924,37.93286,37.825294,37.8948,37.787033,37.920605,37.878433,38.099075,38.050255,38.31924,38.191616,37.99011,38.271286,38.251686,38.369503,38.167217,38.05642,38.31741,38.315544,37.904503,38.022724,38.15891,38.403008,38.305576,38.660553,38.286358,38.454742,38.46943,38.37114,38.81145
49.074993,49.19035,49.4758,48.997242,49.032326,49.562996,49.19607,49.49026,49.34355,49.113827,49.475536,49.04165,49.246284,49.271694,49.36124,49.199524,49.198544,49.175304,49.518826,49.108356,49.02132,49.45035,49.41318,49.538216,49.536507,49.777878,49.17892,49.60718,49.568226,49.463684,49.428875
59.10962,59.032124,58.903084,59.25905,59.10817,58.994892,59.377438,59.256676,58.730377,59.338642,59.045258,59.307312,59.544598,59.12519,59.504833,59.382244,59.334274,59.160206,59.344387,59.49992,59.304974,59.26598,59.53229,59.31958,59.423763,59.22101,59.17733,59.8711,59.284885,59.496284,59.533367
53.879494,53.67058,53.637276,53.703102,53.95334,53.785873,54.115036,53.9818,53.623966,53.842663,53.6961,54.210682,54.0487,53.88635,53.983253,54.16206,54.24318,53.847054,53.836655,54.02423,54.18051,54.276623,54.466835,54.13697,54.077274,53.970604,54.1443,54.213524,53.92932,54.53469,54.056305
47.391827,47.645275,47.17063,47.678017,47.30999,47.492523,47.322395,47.74367,47.76386,47.80743,47.764446,47.293694,47.367577,47.536163,47.799896,47.370346,47.417294,47.64661,47.78302,47.857666,47.778275,47.728355,47.47068,47.590286,48.058067,48.08998,47.381958,48.19049,48.012466,48.00693,47.84874
37.718906,37.50667,37.63183,37.504364,37.670357,37.35774,37.638737,37.257805,37.397587,37.37728,38.138916,37.731575,37.581764,37.197136,37.909595,37.57307,37.960842,37.455116,37.822758,38.134235,37.6965,37.92623,38.058407,37.97284,37.718727,37.724365,38.00927,37.44294,38.401836,38.000175,38.289204
49.063107,49.568005,49.231575,49.093826,49.508392,49.13561,48.97049,48.90726,49.39885,49.170094,49.020237,49.005768,49.627728,49.069294,49.52526,49.283245,49.34826,49.120735,49.43208,49.672108,49.62098,49.30569,49.70389,49.757515,49.379498,49.095673,49.418385,49.185566,49.75464,49.630756,49.625168
52.653667,52.559155,52.56637,53.191296,52.734177,53.01206,52.726273,53.0336,52.974625,52.888626,52.67003,53.07098,53.23222,53.214546,53.258556,52.719696,53.0817,53.306824,52.94729,53.320065,53.46706,52.864635,53.313408,52.91581,53.919964,53.137375,53.385307,53.08777,53.008423,53.567585,53.437603
42.946636,42.42301,42.95469,42.72945,42.80265,43.19756,42.767452,43.002815,42.730846,42.654053,43.03259,42.92231,43.008434,43.02142,42.651955,42.555702,42.860405,43.152798,42.973637,42.784267,42.799442,43.3509,42.727398,43.042267,43.077007,43.33619,43.480118,42.774693,43.24675,42.875477,43.196835
49.044865,49.278572,49.33145,49.074814,49.60695,49.340107,49.57638,49.017876,49.381496,49.81359,49.501343,49.310963,49.45399,49.59016,49.577255,49.623497,49.24858,49.684803,49.5942,49.78634,49.943703,49.92254,49.338764,49.73327,49.479843,50.092728,49.889328,49.72972,49.8039,49.532207,50.105736
40.120842,40.07094,40.336166,40.371128,39.987236,40.380093,40.295555,40.526234,40.285057,40.273655,40.314003,40.37379,40.459816,40.78487,40.48354,40.462788,40.548046,40.63215,40.429096,40.140087,40.395607,40.721207,40.406765,40.571068,40.728573,40.554657,40.79987,40.792233,40.636524,40.640236,40.808296
52.354294,51.866142,51.793213,52.033447,52.282066,52.497368,52.19444,52.61463,52.162914,52.11527,52.16737,52.018204,52.296913,52.213238,52.04895,52.4071,52.23861,52.302135,52.41381,51.98242,52.237125,52.566467,51.958664,52.707985,52.280422,52.39457,52.603584,52.528038,52.818035,52.485764,52.43088
45.405556,45.21879,45.07273,45.386284,45.2555,45.2838,45.427677,45.62041,45.254776,45.18651,45.264675,45.18628,45.40688,45.272133,45.335903,45.934475,45.54156,45.61809,45.638844,45.41872,45.36468,45.447,45.196106,45.744797,45.351852,45.310097,45.657375,45.864853,45.79911,45.323807,45.64542
56.37647,56.291,55.924103,56.63283,56.64897,56.420002,56.677784,56.95766,56.483227,56.587822,56.490063,56.288586,56.549248,56.317833,56.601406,57.056602,56.81396,56.393486,56.717594,56.69966,56.80693,56.494656,56.92971,56.77307,56.69821,56.48179,56.36136,57.19186,56.373123,57.11753,56.39471
46.261017,46.757607,46.5309,46.745975,46.52767,46.32099,46.82172,46.67449,46.83414,47.111614,46.927094,46.979675,46.778545,47.004025,47.180874,47.0871,47.063972,46.87235,46.96282,47.16671,46.98453,46.755863,47.3319,47.003754,47.265915,47.190796,46.801903,47.54163,46.599445,47.283466,47.253197
43.30964,43.61309,43.29841,43.24913,43.186836,43.6227,43.551216,43.932304,43.87128,43.537052,43.440323,43.902744,43.44094,43.586246,44.06146,43.538677,44.101604,43.756767,43.46838,43.687416,43.92339,43.889946,44.308323,43.74639,44.283653,43.75318,43.491554,44.05659,43.519,44.50683,43.53541
53.422062,53.422695,53.736298,53.2707,53.843918,53.472393,53.562515,53.17365,53.446728,53.915966,53.839035,53.51504,53.934006,53.81716,53.953827,53.551373,53.672855,53.668114,54.086357,53.7488,53.741756,54.044514,53.86424,54.259033,53.652054,53.87626,54.19387,53.765377,54.129486,53.776974,54.4783
47.01919,47.01657,47.169075,47.161106,47.18725,47.095924,47.313995,47.01923,47.05918,47.216175,47.203262,47.307816,47.370808,47.038136,47.27871,47.3373,47.2985,47.490852,47.350063,47.513924,47.491543,47.39873,47.39148,47.516136,47.28723,47.22486,47.67684,47.363503,47.54983,47.17137,47.545834
52.294853,52.599083,52.478928,52.5055,52.57006,52.19836,52.08297,52.290443,52.471912,52.307674,52.153404,52.161102,52.534454,52.30586,52.51015,52.29339,52.268112,52.31576,52.604443,52.662937,52.6785,52.558964,52.732094,52.66066,52.51125,52.422676,52.559723,52.47692,52.58838,52.707153,52.618797
44.912235,44.511356,44.643715,44.99012,45.142708,45.422913,45.107353,45.40458,45.11138,45.21676,45.349865,45.12126,45.11799,44.989944,45.31409,45.15509,45.288956,45.271538,45.24587,45.194466,45.34626,45.071285,45.087875,45.277847,45.229507,45.276947,45.385433,45.489594,45.414978,45.518005,45.149834
52.308014,53.16339,52.65223,52.414097,52.59713,52.511097,52.33702,52.636112,52.95698,52.773632,52.210896,52.784424,52.78933,52.8584,52.866093,52.52804,52.686462,52.356308,52.55403,52.707554,52.825855,52.908363,53.132236,53.096336,52.969315,53.01226,52.65669,53.14075,52.881664,53.433918,52.824806
52.122326,52.336525,52.590714,52.29449,52.255753,52.644814,52.309265,52.544483,52.70646,52.279324,52.335087,52.701183,52.585415,52.853725,52.300663,52.37239,52.76985,52.46784,52.34375,52.52255,52.53679,52.5604,53.012997,52.584488,53.085953,53.10662,52.740444,52.62222,52.391537,53.067486,52.515556
58.705124,59.13585,58.96608,58.497383,58.996964,59.276333,59.303806,59.287483,59.00657,59.338634,58.770344,59.404583,59.300907,59.227215,59.205753,59.113594,59.342075,58.821205,58.980408,58.886192,59.014755,59.3802,59.623238,59.520042,59.333546,59.515465,59.021446,59.778023,59.081738,59.69869,59.074635
48.759396,48.190388,48.715485,48.92469,48.75782,48.64855,48.84415,48.64058,48.67145,48.734802,49.389973,49.208527,48.77867,48.55949,48.55803,49.0533,49.07346,48.852367,49.201134,48.897804,48.64137,48.402287,49.19939,49.206398,48.751587,48.73326,49.382797,48.889523,49.34635,48.87231,48.96407
49.989857,50.118065,50.03399,49.87588,50.305855,50.256603,49.856525,50.13065,50.191223,50.110912,49.779114,49.82199,50.42042,50.303135,50.248043,50.113586,50.301853,50.19884,50.21815,50.20752,50.41147,50.429546,50.1774,50.387794,50.13536,50.192146,50.381958,50.331955,50.3872,50.462727,50.269375
65.397644,65.18342,65.385376,65.28737,65.36819,65.24164,65.16772,65.1219,65.45686,65.492966,65.572815,65.57112,65.323395,65.242355,65.87282,65.06918,65.54667,65.309685,65.573784,65.74558,65.93393,65.72845,66.00294,65.59151,65.673874,65.53766,65.64466,65.58414,66.07868,66.291405,65.63955
53.328747,53.65651,53.61686,53.444202,53.570427,53.50731,53.511917,53.730183,53.986523,53.75055,53.539562,53.358456,53.52456,53.767204,54.122692,53.82376,53.83196,53.8739,53.956905,53.685207,54.07672,54.14735,53.876236,54.285454,53.946182,53.82657,54.0543,54.14573,54.003967,54.13592,54.10226
40.074623,40.224163,40.194756,40.252716,40.010956,40.0778,40.047615,40.213287,40.223507,39.94669,40.44568,40.112328,40.1581,40.014168,40.18882,40.413906,40.39985,39.97968,40.29749,40.406387,40.06788,40.08279,40.41871,40.311447,40.207645,40.347992,40.100655,40.530804,40.583744,40.481083,40.226715
43.504704,44.41361,44.02668,43.68246,43.95878,43.573627,43.797745,43.87587,44.152534,43.91003,43.659485,43.76218,44.235462,44.37779,44.14732,44.279133,44.581158,43.696228,43.964497,44.18173,43.917774,44.35331,44.439335,44.61351,44.24532,44.373253,44.203453,44.464817,43.889427,44.488678,44.5182
50.71584,50.780613,51.245377,50.976856,50.84188,50.93645,51.235676,50.887527,51.057564,51.057228,51.012196,51.029053,51.012596,51.365265,51.299355,51.31128,51.29876,51.544525,51.196697,51.2879,51.571358,51.631702,51.327026,51.2751,51.504147,51.471153,51.706333,51.35823,51.277573,51.283237,51.673725
43.430702,43.41335,43.338135,43.384174,43.74771,43.74558,44.025368,43.651794,43.58899,44.043625,43.852688,43.661694,43.83429,43.81078,43.872917,44.143017,43.93241,44.09785,44.128593,43.72428,43.903427,43.889313,43.8532,44.24977,43.942917,43.79692,44.12675,44.095448,44.11589,43.76487,44.33041
61.516705,61.417343,61.75569,61.68889,61.52762,61.51151,61.67188,61.52737,61.667263,61.977364,62.176067,61.794296,61.64606,61.637955,62.00994,61.359043,61.653435,61.677975,62.073547,61.810738,61.87885,62.120037,62.171413,62.15052,62.12499,62.067223,62.024292,62.038822,62.248096,62.16887,62.2279
65.590485,65.11339,65.45895,65.65879,65.97784,65.822845,65.844315,65.54444,65.36795,65.93593,65.72501,65.50953,66.09803,65.65993,65.9423,65.8504,65.55813,65.92616,66.1172,65.91797,66.22502,65.78554,65.98303,65.89891,65.85055,65.63437,65.98253,65.88312,65.93181,65.89866,66.07031
43.505688,43.736553,43.581062,43.56666,43.74189,43.94601,43.809692,43.765873,43.87951,43.85914,43.974945,43.711895,43.982346,43.81949,43.641647,43.929867,43.81065,43.810375,43.893047,43.920467,43.796284,43.90159,43.80046,44.205994,44.051342,44.272186,43.96723,44.052307,44.239193,43.92402,44.121044
45.089233,45.804176,45.58177,44.948185,45.553436,45.115253,45.169674,44.82568,45.79973,45.920456,45.67456,45.516495,45.424328,45.62539,45.85695,45.278706,45.609436,45.465744,45.69719,45.846264,45.796993,45.939125,45.751595,46.04415,45.49162,45.988014,45.83166,45.741898,46.1441,45.922733,46.09959
53.970848,53.6515,53.975502,53.780132,53.997025,53.806625,53.99181,53.55527,53.641575,53.89423,53.921143,53.89786,54.075092,54.149944,53.77222,54.237194,53.942513,54.178352,54.131725,54.204945,54.17964,54.27194,53.90646,54.00499,53.89902,54.316055,54.415863,54.059235,54.39179,53.94165,54.45112
43.74371,43.618267,43.387917,43.935326,43.738503,43.859596,44.121452,44.227116,43.635483,43.76881,43.354267,43.823288,43.922977,43.98114,43.683105,44.490345,43.878384,44.262207,43.726696,43.823555,44.249424,44.22827,43.621113,43.949394,43.94912,43.90275,44.201447,44.433033,43.92915,43.959953,43.984337
47.786007,47.627316,47.75882,47.626743,47.727097,47.67178,48.038277,47.873787,47.718338,47.894707,48.00686,48.315773,47.741608,47.954334,47.806843,48.27746,48.137215,48.109287,48.148933,48.13823,47.672474,47.70835,48.11689,48.02076,48.020687,48.42623,48.155693,48.36122,47.847824,47.92154,48.200424
54.002815,53.61268,54.08741,53.903603,54.23802,54.009594,54.31869,53.90304,54.01144,54.317616,54.843296,54.319508,53.986423,53.746346,54.145947,54.10845,54.444073,54.00824,54.42622,54.321175,54.225105,54.41383,54.559742,54.627975,53.98562,54.3519,54.577625,54.30543,54.68319,54.432953,54.29204
49.118874,49.358364,49.315224,49.066452,49.165024,49.298515,49.23047,49.15516,49.225708,49.30153,49.08966,49.274567,49.41546,49.31118,49.21645,49.1341,49.358295,49.345627,49.27444,49.320183,49.429436,49.70369,49.450687,49.504356,49.428307,49.46186,49.50115,49.483124,49.72487,49.47286,49.447216
36.357117,37.28361,36.789078,36.83537,36.918953,36.76096,36.96981,36.867653,37.112743,37.27247,36.981636,37.02864,37.305683,36.984875,37.441875,37.003952,37.17282,36.949604,36.991856,37.429775,37.136852,37.15955,37.249607,37.614075,37.382317,37.34456,37.207523,37.511517,37.145603,37.261894,37.64515
46.41071,46.609135,46.681473,46.89617,46.397713,46.76139,46.509125,46.93362,46.877815,46.37349,46.460007,46.588787,46.87009,46.938828,46.76694,46.929405,46.800602,46.90837,46.763977,46.795033,46.865124,46.609432,46.97597,46.827354,47.305225,46.879982,46.89012,46.990837,46.72029,47.034256,46.924995
59.993233,59.777107,60.240112,60.063015,60.10701,60.043194,59.901215,60.140476,59.891186,59.80953,59.588387,59.788914,60.302002,60.179794,60.036053,60.051273,60.016968,60.256622,60.22769,59.88553,60.326794,60.497868,60.294067,60.305702,60.088833,59.870567,60.4987,60.132267,59.998238,60.157715,60.13844
56.93412,57.151672,57.008995,57.064438,57.221954,56.904594,57.10075,56.955853,57.028454,57.060024,57.237137,56.863483,57.19111,56.693787,57.337883,56.97438,56.99702,56.884914,57.38683,57.58351,57.243507,57.320934,57.453056,57.64019,57.492554,57.44232,57.291615,57.179928,57.494186,57.357063,57.739803
51.830498,51.458218,51.701828,51.215694,51.930374,51.57011,51.63102,51.542316,51.378075,51.52562,51.383915,51.90592,51.692997,51.91916,51.441364,51.8087,52.01019,51.58824,51.70786,51.604126,51.691326,52.08102,52.034336,51.768295,51.418015,51.898956,52.080788,51.712963,51.70822,52.11659,51.755543
49.343277,49.512802,49.21163,49.37281,49.104042,49.33809,49.31285,49.51613,49.756496,49.367893,49.491646,49.438507,49.255054,49.50105,49.49078,49.38705,49.883923,49.680668,49.551563,49.754635,49.707775,49.759766,49.80595,49.662125,50.187813,49.849007,49.65769,49.716698,49.909546,50.018738,49.739834
41.707092,41.4166,41.8804,41.61441,41.494324,41.40062,41.129795,41.133278,41.634926,41.324486,41.91018,41.98564,41.713787,41.85925,41.27555,41.455338,41.49209,41.642525,41.762928,41.643574,41.5315,41.645,41.883316,41.77501,41.64942,41.863472,42.14709,41.303333,42.19728,41.84295,41.969833
44.488304,45.096287,45.181824,45.16098,44.817146,44.773186,45.062954,44.801556,45.30539,45.476818,45.212757,45.43098,45.184914,45.32725,45.86608,44.987907,45.50385,45.36815,45.197407,45.51087,45.708145,45.38782,45.840122,45.453117,45.730583,45.24285,45.581367,45.6121,45.39809,45.79751,45.726105
41.721416,41.94437,41.77961,41.699467,41.37844,41.56562,41.52722,41.701424,42.120888,41.722874,42.234447,41.699207,41.370705,41.660213,42.12021,41.738415,41.730312,42.022255,42.198765,42.164925,41.8378,41.93558,41.852528,42.044556,42.302372,42.37755,41.85661,42.102383,42.510647,42.051914,42.404057
40.343887,40.128914,40.145042,40.341167,40.2809,40.232075,40.448406,40.373764,40.040623,40.575974,40.075996,40.49058,40.478592,40.71686,40.47163,40.673447,40.35488,40.957024,40.54858,40.32629,40.68369,40.75184,40.20519,40.372063,40.328728,40.33635,40.81397,40.874985,40.57591,40.35282,40.77749
38.07922,38.43339,38.186867,38.419846,38.07241,38.040886,38.079292,38.340836,38.237896,38.15976,38.07724,37.97529,38.36053,38.219494,38.378048,38.272617,38.211,38.373466,38.325054,38.328747,38.360878,38.70532,38.066418,38.66918,38.361767,38.265015,38.599716,38.637695,38.74785,38.276115,38.714245
43.219234,43.299328,43.713257,43.282238,43.309113,43.688713,43.400227,43.73156,43.52741,43.431812,43.396065,43.727745,43.54959,43.984055,43.409897,43.601807,43.7856,43.524933,43.500336,43.222134,43.293793,43.578007,43.75619,43.543587,43.57788,43.953568,43.71111,43.99454,43.37778,43.857803,43.424423
53.82042,54.068783,54.370567,54.21721,54.247154,53.94513,54.050507,53.856716,54.308987,54.10274,54.178085,54.13104,54.261787,54.059105,54.473705,54.11294,54.463066,54.24284,54.507282,54.485523,54.60033,54.157158,55.129898,54.545105,54.604233,53.975937,54.5613,54.036526,54.2681,54.620728,54.479195
56.471195,56.673607,56.702194,56.947147,56.509186,56.638386,56.910507,56.95823,56.755257,56.651115,56.64521,56.594173,56.746834,56.828064,57.022408,57.06038,57.014423,56.86778,56.943645,57.060665,56.99539,56.910416,57.148026,56.981895,57.43095,57.116974,56.96948,57.31271,56.88502,57.16999,57.23779
50.144234,50.064407,50.466965,50.341152,50.28682,50.139248,50.21223,49.99783,50.37888,50.35632,50.360924,50.520554,50.402576,50.502434,50.5542,50.323887,50.39454,50.615353,50.48039,50.456516,50.881973,50.76537,50.73916,50.697784,50.56074,50.363716,51.061245,50.36027,50.84737,50.769848,50.837807
45.99315,46.475315,45.91372,46.391735,46.12023,46.139492,46.669773,46.434074,46.30106,46.35628,46.58548,45.850193,46.3357,45.84543,46.215755,47.126286,46.40486,46.15157,46.548355,46.54389,46.270588,46.304874,46.215305,46.94359,46.34056,46.398712,46.139748,47.097504,47.021507,46.220116,46.575527
49.436405,49.47563,49.78871,49.77419,49.395966,49.370205,49.326805,49.637253,49.8374,49.51043,49.618473,49.54887,49.5173,49.948307,49.53367,49.713108,49.79279,49.95273,49.887203,49.700775,49.77159,49.776833,49.89108,49.72879,49.903267,49.890465,49.99448,49.92276,49.5715,49.81388,49.761513
51.52159,51.825607,51.56684,51.554737,51.909416,51.81436,52.151527,51.883797,51.895145,52.14482,52.233948,51.844444,51.86696,51.6618,52.062454,52.30832,52.15626,51.565304,52.07956,52.05644,51.993294,51.90844,52.477184,52.281784,52.007298,52.150673,51.583878,52.49051,52.061256,52.467937,51.937523
51.169617,51.34714,51.347527,51.478085,51.29715,51.404686,51.41881,51.50892,51.60394,51.65917,51.7775,51.351208,51.45325,51.533722,51.549595,51.715706,51.606464,51.476135,51.786434,51.602676,51.49496,51.376686,51.66436,51.723343,51.667923,51.80877,51.46171,52.111485,51.7982,51.757374,51.624256
42.78993,43.03619,42.968605,42.620663,42.787453,42.790302,42.74032,42.730026,43.22225,42.778618,43.040897,43.04101,42.679653,42.97952,42.975197,43.055557,42.95925,42.996696,43.04883,43.123173,43.10613,43.16621,43.202106,43.254242,43.214283,43.455917,43.19524,43.00853,43.428482,43.38814,43.33513
46.685886,46.12431,46.272972,46.62681,46.36689,46.54537,46.784515,46.718826,46.259804,46.560375,46.782166,46.84289,46.79823,46.596973,46.403954,46.74631,46.906673,46.852905,46.678814,46.53638,46.63577,47.00715,46.72299,46.891235,46.773758,46.5399,47.055172,46.901436,47.04563,46.74315,46.836147
40.142292,40.461193,40.762657,40.36596,40.48729,40.529816,40.557518,40.538742,40.761253,40.244335,40.6537,40.331936,40.5447,40.6219,40.743446,41.131027,40.992943,40.618656,40.76189,40.800045,40.587112,40.500183,40.84039,40.964455,40.680077,40.86933,40.888527,40.834232,40.676746,40.72496,40.904526
49.04289,49.379627,49.459625,49.859142,49.503487,49.213787,49.364376,49.180923,49.496174,49.73403,49.94584,49.294277,49.723274,49.551136,49.859398,49.492355,49.838303,49.306053,49.716682,50.22751,49.746124,49.356133,49.830704,49.61521,49.83003,49.898613,49.705296,49.98636,49.883007,49.93681,50.048733
38.848194,38.589012,38.584076,38.636177,38.78779,38.192684,38.064346,38.399208,38.410366,38.05625,38.46882,38.390198,38.690563,38.454746,38.32461,38.659634,38.846176,38.355553,38.694336,38.797085,38.38682,38.656948,38.518536,38.809555,38.100933,38.39789,39.01652,38.438732,39.01119,38.66573,38.761047
49.067654,48.927303,48.908722,48.954403,49.432907,48.95055,49.04486,48.881153,48.796566,49.385307,48.911507,49.058018,49.355007,49.264317,49.24464,49.240063,49.065266,49.186687,49.249344,49.238487,49.471794,49.522095,49.00481,49.323013,48.75078,49.14953,49.543163,49.463078,49.484436,49.32946,49.49176
50.05168,50.244644,50.32373,50.64542,50.246628,50.20705,50.277443,50.338127,50.449642,50.547676,50.487877,50.372154,50.527767,50.635223,50.885098,50.424335,50.39868,50.768192,50.788166,50.973095,50.701946,50.2624,50.687798,50.488724,51.143593,50.893066,50.70362,50.82864,50.40114,50.65002,51.175636
51.983685,51.708084,51.852882,51.891006,52.462303,52.015785,51.86671,51.72304,51.925205,52.33026,52.18376,52.173782,52.39666,52.08064,52.31369,51.956615,52.191547,52.03836,52.36448,52.267624,52.40284,52.11047,52.40002,52.455063,51.946365,51.952774,52.57522,52.095886,52.563602,52.529316,52.447742
47.861984,48.015392,48.041183,48.207657,47.98104,48.212368,47.94665,48.209156,48.133667,47.91102,47.95313,47.840458,48.352882,47.988228,48.25159,48.158253,48.09329,48.302406,48.306084,48.356525,48.239346,47.944355,48.212204,48.268303,48.440514,48.1136,48.218475,48.31337,48.2831,48.11405,48.30304
52.080288,52.31477,52.37268,51.734123,52.24801,52.55547,51.975124,52.415966,52.648434,52.28739,52.267307,52.05102,52.26327,52.540234,52.224308,52.245598,52.430035,52.104023,52.354538,51.939392,52.27343,52.734367,52.38216,52.726883,52.230526,52.730896,52.32981,52.66639,52.69935,52.844017,52.144802
51.824326,51.503773,51.492233,51.822754,51.6708,51.5686,51.97307,51.885914,51.356564,51.97823,52.057693,51.64799,51.80598,51.796,51.804237,51.783085,51.665928,51.88132,52.14563,51.83366,51.732693,52.309193,51.802193,52.02066,52.08184,52.164795,51.935623,52.256416,52.02284,51.861755,52.406925
48.57349,48.227066,48.287224,48.19719,48.350494,48.662777,48.42158,48.71364,48.513226,48.43284,48.71387,48.65062,48.462982,48.455093,48.40679,48.44674,48.604412,48.654896,48.70617,48.48606,48.40461,48.654922,48.6552,48.68302,48.725826,48.861595,48.572323,48.739567,48.732025,48.766724,48.524982
38.6182,38.860928,38.580948,38.441887,38.628723,38.42294,38.172173,38.27826,38.74848,38.467403,38.786987,38.404137,38.65299,38.612766,38.674316,38.56534,38.567104,38.445744,38.780933,38.90822,38.67583,38.785225,38.69046,38.83448,38.654858,38.903168,38.642685,38.611546,39.29378,38.98927,39.04479
46.789,46.81807,46.652344,47.201397,46.75798,46.856007,47.33012,47.229317,46.679035,47.146206,47.050938,47.099186,47.193905,47.139664,47.176605,47.24487,47.442078,47.125786,47.028076,47.382366,47.052475,47.30944,47.05462,47.209297,47.52177,47.471046,47.363228,47.788757,47.26397,47.268974,47.64629
48.853886,49.011677,48.877342,48.607487,49.004364,48.47881,48.720764,48.504402,48.445656,48.658756,48.32936,48.87794,48.880424,48.533966,49.020237,48.71133,48.764393,48.67426,48.836693,49.086033,49.031155,49.15554,49.147766,48.963478,48.619385,48.66729,49.03788,48.80393,49.087875,49.04736,49.131104
54.85494,54.58627,54.808334,54.85333,55.256485,55.158707,55.271168,55.09657,54.767773,55.112984,54.77121,54.82508,55.101265,55.007706,54.651806,55.248486,55.209442,55.33358,55.18754,55.076496,55.2456,55.24314,54.993347,55.14682,54.922283,55.156044,55.487934,55.23216,54.991398,54.853424,54.993145
56.326015,55.95469,56.17691,56.16797,56.620018,56.415386,56.392323,56.40462,56.372982,56.25577,56.666542,55.90687,56.20121,56.033756,56.475216,56.691833,56.390488,56.313126,56.72001,56.627464,56.591457,56.617275,56.193966,56.855858,56.207443,56.73065,56.760048,56.596466,56.964752,56.565556,56.725418
45.979633,45.718426,45.588318,45.42333,45.61936,45.919876,45.947277,46.135334,45.728954,45.51386,45.53224,45.87926,45.780754,45.790054,45.534103,46.333218,46.257626,46.25672,46.04204,45.80818,45.604813,45.842,45.82355,45.99855,45.890385,45.906967,45.9743,46.168533,45.944843,45.66499,45.78304
43.19979,42.982162,43.549927,43.1973,43.276108,43.22577,43.658363,43.219563,42.75,43.202698,43.394558,43.3998,43.53577,43.49661,43.273376,43.682148,43.513977,43.3608,43.483616,43.291653,43.077316,43.703133,43.37093,43.61547,43.19908,43.6204,43.881035,43.650177,43.55843,43.150864,43.95804
44.20395,44.649166,43.99279,44.153194,44.241547,44.163643,44.293583,44.416317,44.413,44.420372,43.681408,44.321007,44.454025,44.545155,44.625946,44.554928,44.519085,44.765194,44.350445,44.5459,44.869045,44.81794,44.524822,44.582764,44.767765,44.35073,44.557568,44.769825,44.504436,44.74662,44.7462
41.968018,42.60109,42.3385,42.032177,42.124,41.80458,41.692833,41.884468,42.620792,42.03277,41.956642,42.159405,42.290806,42.837772,42.24248,42.59781,42.407215,42.17261,42.332325,42.339252,42.282677,42.36188,42.40398,42.745094,42.450043,42.682816,42.678123,42.46664,42.66085,42.751404,42.920357
47.748577,47.871696,47.857376,47.85311,47.65838,47.66498,47.721962,47.711365,47.83275,47.9997,47.926178,47.850998,47.87116,48.04457,47.86125,47.861927,47.681416,48.0414,48.140594,47.843285,48.003113,48.10166,48.1225,47.962257,48.100994,48.03556,47.889507,48.175232,48.13931,48.069134,48.14285
44.5029,44.00613,44.177025,44.509365,43.94364,44.491768,44.577133,44.72782,44.14989,44.4366,45.032513,44.37648,44.212906,44.466553,44.31235,44.491226,44.1091,44.57829,44.692642,44.328583,44.174328,44.80366,44.079376,44.45121,44.798283,45.17292,44.425446,45.023067,44.979584,44.470264,44.921177
43.06812,43.243896,43.636314,43.568665,43.570023,43.83455,43.96002,43.81987,43.65789,43.840828,43.973507,44.030396,43.696236,43.74412,43.560116,43.984825,44.000645,43.58572,43.615852,43.72214,43.630077,43.442898,44.116333,43.77854,43.760822,44.16594,43.80706,44.26189,43.444466,43.982258,43.4808
38.35488,38.300827,38.346268,38.603065,38.3571,37.942127,38.35655,38.17454,38.353092,38.236435,38.575317,38.622616,38.34204,38.545094,38.192924,38.96592,38.67304,38.435474,38.495644,38.681202,38.55343,38.442368,38.707798,38.553528,38.36721,38.551872,38.817127,38.640503,38.71043,38.73288,38.720005
46.244938,46.1356,46.24141,46.130165,46.17955,46.455067,46.372116,46.546337,46.460438,46.42554,46.508335,46.60541,46.18949,46.49668,46.650097,46.26081,46.60186,46.53859,46.482086,46.378315,46.587006,46.776695,46.751007,46.57744,46.84756,46.798203,46.65281,46.70033,46.651398,47.040226,46.670795
43.66084,43.472534,43.450798,43.76736,44.087616,43.638527,43.923195,43.42515,43.224236,44.18378,44.001286,43.822773,44.182568,43.70634,43.84722,43.8323,43.774433,43.757366,44.050087,44.083607,43.929615,43.776737,43.95253,43.84469,43.58814,43.70819,43.938145,44.01493,44.066936,43.819016,44.182972
52.13679,52.213234,52.310135,52.309223,52.104515,52.724808,52.200947,52.739624,53.204174,52.74245,52.50953,52.670914,52.197792,52.816315,52.61969,52.119015,52.51376,53.21186,52.576317,52.36987,53.200832,53.02492,52.751633,52.758896,53.293686,52.957214,52.966496,52.783463,52.722748,53.153404,52.46033
40.440296,39.877743,40.191216,40.25954,40.609,40.14643,40.092026,39.892517,40.087624,40.2237,40.798557,40.338127,40.343765,40.313557,40.159393,40.49017,40.35588,40.32892,40.743942,40.712315,40.221504,40.0565,40.24542,40.427765,40.08079,40.638603,40.8381,40.17327,40.887894,40.335068,40.89657
57.797905,57.54909,57.484863,57.78074,58.461884,57.897484,58.22376,57.75138,57.76875,58.18241,58.274128,57.67835,58.017967,57.605766,58.213493,58.54746,57.93717,57.671326,58.28111,58.30858,58.4485,58.05536,58.10875,58.523315,57.75149,58.09169,58.23526,58.273438,58.640823,58.476303,58.462433
60.84048,60.21667,61.040558,60.55886,60.771355,61.14931,60.698692,61.049435,60.7556,60.308105,60.751095,60.60003,61.081356,60.962223,60.910923,60.88384,60.984158,60.822006,60.99991,60.378754,60.90917,61.3478,61.173084,61.377388,61.002895,60.759453,61.359554,60.751324,61.136845,61.286674,61.02203
40.911274,41.008976,40.968933,40.77527,40.96859,40.91525,40.847042,40.752857,41.192604,41.45216,41.48301,41.21042,41.014027,41.303864,41.223602,40.93019,40.9838,41.38325,41.533787,41.2068,41.084885,41.21597,41.113064,41.416847,41.294888,41.571198,41.393787,41.34214,41.6277,41.190132,41.725418
49.58935,49.635803,49.815346,50.07818,49.86593,49.834774,50.07406,49.911667,49.683655,49.905197,49.69145,49.975163,50.030888,50.147377,49.61803,50.304806,50.170467,49.92619,49.89711,49.95162,50.017265,49.84249,50.151154,49.92768,50.01584,50.06742,50.2686,50.336727,49.971283,50.11624,50.00283
52.792877,52.96221,52.984856,52.98783,52.922455,53.320656,53.356197,53.479515,53.031357,53.453636,52.868713,53.158405,53.19646,53.411423,53.441784,53.04109,53.220005,53.435406,53.13262,53.065582,53.46845,53.76908,53.242844,53.27352,53.609344,53.58732,53.361835,53.877094,53.160435,53.52984,53.40129
48.391933,48.584442,48.75666,48.45057,48.626015,48.69191,48.789654,48.66388,48.816,48.90368,48.685307,48.652824,48.637672,48.76782,48.99093,48.895454,48.880768,49.115246,48.980667,48.809437,49.112274,49.018147,49.02886,48.93125,48.843925,48.826225,48.927876,49.121296,48.815258,48.889023,48.848724
40.389214,40.708363,40.54667,40.853657,40.390358,40.623756,40.492935,40.80502,40.671146,40.508827,40.32088,40.595345,40.94321,40.856857,40.72757,40.873516,40.721134,40.850212,40.57836,40.77057,40.853992,40.721943,40.683975,40.738693,40.928936,40.67988,40.807198,41.121838,40.817234,40.85646,40.82585
47.36958,47.468647,47.207718,47.593327,47.4217,47.44393,47.39376,47.60623,47.384247,47.626778,47.330948,47.556175,47.679916,47.762566,47.55622,47.511,47.225994,47.54826,47.60738,47.50668,47.658604,47.666122,47.626263,47.63234,47.926,47.819542,47.601624,47.900368,47.677982,47.92258,47.949074
42.11062,42.02945,42.041145,42.05976,42.276,41.883083,42.23588,41.913864,41.750515,42.285095,41.984623,42.12887,42.234997,42.232616,42.26758,42.1575,42.148106,42.35574,42.330143,42.219208,42.445885,42.736927,42.2853,42.355972,42.14186,42.11373,42.640347,42.26303,42.464382,42.272995,42.754597
53.671955,53.510864,53.451607,53.32144,53.84073,53.294216,53.16303,53.10523,53.305202,53.260406,52.793198,53.790573,53.864666,53.70081,53.657516,53.4648,53.632843,53.626373,53.43018,53.97463,54.05578,53.7168,53.898315,53.520348,53.568275,53.475037,54.08518,53.267265,53.70765,54.0689,53.92391
53.523125,53.75092,53.45199,53.377075,53.29249,53.20359,53.642185,53.47068,53.677216,53.81795,53.89745,54.133038,53.439857,53.71033,53.63461,53.735416,54.04657,53.51064,53.853275,53.847645,53.489666,53.61198,54.449192,53.838043,54.11809,54.08248,53.488834,54.164562,53.819664,54.28513,53.84314
36.318733,36.571037,36.557053,36.583965,36.2141,36.395798,36.37535,36.589314,36.61576,36.419273,35.802444,36.905033,36.77047,37.414093,36.543095,36.97551,36.750954,37.247524,36.38041,36.544865,36.92784,36.86061,36.54443,36.547546,36.94186,36.79766,37.24562,36.99983,36.50037,36.791145,37.00953
55.960384,55.523796,55.739685,55.49297,56.04579,55.75364,55.80746,55.50021,55.697765,55.855488,56.04417,56.088703,56.07124,55.621815,55.861347,55.649723,56.021214,55.777813,55.94352,55.885628,56.191303,56.520668,56.2895,56.52305,55.77876,55.728157,56.489727,55.64824,56.63276,56.34755,56.176872
47.62806,47.358498,47.394554,47.244396,47.61019,47.688686,47.38906,47.415684,47.764114,47.79607,47.668373,47.724224,47.53142,47.736095,47.480335,47.340843,47.602207,48.15146,47.943108,47.5916,47.968685,47.895107,47.850178,47.75403,47.892548,47.72471,47.975323,47.465775,47.97625,47.824585,47.752514
51.034557,50.743988,50.89318,51.20907,51.190163,51.04238,51.52917,51.03664,50.762886,51.26132,51.357502,51.23194,51.4038,51.159515,51.228943,51.68739,51.271168,51.322407,51.448364,51.452835,51.352,51.2178,51.37521,51.446274,51.37225,51.330383,51.53678,51.53473,51.51088,51.262196,51.794518
48.681236,48.795116,48.625786,48.89583,48.639,49.00852,48.526745,49.087368,49.25577,48.734367,48.815426,48.891357,48.90653,49.188248,49.05587,48.796368,48.933197,49.14998,49.057102,49.16475,49.1369,48.71213,49.287643,48.885635,49.855625,49.427254,48.92903,49.047142,48.860832,49.543133,49.21126
51.693317,51.31554,51.414543,51.99068,51.64936,51.63313,51.715237,51.927643,51.245335,51.64156,51.437393,51.884174,51.958122,51.680553,51.912457,51.613968,52.019333,51.802334,51.735237,51.988758,51.84111,51.675064,51.957397,51.563087,51.96765,51.605095,52.00434,52.116745,51.705494,52.045113,51.885708
42.163128,42.317665,42.05401,42.352764,42.648056,42.410774,42.539223,42.192104,42.56745,42.75989,42.857845,42.38289,42.582176,42.088795,42.806725,42.613018,42.623886,42.65748,42.773884,43.070755,42.941666,42.452335,42.629383,42.965767,42.645527,42.540733,42.812057,42.639313,43.146244,42.666233,42.983303
49.547897,49.756516,49.39865,49.598755,50.096405,49.684807,50.20311,49.717785,49.624664,49.99507,49.624413,49.946556,49.963455,49.463654,50.097046,50.375446,50.0987,49.804657,49.936024,50.20358,50.312164,49.780235,50.43908,50.17605,49.85727,49.600952,49.909462,50.157906,49.94108,50.25014,49.99494
59.353054,58.97331,58.840454,59.291546,59.483757,59.310623,59.358753,59.30191,59.05686,59.438076,59.341915,59.029045,59.241642,59.00564,59.540115,59.357132,59.229145,59.35911,59.65375,59.66102,59.7393,59.33541,59.48072,59.250374,59.494278,59.357323,59.262585,59.5606,59.68667,59.711296,59.534863
41.403828,41.25669,41.129814,41.12286,41.635963,41.916737,41.866985,41.775482,41.286247,41.742325,41.36647,41.579853,41.879513,41.831223,41.96331,41.807144,41.488884,42.062943,41.765068,41.68955,41.84572,41.91398,41.504795,41.78808,42.08016,42.038597,41.853836,41.900387,41.602665,41.727104,42.35923
44.57835,44.828476,45.08519,45.059097,44.789368,44.742245,44.991222,44.584824,44.8533,44.968304,45.194244,45.080036,45.039978,44.972412,44.91279,45.200523,45.198185,44.80846,44.844345,45.330204,45.155186,44.997932,45.20455,44.961105,44.884132,45.249237,45.16256,45.360596,45.408043,45.236916,45.08328
45.44569,45.501404,45.47123,45.503532,45.529922,45.596447,45.635857,45.742825,45.69173,45.609203,46.136597,45.365276,45.599743,45.545593,45.84137,45.727627,45.950756,45.575138,45.98345,46.01501,45.483364,45.75683,45.768017,46.0196,46.048584,46.264763,45.73323,46.0384,45.94821,45.886204,46.186924
52.709347,52.718037,52.637543,53.311054,52.50879,53.117245,53.184273,53.491844,52.936085,53.16581,53.239586,52.996857,53.0474,53.145073,53.17928,53.13071,53.03018,53.115906,53.113434,53.136665,53.044544,53.06079,53.072624,53.025375,53.78044,53.609833,52.90312,53.93685,53.18506,53.422733,53.30913
46.58891,47.321342,47.102013,47.378883,46.69114,47.01443,47.343044,47.329315,47.39667,47.23664,47.246536,46.935135,47.116314,47.293213,47.4508,47.600647,47.11742,47.299423,47.26072,47.409214,47.446766,47.421867,47.33448,47.542374,47.90516,47.752052,47.203682,47.96781,47.44603,47.482777,47.752792
50.76934,50.93462,51.03044,51.06952,51.012115,51.01132,51.31596,50.955593,50.871437,51.142246,51.22741,50.853916,51.28648,51.031906,51.374855,51.587658,51.246815,51.086014,51.42193,51.36813,51.151173,51.014683,51.252594,51.442657,51.2493,51.241043,51.247345,51.621235,51.5757,51.15621,51.67879
47.031387,46.876225,46.944344,46.80519,47.05134,47.068142,47.038193,47.328808,47.079906,46.83344,46.958046,46.872093,47.05207,46.86507,47.281376,47.45204,47.490154,47.389328,47.5833,47.120384,46.9598,46.89204,47.337208,47.485214,47.1268,46.829155,47.272808,47.342026,47.094204,47.019325,47.19362
45.910103,45.70383,45.81732,45.56066,45.7293,45.665855,45.535625,45.59235,45.866558,45.572975,45.898296,45.94574,45.51138,45.660164,45.3056,45.894104,45.548454,45.77984,45.817287,45.730865,45.80831,46.028706,45.664158,45.963806,45.427044,46.10723,46.06453,45.815815,46.427185,45.908,45.695007
45.779377,45.890736,45.917526,45.82029,45.43625,45.508846,45.971226,45.92401,45.723137,45.65073,45.79452,46.057236,45.51615,45.706223,45.84285,46.03407,45.956512,45.99839,45.941925,45.94818,45.77059,46.171288,46.04087,46.04734,46.0625,46.153267,46.094707,46.29852,46.1264,45.933178,46.153893
46.225983,45.7645,45.931007,45.999516,45.932755,46.32735,46.172184,46.50371,46.35809,46.163177,46.693905,46.288574,46.02007,46.49248,46.435402,46.46671,46.392612,46.39848,46.557175,46.089214,46.232883,46.488537,46.37452,46.573853,46.74692,46.77733,46.473362,46.650085,46.69632,46.882683,46.747837
56.957924,57.175167,57.137566,57.039364,57.311775,57.085228,57.528442,57.153404,57.29218,57.537693,58.18816,57.269814,57.206337,56.75966,57.885963,57.51362,57.615906,56.767513,57.863613,57.819756,57.089653,57.05077,57.9918,58.030685,57.612392,57.79448,57.1579,57.870934,57.85287,57.834785,57.929558
46.478313,46.508636,46.298637,46.25458,46.116158,46.123253,46.350754,46.134678,46.396633,46.33024,46.62282,46.626087,46.051594,46.290257,46.59465,46.630444,46.568172,46.46843,46.591175,46.94447,46.585365,46.32704,46.798088,46.144585,46.692142,46.839462,46.17722,46.74951,46.925278,46.91928,46.655643
38.36732,38.31694,38.254417,38.035496,38.48629,37.87992,38.23998,37.844208,38.094032,38.606575,38.7693,38.546223,38.18741,38.323627,38.13254,38.308674,38.333866,38.239155,38.664997,38.504364,38.11171,38.594753,38.34708,38.66478,37.981194,38.753487,38.705147,38.49113,38.899826,38.34015,38.8778
49.38354,49.13977,49.254494,49.368004,48.987526,49.584637,49.33986,49.623856,49.654556,48.993797,49.59405,49.452465,49.33201,49.466454,49.437878,49.639137,49.80134,49.6998,49.558445,49.673656,49.55029,49.362736,49.79405,49.485725,50.21438,49.813675,49.55063,49.564835,49.77558,49.921543,49.632233
43.351723,43.700954,43.57115,43.64151,43.21341,43.433907,43.618935,43.751232,43.861115,43.65623,43.721535,43.685585,43.321365,43.55061,43.634502,43.715786,43.809235,43.90385,43.677208,43.839153,43.794292,43.925472,43.725964,43.80561,43.93248,44.02797,43.78961,44.196453,43.909607,43.80312,43.69973
56.271473,55.383083,55.62349,55.694866,56.589096,56.239178,56.118732,55.91595,55.944786,56.11703,56.551403,56.19963,56.239998,55.844105,56.06109,56.15999,56.104908,56.08773,56.56198,56.192867,56.314648,56.19921,56.422268,56.773117,56.171196,56.195747,56.73266,55.74609,56.719353,56.540707,56.637608
46.267216,46.288124,46.82615,46.219322,46.715324,46.44104,46.57172,46.304924,46.603416,46.520077,46.675827,46.47645,46.595676,46.518677,46.63592,46.976982,47.04176,46.67211,46.860413,46.557228,46.716656,46.711723,46.96559,47.062088,46.12583,46.35961,47.057804,46.732716,46.774616,46.62356,46.569008
49.700253,49.43384,49.308662,49.76279,49.254723,49.8068,49.142967,50.090355,49.59222,49.26139,49.0737,49.366894,49.72921,50.070137,49.373177,49.372593,49.368504,49.926746,49.654774,49.362614,49.558205,49.770786,49.322464,49.467705,50.254883,49.931244,49.7696,49.83524,49.680218,49.847546,49.82969
45.31835,45.832264,45.489273,45.33269,45.46396,44.684364,45.061028,44.981464,45.639812,45.564075,45.39254,45.519596,45.25594,45.585194,45.76539,45.452087,45.528545,45.52336,45.857483,45.82845,45.64343,45.696556,45.932465,45.946754,45.68267,45.672195,45.852657,45.61928,45.750217,45.85679,46.246025
33.191715,33.057446,32.928543,32.856503,32.873802,33.01957,33.262505,33.308517,32.9057,32.863594,32.83575,33.31458,32.906624,33.08346,32.838158,33.31221,33.2842,33.59407,33.14792,33.0662,33.031853,33.52919,33.041786,33.232075,33.23475,33.278435,33.51085,33.264328,33.220844,32.93918,33.343113
43.37575,43.81121,43.05332,43.430935,43.676125,43.26232,43.3776,43.397614,43.857906,43.822227,43.265617,43.69219,43.835163,43.930107,44.05308,43.77503,44.012104,43.943153,43.798107,44.06787,44.1928,43.791668,44.06865,44.13645,44.31503,43.665283,44.09643,43.81938,43.93258,44.330536,44.458515
45.866917,46.21098,46.40355,46.045708,46.31447,46.11264,46.60243,46.00454,46.16488,46.610752,46.40311,46.4139,46.37904,46.479366,46.771675,46.559208,46.46445,46.380867,46.41825,46.479614,46.765038,46.89862,46.800713,46.70195,46.48605,46.61361,46.68321,46.737137,46.56938,46.769535,46.957005
50.650047,50.557346,50.6073,50.31244,50.920418,50.251144,50.49391,50.231804,50.30654,50.72284,50.697796,50.572487,50.81544,50.489544,50.78199,50.7828,50.399395,50.507885,51.05856,50.739372,50.591835,50.820244,50.754112,51.156723,50.215183,50.616837,50.893436,50.76706,50.974976,50.617428,51.180664
50.946053,50.284264,50.59514,50.964184,50.80429,50.96226,50.75737,51.080513,50.596775,50.41082,50.61078,50.815548,50.93176,50.890045,50.62228,50.981285,50.941902,50.987225,50.80906,50.840588,51.031696,50.984768,50.85863,50.80536,51.018234,50.884636,51.29666,50.869133,51.01644,51.15734,50.927155
55.849384,55.40267,55.597412,55.51553,55.828125,55.63313,55.634556,55.475735,55.415607,55.601192,56.130123,55.507275,55.7304,55.47273,55.696457,55.72016,55.49279,55.46326,56.105347,55.90552,55.60699,55.830173,55.79363,55.96904,55.703762,56.079956,55.788067,55.730297,56.31621,55.903233,56.216774
49.60458,49.813034,49.899284,49.781715,49.888885,49.82521,49.89419,49.866287,50.005993,50.03236,50.21079,49.711594,49.961586,49.90843,50.061337,50.056904,50.11528,49.89105,50.173805,50.165154,49.968204,50.13341,50.034813,50.368347,50.03461,50.363228,50.156906,50.380062,50.248013,50.112865,50.287395
46.758533,46.908924,46.7847,47.16865,46.506554,47.355408,47.27693,47.564014,47.129887,47.1572,47.33378,47.112392,47.036407,47.01908,46.908203,46.92819,46.870518,47.190548,46.996014,46.936348,47.086853,47.453312,47.133034,47.217476,47.820454,47.676468,46.919937,47.675026,47.317326,47.34354,47.10175
47.24437,47.184803,47.56424,47.45029,47.56597,47.180614,47.57518,47.07028,47.08215,47.683846,47.471325,47.860268,47.70465,47.637062,47.52869,47.684013,47.504723,47.67731,47.85589,47.605885,47.515724,47.23249,48.036312,47.595932,47.466938,47.39971,47.874863,47.644722,47.43382,47.44821,47.902752
38.675175,39.318176,38.90284,39.01152,38.899918,38.873016,39.1515,39.109547,39.0056,39.34573,38.80039,39.023945,39.157997,39.369183,39.192772,39.1865,39.235847,39.340355,39.115944,39.36811,39.200092,39.363457,39.12774,39.124123,39.451786,39.562393,39.16355,39.730892,38.96904,39.15238,39.51223
50.433285,50.23682,50.516846,50.4833,50.571632,50.633385,50.710316,50.533894,50.493492,50.860188,50.962994,50.8895,50.59006,50.751648,51.074852,50.485157,50.69937,50.794865,50.952217,50.9343,50.86723,50.720657,51.156105,50.669,51.208866,51.160385,50.84981,50.891655,50.761322,51.181854,51.225666
44.05426,44.261017,43.975067,44.204456,44.3496,44.457455,44.418842,44.51011,44.18962,44.50982,43.96698,44.54395,44.73352,44.519817,44.761196,44.35376,44.380245,44.60432,44.40384,44.521816,44.676205,44.425755,44.76574,44.509575,44.943707,44.44596,44.480236,44.67797,44.175236,44.785435,44.7939
47.157543,47.187634,46.92054,47.40458,47.251854,47.08436,47.531506,47.446873,47.1489,47.266087,47.39727,47.535923,47.447247,47.13022,47.63779,47.667736,47.57782,47.314056,47.440865,47.820988,47.515606,47.28584,47.86518,47.598343,47.85887,47.52642,47.42811,47.73299,47.327557,47.82131,47.81896
45.37703,45.578907,45.583107,45.89446,45.72988,45.71875,45.974625,45.772972,45.59809,45.954105,45.76119,45.941612,46.044594,46.083874,45.940834,46.245865,45.91773,45.82607,45.912872,45.993366,45.932613,45.584694,46.14262,45.903618,46.156437,46.088028,45.9703,46.355236,45.81117,46.148655,46.261333
37.368736,37.47248,37.337708,37.148926,37.542694,37.399246,37.3598,37.281704,37.43185,37.587543,37.493347,37.907352,37.686134,37.640617,37.102985,37.57174,37.77305,37.437023,37.47016,37.429802,37.342014,37.48811,37.78743,37.730614,37.27665,37.575577,37.71545,37.640686,37.70353,37.70689,37.408787
37.833954,38.433468,38.050392,38.006824,37.993965,37.943047,38.188087,37.947887,38.20584,38.301773,38.028275,38.170097,38.299007,38.411877,38.202152,38.374405,38.280396,38.353207,38.157036,38.409084,38.406654,38.574703,38.299385,38.453583,38.49573,38.542656,38.391674,38.54003,38.498234,38.369114,38.713337
53.282913,53.020744,53.165146,53.406754,53.427322,53.42746,53.324898,53.35167,53.360256,53.71508,53.60187,53.36914,53.285233,53.54006,53.44194,53.41238,53.385292,53.647602,53.739674,53.622925,53.651123,53.37205,53.358135,53.329193,53.52001,53.830444,53.644814,53.85492,53.773712,53.649857,53.62157
48.581875,48.758972,48.30426,48.643715,48.416336,48.57722,48.678383,48.84136,48.90178,49.08961,48.75576,49.016766,48.65393,48.815926,49.407627,48.798393,48.967045,49.10818,48.921246,49.116043,49.21237,48.92973,49.001785,48.910736,49.303196,48.991653,48.811897,49.52873,49.201683,49.43703,49.17005
44.982258,45.273365,45.409904,45.226673,45.14364,44.948544,45.27444,44.990986,45.15155,45.04023,45.071068,45.07939,45.227192,45.22146,45.22663,45.370956,45.506332,45.383064,45.242435,45.605602,45.460278,45.713203,45.315186,45.53482,45.368618,45.518562,45.843376,45.381763,45.613197,45.237324,45.763584
41.038067,40.88639,40.828926,40.80262,40.655777,40.683712,40.90863,40.80518,40.916573,40.726208,41.345615,41.031193,40.467197,40.72679,40.673744,41.283375,40.951626,40.8615,41.150517,41.01102,40.796078,40.945118,41.08499,40.968437,40.903427,41.260628,40.851818,41.172985,41.573277,41.187378,41.039944
50.582294,50.091396,50.20582,49.823277,50.4234,50.408703,50.385098,50.16398,50.289062,50.46204,50.404972,50.73785,50.42374,50.480564,50.443665,50.39218,50.558872,50.754547,50.60293,50.332497,50.708263,50.955418,50.67462,50.767532,50.461803,50.450645,50.913834,50.358276,51.009983,50.787945,50.752033
43.211903,43.651558,43.21688,43.294556,43.569077,43.582016,43.758945,43.596783,43.517906,43.94896,43.448463,43.464233,43.869648,43.516953,44.213066,43.59927,43.72958,43.88395,43.725807,43.909283,44.030025,44.092487,43.697964,44.100143,43.985466,43.703644,43.823643,44.099056,43.92337,43.83117,44.25662
38.37998,38.498474,38.46868,38.216393,38.579483,38.393223,38.482784,38.40875,38.578945,38.725426,38.544746,38.692398,38.54231,38.974815,38.688187,38.74391,38.93441,38.785522,38.735603,38.6471,38.72633,38.877853,38.847992,38.738693,38.676517,38.889984,38.91062,38.87418,38.665665,38.974102,38.966824
41.92299,42.310566,41.839996,41.85414,42.150734,41.847576,41.88777,42.150032,42.004982,42.092953,41.57831,41.899513,42.21187,42.093777,42.209015,42.25716,41.944057,42.126125,42.09797,42.115444,42.201504,42.46145,41.867245,42.48342,41.883812,42.14009,42.26939,42.542316,42.215115,42.16368,42.381237
43.197605,43.328777,43.583717,43.25046,43.511665,43.380974,43.277718,43.216305,43.534008,43.31419,43.585625,43.49745,43.562798,43.50364,43.837708,43.651028,43.540295,43.355957,43.604065,43.639633,43.72628,43.50959,43.973846,43.74649,43.539246,43.578773,43.6558,43.53268,43.706753,44.02303,43.810238
50.32224,50.018223,50.48191,50.70506,50.281265,50.304924,50.678818,50.54929,49.943848,50.169468,50.057663,50.85626,50.53322,50.68602,50.082226,50.802372,50.519756,50.67605,50.417553,50.555584,50.412987,50.250786,50.81185,50.119385,50.70471,50.693733,50.804585,50.71263,49.97719,50.442184,50.547543
51.204746,51.40986,51.653267,51.8689,51.750565,51.6989,51.879898,51.746532,51.482616,51.875565,51.578297,51.811268,52.125572,51.872074,52.297462,51.95497,51.846104,51.744556,51.84509,52.011852,52.047318,51.61521,52.191975,51.957756,52.104717,51.830574,52.045853,52.268723,51.637527,52.14764,52.267242
59.567772,59.266624,59.352783,59.85157,59.675903,60.04833,59.36533,60.06497,60.03441,59.6494,59.887047,59.394306,59.76522,59.460613,59.895313,59.392483,59.51368,59.782417,59.9107,59.77588,60.14375,59.792698,59.77361,60.05284,60.178158,59.828026,59.902485,59.871643,60.18739,60.278282,59.695
52.259705,52.233425,52.760963,52.335648,52.188057,52.68106,52.421085,52.500603,52.65127,52.372967,52.540718,52.61656,52.48731,52.721966,52.56663,52.44508,52.43992,52.727215,52.50967,52.394653,52.77256,52.957775,52.707943,52.72326,52.841988,52.952156,52.90047,52.72034,52.894077,52.871216,52.701553
51.656803,50.828224,50.91706,51.183445,51.67865,51.446278,51.498096,51.18332,50.945103,51.31537,51.46269,51.46147,51.603596,51.138546,51.11277,51.130455,51.529568,51.74176,51.71443,51.694855,51.615314,51.61272,51.70496,51.539413,51.754204,51.34262,51.94875,50.85384,51.681797,51.412106,51.850452
47.73318,47.887177,48.10659,48.033127,47.859283,47.90951,48.59936,48.10951,47.99169,48.344994,48.32774,48.505295,47.91018,48.151867,48.413025,48.31285,48.496536,48.395424,48.1298,48.52302,48.52075,48.61901,48.709663,48.198868,48.638577,48.71939,48.427708,48.69717,48.04286,48.55596,48.50967
45.428417,45.422546,45.273453,45.499706,45.041122,45.402557,45.225773,45.537983,45.686344,45.531265,45.720146,45.52199,45.166924,45.651257,45.452347,45.16565,45.428463,45.733154,45.55447,45.64786,45.6765,45.89598,45.47658,45.4143,46.10008,46.168777,45.592373,45.818466,45.98343,45.95687,45.785835
55.11574,54.72935,55.22342,55.35344,55.072838,55.108433,55.280033,55.111515,55.114918,55.39285,55.80855,55.371265,55.31623,55.309185,55.1643,54.963043,55.366272,55.458252,55.636505,55.379635,55.280167,55.549656,55.66278,55.585922,55.787163,55.62191,55.774246,55.341606,55.54208,55.403633,55.771168
43.69042,43.852386,43.98844,43.52922,43.63929,43.783546,43.707706,44.08287,43.888786,43.55534,43.339787,43.773758,43.699566,44.103016,43.742302,44.034107,44.0119,44.134243,43.915234,43.590794,43.7732,44.207413,43.921696,44.03814,43.889046,44.039917,44.14721,44.15655,43.649902,43.8872,43.885967
43.332108,43.146263,43.00959,43.637203,43.132698,43.710056,43.53121,43.811836,43.38846,43.455254,43.504864,43.136616,43.52605,43.718357,43.41591,43.70086,43.243122,43.9373,43.592228,43.620796,43.654133,43.689262,42.919044,43.41906,44.074093,44.113068,43.649155,44.010574,43.872128,43.47284,44.02517
40.8023,41.0736,41.114258,40.56315,40.90394,40.620213,41.06523,40.688316,40.83209,40.809326,40.73776,40.938545,40.50524,40.827232,40.80573,41.43684,40.97283,40.983585,41.084858,40.87948,41.001297,41.206123,41.129223,41.102882,40.562263,41.038948,41.111004,41.176357,41.236435,40.964897,41.04917
48.283592,48.199142,48.53849,48.015244,48.725525,48.352848,48.24729,48.132908,48.1255,48.075912,48.04065,48.305588,48.68114,48.315716,48.212143,48.316822,48.53504,48.1835,48.34893,48.30363,48.50068,48.756767,48.823544,48.71544,48.08687,48.1858,48.810574,48.050385,48.381245,48.598217,48.414772
55.484222,55.757896,55.634804,55.8079,55.486244,55.46809,55.27313,55.541546,55.939327,55.610516,55.559177,55.54706,55.802036,55.521587,56.259594,55.23104,55.739674,55.907627,55.84124,56.19179,56.28238,55.992867,56.14576,55.98626,56.376762,55.670753,55.97108,55.750217,56.09484,56.232155,56.140972
46.279675,46.664783,46.475777,46.369827,46.154884,46.197243,46.476326,46.570908,46.53372,46.44437,46.393497,46.557266,46.326916,46.52459,46.60217,46.54192,46.795753,46.568775,46.533894,46.68932,46.53905,46.832516,46.903076,46.61283,46.866913,46.840675,46.47954,46.996742,46.468613,46.845753,46.6513
50.72773,50.85723,50.81002,50.823666,51.047638,50.58989,51.093044,50.65808,50.78271,51.027813,50.936047,50.52212,51.006927,50.86014,51.17794,51.18389,51.321735,51.103374,51.310513,51.223686,51.32494,51.455463,51.308582,51.45684,51.143906,50.824905,51.389935,51.097984,51.32579,51.104443,51.608925
47.476925,47.558147,47.559715,47.85613,47.621758,47.57177,47.85454,47.591496,47.58841,47.620472,47.740105,47.78569,47.867924,47.670902,47.872757,48.268806,47.75472,47.754543,47.80341,48.093082,48.019424,47.59333,47.973125,47.892807,47.94529,47.866608,47.917862,48.10308,48.10004,48.0238,48.148937
45.2177,45.220497,45.041122,44.902565,45.29306,44.944115,45.148327,45.135796,45.123993,45.129536,44.945023,45.138016,45.30706,45.44984,45.24932,45.4393,45.507843,45.292572,45.29404,45.160233,45.473267,45.921665,45.509068,45.671555,45.299625,45.237183,45.635986,45.35538,45.43701,45.68878,45.66717
49.41866,49.363705,49.536575,49.626736,49.769585,49.754124,50.084007,49.723553,49.647274,50.030293,49.914913,49.98351,49.973125,50.023018,49.891235,50.10295,50.094982,50.075424,50.081966,49.89567,50.03557,49.813103,50.44334,50.064865,50.315834,49.97519,50.104374,50.074596,49.65359,50.12195,50.223015
44.1562,43.90378,44.53624,44.719234,44.298958,44.707706,44.5244,44.568302,44.08203,44.242683,44.20478,44.23974,44.760075,44.674572,44.35702,44.463715,44.3966,44.79469,44.44106,44.36987,44.680668,44.618633,44.426548,44.261894,44.685375,44.436172,44.885597,44.567635,44.439877,44.345486,44.625797
47.28845,46.94736,47.109665,47.364883,47.038177,47.19445,46.71631,47.231094,47.35044,46.99344,47.191334,47.669575,47.296154,47.374462,47.05285,46.806206,46.960876,47.36887,47.17516,47.194492,47.45687,47.32538,47.551846,47.2595,47.645206,47.39087,47.602055,47.063927,47.45222,47.805412,47.286552
49.435173,49.848866,49.42659,48.941406,49.612755,49.571648,49.441036,49.59818,49.991467,49.607758,49.680286,49.262432,49.450245,49.198807,50.026592,49.681496,49.919983,49.54384,49.9887,49.652145,49.698715,49.935,49.891685,50.513184,49.676945,49.576225,49.678665,49.85771,50.335987,50.004017,49.87863
44.06639,43.900253,43.653656,43.96896,43.811188,44.6259,44.337883,44.60309,44.351143,44.33326,44.2439,44.290882,44.15218,44.095047,44.218803,44.070015,44.09845,44.79803,44.193344,44.11677,44.6048,44.698517,44.052742,44.436714,44.830685,44.48687,44.391113,44.54498,44.723167,44.43443,44.30132
38.742603,39.154003,38.827316,38.702618,38.965134,38.597923,38.778008,38.774944,39.1167,38.833115,38.788994,38.869778,38.861477,39.09994,38.99345,39.242992,39.09118,38.997063,38.97817,39.20788,39.162872,39.374214,39.011303,39.422073,39.079918,39.37806,39.390762,39.148823,39.25774,39.29474,39.546577
58.671562,58.386284,58.84449,58.75302,59.07257,58.82956,59.078857,58.60977,58.50144,59.057224,59.221947,58.88402,59.11516,58.63032,59.063576,58.90981,58.996834,58.84395,59.220318,59.28907,58.992382,58.876514,59.211323,59.131073,58.863113,59.092415,59.181206,59.10061,59.09516,58.925385,59.25208
42.271763,42.11094,42.306908,41.908146,42.162712,42.3552,42.362682,42.20932,42.496075,42.415928,42.449383,42.67029,42.036655,42.451035,42.344875,42.311428,42.39727,42.918148,42.482388,42.377113,42.722904,42.897545,42.502808,42.55069,42.59885,42.769196,42.88094,42.395386,42.7455,42.579144,42.641396
50.05597,49.73208,49.861053,49.835133,49.825996,49.67711,49.755596,49.656708,49.35349,49.771523,49.25504,50.290276,49.972275,50.1583,49.547478,49.736652,49.773483,50.070473,49.690327,49.88797,50.101055,50.186962,50.06084,49.38147,49.779152,49.914375,50.11289,49.94489,49.8559,50.094704,49.829594
38.94035,38.897057,38.814743,38.41967,38.959457,38.50701,38.837906,38.444527,38.786556,38.840305,39.11823,39.025166,38.534702,38.551846,38.828808,38.714024,38.85665,38.97657,38.974487,39.2593,39.094322,39.526684,39.025066,39.126984,38.779415,39.300743,39.24096,38.69019,39.31799,39.02061,39.310802
39.783474,39.800014,39.969406,40.044983,39.87126,39.461758,39.793293,39.47624,39.892284,39.81251,40.145767,40.241894,39.895485,39.998814,39.944,40.137257,40.28545,39.983715,40.11285,40.312763,40.09992,39.834385,40.50801,40.107933,40.100048,39.971527,40.444084,39.91894,40.308746,40.30807,40.407547
54.688824,54.77833,54.24646,54.91249,54.81861,54.359222,54.75481,54.43165,54.75151,55.121155,55.21836,54.746258,54.949947,54.61435,55.17902,55.05652,55.211887,54.515125,54.97485,55.474663,55.27618,54.85878,55.237064,55.07566,55.0145,54.837975,54.754677,55.36763,55.648125,55.646145,55.246937
43.636696,43.938854,44.190094,44.041447,43.97184,44.014595,44.390102,44.06958,44.122784,44.10742,44.37688,44.054,44.194378,44.181503,44.48498,44.573673,44.307243,44.27409,44.382435,44.410065,44.26885,44.30311,44.456863,44.65763,44.579967,44.581413,44.533955,44.527847,44.29876,44.28547,44.90349
52.47136,52.080074,51.904755,51.8365,52.044228,51.989563,51.773823,51.988018,52.3196,51.95359,52.4007,52.095108,51.845634,51.86354,52.337875,51.95521,52.239758,52.339382,52.55148,52.49853,52.3713,52.36114,52.405716,52.318054,52.458622,52.323753,52.2267,52.051304,52.862236,52.633293,52.456318
45.520046,44.831505,45.47557,45.57436,45.319267,45.669678,45.104202,45.682373,45.403137,45.06111,45.21133,45.869377,45.593754,45.8785,45.13259,45.16381,45.81266,45.873264,45.45598,45.34682,45.447533,45.3968,45.695454,45.31611,45.8337,45.579254,46.248665,45.292866,45.384132,45.748566,45.439804
56.7171,56.77596,56.85853,56.736156,56.81613,56.627594,56.785,56.694622,56.99599,56.73568,56.91702,56.86581,56.75542,56.663387,56.765297,57.007427,57.07137,56.80571,56.98466,57.031857,57.13816,57.07571,57.394463,57.21885,56.96039,56.924065,57.074066,56.984066,57.16318,57.283344,56.845455
41.08376,40.768555,40.632423,41.00799,40.80197,40.931538,41.239033,41.1445,40.9698,41.013958,41.352295,41.133953,40.64128,40.8338,40.946224,41.452587,41.18107,41.278645,41.151363,41.25048,41.276337,41.24947,41.02293,41.01432,41.148182,41.332428,41.132484,41.479027,41.575428,41.33123,41.15477
44.176586,44.541515,44.45952,44.30899,44.25097,44.492207,44.51776,44.584866,44.47448,44.452457,44.416126,44.60805,44.530483,44.360016,44.47872,44.627472,44.460674,44.510994,44.52097,44.564323,44.362072,44.461975,44.589653,44.742615,44.58834,44.790916,44.499886,44.96672,44.637024,44.500183,44.558167
47.54982,47.79018,47.50624,47.33721,47.926308,47.8797,47.7206,47.762703,47.988277,47.8654,47.643826,47.72509,47.89499,47.749504,47.96463,47.784985,48.048103,47.864548,47.876335,47.91153,48.13063,48.152954,48.084568,48.367027,48.05951,47.951385,48.142437,47.8951,48.177044,48.286606,48.09845
59.145462,58.7468,58.597466,59.04244,59.154457,59.30308,58.913456,59.191708,59.260082,59.16192,59.336235,59.199604,59.286407,58.707764,59.437576,58.737347,59.22848,59.203655,59.221157,59.533016,59.69406,59.27754,59.50602,59.39933,59.60617,59.119255,59.280895,59.152027,59.69098,59.8645,59.173916
48.37514,48.900723,48.5336,48.456783,48.70433,48.107727,48.847595,48.384872,48.658875,48.81975,48.940742,48.475914,48.373753,48.17665,49.01873,48.9722,48.998154,48.32525,48.903072,49.06695,48.89694,49.039948,49.21927,49.24549,48.62681,48.736443,48.66435,49.121998,49.161488,49.140717,49.052204
43.24534,43.536003,43.38967,43.47196,43.67061,43.317093,43.757072,43.361668,43.603012,43.91194,44.056404,43.576824,43.61733,43.414845,44.168182,43.710606,43.9142,43.57779,43.82821,44.170383,44.019814,43.97291,44.056267,44.067238,43.89155,43.916725,43.84321,43.99885,43.99137,44.12458,44.268
46.3974,46.62114,46.563393,46.850952,46.72837,46.74168,46.7694,46.697453,46.237595,46.79125,46.437885,46.429733,46.936474,46.49578,46.682735,46.465614,46.410915,46.618237,46.486423,47.074238,46.959225,46.9488,46.5329,46.32409,46.643517,46.974052,46.537037,47.088436,46.618484,46.648907,46.66115
47.096737,47.220325,46.785385,46.841026,46.936028,46.967274,46.91087,47.099674,47.0824,47.106342,46.872658,47.124126,46.991608,47.17264,46.9167,47.16647,47.315285,47.200558,47.213604,47.26838,47.016026,47.056976,47.141373,47.040955,47.232006,47.393402,47.02221,47.503277,47.341755,47.3097,47.12664
37.732708,37.770878,38.363716,37.7537,37.76924,38.16617,37.654083,37.944763,37.98088,37.70093,37.83477,37.93416,38.06165,38.614796,37.496872,37.80222,37.814213,38.269337,38.00172,37.77022,37.651985,38.21299,37.695614,37.940628,38.131886,38.811913,38.49129,37.969994,37.88268,37.719185,38.28703
54.407177,54.320557,54.409172,53.949165,54.394943,54.13303,54.06517,54.327652,54.274868,54.01671,54.018185,54.30085,54.33735,54.20361,54.205986,54.398293,54.618553,54.33393,54.515873,54.442463,54.12458,54.46243,54.43696,54.688988,54.06471,54.432465,54.652546,54.49194,54.3985,54.32395,54.338863
45.90669,45.997505,45.79734,46.113167,46.079422,45.781208,45.87541,45.833744,45.937668,46.138054,46.062706,46.034203,46.2189,45.97428,46.097588,45.96913,46.058636,46.08514,46.073315,46.493053,46.314907,46.28003,46.024895,46.242073,46.11608,46.27407,46.37561,46.30079,46.44113,46.24631,46.440254
47.743908,47.91592,47.889313,47.76497,47.677826,48.0292,47.701824,47.918743,48.069443,47.895325,47.923836,47.867073,47.938763,48.106247,47.893276,47.586422,47.871063,48.075,47.97824,48.00201,48.095512,48.26413,48.182236,47.95025,48.51018,48.421516,47.96381,48.024403,48.127728,48.316055,48.1305
40.288208,40.28281,40.18058,40.537674,40.44796,40.26539,40.181644,40.323997,40.51835,40.675995,40.244965,40.642097,40.50296,40.74995,40.315483,40.512344,40.548485,40.883003,40.544155,40.509556,40.84084,40.508396,40.471516,40.488815,40.42709,40.37375,40.95084,40.734768,40.692654,40.65779,40.516735
55.60275,55.61648,55.52549,55.84279,55.70504,55.586132,55.050903,55.439716,55.70816,55.608093,55.417416,55.728336,55.984646,55.765827,55.60882,55.079693,55.38673,55.691437,55.706486,56.06743,55.94488,55.52147,55.90089,55.548485,56.09067,55.897995,55.842793,55.541412,55.806316,56.05915,55.837967
48.482662,48.661156,48.80021,48.5136,48.806686,48.708233,48.220905,48.560932,48.990044,48.50614,48.627518,48.7151,48.80219,48.68628,48.711727,48.61944,48.612274,48.62522,48.86364,48.802483,48.78039,48.511246,48.990417,49.06127,48.71874,48.861862,48.974102,48.647774,48.90689,49.025856,48.76237
43.930813,43.83624,44.437393,43.996067,44.38331,44.31703,44.625584,43.923187,43.899384,44.440372,44.552338,44.36272,44.692734,44.2587,44.66597,44.488274,44.561237,44.36116,44.457302,44.3062,44.588367,44.73728,44.77565,44.77562,44.18198,44.092995,44.793266,44.417816,44.694042,44.45214,44.78705
45.572617,45.638336,45.29358,45.49876,45.449287,45.129406,45.141792,45.21545,45.20949,45.330994,44.75245,45.59901,45.816353,45.87756,45.434345,45.30853,45.35789,45.681,45.332993,45.593925,45.89662,46.03622,45.67693,45.467598,45.80428,45.43009,45.876663,45.411423,45.6562,45.899773,46.01499
52.37685,51.933304,52.12024,52.02559,52.45739,52.329147,52.53091,52.324757,51.98266,52.318565,52.50277,52.539234,52.27296,52.18002,52.42732,52.737953,52.590122,52.21808,52.605915,52.526413,52.23369,52.16177,52.575195,52.439964,52.17216,52.591225,52.45744,52.734676,52.62629,52.643345,52.534397
45.664513,45.92006,46.07203,46.350925,45.98078,46.33581,46.370644,46.55289,46.403275,46.305717,46.50729,46.102654,46.425354,46.38175,46.734856,46.353886,46.486843,46.63362,46.632694,46.621815,46.358532,46.143032,46.649567,46.66233,47.288338,46.780388,46.549564,46.70002,46.004906,46.436245,46.987785
50.407913,50.42416,50.243767,50.59374,50.844193,50.58078,50.88685,50.43571,50.192307,51.011467,50.605267,50.627705,51.107445,50.69757,50.771877,50.980724,50.678528,50.668835,50.89325,50.91907,50.86295,50.528065,50.910244,50.764915,50.721786,50.627747,50.676662,51.0851,50.81049,50.792675,51.062336
44.76192,45.18333,45.0931,45.316505,44.831177,44.84213,44.841747,44.966415,45.196186,45.039303,45.244183,44.80804,45.266598,44.919323,45.063614,44.899605,45.289658,45.111687,45.303802,45.324417,45.05135,45.147568,45.2898,45.519257,45.399826,45.03485,45.324917,45.30412,45.545807,45.055683,45.36846
41.77265,41.84971,41.308395,41.893196,42.055847,41.656307,41.712498,41.74201,41.657356,41.91941,41.689487,41.7694,42.181202,41.58958,41.98633,41.625626,42.08391,41.92192,41.923904,42.389004,42.187702,41.944202,42.149853,42.005386,42.14516,41.660675,42.029446,41.834305,41.99212,42.135326,42.171227
54.941067,54.98095,55.085495,55.18216,54.740814,54.977512,55.36606,55.289593,54.845634,55.029327,55.247486,55.130966,55.168682,54.782516,55.02805,55.162846,55.253525,54.999714,55.256203,55.022236,54.91543,55.375008,55.50576,55.531807,55.37388,55.09143,55.15568,55.58893,55.418964,55.171387,55.20951
61.14867,61.572968,61.06636,61.596924,61.215126,61.503193,61.628872,61.739826,61.551167,61.572845,61.402763,61.346073,61.541916,61.20206,61.635124,61.499016,61.672436,61.371822,61.56573,61.87959,61.702377,61.38474,62.01767,61.632584,62.30529,61.759926,61.16883,62.073067,61.656006,62.02406,61.555576
47.50909,47.712833,47.411736,47.870186,47.591537,47.401997,47.605053,47.34958,47.942276,47.80596,48.134792,47.891884,47.651123,47.37682,48.10002,47.70422,47.924683,47.82326,48.00657,48.481056,48.22288,47.492115,48.410316,47.956833,48.40103,47.817383,47.86615,47.777534,48.358807,48.329056,48.23282
32.978104,32.994553,33.139008,32.626812,32.65413,33.089203,32.446693,32.958412,33.171906,32.583866,32.587795,33.421265,32.93632,33.340973,32.519577,32.785526,32.723145,33.361603,32.775635,32.73205,32.870716,33.111618,32.833996,32.884777,32.9813,33.367268,33.307083,32.864334,33.067013,32.99648,32.839127
52.2819,52.03072,51.539948,52.513706,51.861755,52.304806,52.06558,52.89683,52.093033,52.24097,51.753124,52.16685,52.32616,52.204216,52.442017,51.949387,52.226093,52.569023,52.173138,52.193604,52.594276,52.55261,52.221336,52.089226,52.842533,52.051964,52.147507,52.857494,52.273895,52.7516,52.1397
62.00733,61.477585,61.697784,61.590282,61.708923,61.639557,61.573433,61.783943,61.300144,61.589046,61.15699,61.88696,61.81419,61.7648,61.786263,61.635303,61.851738,61.87805,61.86427,61.602573,61.863773,61.97804,61.97953,61.61154,61.563297,61.414597,61.943485,61.99977,61.900223,62.02622,61.622787
50.45637,50.289745,50.43345,50.2775,50.81427,50.441845,50.151608,50.40434,50.252464,50.426342,50.270287,50.346268,50.769775,50.604233,50.754272,50.436028,50.364994,50.270668,50.604004,50.57987,50.56546,50.714367,50.38339,50.77703,50.191925,50.6892,50.865204,50.699856,50.7467,50.841938,50.91668
48.94254,48.895214,48.67663,49.155697,48.852608,49.24847,49.00231,49.471634,49.246758,49.35346,49.243946,49.342377,49.108017,49.32106,49.55791,48.823402,49.12604,49.377003,49.23254,49.393696,49.41905,49.296093,49.33158,49.15445,50.008003,49.77767,49.221653,49.67745,49.258274,49.858887,49.56665
45.59741,45.318317,45.55024,45.58578,45.404472,45.72233,45.214787,45.754276,45.633614,45.41286,45.18331,45.677162,45.646812,46.089684,45.484383,45.39651,45.41614,46.02517,45.526085,45.388657,45.908127,46.05257,45.45404,45.523125,45.8757,45.87448,46.11094,45.707676,45.75938,45.939045,45.770004
43.218346,42.899487,43.32646,43.02958,42.955704,43.115982,43.014946,43.188385,43.265457,43.05716,43.70947,43.470787,43.0289,43.644287,42.875786,43.192867,43.27517,43.20816,43.471317,42.99487,42.853676,43.466183,43.48309,43.462006,43.55597,43.979927,43.5783,43.311848,43.4557,43.586895,43.64639
69.98004,69.78808,69.74333,70.24889,70.28953,70.46672,70.21857,70.47153,70.548416,70.60459,70.28071,70.64433,70.59857,70.16981,70.63944,70.091965,70.70321,70.51729,70.458466,70.603775,70.926285,70.07573,71.16313,70.64548,71.03587,70.1834,70.52038,70.635605,70.313126,71.16916,70.136665
49.579357,49.53758,49.558342,50.516502,49.861275,49.64292,50.39592,50.124702,49.4345,50.406765,50.137543,49.88455,50.17727,50.116764,50.039505,50.55175,49.710865,50.180717,50.440964,50.076553,49.953533,49.782627,49.915718,50.210106,50.25977,50.156784,50.236042,50.895485,49.949436,49.752003,50.72748
48.115532,47.765728,48.318596,47.98124,48.35929,48.49962,48.560795,48.29435,48.03382,48.550606,48.32022,48.27378,48.511597,48.35346,48.746807,48.402584,48.594513,48.932068,48.712982,48.314808,48.66052,48.703983,48.473503,48.584557,48.303898,48.14328,48.858448,48.611313,48.487488,48.214123,48.651623
50.668915,50.166218,50.152824,50.344967,50.389877,50.739517,50.46588,50.874744,50.194637,50.25568,50.601368,50.40035,50.429905,50.265854,50.364918,50.209614,50.46278,50.364773,50.462044,50.66632,50.33249,50.78949,50.325603,50.345642,50.73453,51.122543,50.407207,50.74462,50.69157,50.783432,50.548054
41.84358,41.243908,41.881256,41.532734,41.80252,42.056393,41.69616,42.031498,41.77857,41.494892,42.017807,41.940426,41.637157,42.036736,41.611412,42.000416,42.12286,42.015656,42.171,41.659946,41.48424,41.58746,41.998585,41.8254,41.86348,42.20668,42.19039,41.854313,41.766636,41.95443,41.871655
53.78455,54.145496,54.148964,54.192585,53.971115,53.871357,54.176094,53.985622,54.295815,54.223686,54.19164,54.042107,54.145214,54.17902,54.427727,54.163036,54.47133,54.26883,54.291687,54.461422,54.61603,54.632507,54.69155,54.60208,54.72744,54.353447,54.567127,54.443356,54.527733,54.65669,54.670242
36.96889,36.998226,37.27034,37.308846,37.014244,37.018734,37.215454,36.911587,36.916862,37.200172,37.429596,37.380703,37.265007,37.323265,37.232082,37.15696,37.066402,37.363083,37.29389,37.51479,37.323563,37.267227,37.506737,36.971024,37.50751,37.57878,37.32015,37.300087,37.224957,37.29917,37.63865
42.21007,42.324078,42.382362,41.873566,42.280655,42.041397,42.195965,41.976032,42.273724,42.2025,42.672573,42.22389,42.15126,42.236004,42.12692,42.3182,42.34891,42.052654,42.486317,42.319607,42.087143,42.77119,42.43956,42.828026,42.210285,42.79744,42.56792,42.328533,42.85576,42.47944,42.78321
40.92319,40.840416,40.587746,40.730488,40.72039,40.858334,40.777138,41.110886,41.215275,40.970963,41.080124,41.00212,40.644844,41.0509,41.303078,41.023277,41.181664,41.279915,41.171867,41.028706,41.33013,41.311,41.262848,41.135994,41.437744,41.159348,41.077133,41.271343,41.284336,41.674232,41.25282
54.703144,54.485855,54.594246,54.756863,54.50406,54.7356,54.528397,54.92682,54.95606,54.737614,54.54509,54.71305,54.760777,55.22875,54.864494,55.07963,54.475903,55.34891,55.21609,54.477448,55.107475,54.8766,54.971973,55.023605,55.311153,54.823074,55.044834,55.07658,54.885838,55.091206,55.15609
46.21368,46.577896,46.089897,46.359833,46.145386,46.190365,46.16429,46.410423,46.567245,46.28489,46.168255,46.380863,46.331635,46.423378,46.49825,46.349167,46.812267,46.352917,46.184017,46.79358,46.749622,46.66628,46.708614,46.377754,46.839676,46.660942,46.388866,46.76936,46.672043,47.128487,46.45523
45.460045,45.47088,45.509674,45.20719,44.971443,45.208923,45.17691,45.375134,45.57065,45.24925,45.304527,45.85773,45.097458,45.995186,45.111614,45.284523,45.757133,45.66484,45.484383,45.320435,45.322517,45.73601,45.944836,45.334282,46.07996,46.050316,45.70505,45.550545,45.54744,46.003197,45.67773
47.630123,47.234528,47.33168,47.02325,47.67572,47.599075,47.900803,47.575836,47.518734,47.749863,47.9039,47.715492,47.25027,47.26835,47.4109,47.838894,47.68517,47.92799,47.953632,47.528873,47.747643,48.0255,47.78995,47.993515,47.44694,47.763443,47.862095,47.721096,47.90199,47.608246,47.627552
42.339523,42.450806,42.893066,42.748653,42.91072,42.88738,43.01798,42.831993,42.982185,43.24679,43.2714,43.073418,42.910824,43.33167,43.373928,43.061657,43.097767,43.16439,43.22335,43.069138,43.23306,43.0107,43.476986,43.14125,43.416122,43.477097,43.31408,43.293728,42.68436,43.437553,43.52001
54.742237,55.108215,54.98577,54.8205,55.21245,55.064278,55.157238,54.874073,55.18821,55.202934,55.01173,55.282146,55.223938,54.831554,55.094524,55.127472,55.328865,54.879913,55.04687,55.272076,55.453667,55.203217,55.78508,55.53765,55.1934,55.07805,55.255287,55.22476,55.427864,55.651016,55.011116
52.901012,52.467667,52.543076,52.692554,52.288994,52.690964,52.658993,52.925777,52.859673,52.483562,52.83366,52.82313,52.147427,52.516674,52.459995,52.97174,52.777615,53.038162,52.903675,52.69362,52.8685,52.786377,52.764492,52.60032,52.844936,52.90175,52.746048,53.097786,53.29494,53.00206,52.439453
46.897522,47.022552,46.839035,46.95305,46.700615,46.93944,46.692974,46.996227,46.913567,46.943485,46.73394,46.933987,47.13152,47.10119,46.848705,46.60395,46.992386,47.193924,47.041126,47.039192,46.97417,47.17419,47.062233,46.95542,47.378242,47.128174,47.0527,47.164116,47.163204,47.07204,47.11272
51.55364,51.722164,51.938988,51.86519,51.86956,51.674465,52.067966,51.728848,51.70388,52.001686,52.139126,52.022125,51.951065,51.93333,51.804558,51.974075,52.14247,51.72718,52.121994,52.114475,51.7543,51.902412,52.44236,52.19229,52.19997,52.354042,52.163242,52.19311,51.932907,52.10646,52.311
42.193695,42.08205,42.17427,41.9977,42.19951,42.145493,42.233784,42.391865,42.363903,41.795025,42.35605,42.236332,41.990276,42.2605,42.307125,42.98354,42.728428,42.131294,42.320545,42.496937,42.247593,42.223812,42.48284,42.43699,42.235435,42.69316,42.402542,42.614452,42.411312,42.795124,42.40664
48.908813,48.98853,49.136482,48.714024,49.04064,48.917828,49.076153,48.82084,49.13233,49.11761,49.31279,49.36521,49.205757,49.189545,49.42249,49.21227,49.383385,49.119984,49.415638,49.21019,49.2102,49.255257,49.900974,49.61693,49.48118,49.24431,49.36474,49.181355,49.35292,49.648617,49.635944
52.60607,52.494076,52.999863,52.778236,52.96144,53.092773,53.07688,52.818363,52.664673,52.858974,52.85356,52.97508,53.47943,53.068497,52.804695,53.110695,53.0796,53.106007,53.132656,52.907967,52.886246,52.91688,53.22689,53.401176,53.123154,52.97039,53.491184,52.99273,53.014507,52.78072,53.314934
47.40732,47.120373,46.964523,47.50014,47.23535,46.998817,47.567036,47.41815,46.943523,47.623013,47.189484,47.79618,47.389835,47.722027,47.638233,47.506596,47.65116,47.640713,47.34693,47.588844,47.83031,47.957592,47.71347,47.264,47.764896,47.57621,47.746628,47.978874,47.458706,48.061695,47.908295
44.325,44.22675,44.83944,44.37132,44.736557,44.62256,44.436905,44.506493,44.563377,44.484432,44.52101,44.214676,44.48966,44.815567,44.1547,44.955006,44.23723,44.864563,44.955425,44.29212,44.48801,44.632603,44.249424,44.79818,44.10005,44.88591,45.037437,44.708527,44.52746,44.104046,44.65604
51.713764,51.822803,52.090668,52.120026,52.06804,51.910217,52.27826,51.94044,51.842167,52.160496,52.10929,51.94982,52.235,52.199276,52.16532,52.223022,52.396706,51.98914,52.150276,52.161358,52.34983,52.505863,52.55827,52.36225,52.304783,52.18444,52.448997,52.39583,52.2556,52.478172,52.460175
50.47614,50.445667,50.21116,50.417515,50.243828,50.23717,50.021675,50.32254,50.697617,50.456837,50.300743,50.744747,50.239956,50.886414,50.465813,50.506157,50.669903,50.53414,50.42033,50.6333,50.908077,50.493423,50.917953,50.137154,50.81595,50.76522,50.43226,50.788143,50.74428,51.480343,50.406235
53.481667,52.983536,53.233185,53.56262,53.210083,53.253284,53.512444,53.519093,53.31189,53.430485,53.614002,53.52028,53.234962,53.397087,53.492264,53.781036,53.53248,53.859806,53.83596,53.551514,53.70292,53.44558,53.731365,53.405487,53.654915,53.419228,53.602646,53.845543,53.612545,53.639748,53.54721
53.5561,53.349148,53.486374,53.50307,53.432762,53.558094,53.439194,53.709698,53.335793,53.2147,53.13234,53.59314,53.499695,53.574474,53.28579,53.646526,53.37373,53.556416,53.385036,53.596462,53.619175,53.73094,53.431488,53.393784,53.52915,53.939575,53.70869,53.830082,53.582867,53.735886,53.485603
46.430782,46.30786,46.124992,46.575653,46.223488,46.37471,46.292385,46.593727,46.311375,46.497734,46.499893,46.38484,46.4482,46.37722,46.29717,46.21805,46.402542,46.61281,46.529537,46.634888,46.473972,46.627754,46.32064,46.35881,46.673843,46.719284,46.472855,46.8366,46.682186,46.526554,46.50877
49.50661,49.874733,49.61782,49.403328,49.203674,49.34499,49.445877,49.751793,49.750248,49.36707,49.278645,49.93543,49.476704,49.622448,49.53009,49.57189,49.998837,49.62762,49.49341,49.72191,49.510857,49.861675,50.05082,49.828903,49.96948,49.91902,49.708958,50.02366,49.656776,50.02447,49.578934
51.105495,51.61378,51.474457,51.818115,52.030357,51.45265,51.85081,51.49765,51.51869,52.111233,51.7071,51.553894,52.17795,51.626804,52.07976,51.82229,51.811108,51.49388,51.853676,52.136673,52.065105,51.82388,52.086582,52.323257,51.854942,51.78762,52.10611,52.155003,51.79124,52.00229,52.3293
46.622185,46.3377,46.688263,46.90863,46.77984,46.67156,46.655373,46.669376,46.29987,46.64167,46.71325,46.4701,46.913788,46.799397,46.788334,46.594543,46.59868,46.845707,46.87991,47.023903,46.82359,46.943607,46.550114,46.62741,46.83258,47.059006,47.11669,46.884396,46.83425,46.66889,47.257603
46.86656,47.029297,47.1568,47.18115,47.14528,47.16337,47.108833,47.251987,47.3706,47.12326,47.019127,47.368084,47.474323,47.52569,47.455585,47.653576,47.548916,47.326633,47.18272,47.321114,47.55128,47.31607,47.48898,47.66091,47.396496,47.334206,47.756065,47.669094,47.444744,47.76186,47.53105
47.404377,47.829365,47.61413,47.65476,47.38616,47.79149,47.779724,47.979736,47.889145,47.85381,47.498123,47.84075,47.82991,48.02888,47.772625,47.9557,47.872932,48.020977,47.672325,47.816082,47.95441,48.002003,47.878174,47.83606,48.170807,48.190254,47.754337,48.464787,47.764038,48.050835,47.78919
47.06258,47.133717,46.746323,46.767876,47.12574,46.63022,46.614437,46.6984,46.79832,47.127052,46.500046,46.986473,47.050285,47.058075,46.87473,46.794075,46.8689,47.098095,47.064144,47.01847,47.241383,47.32602,47.039032,46.99819,46.715782,46.803673,47.126118,47.10648,47.19538,47.17671,47.036312
40.108864,40.12736,39.994415,39.822857,39.87805,40.094337,40.12566,40.18767,40.187607,40.08997,40.39303,40.23039,40.006092,40.218258,40.139683,39.94294,40.348755,40.21502,40.155914,40.183796,40.187237,40.880146,40.3704,40.45186,40.62832,40.71016,40.359795,40.29663,40.56288,40.625767,40.58252
59.500202,59.08187,59.082184,59.413742,60.08973,59.23962,59.393204,58.909775,59.010956,59.811787,59.753536,59.565727,59.83585,59.0199,59.510975,59.14632,59.398895,59.210213,59.881496,60.014614,59.68291,59.28534,59.88336,59.7983,59.305775,59.351112,59.848766,59.26239,59.94467,59.680767,59.90989
39.284687,39.723537,39.56968,39.380405,39.270454,39.646206,39.61315,39.614067,39.765823,39.501904,39.714294,39.7236,39.36973,39.587444,39.525917,39.893517,39.6274,39.580124,39.663578,39.742504,39.477543,39.369705,39.814766,39.626198,39.898487,40.173973,39.42005,40.017673,39.888935,39.850445,39.69411
44.72825,45.294003,44.841003,45.024307,44.894547,45.097923,44.848408,45.101505,45.221165,45.173504,44.862587,44.603287,45.366295,45.11172,45.35084,45.088627,45.07057,45.218815,45.18997,45.258266,45.304565,45.30661,44.882816,45.45941,45.36212,45.160896,45.13277,45.579212,45.629986,45.19028,45.47205
48.51262,48.302643,48.192093,48.313847,48.1259,48.40822,48.211113,48.57511,48.441044,48.16305,48.141937,48.494152,48.332645,48.475166,48.291435,48.47931,48.50965,48.620968,48.255527,48.4315,48.663006,48.846436,48.276928,48.445427,48.52058,48.60904,48.666397,48.748962,48.90955,48.80778,48.39804
40.255684,40.48417,39.673172,39.863575,40.455208,40.26815,40.359444,40.30281,40.565334,40.407005,40.670742,40.064465,40.415874,39.80934,40.76787,40.70191,40.672817,40.41002,40.743202,40.861767,40.596558,40.370358,40.655087,41.040176,40.64052,40.295372,40.194485,40.529495,40.920444,40.71215,40.791275
41.8557,41.61089,41.28076,41.22771,41.129112,41.366367,41.21706,41.535103,41.47954,41.466694,41.156868,41.839104,41.33622,42.0337,41.126266,41.53652,41.250042,42.05564,41.523277,41.28671,41.61784,42.08973,41.3033,41.299973,41.698658,41.93907,41.610706,41.798855,41.830765,41.73417,41.66315
53.895557,53.9964,54.424942,54.00823,54.31697,54.516636,54.40086,54.11566,54.35799,54.463142,54.148834,54.48824,54.4843,54.61609,54.09341,54.205917,54.359848,54.71587,54.398354,54.338043,54.6481,54.54739,54.731804,54.48178,54.72469,54.737946,54.83199,54.29046,54.235245,54.410767,54.47621
48.602898,48.476402,48.4635,49.144497,48.64711,48.928806,48.772118,49.165924,48.865547,49.02048,48.89737,48.720123,48.875748,49.219223,49.025806,49.135635,48.82126,49.18626,49.153008,49.014977,49.094986,48.573223,48.902683,48.62538,49.397926,49.228683,48.818325,49.54893,48.786587,49.232056,49.085728
45.64987,45.964863,45.77305,45.757454,45.56627,46.171432,46.03606,46.269367,46.47914,46.06616,45.983967,46.241684,45.917908,46.215454,46.10581,45.97832,46.439896,46.49044,45.892723,46.171814,46.418022,46.529503,46.265636,46.389748,46.84783,46.6102,46.42144,46.446342,46.309677,46.56348,46.222176
45.4898,45.71876,45.55648,45.275616,45.2735,45.95393,45.730705,45.993217,46.032257,45.589756,45.604465,45.88255,45.464928,45.726604,45.752064,45.443695,46.136227,45.9442,45.49121,45.705433,46.005283,46.358696,46.13764,45.869324,46.434772,46.193214,45.819138,45.9364,45.958702,46.39997,45.641342
48.605217,49.152817,48.750397,48.87459,48.692833,48.71532,48.873604,48.943726,49.232094,48.831882,48.652645,48.88474,49.06242,49.151012,49.054497,49.195244,49.775288,49.0637,48.949184,49.25565,49.25004,49.124416,49.637917,49.3117,49.64431,48.982468,49.18524,49.291077,49.12061,49.596966,49.19401
45.374275,45.427258,45.174515,44.999092,45.43454,45.35222,45.788437,45.322212,45.411015,45.628387,45.71259,45.332752,45.199295,45.22683,45.406048,45.844685,45.836357,45.736515,45.79736,45.81303,45.58757,45.74823,45.59619,45.716843,45.559128,45.831604,45.54638,45.8012,45.892685,45.45838,45.757126
44.266464,44.25302,44.24411,44.4676,44.596222,43.931137,44.538586,44.086998,43.72648,44.595745,44.116302,44.92761,44.825836,44.840317,44.4755,44.60568,44.72879,44.363396,44.527058,44.77113,44.34654,44.25167,45.02799,44.31491,44.590286,44.569473,44.777527,44.71655,44.0479,44.707726,45.088253
49.616467,49.851078,50.002266,50.04226,49.916893,50.11784,50.363102,50.12885,50.099285,50.35127,50.119926,50.095486,50.216045,50.432297,50.378704,50.596233,50.394855,50.328423,50.225975,50.186947,50.46662,50.307854,50.37196,50.361824,50.438553,50.411842,50.38995,50.83226,50.327946,50.502098,50.488983
47.320763,46.83448,46.73693,47.01187,47.355667,46.99859,47.053913,47.185448,46.94874,47.13971,47.46988,47.11762,47.105755,46.985577,47.233288,47.24953,47.264957,46.98588,47.442905,47.33376,47.20637,47.300976,47.38008,47.34864,47.119404,47.305176,47.225895,47.33236,47.43166,47.670258,47.415684
41.87978,41.78862,42.180862,42.186077,42.081116,42.082653,41.738327,41.878696,41.929604,41.975197,42.131695,42.46009,42.29016,42.176964,42.04846,41.605755,41.857506,41.97211,41.924534,42.294235,42.168125,42.095413,42.251926,42.00686,42.197014,42.485725,42.507225,42.008717,42.234283,42.426727,42.30714
57.208363,57.106117,56.70288,57.291348,56.941154,57.01576,57.064087,57.30165,56.913475,57.03418,56.947105,57.030273,57.013374,56.749622,56.925438,56.78747,57.096092,57.13469,57.13046,57.54117,57.248337,57.245094,57.237022,56.892273,57.577007,57.394608,56.963394,57.381676,57.29809,57.35262,57.075462
49.17388,49.051464,48.794937,48.874073,49.239113,49.318996,49.178917,49.038383,48.903206,49.170162,48.78935,49.127636,49.35591,48.895947,49.114643,49.104477,49.10199,49.286537,48.99564,49.303967,49.676197,49.529144,49.189102,49.08838,49.04301,48.964912,49.171524,49.233044,49.63664,49.420715,49.00826
50.714737,49.95403,50.091187,50.428223,50.619293,50.556923,49.91034,50.497684,50.26596,50.008427,50.288403,50.292538,50.64224,50.348118,50.357323,50.202995,50.25288,50.467598,50.5449,50.60463,50.51885,50.424534,50.12922,50.528145,50.427223,50.521492,50.91844,50.216595,50.905083,50.685432,50.725433
48.128754,48.11371,48.412224,48.187542,48.290825,48.041172,48.170982,48.069458,48.00993,48.06086,47.760292,48.213078,48.3321,48.472412,48.410366,48.638115,48.269398,48.501793,48.361652,48.391983,48.551296,48.402107,48.332077,48.251404,48.08702,48.252327,48.6869,48.509224,48.318203,48.3343,48.587982
46.1037,46.527485,45.98526,45.924023,46.350723,46.190456,45.711266,45.98699,46.344646,45.949665,45.731575,45.754414,46.33435,45.996014,46.06779,46.12809,46.12696,45.896545,45.99474,46.385025,46.507515,46.40895,46.090515,46.343155,45.95512,46.15452,46.113316,46.184784,46.800774,46.596375,46.062355
51.396797,51.060387,51.85292,51.056328,51.42118,52.001328,51.916058,51.967747,51.66118,51.33206,52.043083,51.340416,51.30523,51.460854,51.665123,52.06495,51.892788,51.733356,52.02928,51.314266,51.35273,51.841022,51.771812,52.073814,51.61539,52.06704,51.78013,51.9836,51.776814,51.611855,51.6411
53.750095,53.771164,53.78315,53.723305,53.853485,53.926113,53.975594,53.93704,53.979816,53.762466,53.926098,53.53453,53.68504,53.789997,53.71596,53.97961,54.1061,54.098637,54.257454,54.110027,53.950657,54.069134,54.070686,54.20633,54.39321,54.34719,54.216637,53.952396,54.201748,53.944237,54.290283
51.207584,50.779896,50.860832,50.837708,51.393417,50.86951,50.915737,50.857147,50.934883,50.85531,51.11594,51.242268,51.060757,51.15217,50.90287,51.6171,51.412834,50.74348,51.283955,51.1938,51.058994,50.81538,51.48158,51.282013,50.78801,51.16474,51.35672,51.157043,51.435818,51.714397,51.23311
49.023483,48.942253,49.23536,49.12699,49.19323,49.17872,49.15124,49.17442,49.075844,49.096992,49.355434,48.938915,49.226536,49.319324,49.048477,49.666027,48.96606,49.172874,49.66707,49.08726,48.909405,48.962936,49.10615,49.537926,49.13213,49.5421,49.394222,49.539806,49.498386,49.06136,49.63653
52.920345,52.812717,52.991035,53.09233,52.87845,53.141678,53.086388,53.08315,53.082478,53.041862,52.96537,53.183495,53.119217,53.425404,53.12958,53.407555,53.198906,53.341713,53.20775,53.179153,53.417606,53.076893,53.408516,53.005653,53.526077,53.372444,53.271927,53.453876,53.31429,53.57034,53.3131
45.0218,45.072098,44.725212,44.841373,45.139954,44.908802,44.986565,44.86813,44.768414,44.916077,44.583305,44.668026,45.365726,44.768642,44.841454,45.360043,44.97201,45.187405,45.070267,45.043472,45.270382,45.395203,44.72444,45.463203,44.60286,44.556168,45.3128,45.17484,45.640034,44.771496,45.16504
35.515953,35.45109,35.206097,35.11103,35.480785,35.54252,35.34675,35.492615,35.54422,35.552536,35.415615,35.532284,35.433857,35.76212,35.263515,35.538548,35.28424,35.815853,35.499313,35.382057,35.681133,36.1321,35.138294,35.749428,35.51013,35.999485,35.892685,35.645382,35.956734,35.658024,35.869587
39.08774,39.250465,38.410942,39.046417,38.727303,38.753174,38.775482,39.032646,39.25727,39.174862,39.03102,39.29666,38.766125,39.06153,38.741688,38.928493,39.081852,39.366615,39.044407,39.42183,39.239243,39.138565,39.003696,38.96724,39.547897,39.501534,39.0734,39.357872,39.491737,39.397617,39.201523
48.071655,48.6766,47.88778,48.418594,48.18567,48.357216,48.236664,48.46087,48.83258,48.79584,48.473377,48.62823,48.624084,48.387142,48.975235,48.24141,48.64765,48.493015,48.428535,48.864555,49.005768,48.555305,48.98673,48.824333,49.258812,48.577187,48.359093,48.974133,48.964306,49.384323,48.735542
66.259865,66.41189,66.39273,67.06811,66.42893,66.53247,66.83424,66.677765,66.53937,66.98624,66.792,67.02853,66.955246,66.716675,66.7053,66.6418,67.08373,66.43316,66.63768,67.04315,66.91541,66.45062,67.47548,66.707405,67.33916,66.895096,66.69916,67.380035,66.8346,67.43372,66.68426
40.827015,40.33182,40.855347,40.83979,40.60839,41.08653,40.97555,40.99325,40.55953,40.655922,41.0039,41.24898,40.908577,41.057323,40.89804,40.89914,40.75836,41.164135,40.860603,40.959137,40.92819,40.98431,40.978645,40.62477,41.25447,41.408997,41.14949,41.027027,40.92216,41.092518,41.20491
47.71027,47.532806,47.44771,47.77517,47.483017,47.461895,47.119743,47.795704,47.844566,47.38297,47.74616,47.582294,47.55126,47.615597,47.74482,47.59971,47.724884,47.585873,47.899162,47.71788,47.634663,47.529736,47.844128,47.85885,47.85949,47.675842,47.759476,47.87333,48.02396,48.187435,47.765987
55.95876,55.79619,55.861435,56.089684,56.14975,56.24704,56.00449,56.102455,56.06999,56.293503,55.975506,56.28412,56.392643,56.166805,56.0655,55.754078,56.130383,56.361504,56.119812,56.2884,56.536743,56.369617,56.35918,56.232582,56.473083,56.272972,56.50942,56.226482,56.29292,56.460407,56.185093
50.39351,50.27143,50.396004,50.174484,50.49948,50.276527,50.474762,50.266262,50.13375,50.59969,50.46408,50.4624,50.44121,50.517075,50.485626,50.296093,50.4129,50.56213,50.830826,50.445568,50.4627,50.71278,50.91328,50.539825,50.653866,50.61228,50.55069,50.52137,50.407307,50.605446,50.82625
52.68105,52.385635,52.633804,52.37573,52.482147,52.396667,52.215076,52.424576,52.483463,52.240612,52.428,52.417995,52.46046,52.829006,52.28342,52.674896,52.374763,52.57639,52.773243,52.397156,52.521473,52.796345,52.621742,52.621574,52.55598,52.85556,52.764347,52.575974,52.804413,52.801056,52.79499
45.132874,44.658947,44.70571,44.983437,44.859337,45.052113,44.8972,45.307583,44.97601,44.893635,45.000122,45.375828,44.83743,45.283936,45.094578,45.245296,45.045067,45.335567,45.232555,45.14462,45.061222,44.852627,45.126484,44.867683,45.418983,45.522087,45.228134,45.401474,45.05999,45.493046,45.31044
44.072372,44.06478,44.411133,43.752583,44.08117,44.048088,43.91637,43.943554,44.38521,43.998226,44.22147,44.656815,44.228138,44.54801,44.354725,44.40798,44.517834,44.362156,44.428875,44.20658,44.14439,44.184032,44.707226,44.66175,44.357822,44.48134,44.761875,44.25663,44.46369,44.630978,44.656666
41.69105,42.10736,41.953003,42.020905,41.960762,41.852283,42.041058,41.691406,41.947506,42.281693,41.70077,42.181664,42.405865,42.224983,42.217503,42.02041,42.257957,42.686943,42.28367,42.480026,42.455315,41.99611,42.517654,42.074844,42.536846,41.89203,42.37298,42.14265,41.98511,41.93293,42.47744
50.492443,50.38401,50.375214,50.510647,50.37223,50.362877,50.479847,50.46995,50.19345,50.49658,50.182926,50.314766,50.429405,50.47572,50.572227,50.25592,50.543312,50.726543,50.50402,50.62559,50.895004,51.12684,50.569412,50.33259,50.672894,50.52128,50.695866,50.72329,50.760967,50.733315,50.678288
47.04128,46.917423,46.960197,46.77479,47.15239,46.905582,46.80146,46.61337,47.0191,47.352047,47.4765,47.275906,47.26737,47.23616,47.31858,46.879524,47.053158,47.06386,47.369705,47.30132,47.249638,47.29587,47.38825,47.347023,47.1611,47.375404,47.292934,47.18276,47.64537,47.564926,47.61899
40.554848,40.536007,40.873726,41.025406,40.739067,40.56395,40.935932,40.53719,40.642597,40.942013,41.045776,41.2844,41.073475,41.025898,40.86173,41.025433,41.28736,41.23268,41.09748,41.35971,40.911858,40.548805,41.3483,40.8731,41.174023,41.011505,41.397583,41.051003,40.81685,40.811348,41.309193
59.435886,59.323658,59.171646,59.66524,59.34561,59.414394,59.615887,59.484074,59.515793,60.06562,60.01593,59.38383,59.691998,59.291344,60.12444,59.32024,59.53516,59.943783,60.06263,59.948586,60.050144,59.994038,59.70331,60.013985,60.093006,59.587288,59.746204,60.119377,60.34163,59.78671,60.17425
48.636612,48.420372,48.324783,48.18843,48.657166,48.696594,48.48591,48.541153,48.808002,48.678246,48.914803,48.219383,48.42774,48.33579,48.74361,48.471123,48.438786,48.95305,49.029945,48.683563,49.015537,49.213776,48.59427,49.09845,48.822056,48.792694,48.835144,48.53569,49.262646,48.791298,48.980705
46.50598,46.64859,46.70598,46.64874,46.540413,46.458145,47.015984,46.601513,46.85538,47.055046,46.8517,46.64993,46.29521,46.81818,47.40206,47.124794,47.12886,47.454216,47.10452,47.271618,47.5431,47.34379,46.955025,46.812157,47.112354,47.072525,47.17198,47.382004,47.188244,47.083046,47.363556
45.622032,45.364243,45.80343,45.34315,45.7089,45.997208,45.884266,45.811947,45.609028,45.596336,45.59012,45.8581,45.90901,45.983513,45.494267,45.99297,45.88529,46.179436,45.917557,45.587982,45.67873,45.98707,45.741055,46.07408,45.834103,46.062866,46.351048,45.832184,45.8489,45.555984,46.03119
52.79548,52.66693,52.609795,52.988472,52.90709,52.70897,52.87169,52.786896,52.64026,53.229595,52.815815,52.757336,53.025383,52.986668,53.010807,52.706135,52.75797,53.19223,53.121277,53.017334,53.30561,53.428955,52.850258,53.08567,53.093414,52.97587,53.31933,53.23632,53.29141,53.038353,53.39878
47.47628,47.788612,47.151306,48.13712,47.381516,47.389965,47.55311,47.68863,47.711266,47.85816,47.80535,47.46028,47.688046,47.543568,48.035255,47.47876,47.658535,47.788635,47.78968,48.336308,48.192074,47.821693,47.917088,47.602165,48.55422,47.93776,47.541042,48.137653,48.107407,48.25222,48.20342
43.55601,43.64292,43.571533,43.327473,43.54293,43.517097,43.369686,43.568573,43.467304,43.217106,43.480328,43.53752,43.463448,43.173306,43.232952,43.80693,43.670116,43.183224,43.5394,43.590755,43.21679,43.30524,43.55774,43.6249,42.98418,43.572067,43.382244,43.845818,43.92357,43.601303,43.1299
36.341106,36.53311,35.983803,36.205338,35.8895,36.084396,36.34792,36.232433,36.297176,36.125122,36.533436,36.450687,36.089504,35.90966,36.009018,36.221436,36.549034,36.41406,36.27447,36.74022,36.20001,36.558613,36.374535,36.454636,36.741737,36.693092,36.347095,36.43306,36.983757,36.354725,36.57696
38.885376,38.45272,38.69445,39.22572,38.661118,38.691315,38.92321,38.936085,38.74453,39.027355,39.333313,39.140705,38.804424,39.126286,38.75261,39.343395,38.941635,39.30642,39.304173,38.967358,38.897278,38.677273,38.949642,38.811775,38.986305,39.050217,39.15642,39.425262,39.150085,38.928642,39.143726
47.365067,46.77232,47.11609,46.79836,47.22152,46.892715,46.672222,46.883068,47.2598,46.727352,47.304707,47.22017,46.883408,47.065197,46.7362,47.24113,47.19822,47.37863,47.56159,47.198532,47.018883,47.007748,47.29207,47.392662,46.947002,47.24906,47.626904,46.77138,47.34489,47.133167,47.224293
41.852516,41.750996,41.676125,41.340504,41.51274,41.65636,41.72418,41.647213,41.631702,41.706234,41.520565,42.352646,41.65062,42.21423,41.5072,41.97348,41.86867,42.01074,41.634876,41.769226,41.776466,42.06979,41.877098,41.60421,41.876354,42.375122,41.97222,42.088455,41.956097,42.14076,41.955296
35.37346,36.090214,35.93405,35.778095,35.583397,35.707985,35.922974,35.720604,35.962395,36.07957,35.39746,36.49262,35.9504,36.49063,35.868263,35.947273,36.09784,36.22765,35.527283,36.026417,36.33348,36.214676,36.438923,35.70854,36.39081,36.343018,36.159016,36.294075,35.62355,36.41635,36.040375
60.956364,61.14022,61.327553,61.45871,61.039833,61.13635,61.426556,61.468666,61.58162,61.511852,61.480072,61.265255,61.189358,61.375015,62.004486,61.6587,61.682785,61.552425,61.647778,61.56638,61.906437,61.6267,61.908882,61.7427,61.853535,61.467224,61.578423,62.139057,61.654343,62.04488,61.670498
47.775124,47.441414,47.552177,47.770782,47.976616,47.518726,47.985542,47.43998,47.152386,48.014908,47.974133,47.833176,47.939526,47.88415,47.91206,47.909897,47.609264,47.845078,48.163555,48.156994,47.842648,47.910465,47.861904,47.81884,47.924038,48.202682,48.125263,47.988716,48.05914,47.83189,48.72683
48.854168,48.588947,48.890984,48.437435,49.079796,49.015106,48.836956,48.81856,48.897606,48.76269,48.946796,48.89306,48.985825,48.864925,49.203873,49.220444,48.99002,49.02185,49.23076,48.94692,49.081673,49.001,49.139626,49.353783,48.80901,48.978477,49.26163,48.97819,49.256363,49.20683,49.251408
57.95006,57.996128,57.68386,58.028805,57.829605,58.195873,58.07619,58.378407,58.0135,58.161816,57.78236,57.965923,58.37963,58.053886,58.577656,58.0587,58.220127,58.23089,58.142273,58.153576,58.46835,58.449333,58.28608,58.39319,58.616474,57.998306,58.107574,58.699665,58.51534,58.652607,58.36032
51.702698,51.72812,51.772697,51.59493,51.90336,51.852104,51.855667,51.822964,51.842896,51.723175,51.853836,51.32811,51.79574,51.56935,51.944355,52.18306,51.787968,51.91411,52.250683,51.857365,51.935028,52.043274,51.745686,52.425423,51.753193,51.859077,52.107857,52.066387,52.454533,51.775513,52.22528
39.343018,40.028076,39.5523,39.80081,39.174683,39.140343,38.81725,39.284054,39.998177,39.119488,39.197407,39.568314,39.57774,39.66265,39.524963,39.448467,39.517902,39.543636,39.410297,39.93736,39.797276,39.404125,39.82808,39.641006,40.051235,39.645805,39.681965,39.539894,40.004326,40.060593,39.798405
46.860367,46.79717,46.880196,46.590515,46.83544,47.00598,46.961174,46.88764,47.176384,47.19442,47.277363,47.174374,46.77149,47.145596,47.012486,47.17833,47.320293,47.330524,47.28833,47.159775,47.123585,47.039143,47.225224,47.06047,47.130516,47.44879,47.1189,47.406292,47.31015,47.286167,47.057377
45.088566,45.361923,45.045265,45.264202,45.327965,45.422478,45.4744,45.52032,45.254887,45.56602,45.4476,45.25041,45.36964,44.981037,45.27173,45.226242,45.282978,45.363605,45.331024,45.74063,45.41838,45.537605,45.204998,45.412308,45.39485,45.84149,45.232883,45.873287,45.45466,45.299297,45.28626
55.857933,55.67335,56.322815,56.16912,56.109306,56.512356,56.575474,56.40513,55.864685,56.310276,56.3709,56.515118,56.5165,56.170494,56.29414,56.289505,56.3442,56.182945,56.427208,56.059353,56.030396,56.06687,56.707436,56.521683,56.43288,56.352104,56.489735,56.664864,56.272564,56.317497,56.332947
41.784565,42.33023,41.798515,42.031696,41.452568,42.068058,41.853848,42.155464,42.337803,41.938908,41.70855,41.930603,42.021152,42.02152,42.020245,41.819233,42.079155,42.541977,41.973915,42.22236,42.30069,42.369423,41.94825,42.23829,42.813927,42.254913,42.217434,42.323074,42.62794,42.10568,42.318504
46.46177,46.45833,46.86167,46.466457,46.766914,46.745064,46.49841,46.668316,46.845642,46.607063,46.29303,46.74874,46.913666,47.2777,47.08433,46.78742,47.091656,47.2266,46.84247,46.827553,47.176838,47.1295,46.98105,47.01001,47.06317,46.939835,47.561443,46.811356,46.693516,47.118454,47.28178
47.38589,47.480213,47.29431,47.58323,47.275948,47.171955,47.31768,47.507664,47.4461,47.30063,47.28451,47.780064,47.66628,47.594887,47.541008,47.732655,47.90869,47.446777,47.43921,47.725273,47.575745,47.4232,47.98403,47.63109,47.75027,47.45868,47.646362,47.89496,47.582966,48.04098,47.60187
51.839546,51.712772,52.065285,51.71826,52.061913,52.131966,51.72278,51.880642,51.70034,51.434357,51.599552,51.317204,52.127045,51.667564,51.944492,51.942238,51.65782,51.82557,52.071888,51.890953,51.946934,52.09808,51.703716,52.218147,51.721844,51.87375,52.20633,51.7788,52.36165,51.782257,52.19138
41.4154,41.440186,40.997658,41.47797,41.25569,41.06853,40.958706,41.341915,41.41733,41.196625,41.461903,41.171185,41.46688,41.49112,41.447674,41.645733,41.253704,41.191143,41.413532,41.59989,41.505432,41.54186,41.23712,41.560165,41.460445,41.636177,41.34897,41.76745,41.917725,41.924488,41.799984
43.27728,43.586807,43.689346,43.413372,43.58056,43.67998,43.631287,43.563477,43.51546,43.71008,43.371628,43.608547,43.920364,43.99741,43.658047,43.66973,43.639637,43.8469,43.606594,43.728077,43.741554,44.036312,43.551273,43.85607,43.806137,44.14544,44.05888,43.98272,43.709877,43.647408,44.115047
57.900887,57.544674,57.836098,57.785202,57.971443,57.7709,58.167778,57.823208,57.84171,57.795654,58.26488,57.645935,57.77934,57.676304,58.119698,58.525425,58.43726,57.92913,58.26861,58.24468,58.225426,58.245693,58.16946,58.389328,57.883423,58.03257,58.33316,58.290512,58.630634,58.286232,58.310112
51.58624,51.974987,51.818436,51.98055,51.57631,51.672573,51.908604,51.86557,52.44368,52.148808,52.138306,51.826218,51.64659,52.25395,52.218063,52.625492,52.223946,52.3288,52.319897,52.17788,52.458157,51.999424,52.264626,52.25052,52.43272,52.28637,52.09687,52.71457,52.49305,52.50674,52.31664
55.207428,54.52095,55.134132,55.112408,55.528152,55.186733,55.610607,55.03924,54.386806,55.4823,55.152534,55.30866,55.656513,55.060055,55.464905,55.132153,55.330696,55.517185,55.552326,55.233517,55.50137,55.7086,55.496353,55.48693,54.996536,54.78174,55.891735,55.31792,55.360188,55.064533,55.667812
48.732563,48.369305,48.194824,48.725594,48.691948,48.597736,48.57018,48.72372,48.48111,48.81523,48.717175,48.60162,48.80087,48.847794,48.729652,48.703472,48.689407,48.931038,48.958042,48.898518,48.881477,48.824974,48.64036,48.728584,49.00961,48.92402,48.929863,48.98786,48.96941,48.966473,49.170254
54.239063,54.16974,54.125732,54.15781,54.751717,54.52459,54.48817,54.37308,54.356007,54.705257,54.347572,54.481117,54.61256,54.45834,54.914165,54.707214,54.582733,54.481094,54.644573,54.77496,54.90664,54.450962,54.663357,54.69107,54.453617,54.634644,54.705566,54.88185,54.742798,55.007504,54.794518
47.082836,46.628437,46.551315,46.851673,47.112953,46.80211,46.71998,46.97406,46.873337,46.96673,47.15553,47.024574,46.723377,46.848248,47.09617,46.98434,47.049953,46.946217,47.242435,47.274048,47.05353,46.872814,46.991726,46.980736,46.930706,47.270416,47.17138,47.20429,47.283417,47.43947,47.222256
42.616234,42.618134,42.812164,42.619823,42.670242,42.713776,42.87504,42.553703,42.840477,42.866127,43.138237,43.074505,42.700253,42.81748,42.820404,43.052948,42.787483,43.096664,43.1284,43.037563,42.878685,42.759216,43.030636,43.085983,43.0357,43.235588,43.177193,42.979576,43.25027,42.861073,43.304733
60.409916,59.810448,59.766457,60.39766,60.42453,60.11407,60.52622,60.13987,59.809864,60.482723,60.579536,60.4927,60.38769,59.806595,60.077217,60.188717,60.23239,60.251114,60.486977,60.63256,60.52872,60.42257,60.585236,60.449036,60.41071,60.294563,60.52303,60.39391,60.75419,60.496616,60.483665
50.536682,50.44715,50.276512,50.780186,50.717613,50.530796,51.004383,50.672672,50.30513,50.945965,50.521435,50.617706,50.804695,50.723595,50.57943,51.033974,50.519558,51.00751,50.897587,50.832905,50.993904,50.956955,50.61325,50.868385,50.872757,50.842896,51.03263,51.13525,50.919037,50.619926,51.198174
40.643944,40.11313,40.0336,40.321754,40.430824,40.656715,40.569668,40.672955,40.4789,40.49292,40.46062,40.5921,40.36075,40.570377,40.346027,40.71918,40.605618,41.226765,40.69834,40.619595,40.912712,40.773293,40.41996,40.425896,40.776375,40.66311,40.851074,40.6146,40.746758,40.609478,40.63186
40.238533,40.154507,40.256775,40.51984,39.73404,40.317924,40.26423,40.551334,40.05751,40.035904,39.981705,40.717884,40.37597,40.396557,40.0993,40.1346,40.278027,40.736446,40.04637,40.432823,40.347424,40.41861,40.381557,39.846863,40.742344,40.530678,40.3637,40.636242,40.14347,40.30562,40.17244
53.48019,53.02348,52.81405,53.18123,53.408997,53.273605,53.20658,53.3092,53.128292,53.35337,53.31487,53.390823,53.358044,53.347042,53.199448,53.530533,53.212578,53.35953,53.56872,53.414433,53.474323,53.22156,53.48944,53.295387,53.42591,53.453796,53.278442,53.537266,53.577583,53.75738,53.452744
46.546993,46.745262,46.678017,46.93208,46.373657,46.641068,46.663578,46.813465,46.553066,46.393345,45.86447,46.861134,46.841904,47.078335,46.60683,46.871647,46.771496,47.02243,46.306595,46.820297,47.226913,47.06095,46.905167,46.347153,47.148808,46.79972,46.9568,47.014675,46.661804,47.13063,46.749283
44.852898,44.3808,44.532402,44.852325,45.143806,45.00142,44.50664,44.950096,44.761646,44.81985,44.68146,44.783924,45.238934,45.075306,44.575714,45.135426,44.816757,45.074646,45.050457,44.80651,44.885468,44.604195,44.45338,45.054802,44.430954,44.792725,45.37527,45.08583,45.063206,44.785137,44.854774
50.738945,50.52881,50.316315,51.107807,50.685036,50.44415,50.664932,50.58956,50.496185,50.84331,50.97871,50.517174,50.831795,50.716015,50.92085,50.882782,50.56868,50.673946,50.91789,51.10793,51.164177,50.97478,50.771397,50.776512,51.019344,50.88588,50.82942,51.130215,51.404064,51.25267,51.32506
56.990017,56.41936,56.291565,56.58326,56.76448,56.651672,56.421757,56.523342,56.95276,56.63284,56.634056,56.861847,56.553654,56.4038,56.95575,56.55753,56.93999,57.155178,56.845802,57.044914,57.632965,57.17214,56.96504,57.029587,56.935665,56.393166,57.378437,56.535564,57.776737,57.456673,56.879974
48.768085,49.136776,48.69989,48.407772,48.55316,48.626274,48.779392,48.746647,48.92887,48.875126,48.68451,49.06863,48.444763,48.565884,49.228985,48.40648,48.923283,48.83356,48.660656,49.138786,49.30769,49.624325,49.326107,48.892998,49.28481,49.238678,48.74536,49.079,49.245304,49.644524,49.003986
42.93133,43.14325,43.25016,42.70369,43.55195,43.019405,43.01443,42.634563,42.883606,43.283627,42.802868,43.18869,43.344746,43.207687,43.30809,43.02195,43.062992,43.241344,43.33557,43.379776,43.392044,43.274433,43.435524,43.256813,42.911446,43.199753,43.51317,42.991222,43.160763,43.185993,43.54559
41.39093,41.398743,41.092796,41.210743,41.503197,40.925453,41.027985,41.010967,41.148544,41.475143,41.096626,41.034634,41.48404,41.46139,41.67843,41.32712,41.22949,41.779823,41.796604,41.66443,41.64871,41.692806,41.19228,41.599113,41.36094,41.25717,41.76705,41.43552,41.68478,41.26952,42.179935
56.200413,55.621136,55.78618,55.437054,56.36477,56.06785,55.944317,55.80946,55.961254,55.785114,56.176968,55.754128,56.04031,55.723446,56.011677,56.18778,56.12483,56.102516,56.484154,56.151527,56.163242,56.291702,56.16405,56.674774,55.969772,56.088264,56.522427,55.69716,56.616512,56.182274,56.506107
53.305862,52.775864,52.990158,53.27052,53.480995,53.75008,53.302727,53.60579,53.375046,53.38161,53.415443,53.19962,53.72389,53.26568,53.445244,53.202705,53.32226,53.86177,53.72323,53.372063,53.724545,53.54913,53.470066,53.808105,53.79439,53.266197,53.854137,53.295628,53.579002,53.450237,53.60687
45.307823,45.118565,45.15831,45.610413,45.29801,45.51473,45.61767,45.45673,45.22938,45.82315,45.61823,46.04274,45.665226,45.580444,45.440693,45.47461,45.57911,45.76727,45.537792,45.67397,45.7415,45.25247,45.987595,45.144073,45.795605,45.53328,45.42618,45.916107,45.461494,45.826748,45.34232
57.056965,56.81388,56.457,56.45239,57.04326,56.58061,56.83574,56.799263,56.588367,56.80804,56.599293,56.6485,56.769695,56.78907,56.62573,57.28936,56.716843,56.700676,57.095467,56.71734,56.89408,57.22843,56.858517,57.220085,56.57341,56.925438,56.88667,57.142273,57.2117,57.131424,57.08041
44.139137,44.21107,43.749664,44.424107,43.70095,44.026894,43.973625,44.353428,43.957443,43.996944,43.75634,43.908085,44.17472,44.27356,43.812607,43.956814,43.8841,44.513763,44.14618,44.25223,44.150867,44.41912,43.76977,43.99842,44.762714,44.469658,44.25161,44.45092,44.416344,44.013,44.538
49.12921,49.316086,49.53569,49.017056,49.01718,49.282654,49.10557,49.33665,49.399864,49.223312,49.218548,49.382763,49.33571,49.500267,49.58775,49.19106,49.51922,49.566647,49.628017,49.329002,49.18997,49.414177,49.69671,49.55504,49.696445,49.5775,49.48554,49.617184,49.376648,49.47791,49.621044
41.26393,41.035866,40.62536,41.02772,41.320793,41.342335,41.672855,41.514656,41.20203,41.702114,41.75489,41.479836,41.18977,40.932545,41.470066,41.359768,41.637268,41.512363,41.439884,41.57537,41.614132,41.829845,41.43255,41.680687,41.50428,41.547554,41.4663,41.794647,41.781235,41.69952,41.515408
42.1461,42.31334,42.102203,42.073185,42.374176,41.90812,42.068615,42.18184,42.3639,42.193493,42.517437,42.023228,42.010197,42.298378,42.390545,42.631393,42.537315,41.998104,42.615017,42.51425,42.18303,42.2511,42.56029,42.554924,42.285606,42.669075,42.277565,42.59837,42.45073,42.77679,42.67326
54.572975,54.75186,54.857933,54.987682,54.221878,54.901726,55.102512,55.25962,55.24175,55.02676,55.47098,55.062794,54.665554,55.040115,55.435917,55.01356,55.196503,55.106644,55.167812,55.04237,55.163082,55.289425,55.625214,55.231133,56.046516,55.569893,54.850636,55.704033,55.21899,55.76322,55.34905
45.982258,46.062416,46.27849,46.164764,46.00316,46.182083,46.196857,46.37995,46.269863,46.221718,46.458103,46.270226,46.19396,46.58807,46.321503,46.532158,46.18912,46.200478,46.33918,46.235718,46.20545,46.472775,46.350094,46.385765,46.470966,46.968193,46.302914,46.85903,46.274193,46.658726,46.571503
39.568947,40.17661,40.07807,40.138817,40.19451,40.010017,40.550262,39.963272,40.027912,40.605797,40.113503,40.43808,40.51206,40.341373,40.15885,40.417072,40.46516,40.324024,40.062687,40.425434,40.489307,40.554977,40.457108,40.619858,40.318523,40.439346,40.719357,40.69343,40.313847,40.26052,40.596424
43.317062,43.607635,43.482628,43.1466,43.8424,43.536682,43.644012,43.260044,43.698315,44.151127,43.914127,43.5501,43.727,43.59889,44.09437,43.43984,43.641064,43.75932,43.953995,43.71881,44.061485,44.361725,43.82485,44.429756,43.69625,43.80265,44.152336,43.80209,44.369987,43.975906,44.386288
46.790848,47.0192,47.06633,46.856106,47.451828,47.2629,47.29602,47.167404,47.24279,47.519867,47.020164,47.20461,47.42868,47.353577,47.657104,47.357384,47.303177,47.404705,47.351883,47.186802,47.742416,47.696987,47.50043,47.831635,47.28007,47.244766,47.757366,47.53102,47.386562,47.648514,47.66093
46.88908,47.377983,47.174034,47.408108,47.00511,47.5619,47.17045,47.522404,47.610268,47.457493,47.247765,47.4167,47.470844,47.516518,47.280193,47.00778,47.327293,47.392414,47.21201,47.35506,47.530422,47.438522,47.60883,47.459526,48.050358,47.769356,47.390163,47.708164,47.58423,47.8406,47.366535
40.811913,40.911114,40.82412,40.70236,40.811882,40.71743,40.841564,40.856148,41.217033,40.918427,41.079727,41.02694,40.568657,41.021935,40.753075,41.353817,41.14194,41.18933,41.119156,41.065197,41.10189,41.078285,41.04918,41.15274,40.933918,41.32646,41.200924,41.264153,41.255714,41.190998,41.026096
44.837162,44.838886,44.56353,44.493446,44.965775,44.856373,44.908066,44.849163,44.9941,44.845234,44.73547,45.302082,44.96712,44.772026,44.883484,45.06616,45.220192,45.20102,45.05122,45.175278,45.040913,44.88555,45.260777,45.42051,45.19539,45.028503,45.41713,44.907547,45.17603,45.134502,45.237823
49.454483,49.59969,50.38085,49.434063,49.702003,50.151188,49.79029,49.79247,49.69331,49.256668,49.931503,49.40369,49.764732,49.37647,49.86249,49.554047,49.61217,49.41039,49.848724,49.669228,49.512444,50.087967,49.91297,50.21292,49.758293,50.200043,49.990013,49.655857,50.20492,49.742584,49.983135
51.05458,50.75051,50.930573,50.42277,51.607323,51.339157,51.63884,50.896053,50.771805,51.339947,51.19961,51.332893,51.238285,50.96967,51.37254,51.57889,51.209446,51.27785,51.369717,51.490677,51.49344,51.40945,51.37558,51.45659,50.999825,51.58667,51.511013,51.249176,51.391453,51.335968,51.656113
47.8599,47.654335,48.01712,47.701218,48.326096,48.13564,48.212143,48.031097,48.080444,48.340946,48.21244,47.933296,47.986267,48.33011,48.2333,48.508724,48.29291,48.37358,48.530678,47.955353,48.364292,48.38669,48.22162,48.50026,47.931286,48.273308,48.607346,48.428562,48.32047,48.31147,48.436302
43.581127,43.918182,43.155,43.259083,43.6531,43.663807,43.497417,43.741573,43.983013,43.776783,43.401295,43.546074,43.68448,43.483166,43.945778,43.668873,43.75342,44.09854,43.795494,44.050762,44.106243,44.072773,43.523773,44.201782,44.00919,43.878853,43.93794,43.944298,44.21574,43.896942,44.08034
55.488716,55.268402,55.743103,55.78507,55.684853,55.16156,55.345085,55.189564,55.244106,55.247364,55.516376,55.66761,55.715443,55.567345,55.482853,55.69291,55.711205,55.25055,55.67624,55.878353,55.56609,55.379486,55.981514,55.668777,55.450344,55.613632,56.058754,55.573505,55.795017,55.876793,55.90778
41.2599,41.32504,41.697464,41.630814,41.489388,41.4251,41.56691,41.60446,41.495193,41.536697,41.454124,41.68913,41.87475,42.212234,42.19986,42.158375,42.00078,41.924606,41.92677,41.76373,41.739365,41.516365,41.988426,41.841003,41.98402,41.763535,42.134945,42.132694,41.49623,41.976048,42.427467
43.15213,43.681538,43.825592,43.52836,43.551834,43.682785,43.859596,43.550068,44.006657,43.983368,43.763824,43.975845,43.712757,43.846752,44.104744,44.04995,44.01483,44.111416,43.876892,43.93526,44.21771,43.795727,44.27482,44.068085,44.019135,43.87123,44.067036,44.18832,43.932648,44.0671,43.950134
49.725338,49.914482,50.188034,49.947113,50.061768,50.282856,50.462,50.239185,50.440895,50.057304,50.426,49.772453,50.0308,50.1307,50.309418,50.85548,50.440228,50.308903,50.465252,50.15446,50.471607,50.500427,50.39688,50.911484,50.46601,50.465065,50.60962,50.527252,50.726,50.439743,50.62776
52.29515,52.37576,52.22397,52.714947,52.136368,52.2633,52.55449,52.56813,52.608784,52.59455,52.59622,52.355232,52.34917,52.66875,52.87859,52.93307,52.85128,52.81002,52.740738,52.896038,52.938274,52.677013,52.634056,52.635666,53.07144,52.81318,52.736473,53.266346,53.065037,53.01929,53.046658
48.35457,48.742874,48.22631,48.57562,48.279907,48.25155,48.686527,48.52673,48.241035,48.745277,48.437912,48.474327,48.74219,48.48145,48.774925,48.473812,48.61536,48.51141,48.482826,48.898094,48.744915,49.11595,48.68787,48.69187,48.966496,48.82627,48.460777,49.173916,48.84999,48.850376,49.034588
49.800377,49.09989,48.864723,49.35826,49.765793,49.256855,49.55382,49.3364,48.997097,49.362736,49.751236,49.429386,49.351154,48.807632,49.36792,49.24999,49.401333,49.381527,49.65621,49.993603,49.712193,49.795174,49.673267,49.507088,49.565422,49.583435,49.58861,49.19241,49.80296,49.746597,49.79769
48.947254,49.169636,49.009834,49.21704,49.105423,48.849953,49.442608,48.923965,49.288174,49.60581,49.7649,49.418156,48.946182,48.892975,49.42126,49.373177,49.449203,49.185314,49.442516,49.584248,49.67136,49.468357,49.874466,49.527397,49.429157,49.342445,49.276802,49.660748,49.81545,49.796993,49.418186
47.64646,47.632694,48.129463,47.829082,48.05034,48.142376,48.24624,47.92837,48.07713,48.03581,48.148205,48.091686,48.1517,48.068398,47.96733,48.384842,48.42614,48.290504,48.231216,48.022198,48.250774,48.166363,48.415516,48.544632,48.10019,48.062943,48.672382,48.178864,48.31804,48.111454,48.210484
48.158012,48.485268,48.637657,47.71996,48.427345,48.674805,48.785213,48.40369,48.78407,48.590816,49.13677,48.45837,48.197758,48.272842,48.669125,48.679695,48.797134,48.41971,48.796913,48.73189,48.424915,48.897373,48.868965,49.138985,48.757084,49.447433,48.575245,48.80106,48.98025,48.792664,48.88411
40.528442,40.789143,40.937553,40.94517,40.69763,41.02362,41.17275,41.047802,40.909874,41.02099,40.79283,40.98891,40.977448,41.350407,41.107246,41.367947,41.064796,41.32234,40.945747,41.03863,41.319466,41.18435,41.146236,40.86863,41.362804,41.364044,41.14349,41.51036,40.917297,41.238403,41.26026
54.116135,54.04134,54.354805,53.915287,54.222,54.17489,53.6249,54.035038,54.138527,53.940098,53.834423,54.096012,54.22361,54.29021,54.055347,53.81802,54.067192,53.94453,54.17565,53.945457,54.156166,54.31577,54.32429,54.221825,53.91813,54.20819,54.35787,54.156387,54.38065,54.552757,54.008324
58.825832,58.8503,59.28721,58.59207,59.013412,59.066593,59.489185,58.985466,59.169655,59.391243,59.607574,59.1276,58.747025,59.06008,59.49912,59.34157,59.311462,59.085346,59.42996,59.057453,59.438393,59.87533,59.67414,59.665848,59.26578,59.655388,59.338055,59.62475,59.62651,59.726624,59.499508
33.62534,33.577007,33.40744,33.47334,33.497192,33.517963,33.29509,33.53968,33.617992,33.71707,33.673756,33.7436,33.534714,33.627945,33.81829,33.38533,33.28433,33.94898,33.805943,33.639553,33.83258,33.89151,33.546597,33.68523,33.68293,33.70851,33.77164,33.750237,34.01655,33.80878,33.938286
48.27452,48.74913,48.580437,48.82263,48.25338,48.181602,48.630936,48.29485,48.39736,48.913433,48.749474,48.563995,48.589935,48.625774,48.8916,48.39737,48.47815,48.639156,48.58575,49.150715,48.915325,49.11992,48.59792,48.56411,48.968475,49.19944,48.6919,49.256794,49.102295,48.81712,49.23999
52.13397,52.104126,51.621452,52.08728,52.1736,52.193424,51.89716,52.30376,52.222874,52.215603,52.03275,51.95152,52.311367,52.331684,52.124763,52.193485,52.297318,52.134224,52.354378,52.274815,52.257458,52.14704,52.23266,52.357162,52.56897,52.399765,52.19496,52.50457,52.53877,52.700108,52.43314
45.971706,46.09457,46.300407,46.397636,45.75744,46.065205,46.226685,46.306458,46.31208,46.192284,46.42974,46.13154,46.115715,46.385357,46.644444,46.35561,46.33937,46.49203,46.424877,46.30295,46.554676,46.68228,46.541832,46.43113,46.793728,46.44715,46.43608,46.74601,46.626396,46.682034,46.72275
51.46825,51.80002,51.658012,51.74114,51.64261,51.925827,51.88735,52.006622,51.894783,51.774643,51.54631,51.56415,51.917965,51.81478,51.628853,52.05838,51.81585,52.04438,51.92207,51.86855,51.946835,51.866283,51.92079,52.022705,52.1692,52.043503,51.84078,52.207516,51.809162,51.79131,51.825977
49.039673,48.965916,49.185486,49.254154,49.158318,49.232735,49.25445,49.233433,49.058014,49.44655,49.245384,49.19346,49.495987,49.5041,49.642536,49.161434,49.075253,49.540524,49.408978,49.311317,49.64641,49.85191,49.28282,49.511955,49.581272,49.521233,49.680504,49.639744,49.54006,49.527584,49.914253
49.528233,49.14863,49.411865,49.042633,49.39437,49.21932,49.024265,49.042007,49.246258,49.181248,49.41367,49.323597,49.286613,49.293358,49.234867,49.058937,49.046852,49.431698,49.5423,49.26029,49.52424,49.93019,49.426376,49.607193,49.241734,49.469315,49.7313,49.085175,49.887978,49.552624,49.65064
50.63301,51.10242,51.300896,50.983196,50.781364,50.984585,51.19085,51.048027,50.990776,51.065247,50.977264,51.312813,51.092987,51.336792,51.26514,51.314297,51.34611,50.772923,50.927303,51.116856,51.128605,51.19536,51.697334,51.07164,51.32719,51.52307,50.995155,51.741558,51.113506,51.760815,51.15761
58.498253,58.38711,58.59886,58.90798,58.56231,58.50443,58.725445,58.61972,58.342735,58.736454,58.3575,58.622776,58.83995,58.60754,58.912872,58.269646,58.599735,58.983475,58.682865,58.921623,59.288902,59.310795,59.015156,58.683243,59.16386,58.62625,59.107857,58.809284,58.732594,58.934387,59.032806
55.702633,56.224995,56.49906,56.270866,56.454903,56.327633,56.300972,56.159122,56.42689,56.51801,56.3011,56.107162,56.656815,56.414474,56.98899,56.324203,56.78245,56.109215,56.395733,56.65153,56.847683,56.55721,57.01106,56.72934,56.57594,56.399864,56.601788,56.766388,56.508034,57.06635,56.62666
45.653633,45.252247,45.05391,46.088547,45.39937,45.55593,45.478218,45.856068,45.23217,45.504295,45.476055,45.519997,45.622227,45.53922,44.95203,45.522552,45.16026,45.85406,45.74735,45.666492,45.46911,45.24852,45.33643,45.191437,45.91996,45.74649,45.556206,45.794773,45.542313,45.340023,45.565628
48.256485,47.621574,47.946144,48.356564,48.076523,48.192482,48.326397,48.281864,47.818935,47.972214,48.68231,48.24702,48.063385,47.792614,48.01877,48.44648,48.324646,48.045765,48.36478,48.463654,48.048187,47.895126,48.28377,48.02218,48.114365,48.369972,48.170437,48.498947,48.564575,48.33588,48.13546
45.19362,45.135918,45.372635,44.922714,45.183945,45.238064,45.406372,45.090508,45.027916,45.329826,45.092228,45.0042,45.170433,45.28793,45.31609,45.407932,45.328323,45.80332,45.52532,45.322235,45.513714,45.861187,45.05599,45.34024,45.093315,45.371933,45.63867,45.53551,45.664196,44.950077,45.576042
54.765266,54.52379,54.78045,54.419968,54.854362,54.602734,54.526978,54.390404,54.59746,54.669147,54.620605,54.32441,54.578396,54.642242,54.573956,54.632458,54.425976,54.949726,55.120216,54.641068,54.985664,55.15092,54.752617,54.890762,54.559616,54.709587,55.00324,54.545357,55.114273,54.65307,54.949528
51.704052,51.724194,52.389275,52.089024,51.490875,52.02239,51.664047,52.07723,52.184143,51.688995,51.941555,51.98824,52.024628,52.694153,52.06507,51.97973,52.184677,52.177395,52.15867,51.735928,52.003567,52.131367,52.512455,52.015846,52.69351,52.385376,52.299297,52.257416,52.0064,52.54787,52.2942
58.42775,58.40606,58.560883,58.504257,58.907455,58.859802,59.17334,58.89825,58.768173,58.936764,59.219395,58.6115,58.73535,58.39147,58.80655,59.23711,59.1791,58.663277,59.26636,58.939407,58.70512,58.584587,59.286434,59.395844,58.907818,58.989838,58.87071,59.22978,58.94344,58.925568,58.882633
35.493202,36.16516,35.807747,35.719913,35.552658,35.834854,36.15509,35.862244,35.88327,36.320057,35.91198,36.34818,36.01063,35.990814,35.88931,35.86421,35.957005,36.23554,35.902637,36.019928,35.964966,36.176662,36.244484,36.084877,36.322647,36.267914,35.910194,36.46172,36.004208,35.92187,36.10583
46.490643,46.034054,46.25444,46.62493,46.514496,46.551712,46.81451,46.767906,46.2209,46.709137,46.668858,46.522934,46.471706,46.525978,46.713757,46.8638,46.597187,46.99148,46.852547,46.746536,46.772655,46.73578,46.36999,46.554794,46.59814,46.78794,46.913403,47.13235,46.716103,46.515846,46.90026
52.11618,51.897045,51.983215,52.233414,52.319077,52.231762,51.84725,52.26481,51.880287,51.73384,51.81846,51.878197,52.76021,52.027744,51.975643,52.191307,52.153378,51.922657,52.215405,52.15118,51.95704,52.01894,52.05917,52.623238,52.04134,51.91662,52.55072,52.16527,52.433125,52.13252,52.354446
56.83696,56.824722,56.911766,56.648712,57.24933,56.989964,56.843895,56.779797,57.097275,57.194324,56.683468,56.946075,57.23878,57.22334,57.412403,56.97545,57.272682,57.316135,57.34882,57.01799,57.570385,57.399353,57.463688,57.603043,57.228218,56.805435,57.68924,57.04359,57.438797,57.51889,57.520382
41.698086,41.65945,41.299446,41.976555,42.11197,41.967964,41.434277,42.01126,41.880352,41.77202,41.242893,41.625034,42.286392,42.004658,41.83513,41.858482,41.751217,42.107113,41.76871,41.989532,42.34327,41.868835,41.574333,42.02555,41.927235,41.66485,42.344563,41.925465,41.991707,42.114574,42.01803
43.053703,43.39027,43.356903,43.645252,42.95678,43.325428,43.75455,43.640064,43.30052,43.38372,43.551342,43.225857,43.208004,43.26505,43.52307,43.5711,43.512844,43.71419,43.497185,43.892265,43.554546,43.6483,43.520428,43.26023,44.064224,44.02677,43.343006,44.025738,43.38676,43.37025,43.74102
52.65855,52.697926,52.587074,52.74199,52.65856,52.750187,52.82226,52.89688,52.725384,52.879772,52.86617,53.134354,53.002003,52.97983,52.840584,52.807827,52.67913,52.721287,52.927757,52.804176,52.794903,52.95764,53.27081,53.194504,53.40381,53.27231,52.954845,53.1435,52.96083,53.35122,53.300396
45.06237,45.418816,45.422707,45.524044,45.20424,45.24828,45.50132,45.4812,45.159718,45.478863,45.482346,45.53702,45.722202,45.567127,45.553196,45.52133,45.464905,45.125633,45.41236,45.443237,45.22611,45.608215,45.68711,45.77797,45.668854,45.769073,45.536335,46.0487,45.588074,45.73146,45.895508
61.861897,62.074345,62.196503,62.365173,61.794136,61.91579,62.445385,62.062954,62.236607,62.31607,62.4476,62.24741,61.898773,62.16345,62.12167,62.370884,62.36215,62.226036,62.282143,62.525337,62.5489,62.471687,62.734642,62.23002,62.78297,62.75389,62.26129,62.744446,62.532948,62.670742,62.382782
48.619877,49.119205,49.242012,48.92702,48.919624,48.95729,48.861084,48.642765,49.03453,49.08665,48.760784,48.8108,49.310654,49.307167,48.985146,48.888786,48.787605,49.19764,49.10682,49.019066,49.27513,49.469707,49.05228,49.432365,49.280415,49.269196,49.53044,49.092648,49.52949,49.000736,49.62468
44.71673,44.93665,45.066254,45.067326,44.900085,44.25532,44.41328,44.357086,44.810787,44.685,44.79314,45.010155,44.900265,45.139023,44.85908,44.777958,45.06524,44.739613,44.946304,45.411743,44.956787,44.824055,45.2837,44.841805,45.0116,45.229546,45.33926,44.863716,44.950527,45.25451,45.40673
47.88872,47.793503,47.83999,48.292793,47.66607,47.63578,47.56867,47.90927,48.08824,47.95044,48.242825,48.061375,47.816624,48.207336,47.795578,47.97157,47.908844,48.01733,48.09726,48.20167,48.006462,47.933136,47.928963,47.924896,48.197247,48.494072,48.19269,48.425747,48.341316,48.330566,48.199024
47.790363,47.96883,47.605537,48.07395,48.12596,47.75302,48.002563,47.65599,47.841286,48.655926,48.17496,48.10121,48.25045,48.04709,48.375534,47.82469,47.84697,48.21476,48.23313,48.49482,48.58073,48.32898,48.150204,48.1756,48.259586,48.216866,48.231586,48.444798,48.50323,48.35602,48.633293
59.813828,60.146084,60.349655,60.123432,60.157112,60.48294,60.38668,60.615112,60.345684,60.45372,60.34225,60.305183,60.42347,60.451317,60.741272,60.250233,60.422443,60.147087,60.504135,60.396427,60.282486,60.304108,60.91592,60.531776,60.928448,60.946983,60.16228,60.978806,59.99144,60.88621,60.517582
46.53835,46.93602,47.133812,47.1615,46.483055,46.584297,46.87323,46.705708,46.780685,46.884773,47.02416,47.074867,47.026035,47.271202,46.88017,46.99787,46.923656,46.864944,46.913097,47.18492,46.8371,47.00137,47.198135,46.899147,47.384666,47.56446,47.069485,47.42531,47.043785,47.128452,47.440796
46.697346,46.848637,47.174164,46.899536,46.866737,47.282207,47.240143,47.20662,47.26521,47.11881,47.30268,47.059166,47.153965,47.17298,47.53257,47.085655,47.35797,47.51084,47.377514,47.304848,47.328285,47.451717,47.408096,47.604668,47.807827,47.571503,47.614067,47.370308,47.366535,47.3089,47.754314
31.609798,31.68817,31.538876,31.619328,31.916264,31.618427,31.966822,31.750298,31.789,32.108227,31.700617,31.8875,31.899996,32.35046,31.806097,32.60933,32.09963,32.45587,32.174168,31.850252,32.043167,31.999184,31.711086,32.192093,31.762074,31.97477,32.455624,32.338154,31.960814,31.747154,32.43647
34.894268,35.354095,34.690895,34.674377,34.853943,35.006405,35.076153,35.167057,35.209305,35.097565,34.882862,34.938786,34.809715,35.089607,34.997826,35.481792,35.024456,35.36357,35.198723,35.226738,35.065926,35.17519,34.791252,35.2345,35.246975,35.593094,34.99499,35.5811,35.386,35.056118,35.386086
47.312073,47.41763,47.51194,47.621017,47.44924,47.338383,47.6321,47.428814,47.572205,47.754253,47.65167,47.52919,47.54871,47.818394,47.584568,47.97476,47.94987,47.788345,47.758053,47.72028,47.895874,47.77064,47.856194,47.668663,47.639175,47.671906,47.831184,48.115074,47.848522,47.879356,47.7321
42.13578,42.2174,42.36296,42.11719,42.244713,42.011726,42.22497,42.055256,42.452045,42.35827,42.290714,42.895744,42.292107,42.92052,42.266487,42.534676,42.915096,42.613377,42.39022,42.58976,42.530987,42.46857,43.003258,42.42227,42.742985,42.83288,42.916718,42.49124,42.242638,42.92986,42.732162
51.27111,51.23185,51.345932,51.49234,51.32377,51.755867,51.66478,51.704597,51.561665,51.71968,51.93903,51.54756,51.54417,51.31668,51.873947,51.424187,51.52133,51.598606,51.625633,51.76591,51.858864,51.81107,51.741837,51.690742,51.929756,51.941757,51.512672,52.0454,51.955597,51.996593,51.667564
58.899036,58.841026,59.06391,59.286076,58.698036,59.3783,59.267204,59.395916,59.10987,59.093327,59.24292,59.08904,59.392258,59.30648,59.466873,59.05858,59.02956,59.31502,59.266727,59.143173,59.42077,59.56941,59.462574,59.474815,60.13543,59.563812,59.360577,59.55423,59.60254,59.662262,59.76978
47.43423,47.31155,47.60797,47.47043,47.471504,47.63577,47.83316,47.549458,47.44022,47.726727,48.04,47.748707,47.410553,47.431446,47.671326,47.89868,47.61413,47.600605,47.77123,47.837563,47.645287,47.622166,47.670586,47.582687,47.48149,48.11058,47.603428,48.17561,48.029163,47.762543,47.685997
41.21947,41.400253,40.863358,41.430473,40.94474,40.95306,41.251816,41.396633,41.321346,41.276188,41.651573,41.162796,41.007603,41.121227,41.330967,41.4184,41.219833,41.358795,41.656406,41.67327,41.176304,41.233448,41.439632,41.42691,41.963127,41.808228,41.102722,41.70877,41.589928,41.50757,41.8703
43.2175,43.31681,43.137848,43.237843,43.218307,43.159138,43.324856,43.29615,43.312675,43.502502,43.498295,43.396305,43.24377,43.27538,43.3932,43.281788,43.649055,43.53123,43.538826,43.668106,43.422264,43.52561,43.537735,43.44226,43.556496,43.62197,43.488125,43.71524,43.595142,43.52318,43.56084
38.69321,39.07867,38.603798,38.605064,38.61779,38.685444,38.551956,38.70553,38.824863,38.75912,38.596066,38.53641,38.69531,38.970745,38.74872,38.908005,38.50301,38.85588,38.766006,38.980392,38.910263,39.13969,38.393475,38.771484,38.8851,39.404068,38.737453,39.199287,39.289345,38.962154,39.202343
49.309895,49.14128,49.716064,49.02132,49.96142,49.330162,49.412167,48.89142,49.177708,49.37884,49.33164,49.21671,49.55884,49.284374,49.626328,49.579002,49.60599,49.48423,49.72563,49.654243,49.79955,49.777325,49.633682,49.82631,48.84979,49.276947,50.151596,49.215366,49.839687,49.429985,49.816265
36.26187,36.524014,36.42421,36.610096,36.64682,36.66816,36.9864,36.765396,36.5377,36.83677,36.464317,36.70811,36.856297,36.918762,36.747944,37.270966,37.038452,37.089973,36.755894,36.89925,36.90949,36.71917,36.730476,36.834274,36.843838,36.8646,37.052486,37.255783,36.630993,36.669106,37.036213
43.883255,43.797913,44.166687,44.354534,43.852913,44.18632,43.993084,44.389824,43.98904,43.963787,43.904037,43.929897,44.176792,44.571136,44.069782,43.99807,43.941254,44.420036,44.111546,43.987904,44.287445,44.586063,44.033,44.009895,44.582127,44.566246,44.495193,44.41658,43.988094,44.291805,44.47018
52.194378,52.131107,52.012566,51.906963,52.19689,52.101063,52.35341,52.130978,52.223858,52.25111,52.236282,52.460842,52.021976,52.259132,52.331654,52.62911,52.521145,52.26708,52.36864,52.45542,52.51108,52.369984,52.691536,52.36412,52.434937,52.5711,52.34869,52.588295,52.592804,52.872986,52.46433
46.671555,46.461075,46.65271,46.65787,46.702705,46.630703,46.521767,46.60877,46.718204,46.67458,47.157616,46.66599,46.767418,46.818554,46.711323,46.827705,46.744358,46.651093,46.980835,46.929142,46.67619,46.818394,46.75797,46.972885,46.796898,47.229965,46.95966,46.969933,47.156406,47.01401,47.139652
49.771942,50.03179,49.96414,49.839012,50.10106,49.74529,49.786488,49.725372,49.965725,50.275322,49.833794,50.063103,50.219296,50.307625,50.230198,49.9323,49.90321,50.050312,50.172375,50.052567,50.28855,50.41043,50.21335,50.431107,50.08655,50.202347,50.43148,50.30683,50.31558,50.393555,50.572643
52.544144,52.229286,51.88566,52.36331,52.362244,52.4039,52.3606,52.667263,52.30801,52.70841,52.283653,52.433727,52.426105,52.552357,52.590538,52.33493,52.345253,52.725628,52.576126,52.39225,52.859825,52.995,52.419594,52.514336,52.704304,52.539673,52.548954,52.94008,52.772213,52.962418,52.6429
43.380165,43.926064,43.898994,43.27294,43.53694,43.373714,43.531345,43.38703,43.622623,43.406624,43.38296,43.494865,43.4583,43.689186,43.581738,43.659286,43.93378,43.51606,43.627136,43.873966,43.59058,43.94335,43.997307,43.676567,43.715523,44.07434,43.691235,43.76479,43.64355,43.838432,43.831097
55.89221,55.83472,55.6941,55.89946,56.016182,55.855507,55.729023,55.75406,55.97536,56.10543,56.043724,55.93377,55.953396,55.90936,56.07536,55.834568,55.823097,55.957825,56.141346,56.35565,56.28969,56.022087,56.051582,56.0392,56.166946,56.36154,56.100586,56.198765,56.45921,56.408726,56.282936
38.424896,38.371395,38.6304,38.81114,38.563835,38.588,38.62744,38.606487,38.532772,38.846825,38.588184,38.91389,38.852093,39.142574,38.517887,38.849815,38.72958,39.163006,38.843933,38.675583,38.84039,38.639538,38.835926,38.55523,38.81598,38.784843,39.06998,39.0007,38.54282,38.66681,38.852905
48.887947,48.86101,48.50801,48.938976,48.51307,48.41507,48.53294,48.781235,48.692978,48.876595,48.56098,49.012478,48.473583,48.881382,48.714237,48.492573,48.558636,49.008987,48.86571,48.939377,49.033264,49.056213,48.96029,48.50959,49.189068,49.079582,48.81047,49.10492,48.967022,49.218052,48.965527
44.350925,45.099155,44.5774,44.747055,44.231827,44.33009,44.61633,44.42139,44.48181,44.843296,44.207077,44.8352,44.713608,44.642174,44.76518,44.35002,44.531185,44.79032,44.42643,45.0114,44.950912,45.024868,44.79167,44.512344,45.05997,44.8778,44.61998,45.148586,45.02229,44.824463,44.941944
49.083817,49.03327,49.231575,48.769882,49.709503,49.074173,49.463875,48.732327,49.31259,49.739906,49.737682,49.67194,49.318348,49.148567,49.5384,49.18988,49.812515,49.411846,49.652954,49.66068,49.741154,49.747547,50.09488,50.00737,49.329758,49.418938,50.053314,49.167397,49.751972,49.77323,49.818367
52.00367,51.628773,52.520287,51.84693,52.069435,52.072277,51.847153,51.791683,51.802074,51.80771,52.212948,52.26881,52.31359,52.23579,52.01495,51.970013,51.929707,52.01854,52.31864,51.953,51.831535,52.10712,52.364067,52.291985,51.92673,52.31466,52.5156,51.978474,52.201088,52.08729,52.375065
48.87781,49.554363,49.234207,49.601017,48.809677,49.16082,49.338245,49.547432,49.510685,49.3839,49.226017,49.337986,49.396805,49.57509,49.89206,49.641884,49.517056,49.45756,49.38178,49.809494,49.542038,49.33703,49.5191,49.508537,50.159718,49.94294,49.363808,50.316677,49.625793,49.851025,49.974262
49.32453,49.64502,49.739807,50.069923,49.41915,49.815495,49.653942,50.08186,50.33645,50.0425,50.194298,49.910557,49.751106,49.943115,50.45846,49.903004,49.943897,50.114765,50.04873,50.130283,50.296787,49.81336,50.201283,50.116463,50.514526,50.23456,49.96497,50.61596,50.05552,50.50978,50.068455
51.913254,51.502693,51.52767,52.003124,51.67215,51.778572,51.55641,52.017704,51.711723,51.63155,51.94132,51.834747,51.90808,51.990856,51.812317,51.84097,51.843132,51.799404,52.14365,51.90944,51.629818,51.614788,51.93251,51.965485,52.310677,52.156464,52.046604,52.09796,52.162205,52.229546,52.313583
43.19971,43.3741,43.266533,42.857788,43.48835,43.26525,43.3617,43.11858,43.2286,43.535694,43.123215,43.39767,43.433857,43.561367,43.495773,43.431576,43.551785,43.550343,43.51877,43.424587,43.59274,43.745834,43.6653,43.54728,43.378273,43.504692,43.591537,43.52355,43.472748,43.627865,43.701138
55.14457,55.090412,55.174088,55.15822,55.57158,55.354992,55.443825,55.25774,55.62137,55.593925,55.564777,55.288784,55.48652,55.37803,55.719704,55.7387,55.813145,55.657467,55.74735,55.65236,56.003593,55.652325,55.86964,55.998253,55.592823,55.368843,55.88412,55.644516,55.817635,55.91304,55.718384
51.224052,51.62442,51.729927,51.664337,51.64605,51.61814,51.481552,51.443546,51.788654,52.012726,51.81008,51.52956,51.903515,51.854507,51.980713,51.481438,51.664516,51.722454,51.89025,51.894863,51.99942,51.85319,51.966156,51.92463,51.935997,51.95099,51.847855,52.07025,51.957157,52.017826,52.009483
48.119465,48.066128,47.945824,48.256668,48.012054,47.92287,48.41664,48.33714,47.84789,48.17829,48.514133,48.16077,48.31146,48.218525,48.488125,48.775135,48.43227,47.9958,48.55546,48.465313,47.87786,48.14087,48.334507,48.574463,48.464584,48.62114,48.225525,48.995167,48.552555,48.460247,48.97342
57.95694,58.0304,58.26323,58.121704,58.197884,58.70907,58.289062,58.685955,58.31543,58.150654,58.21693,57.695633,58.438114,58.27573,58.54854,58.04144,58.151382,58.29677,58.41508,58.28793,58.4618,58.797638,58.34294,58.57753,58.900467,58.84754,58.34176,58.5589,58.308437,58.5864,58.60629
61.2227,61.084187,61.21952,61.374622,61.35032,61.70184,61.24729,61.57252,61.669727,61.332985,61.541756,61.221592,61.72829,61.34579,61.36354,61.399616,61.56725,61.45371,61.552128,61.474148,61.679195,61.5276,61.64585,61.919533,61.7945,61.534714,61.677418,61.617878,61.89672,61.833435,61.40648
51.99901,51.9861,52.367172,52.115417,51.724136,52.10746,51.72158,52.00198,52.16912,51.5508,52.04532,51.752613,51.961445,52.083534,52.3491,51.865494,52.134422,52.165173,52.14176,52.497616,52.282207,52.270493,52.200756,51.892647,52.592228,52.568604,52.20434,52.107315,52.488148,52.437386,52.435177
47.19717,47.160854,47.405167,47.075623,47.642487,47.76748,47.18907,47.356308,47.48362,47.496456,47.054916,47.429054,47.76222,47.39304,47.101578,47.12064,47.298256,47.795578,47.512108,47.156197,47.629337,47.59331,47.374428,47.839302,47.179775,47.18267,48.024876,47.246513,47.659603,47.19497,47.208652
44.824806,44.65765,44.76278,44.78541,44.97683,45.06098,45.02688,45.005886,44.835735,44.806454,44.965908,44.80316,45.00808,44.855293,44.855827,45.203285,44.903843,45.13866,45.027393,45.145008,45.123165,45.166172,44.81422,45.12918,44.99612,45.29734,45.236977,45.124424,45.17496,44.95471,45.200226
43.9301,44.26913,43.961815,44.027946,43.805717,44.129013,43.8895,44.29722,44.410557,44.162666,44.108246,43.94814,44.0958,44.48557,44.220642,44.133488,44.358356,44.261147,44.23161,44.149406,44.22982,44.479935,44.216217,44.339577,44.664383,44.600853,44.191513,44.645573,44.520058,44.650345,44.443962
45.012188,45.24863,44.8742,45.055153,45.06727,44.902462,45.209137,44.837067,44.98888,45.30569,45.347294,45.259476,45.267155,44.784733,45.441246,45.13013,45.093174,45.215294,45.341362,45.741924,45.342346,45.236206,45.314045,45.460014,45.430424,45.374504,45.26265,45.403084,45.786274,45.26371,45.781937
48.23507,47.992264,47.93708,48.048992,48.338173,48.58674,48.35365,48.530407,48.45099,48.610363,48.567547,48.374153,48.2901,48.217793,48.3121,48.215343,48.34592,48.64254,48.60066,48.236546,48.588352,48.608437,48.47374,48.661636,48.54323,48.47773,48.51361,48.58265,48.6732,48.616802,48.307976
42.921673,42.71599,42.999634,42.9568,42.880104,43.295216,43.323334,43.469337,42.978767,43.264774,43.232845,42.96295,43.17709,43.55705,43.228676,43.495213,43.006493,43.62436,43.546623,42.76609,43.074,43.50084,42.99819,43.434242,43.45779,43.516296,43.399475,43.724453,43.158123,43.063923,43.676052
48.440723,48.396313,47.89457,48.03729,48.459785,48.356773,47.943462,48.08625,48.784256,48.828693,48.61324,48.20107,48.41973,48.60631,48.77906,48.132282,48.220932,48.806606,48.75634,48.599293,49.15315,49.033623,48.38685,48.805,48.793144,48.63472,48.651817,48.49494,49.348278,49.09441,49.01556
56.731606,56.32967,56.80964,56.957523,56.83921,57.252007,57.057907,57.159256,56.91716,56.929165,57.207584,56.897747,57.14033,56.939163,56.983467,56.956642,57.15641,57.06656,57.126938,56.859074,57.140724,57.17696,57.193058,57.374023,57.33039,57.08577,57.423603,57.201847,57.390568,57.30721,57.142326
44.144764,44.537487,44.457924,44.291447,44.50554,44.425983,44.428185,44.38479,44.654167,44.797935,44.557583,44.37649,44.639854,44.491695,45.12649,44.389347,44.55275,44.7297,44.74948,44.65081,45.00365,45.054924,44.804455,45.081635,44.759533,44.52204,44.842136,44.83112,44.933746,44.90034,45.045353
41.476685,41.743866,41.96395,41.544727,41.33175,41.53303,41.677624,41.514004,41.44745,41.62562,41.26751,41.992477,41.725506,42.245087,41.5433,41.7904,41.707653,42.031834,41.74112,41.5952,41.58308,41.83607,41.93134,41.516228,41.98384,42.070297,41.954834,41.992546,41.62847,41.670673,42.071312
49.044064,49.410084,49.3909,49.506123,49.312637,49.255238,49.41075,49.31131,49.44424,49.597095,49.49964,49.653515,49.731205,49.72735,49.879642,49.53662,49.628426,49.427673,49.475998,49.901978,49.75154,49.549225,49.953743,49.63713,50.007996,49.93564,49.64208,49.955997,49.522728,50.078056,50.03602
46.815414,46.961704,46.6379,46.82818,46.62947,46.847496,46.556908,46.883377,46.780304,46.722607,46.86032,46.747334,47.12202,46.90013,46.902348,46.74341,46.670177,46.57065,46.77744,46.942825,46.878845,47.050514,46.99518,46.87478,47.137497,47.123795,46.5147,47.182426,47.22577,47.40187,47.001137
44.657665,44.832794,44.985733,44.692787,44.591743,44.75412,44.97773,44.947456,45.27159,44.74641,45.227146,45.155014,44.617477,45.24591,44.937836,45.41666,45.48834,44.966644,45.008755,45.03262,45.003223,45.197426,45.480934,45.31803,45.438385,45.623016,45.277767,45.336678,45.203846,45.6481,45.303604
44.36678,44.134212,44.058586,43.879173,44.213234,44.397102,44.307755,44.401295,44.19995,44.518238,44.184696,44.659073,44.166855,44.469597,44.175858,44.188835,44.423397,44.665874,44.34301,44.224678,44.44453,44.7203,44.369583,44.2153,44.322876,44.634552,44.45785,44.659817,44.4484,44.57825,44.21442
50.59638,50.48964,50.543365,50.333282,50.758286,50.985424,50.91447,50.696342,50.771492,50.980896,51.031376,50.962925,50.667442,50.69048,51.248142,50.674545,50.73929,50.875713,50.905544,51.036167,51.21126,51.131348,51.088726,50.975586,51.21919,51.35267,50.94114,51.007416,51.291508,51.448483,51.269463
49.39281,49.10246,49.33686,49.141766,49.269714,49.410877,49.3969,49.365093,49.391323,49.207024,49.7781,49.403477,49.336273,49.37748,49.33982,49.4295,49.57525,49.443504,49.761547,49.420406,49.248928,49.610367,49.717323,49.89666,49.845898,49.810608,49.791466,49.378254,49.911415,49.66728,49.97414
49.776115,49.458862,49.951736,49.346645,49.67724,49.61411,49.821224,49.53385,49.846355,49.400852,50.02409,49.86476,49.243305,49.7231,49.591225,50.086563,50.2472,49.819206,49.96028,49.891613,49.877926,50.0415,50.29667,49.89663,49.840954,50.18766,50.15782,49.67818,50.125626,50.222332,49.90375
42.145653,42.46546,42.25071,42.185474,42.326996,42.489998,42.635532,42.413193,42.32851,42.664192,42.571514,42.617764,42.642715,42.444347,42.07504,42.531475,42.46627,42.43147,42.494434,42.409004,42.213215,42.592384,42.513912,42.863457,42.56755,42.86139,42.579277,42.829617,42.760307,42.364323,42.643456
44.58031,45.08787,44.842087,44.581367,44.674698,45.045956,45.098656,44.933147,45.09374,45.24169,45.077507,45.140053,45.083965,44.89339,45.438065,44.94692,45.008137,45.190582,45.13243,45.12248,45.13515,45.271385,45.21321,45.54574,45.468315,45.315277,45.116413,45.470177,45.53797,45.226295,45.528385
50.934284,50.513668,50.8518,50.423443,51.07892,50.98166,51.030273,50.76923,50.68218,50.90373,50.795498,50.94967,50.898983,50.88997,51.096535,50.878063,51.150654,51.32826,51.259987,50.989807,51.17073,51.34018,51.170048,51.231956,51.04395,50.983307,51.556633,50.8043,51.205738,51.02029,51.416798
39.778008,40.158165,39.7334,39.55006,40.005463,39.81741,39.95537,39.74459,39.789032,39.790936,39.808083,39.57072,39.858086,39.7684,39.914257,40.300835,39.933964,39.761658,40.048138,40.241028,39.900635,39.991123,39.893345,40.051086,39.88203,40.30246,39.77583,40.14427,40.277,40.015118,40.315144
47.686672,47.48622,47.73011,47.77387,47.579903,47.49342,47.693996,47.70258,47.645954,47.798775,47.94476,47.95114,47.654606,47.9639,47.849327,47.964725,47.826263,47.96575,48.05583,47.894295,47.803993,47.82242,47.99779,47.809204,47.92159,48.094933,48.00617,48.192684,47.869656,48.01171,48.115654
53.51562,53.48911,53.8228,54.100845,53.7444,53.622738,53.652218,53.747627,53.990818,53.972366,54.14216,53.955933,53.80427,53.99278,54.116062,53.832195,54.025314,53.845383,54.01562,54.103893,54.2422,53.896717,54.326927,54.02173,54.178806,54.10582,54.231564,54.24348,54.092823,54.536083,54.110077
38.913486,39.315918,38.89324,39.349792,39.354156,38.78046,39.334953,38.83067,39.12831,39.43168,39.40184,39.511387,39.562256,39.321007,39.56708,39.737392,39.72157,39.109856,39.378357,39.91216,39.556503,39.001747,39.959827,39.54396,39.60147,39.296112,39.45761,39.57888,39.53192,39.87182,39.94503
52.32804,52.43249,52.55864,52.411148,52.7742,52.777084,52.328136,52.762173,52.755703,52.7296,52.360645,52.24846,52.68642,52.950462,52.61176,52.532627,52.690365,52.647163,52.76819,52.445847,52.762547,52.92526,52.497345,52.9255,52.59522,52.945763,53.017952,52.987392,52.783115,52.9333,52.73889
61.402203,60.979435,61.030724,61.003025,61.73497,61.735336,61.598534,61.57543,61.28459,61.40108,61.279194,61.166695,61.73468,61.137897,61.412174,61.51738,61.346214,61.538467,61.724045,61.19938,61.760574,61.87634,61.701042,62.195282,61.588436,61.19713,61.82353,61.315697,61.776524,61.656094,61.662025
51.019268,51.233162,51.4329,51.120815,51.49993,51.41552,51.38316,51.231426,51.432346,51.607986,51.250603,51.207027,51.612015,51.669235,51.480156,51.57631,51.371002,51.729458,51.612267,51.50727,51.746147,51.733265,51.440414,51.727943,51.45023,51.726578,51.80531,51.71166,51.450893,51.407127,51.747326
42.090046,42.52541,42.14051,42.330826,42.061882,42.270473,42.426468,42.519028,42.23634,42.28532,41.932827,42.417873,42.657,42.65767,42.48791,42.589523,42.511982,42.414562,42.099308,42.45936,42.57193,42.853348,42.489193,42.55745,42.82785,42.663116,42.49345,42.929844,42.502266,42.80869,42.787716
60.120758,60.448135,60.66825,60.640484,60.530037,60.811302,60.949093,60.716675,60.695137,60.90041,60.703297,60.60492,60.906178,60.751083,61.292492,60.98507,61.0945,60.81099,60.928497,61.0872,61.06839,60.55762,61.283466,60.883675,61.27431,60.947037,60.757896,61.386524,60.793,61.158497,61.029537
45.663467,45.28862,45.74318,45.59492,45.251724,45.46418,45.553043,45.5599,45.46539,45.13887,45.94314,45.76463,45.281326,45.383926,45.29677,45.863445,45.438427,45.579876,45.630177,45.74535,45.45408,45.629692,45.603367,45.477753,45.509537,46.092583,45.653767,45.7845,45.922073,45.64794,45.586483
53.081383,53.358315,53.495712,53.503334,53.412155,53.601757,53.002304,53.43624,53.66693,53.35929,53.237392,53.307365,53.958103,53.750603,53.646885,53.090004,53.58388,53.475693,53.491863,53.63524,53.64704,53.53056,53.68511,53.851685,54.003628,53.70456,53.938725,53.550304,53.70669,53.879684,53.86054
46.177784,46.462852,46.244675,46.654816,45.770966,46.267452,46.16488,46.576828,46.614643,46.067867,46.4008,46.384827,46.352028,46.515472,46.3832,46.385307,46.73409,46.543015,46.38377,46.800617,46.38814,46.281754,46.68946,46.321526,47.31914,46.87819,46.372856,46.794407,46.595036,46.80784,46.645466
35.16885,35.291035,35.65687,35.012928,35.25199,35.397095,35.595474,35.28909,35.26255,35.268475,35.4703,35.5713,35.349907,35.671997,35.30115,35.864788,35.605595,35.496086,35.415024,35.3148,35.277363,35.76947,35.45658,35.640015,35.262234,35.912758,35.7872,35.742214,35.674263,35.449677,35.762676
63.891647,63.96503,64.07467,64.21791,64.43008,64.249725,64.598274,64.35636,64.397194,64.51118,64.463776,64.399826,64.2902,64.12696,64.73865,64.636185,64.704094,64.28441,64.57046,64.76601,64.79577,64.2738,65.08734,64.75134,64.80386,64.61477,64.575615,64.78972,64.34275,65.01911,64.602936
47.550735,48.013126,47.75477,48.190697,47.508797,47.86397,48.072018,48.28455,48.024902,48.02668,48.092125,48.18345,47.94819,48.13898,48.03057,48.004013,48.250717,47.786755,47.803608,48.27736,47.960262,48.05038,48.416378,47.959724,48.77851,48.746643,47.82266,48.761856,47.905514,48.655663,48.165108
50.295135,50.187214,50.05893,50.408134,50.42914,50.4467,50.781258,50.418343,50.19401,50.66239,50.781998,50.286407,50.557735,50.486244,50.38952,50.97095,50.387848,50.337753,50.45165,50.702023,50.700645,50.910294,50.164967,50.699722,50.469986,51.102997,50.594604,51.142185,51.153603,50.753166,50.950638
56.187828,55.915215,55.970894,56.704197,56.061012,56.14784,56.123432,56.24164,55.88675,56.20322,56.224564,56.334305,56.40053,56.216534,56.086723,55.930187,55.88926,56.092903,56.074913,56.492035,56.517715,56.40741,56.31042,55.97287,56.626564,56.575356,56.333714,56.504227,56.546223,56.693394,56.419415
48.213627,48.34162,48.19609,48.303978,48.330894,48.607,48.299927,48.620205,48.193466,48.269867,48.140457,47.91757,48.645157,48.372242,48.67218,48.449917,48.273983,48.29613,48.421265,48.5077,48.501537,48.564686,48.249847,48.381912,48.542233,48.60235,48.180313,48.86078,48.58842,48.642784,48.59605
55.36116,55.407536,55.23774,55.314445,55.477547,55.189186,55.53084,55.155308,55.09707,55.65446,55.760464,55.457687,55.506577,54.898804,55.369137,55.356365,55.304398,55.030697,55.62566,55.627735,55.338932,55.565655,55.61659,55.83542,55.196705,55.4964,55.380383,55.78485,56.142677,55.540295,55.600273
55.992176,55.82118,55.434746,56.272163,56.052315,55.78967,55.87907,55.949425,55.752693,55.963367,56.07943,55.52157,56.13947,55.731762,56.11263,56.165184,55.756138,55.831245,56.32339,56.376427,56.242073,55.869667,56.064377,56.10756,56.323025,55.99492,55.861446,56.251312,56.475075,56.33781,56.477226
41.23385,40.900383,41.32177,41.266605,41.47133,41.468838,41.121803,41.25143,41.270504,41.199627,41.559788,41.102005,41.32021,41.2324,41.059444,41.289143,41.063725,41.431526,41.524784,41.30113,41.336594,41.476414,40.929306,41.59867,41.032078,41.599205,41.887478,41.278,41.860504,41.152485,41.550663
38.139496,38.798874,38.804512,38.121128,38.144974,38.24053,38.266113,38.173862,38.74909,38.44735,38.65376,38.443104,38.148,38.41933,38.63373,38.254265,38.41601,38.45606,38.47622,38.56713,38.625824,39.080997,38.75417,38.721794,38.601444,38.95642,38.50042,38.661854,38.91015,38.788116,38.6978
48.462765,48.561405,49.10074,48.319286,48.906624,48.801617,48.740948,48.6191,49.077995,48.66081,48.70633,48.751,48.748917,48.986546,48.89916,49.076702,49.012203,49.09307,49.095737,48.604546,49.094738,49.223587,49.217575,49.566788,48.841682,48.89492,49.61342,48.71559,49.03642,49.020164,49.194756
51.681446,51.86938,51.91826,51.668804,51.897964,51.97612,52.171116,51.93402,51.90519,51.986343,52.133774,52.059223,52.14277,51.91751,52.24294,52.148884,52.398525,51.7052,51.98132,52.094036,52.09881,52.336258,52.558662,52.473495,52.24743,52.22618,52.120495,52.36584,52.36728,52.625465,52.294884
47.82308,47.523438,47.62922,47.274914,47.712914,47.701355,47.51068,47.60991,47.586994,47.587284,47.4668,47.80959,47.66547,47.732162,47.51349,47.662292,47.61453,48.023235,47.864777,47.640892,47.805954,47.95283,47.784138,47.714836,47.581505,47.786156,47.891396,47.680073,47.791786,47.738564,47.67076
57.190075,57.12669,56.87851,57.053078,57.211365,57.041782,57.01288,57.050426,57.458206,57.323326,57.134464,57.273746,57.307896,57.352333,57.43414,57.210545,57.455006,57.615044,57.518806,57.555428,57.799355,57.517864,57.703686,57.62873,57.84739,57.325905,57.65231,57.28752,57.619534,57.818363,57.71567
46.61844,46.23072,46.510162,46.641018,46.438095,46.407375,46.36047,46.29006,46.210945,46.349873,46.605267,46.472576,46.564606,46.522892,46.590607,46.42175,46.259132,46.627373,46.706802,46.653328,46.732094,46.780533,46.549366,46.489777,46.653896,46.622513,46.845863,46.49309,47.11658,46.724693,47.043606
55.648815,55.707256,55.70787,56.03807,55.615532,55.67411,55.79708,56.05419,55.835163,55.92928,55.921665,55.80894,55.8632,56.038795,56.194813,56.080746,56.090767,55.756474,56.10628,55.919857,55.94183,55.88432,56.249027,56.0654,56.25791,56.051804,55.89887,56.6088,56.102196,56.507706,56.17666
48.548187,48.64868,48.585724,48.845726,49.014862,48.887486,48.88849,48.96503,48.93732,49.0492,48.779003,48.975307,48.98774,49.110947,49.31642,49.31718,49.0983,48.908978,49.04093,49.102016,49.319656,48.72156,49.32446,49.048462,49.149235,49.057518,49.067093,49.42021,48.938984,49.644596,49.184303
40.226906,40.15054,39.796417,40.18002,39.826607,39.79982,39.959816,40.13504,39.888477,39.84327,39.937717,40.87945,40.09157,40.197144,39.920757,40.14298,40.251198,40.01592,39.92902,40.433453,39.98018,39.832283,40.680454,39.801384,40.57341,40.459114,40.031246,40.311428,40.01384,40.736553,40.212105
54.812454,54.894524,54.981865,54.845028,55.07142,54.8632,54.911766,54.952972,54.77888,54.9555,54.195076,54.836796,55.20196,55.362946,55.273613,55.280632,55.193977,55.26182,54.982006,55.060368,55.547657,55.372215,55.22416,54.918243,54.963417,54.856674,55.275555,55.40621,54.828644,55.376877,55.124714
44.803085,45.134415,44.704987,44.95647,44.965797,44.73172,44.818565,44.893833,45.18763,44.978783,44.983566,44.956936,45.166992,45.020966,45.291927,45.301754,45.28486,45.063446,45.24083,45.396194,45.26297,44.94213,45.45364,45.434044,45.424522,45.038506,45.142082,45.281055,45.306065,45.50445,45.485195
47.251995,47.585285,47.52841,47.4175,47.443855,47.322765,47.485916,47.2718,47.506622,47.585407,47.46616,47.337517,47.42147,47.4919,47.386326,47.55352,47.62945,47.615818,47.58263,47.827244,47.738667,47.785854,47.611023,47.546257,47.56399,47.85279,47.664314,47.79309,47.785908,47.578514,47.653595
40.034214,40.199287,40.10466,40.00575,40.091682,39.841393,39.717907,39.726196,40.251686,40.17076,39.964596,40.18576,40.092525,40.232254,40.264248,39.788338,40.003227,40.47337,40.211334,40.312565,40.609543,40.65588,40.189472,40.386078,40.272167,40.18953,40.726513,40.00713,40.705723,40.39095,40.639175
41.740417,42.0986,41.959442,42.053905,41.566597,41.727047,41.76485,41.993793,41.96489,41.74341,41.46485,42.314854,42.115017,42.56643,42.00321,42.077713,42.177086,42.194973,41.847458,42.11723,42.014782,42.060722,42.294556,41.976906,42.685406,42.41916,42.351234,42.320297,41.928482,42.42384,42.541737
49.99872,49.556194,49.589035,49.70081,50.21662,49.90362,49.800526,49.759293,49.71391,50.24794,49.739155,50.08325,50.207672,50.019997,50.41672,49.751614,49.96296,50.478622,50.27638,50.180435,50.539013,50.272583,50.092083,50.137802,50.020996,49.744576,50.517185,50.01039,50.21756,50.227104,50.44805
51.51174,51.872597,51.562492,51.81657,51.516533,51.54297,51.913635,51.565548,51.5348,52.03637,51.9213,51.71182,51.917126,51.65511,52.108646,51.505054,51.69805,51.753418,51.830254,52.248737,52.08526,52.279716,52.08053,51.903152,52.423634,52.209908,51.72484,52.19086,52.21197,52.140747,52.441803
45.17567,45.996967,45.47999,45.752655,45.672066,45.49091,45.56924,45.421707,45.60918,46.07981,45.368786,45.47173,46.064632,45.867443,46.088123,45.736965,45.714947,45.694717,45.685337,46.247005,46.00916,45.724987,45.543167,45.819695,45.8616,46.01116,45.802975,46.41271,46.115837,45.86336,46.280262
59.132996,58.93721,58.848816,59.089684,59.19081,59.30781,59.49535,59.52844,59.10507,59.269947,59.268604,59.33515,59.150864,59.23207,59.252613,59.629852,59.453342,59.128094,59.35374,59.39488,59.36111,59.224167,59.676197,59.26316,59.618942,59.72014,59.09697,59.828064,59.20938,59.884335,59.277172
53.680187,53.222195,53.36621,53.70006,53.748825,53.690228,53.73548,53.488785,53.571323,53.989574,54.077946,53.79684,53.98669,53.67146,53.97593,53.745335,53.777733,54.002388,54.067436,53.9424,54.15255,53.954136,53.868023,54.151497,53.938877,53.674835,54.244675,53.924232,54.514336,54.030922,54.293697
45.47337,45.33436,45.537636,45.51088,45.61741,45.839405,45.935818,45.667217,45.602253,45.989468,46.027,45.84371,45.571465,45.598328,45.738148,45.804344,45.639973,45.905796,45.78715,45.775146,46.029182,46.010853,45.749443,45.75569,45.683235,46.053146,45.853897,46.136234,46.124283,45.919178,45.747475
39.94857,40.432194,40.167313,40.014168,40.063736,40.09984,40.23685,40.287804,40.265038,40.445263,40.388844,40.202496,40.18831,40.461136,40.5856,40.272846,40.316036,40.141117,40.25622,40.45554,40.315582,40.79198,40.32853,40.449562,40.528725,41.006363,40.208397,40.92465,40.45994,40.753635,40.76342
38.75898,39.170803,39.038765,38.902657,38.919846,38.63663,38.787636,38.58949,39.004906,38.869915,38.893044,38.727646,39.118732,39.115387,38.941284,39.366062,39.157658,39.158577,39.18993,39.33757,39.06327,39.037865,38.96359,39.243095,38.93612,39.1121,39.282707,39.189636,39.390347,38.859047,39.476498
53.59172,53.443317,53.141464,53.285484,53.6159,53.7031,53.58412,53.58595,53.639683,53.87757,53.502472,53.520737,53.500984,53.532257,53.72968,53.534264,53.47351,54.07352,53.992573,53.71769,53.99334,53.822548,53.599785,53.856583,53.972893,53.773575,53.853325,53.80048,54.160385,53.79243,53.99569
43.92776,43.716064,43.58001,43.72025,44.176292,43.793423,43.942917,43.792355,43.548313,43.96693,43.537487,43.77057,44.177418,44.09085,43.717754,44.270596,43.998978,44.170265,43.884167,44.114914,44.242043,44.373993,43.584938,43.968933,43.55233,44.018898,44.341812,44.197803,44.068893,43.87616,44.162285
44.44796,44.27949,44.171005,44.295883,44.08255,44.270668,43.83122,44.314896,44.84812,44.127052,44.65524,44.71788,43.966812,44.34611,44.044376,44.26378,44.373734,44.36231,44.380653,44.40505,44.506664,44.27932,44.66823,44.40811,44.60308,44.70169,44.456413,44.36587,44.96809,45.106926,44.138763
38.79647,39.29632,38.714813,39.21943,38.74376,38.787815,38.89738,39.072777,39.054775,39.250587,38.929073,39.025642,39.118866,39.348602,39.178658,39.18236,39.24309,39.10457,39.078445,39.29265,39.173077,39.091103,39.170265,38.984398,39.458977,39.304688,38.9312,39.760677,39.33471,39.50026,39.369865
52.288948,52.793736,53.2341,52.566467,52.374847,52.96523,52.78962,52.925842,53.319824,52.65917,53.046097,52.762287,52.609745,53.07405,53.01964,52.97955,53.32587,52.850018,52.969193,52.867687,52.82458,52.970715,53.3826,53.19896,53.44167,53.540123,53.0172,53.305832,53.067574,53.35966,52.99789
41.669376,41.720024,41.781456,41.948235,41.563934,41.719376,41.960236,41.8972,41.947124,41.888912,42.270786,42.113125,41.85205,42.048515,42.21369,42.09035,42.11725,42.115158,42.09528,42.261715,42.045734,42.053547,42.263393,42.137863,42.5767,42.44863,42.19388,42.304554,42.185917,42.34967,42.6005
49.06608,48.836666,49.355286,49.37494,48.90014,49.18011,49.23733,49.28755,48.941772,48.917007,49.430023,49.18611,49.165012,49.221035,49.025326,49.273754,49.211914,49.12686,49.310665,49.243393,48.96657,49.24604,49.299446,49.19625,49.41588,49.652275,49.410305,49.50667,49.41858,49.2674,49.446598
50.87202,50.413303,50.435562,50.92002,51.03801,50.727688,50.796394,50.63689,50.382557,50.847786,50.963238,50.387436,51.155113,50.792076,50.698944,51.213882,50.683258,50.829826,51.222485,51.002823,50.85604,50.76705,50.49616,51.0523,50.61479,50.802032,51.10087,51.068573,51.438263,50.691326,51.373917
40.9228,40.65876,40.96199,40.74563,41.09487,40.978516,40.822678,40.77918,40.693,40.671196,40.77667,40.96623,41.15121,40.98161,40.69531,41.0001,40.886673,40.95413,40.884014,40.849174,41.042313,41.296345,40.91399,41.181725,40.677097,40.96015,41.48697,40.782818,41.28925,41.024555,41.151215
54.966736,54.590714,54.704674,55.114273,54.69229,54.96852,54.839813,55.238007,55.170174,54.63841,55.004166,55.020138,54.8164,54.94563,54.580154,55.15785,55.12089,55.134644,55.024036,54.892666,55.17116,55.078167,55.247803,55.189392,55.39341,55.08766,55.28716,55.111744,55.261726,55.427887,54.841904
58.553265,58.449947,58.398308,58.727036,58.95658,58.481388,58.545143,58.476368,58.75393,58.739628,58.748188,58.48422,58.81123,58.404606,59.034454,58.720093,58.874065,58.65433,58.950138,59.096664,59.346043,58.874363,59.21574,59.144783,58.880085,58.462585,59.058613,58.718616,59.14657,59.33089,59.00165
46.26979,46.48136,46.30967,46.531185,46.021347,46.301186,46.522038,46.841164,46.28468,46.377663,46.12625,46.47046,46.410397,46.519566,46.608643,46.711575,46.439407,46.60854,46.42681,46.40927,46.49348,46.722153,46.51952,46.44615,46.69377,46.617516,46.329517,47.263546,46.362038,46.661694,46.513905
40.160164,39.766487,39.791847,39.796074,40.014122,40.166405,39.7738,40.13807,40.27741,39.802917,40.544197,39.73301,39.727314,39.809578,39.651546,40.187576,40.111416,40.171066,40.415768,40.109028,39.811775,40.02639,39.635708,40.375633,39.91076,40.47162,40.31354,40.09241,40.774887,39.959106,40.137875
40.863117,40.65057,40.260185,40.855015,40.845497,40.489944,40.381107,40.728657,40.745243,40.804688,40.737507,40.652405,40.962048,41.04814,40.725666,41.08004,40.75264,41.07789,41.063942,41.126053,40.907425,40.680656,40.48774,40.85356,40.81693,40.982056,41.021206,41.120007,40.988804,40.892933,41.236908
40.31998,40.495705,40.36052,40.652103,40.788864,40.233063,40.216602,40.264038,40.120598,40.678978,39.998753,40.855957,41.07373,40.897137,40.68499,40.342422,40.499058,40.487827,40.323772,40.919216,40.781715,40.57831,40.62128,40.406845,40.434784,40.649147,40.959675,40.783638,40.35287,40.858757,40.936863
52.91058,52.76219,53.188774,52.66702,52.991013,52.983078,52.559494,52.629078,53.075405,52.5811,52.82655,52.861046,52.984253,52.972206,52.78817,52.863117,52.852047,52.884407,53.008373,52.791805,53.136173,53.297157,53.039856,53.431244,52.82233,53.011307,53.586475,52.670593,53.741173,53.26037,53.188393
42.674255,42.946815,42.80693,43.237198,42.6363,42.677,42.857292,42.83661,43.015102,43.219894,43.24045,43.257282,43.007053,42.988358,43.295715,42.74558,43.00938,43.18179,43.015625,43.48431,43.3301,43.129204,43.28812,42.986397,43.52364,43.330635,43.129486,43.44391,43.26394,43.39328,43.382957
32.781757,32.996586,32.437363,32.824993,32.722862,32.455276,32.67337,32.558445,32.643223,33.216343,32.828384,33.08624,32.943176,32.946217,33.002075,32.86215,32.809418,33.15816,33.032146,33.190014,32.986443,32.85192,32.791794,32.799023,32.867985,32.884445,32.90633,33.312645,33.243988,32.90739,33.2894
60.591797,60.279446,60.027565,60.721405,60.472794,60.405926,60.58072,60.770565,60.43703,60.534416,60.652443,60.425316,60.41851,60.27785,60.736065,60.66944,60.62249,60.529305,60.810688,60.928555,60.849213,60.558235,60.88141,60.59523,61.054657,60.74182,60.472126,60.981537,60.80086,61.14847,60.775017
48.763523,49.299984,49.08042,48.919884,49.199852,49.082222,48.89972,49.02269,49.562347,49.089783,48.977226,48.952198,49.451,49.256042,49.13231,49.355576,49.40538,49.166363,49.221905,49.236996,49.40808,49.429123,49.36344,50.028305,49.352745,49.250427,49.69096,49.301716,49.64547,49.476116,49.503853
40.402405,40.83224,40.81276,40.83343,40.374725,40.474224,40.51022,40.681843,40.96832,40.55557,41.100117,40.794937,40.48502,40.662113,40.453545,40.577564,40.99397,40.440453,40.659935,40.93882,40.563564,40.79766,41.14531,40.84349,41.063213,41.272614,40.734394,40.97741,40.94403,41.154,40.703598
46.688507,47.012253,47.186806,46.91901,47.21869,46.858665,47.05348,46.722935,46.814,47.007473,46.94607,47.098526,47.294544,47.062458,47.10586,47.131126,47.186554,46.87421,47.182526,47.391487,47.012157,46.93296,47.496853,47.279922,47.119896,47.31302,47.35095,47.131283,47.01861,47.156776,47.496387
50.30485,50.756027,50.843826,50.965103,50.937363,50.650204,50.82698,50.486282,50.963116,51.115723,51.17882,50.82144,51.17868,50.71858,51.673267,50.927063,51.03256,50.8586,51.139225,51.610073,51.40974,50.790363,51.40194,51.355125,51.289177,51.039635,51.22041,51.212814,51.281185,51.351074,51.634243
47.921642,47.61657,48.177956,48.11553,48.09687,48.107365,48.089527,48.18393,47.83239,47.63876,48.109867,47.859295,48.2046,47.802723,47.94568,48.387234,48.307686,48.053608,48.285404,48.154278,47.89124,47.882122,48.183628,48.3189,47.874645,47.968803,48.429676,48.18459,48.12989,47.888256,48.085655
48.55321,48.68363,48.3993,48.905415,48.65571,48.819515,48.30085,48.85848,48.626072,48.82643,48.377434,48.76256,49.13234,49.07899,48.694736,48.337883,48.55876,48.64453,48.507545,48.91802,48.887783,48.761036,48.635567,48.47352,49.04564,49.14261,48.706276,49.164227,48.762123,49.22892,48.78363
52.64512,52.560898,52.417328,52.457325,53.02047,52.445568,52.6465,52.548683,52.439377,52.68835,52.43359,52.919716,53.04311,52.693783,52.57668,52.84976,52.88893,52.62443,52.90362,52.88426,52.66054,52.642128,53.142937,53.18595,52.725594,52.703156,53.129448,52.732315,52.622787,52.901096,53.069683
53.299156,52.95487,53.023033,53.06618,53.413086,53.162785,53.419113,53.2711,53.48213,53.50402,53.74682,53.230396,52.97474,53.23738,53.73071,53.92395,53.735268,53.641148,53.882904,53.742504,53.74273,53.37979,53.53249,53.640533,53.372845,53.611954,53.624035,53.850838,53.83417,53.785355,53.716747
40.768997,41.12539,40.651123,40.58183,40.510765,40.461945,40.622868,40.52832,40.835762,40.936478,40.703373,41.174305,40.81126,41.11147,40.886387,40.92551,40.87338,41.04217,40.94263,41.085644,40.847454,40.920174,41.008938,40.91066,41.165123,41.233696,40.896023,41.220123,41.24996,41.121647,41.35914
40.644867,40.792866,41.02011,40.66296,40.932495,40.906788,41.04905,40.76131,40.7215,40.99032,41.15093,41.08579,41.114597,41.062,40.92344,40.82291,41.1699,40.879307,41.057945,41.064037,40.809402,41.1808,41.428295,41.161583,41.22105,41.37961,41.17305,41.012245,40.91566,41.13062,41.36517
45.674854,45.59906,45.752777,45.799194,45.44316,45.7378,45.971966,45.983967,45.69406,45.791355,46.13781,45.935787,45.585823,45.835114,45.51079,45.89354,45.940037,45.857323,45.873856,45.836056,45.640404,46.07766,45.975555,45.78865,46.079494,46.415573,45.814964,46.305862,45.89898,45.96351,45.83835
51.23082,51.223343,51.562828,51.366623,51.652367,51.437576,51.601086,51.373222,51.367107,51.562878,51.724815,51.18936,51.818665,51.332355,52.014225,51.705864,51.74416,51.533627,51.844955,51.727924,51.758038,51.929787,51.665176,52.24431,51.445023,51.45485,52.04712,51.82427,52.027473,51.627514,52.13587
43.433304,43.448067,43.209976,43.04612,43.659462,43.113262,43.273685,43.02925,43.189556,43.37186,43.183617,43.593735,43.483727,43.281746,43.11378,43.670696,43.546352,43.304768,43.503662,43.54313,43.407314,43.315247,43.65751,43.57386,42.947384,43.258408,43.562695,43.424484,43.654453,43.51836,43.39026
56.37739,56.278538,55.759094,56.290703,56.32557,56.342384,56.21773,56.43193,56.248272,56.562725,55.884995,56.260513,56.47271,56.405014,56.37238,56.21733,56.500584,56.655674,56.468952,56.495075,56.745274,56.565826,56.33913,56.42151,56.6891,56.27681,56.573734,56.720787,56.827618,56.71298,56.530445
36.013256,36.33249,36.7862,36.539204,36.0392,36.35222,36.48313,36.414692,36.38887,36.35987,36.800247,36.706432,36.371876,36.595318,36.185493,36.30872,36.40931,36.440193,36.4928,36.423084,36.072895,36.537823,36.700294,36.599876,36.804653,37.12554,36.74447,36.700474,36.482006,36.37831,36.773888
43.79942,43.632877,43.79367,43.981873,43.55706,43.840496,43.72774,43.786507,43.852978,43.6781,44.131893,43.823742,43.633015,43.754723,43.977745,43.726494,43.812065,44.057594,44.00735,44.226994,44.05517,43.946224,43.889275,43.740105,44.31565,44.30385,44.071262,43.977802,44.45001,44.127884,44.278225
50.683388,50.377346,50.527946,50.614258,50.7155,50.75713,50.97865,50.842464,50.82124,50.65996,50.889084,50.895786,50.6991,50.457127,50.99794,51.084446,51.38914,51.103035,50.934364,51.08867,51.188435,51.03129,51.111115,51.2658,50.978382,50.68528,51.395264,51.000805,51.31105,51.120483,50.993652
46.98244,46.940586,47.084183,46.940376,47.736404,47.232044,47.66694,46.85914,46.76402,47.161102,47.31642,47.032795,47.541,46.78662,47.2459,47.69071,47.35733,47.05784,47.42338,47.73053,47.408638,47.253475,47.46906,47.694206,47.04662,47.331245,47.6525,47.107567,47.548164,47.129482,47.814625
51.78483,51.727726,51.368134,51.841423,51.509598,51.50612,51.480476,51.675774,51.978092,51.84916,51.964638,51.884026,51.563843,51.756905,51.78097,51.8183,51.704746,51.931396,51.9198,52.15443,52.1273,51.793392,51.914604,51.741432,52.15325,52.14614,51.731045,52.164608,52.276485,52.329353,51.926586
39.96624,40.24998,40.4153,39.68556,40.132027,40.089005,39.639515,39.661488,40.183178,39.857876,39.919857,40.32263,40.433746,40.303593,40.27346,39.843163,40.079536,40.090103,40.092274,40.294582,40.095753,40.322716,40.195625,40.55671,40.137665,40.456245,40.707897,39.90788,40.70649,40.32182,40.73725
41.466972,41.62342,41.45614,41.839622,41.789436,41.275223,41.752956,41.547394,41.396553,41.652287,41.533867,41.481747,41.842808,41.626408,41.773125,42.167034,41.86378,41.748493,41.87474,42.04614,41.89994,41.6825,41.905457,41.830544,41.652325,41.54045,41.87675,42.015514,41.661667,41.73922,42.069363
57.202076,57.12961,57.364777,56.91899,56.920074,57.159393,57.238228,57.23584,57.58526,57.057575,57.482014,57.302563,56.79918,57.176914,57.556633,57.57993,57.552597,57.40732,57.5471,57.326733,57.560764,57.58454,57.77439,57.627144,57.60353,57.56662,57.43883,57.59257,57.884052,57.92663,57.46951
46.350098,46.138374,45.62513,46.26256,45.911575,45.83436,45.782413,46.00189,45.93686,46.037964,46.059765,46.19912,46.058765,45.994465,45.33892,46.08847,45.759796,46.072662,46.190575,46.03602,45.927525,45.976578,45.93049,46.039642,46.039646,46.104897,46.015995,46.247185,46.706806,46.108013,45.985176
45.975876,46.38568,46.14791,46.201195,46.089417,46.052643,46.06943,46.17896,46.329712,46.317707,46.134846,46.29128,46.332703,46.42719,46.07482,46.261044,46.16059,46.183243,46.232258,46.213722,46.349834,46.493313,46.517654,46.484695,46.46388,46.511932,46.293007,46.58405,46.393723,46.60588,46.367725
58.06457,57.578857,58.131325,57.70625,58.498367,58.430244,58.425514,58.07657,57.65255,58.221027,58.0963,58.22116,58.45916,57.995235,57.941868,58.12516,57.961235,58.027424,58.124844,57.938335,58.307907,58.72645,58.209682,58.508247,57.730167,58.302612,58.588955,58.198105,58.35996,58.217323,58.171318
46.501656,46.517258,46.93029,46.311512,46.415634,46.974735,46.98415,47.017685,46.76944,46.874695,46.72193,47.058006,46.54639,47.189323,46.697258,46.828236,46.823643,47.14702,46.772373,46.44589,46.825985,47.383404,46.997097,46.77594,47.06684,47.49202,46.93581,47.29514,46.569695,47.02718,46.779545
45.16365,44.712624,45.234367,45.00135,45.147446,45.60816,45.11067,45.55487,45.565285,44.742363,45.350624,45.321976,45.22861,45.499657,45.11846,45.66242,45.407455,45.500515,45.440697,44.986706,45.278202,45.286762,45.423634,45.795998,45.626575,45.60488,45.91506,45.188538,45.557503,45.6648,45.539642
39.39857,39.82793,39.913185,39.636055,39.476135,39.748108,39.712273,39.692146,39.615757,39.73739,39.712196,39.590904,39.696285,39.793095,39.755535,39.627205,39.49376,39.73542,39.724304,39.765835,39.627026,40.108974,39.455574,39.880592,39.80165,40.326523,39.926785,40.166824,40.184044,39.644924,40.164246
53.758675,53.609177,54.01158,53.79276,53.933136,54.015675,54.03656,53.75423,53.865284,53.56713,53.82793,54.110245,54.194008,53.740425,54.007965,54.040966,54.310776,53.983284,53.8439,54.212105,54.361263,54.175987,54.570763,54.29016,54.24256,53.86859,54.48768,53.741947,54.296204,54.379673,54.136326
55.745094,55.72834,56.123528,55.8083,55.854935,55.73004,55.450905,55.74535,55.90832,55.857853,55.73291,55.90298,56.200184,56.40504,56.186665,55.754894,55.861828,55.979603,56.12154,55.898983,56.01548,56.203995,56.118835,56.230545,56.09998,56.207153,56.39326,56.156017,56.020653,56.305653,56.45515
34.602905,34.976875,34.701412,34.231266,34.754967,34.572712,34.909943,34.269104,35.09752,35.05789,35.364407,35.313198,34.768326,35.033157,34.945175,35.133343,35.31662,34.897,34.97243,35.203274,35.015015,35.18676,35.382454,35.464188,35.19174,35.47316,35.265205,34.9513,35.62685,35.455627,35.619713
37.174717,37.47595,37.253067,36.966545,36.41887,37.46772,37.045464,37.71599,37.91842,36.836555,37.45898,37.27685,36.5519,37.38959,36.84608,37.152657,37.3638,37.384857,37.013363,36.942127,37.2098,37.95528,37.2971,37.334206,37.97601,38.16996,37.113537,37.584057,37.836567,37.911236,37.04078
48.727467,48.852562,48.810394,49.044296,48.618538,48.965656,48.52592,49.045563,49.122135,48.821136,48.58253,49.04633,49.348873,49.41899,48.987564,48.677612,49.139187,49.251183,48.88482,48.938793,49.171986,49.192898,49.16081,49.217003,49.646507,49.060646,49.446533,49.138805,49.167107,49.407204,49.29397
49.425446,48.770058,49.516647,49.44275,49.737015,49.6536,49.91282,49.354214,49.287746,50.016487,50.092083,50.12545,49.712486,49.78686,49.32395,49.71244,49.634182,49.995415,49.90323,49.532566,49.74121,49.811474,49.737534,49.94256,49.49433,49.937088,50.480576,49.773476,49.923206,49.53822,49.960682
50.904446,50.767765,50.96369,51.114185,50.866158,51.351833,51.006084,51.31682,51.230137,50.881863,50.703945,51.12429,51.200554,51.49199,51.07322,51.196194,51.33219,51.563152,50.976597,51.207096,51.585968,51.35671,51.200233,51.034637,51.700348,51.446533,51.583843,51.32514,51.223736,51.557213,51.246407
45.7949,45.54674,45.468452,45.962936,45.998917,45.544453,45.751957,45.566788,45.550343,45.85279,46.132515,45.55669,45.989307,45.402332,46.08919,45.92196,45.782337,45.795914,46.239735,46.173492,46.08217,45.8111,46.024597,46.180473,45.806496,45.476295,46.037273,45.860672,46.404057,45.971832,46.33568
50.455303,50.628468,50.475418,50.38428,50.858345,50.510014,50.37287,50.13925,50.747314,50.776012,50.79297,50.753098,50.83941,50.45023,50.569668,50.48898,50.71354,50.4449,50.725178,50.972668,50.90647,50.652916,50.988274,51.066032,50.57973,50.726616,50.932373,50.561874,51.303658,51.049076,50.814053
40.91032,40.6172,40.640327,41.01827,40.917206,40.93217,41.051315,40.97762,40.63616,40.807816,40.99766,41.091206,41.057076,40.97034,40.60589,40.93441,41.01991,41.056423,40.819454,41.24747,41.044537,41.235912,40.93512,40.896126,41.238903,41.43611,41.338863,41.003056,41.07191,41.090855,41.27272
57.148914,57.63685,57.397827,57.112343,57.75791,57.481194,57.66438,57.309067,57.463467,57.733624,57.179585,57.518135,57.766125,57.328445,57.682095,57.50237,57.67925,57.40137,57.468613,57.81395,57.945595,57.924522,57.973667,57.995926,57.605946,57.670006,57.743343,57.753506,57.70849,57.900536,57.703075
46.965908,46.899414,46.74028,47.036102,46.812904,46.8127,46.669136,47.15821,46.90102,46.849762,47.015636,46.61589,46.944,47.072727,47.298275,46.994526,46.897556,46.972248,47.306614,47.14422,46.904827,47.086582,46.85677,47.118523,47.30546,47.337425,47.003124,47.437294,47.267807,47.292236,47.573734
47.335358,47.597534,47.538483,47.406086,47.65345,47.942284,47.939034,47.758247,47.93486,48.060402,47.956734,47.593506,47.80345,47.618996,48.324123,47.99786,47.812897,48.02597,47.89039,47.955505,48.38782,48.197636,47.918114,48.152153,47.966476,47.94178,47.804153,48.312958,48.246708,48.179684,48.000076
48.53825,48.312466,48.488167,48.24156,48.398582,48.568027,48.160057,48.38658,48.670933,48.377808,48.286743,48.66078,48.47306,48.783836,48.33913,48.395477,48.556183,48.949528,48.61776,48.49778,48.761917,48.750183,48.538654,48.606293,48.680603,48.742455,49.036606,48.472343,48.913113,48.739555,48.653347
51.180836,50.793537,50.454483,50.705894,51.33921,50.680084,51.229443,50.825245,50.831226,51.489033,51.55356,51.197315,50.823364,50.875355,51.314194,51.376278,51.249855,50.957596,51.386257,51.48823,51.434803,51.41531,51.37558,51.255096,50.937687,51.409767,51.0645,51.525925,51.477623,51.762146,51.45588
56.545876,55.840607,56.364532,56.692303,56.476707,57.325783,56.99844,57.421238,56.58979,56.676308,56.83941,56.556335,56.896526,56.525085,57.22215,56.55343,56.66932,57.28357,56.943073,56.561638,57.175503,57.22678,56.82867,57.048546,57.45514,56.74858,57.08062,57.044525,56.80569,57.003838,56.956196
52.491257,52.923252,52.888855,53.11971,52.724945,52.650482,52.8298,52.786194,52.809746,52.759907,53.03065,52.689346,53.081978,52.49352,52.985634,52.886086,53.09397,52.593742,53.126488,53.29547,52.732265,52.50293,53.41775,53.200844,53.224384,52.861435,52.829086,53.17541,53.08396,52.976402,53.09145
50.523136,51.032764,50.169777,50.72063,50.24626,50.5312,50.504692,51.03029,50.85405,50.91674,50.08969,50.552578,50.854794,51.113083,50.902824,50.80896,50.67076,50.992443,50.6502,50.540356,51.10633,51.28017,50.70084,50.959213,51.3256,50.7498,50.613583,51.562817,51.014626,51.29778,50.97908
40.472607,40.29753,40.223694,40.20187,40.520645,40.4056,40.005463,40.318413,40.45174,40.287697,40.26925,39.99457,40.490906,40.466656,40.32966,40.252804,40.322067,40.656464,40.543114,40.351658,40.68272,41.033493,40.026802,40.7713,40.255646,40.39849,40.933495,40.328327,41.0521,40.479897,40.746887
43.290188,43.526188,43.3992,43.138313,43.250084,42.840614,43.098038,43.045166,43.258316,43.25157,43.30856,43.40068,43.21506,43.39371,43.382427,43.25092,43.23543,43.241955,43.54516,43.357777,43.29109,43.76535,43.686348,43.7322,43.467728,43.559814,43.59216,43.393444,43.626183,43.63743,43.92839
58.450558,58.299953,58.908165,58.913754,59.105156,58.717636,58.98459,58.610474,58.367,58.840603,58.821148,58.64068,59.148674,58.666924,58.9978,59.000904,59.054714,58.620026,59.018963,59.09918,58.981304,58.76048,59.159782,59.070892,58.617207,58.74401,59.291225,59.07949,58.885372,58.90731,59.10051
39.876415,39.937355,39.96176,39.76944,40.41188,39.72462,40.563534,39.703514,39.751484,40.262794,40.5562,40.221104,40.242496,39.967735,40.079056,40.89495,40.773087,39.99217,40.532722,40.57247,39.937332,39.945736,40.675663,40.594658,39.890118,40.259514,40.38439,40.395737,40.212177,40.09208,40.645943
40.294373,40.610474,39.955177,40.134865,40.335007,39.713165,39.93902,39.7485,39.857124,39.94596,39.721027,39.829967,40.331406,40.006245,40.103794,40.15393,39.879932,40.107082,40.14948,40.683662,40.444267,40.66313,40.024498,40.2651,40.177505,40.28489,40.313564,40.03459,40.661068,40.20543,40.85885
52.01473,51.497993,51.923912,51.55278,51.953644,51.979637,52.095814,51.906055,51.85982,51.8187,52.281055,52.547432,51.92766,51.904865,52.243027,52.179817,52.224586,52.028996,52.170902,52.16495,52.085804,52.067196,52.627266,52.283432,52.228004,52.340736,52.336006,52.057693,52.193428,52.595444,52.343925
55.13014,55.3441,55.510857,55.080128,55.390663,55.25674,55.056065,55.07551,55.480167,55.302773,55.293873,55.52454,55.577274,55.416306,55.625267,55.145725,55.82132,55.226578,55.423817,55.72518,55.451595,55.463417,55.77462,55.80967,55.515625,55.64823,55.87604,55.516445,55.8233,55.8581,55.71699
63.284874,62.945366,63.30076,63.198524,63.245453,63.47705,63.159836,63.550236,63.54784,62.888268,63.187775,63.115963,63.37453,63.55491,63.51246,63.74663,63.813976,63.29591,63.459564,63.312054,63.622272,63.53788,63.68832,63.75506,63.69465,63.509933,63.779953,63.60276,63.79281,64.16176,63.557938
48.52328,48.007004,47.919342,48.50331,48.1921,48.255768,48.4419,48.64864,47.973434,48.239605,48.627964,48.553368,48.27403,48.024044,48.190334,48.48654,48.42044,48.236237,48.509697,48.55178,48.091393,48.183537,48.411835,48.30024,48.429844,48.578026,48.269966,48.837048,48.58599,48.544388,48.373814
38.17526,37.92297,38.26355,37.768826,38.138107,38.20343,37.79049,38.01246,38.25489,37.85787,38.18791,38.21267,38.090023,38.639523,37.722775,38.305805,38.078278,38.40461,38.390976,38.009567,37.909805,38.219597,38.00657,38.3255,38.17092,38.794098,38.674934,38.01884,38.362682,38.149994,38.552853
42.0614,41.969448,42.311493,42.07352,41.85942,41.935783,41.928436,41.833786,41.91159,41.929512,42.145676,42.07203,42.16342,42.267155,42.20558,41.97543,42.16478,42.35914,42.275845,42.248775,42.168583,42.477497,42.166725,42.162537,42.285446,42.292747,42.53226,42.162395,42.581116,42.136314,42.660774
44.6261,44.308014,44.1317,44.04516,44.647697,43.95782,44.005486,44.068295,44.15477,44.36759,44.15577,44.109608,44.24367,44.45824,44.465652,44.38843,44.138577,44.681396,44.84668,44.515358,44.548923,44.76965,44.16623,44.5698,44.149387,44.444847,44.78472,44.31524,44.66628,44.369095,45.046104
52.04279,52.195766,52.507294,52.681976,52.217155,52.60452,52.568623,52.70889,52.242085,52.588448,52.347717,52.573845,52.591473,52.549107,52.398785,52.17575,52.45534,52.502125,52.37521,52.513893,52.471302,52.58148,52.60394,52.36474,52.81519,52.904198,52.650497,53.019684,52.361633,52.581547,52.45646
55.99509,56.837635,56.667862,56.267128,56.47532,56.412373,56.463497,56.195217,56.413437,56.560776,55.814747,56.16932,56.892727,56.63434,56.69642,56.51234,56.34033,56.462723,56.421776,56.615597,56.884583,56.950615,56.715237,56.84137,56.68953,56.606674,56.63683,56.800716,56.719143,56.63926,56.899525
42.67056,43.198807,42.894295,42.78674,42.8524,42.746525,42.97264,42.600277,42.954433,43.20393,43.211765,42.883873,43.012337,42.839825,43.575977,42.92169,43.035255,42.873314,43.101604,43.454597,43.314037,43.376244,43.221436,43.31353,43.276165,43.309853,43.035828,43.368015,43.766068,43.462387,43.72737
43.18627,43.33169,43.23651,43.434223,43.362984,43.500225,43.37132,43.66359,43.465538,43.62104,42.998074,43.819103,43.807137,44.07062,43.298267,43.66017,43.79369,43.87312,43.455597,43.41655,43.574528,43.394104,43.73408,43.476395,43.783745,43.62275,43.79864,43.970943,43.12424,43.72403,43.47222
52.035942,51.770355,52.029602,52.255615,52.074783,52.059895,52.47043,52.019886,52.18921,52.709328,52.86307,52.76331,52.140686,52.081875,52.268917,52.04166,52.474983,52.51633,52.47732,52.435635,52.620567,52.55726,52.854694,52.54322,52.594013,52.389526,52.693478,52.51831,52.71473,52.639866,52.43276
43.20791,43.397884,43.31665,43.213585,43.04103,43.34751,43.289093,43.458023,43.423866,43.180756,43.07634,43.27265,43.278477,43.609493,43.25208,43.595722,43.300415,43.55713,43.287987,43.184383,43.553913,43.860115,43.312244,43.526993,43.581757,43.650932,43.562027,43.716778,43.73154,43.6415,43.577766
45.156338,45.171604,45.241127,44.657845,44.783447,45.257797,45.216988,45.077682,45.304268,44.926327,45.362743,45.29754,44.755848,45.05218,44.728405,44.954384,45.441055,45.222855,44.996452,45.174362,45.105545,45.94841,45.1212,45.45262,45.403343,45.94139,45.573494,45.198402,46.04186,45.394012,45.32086
42.3821,42.779663,43.01671,43.011906,42.518692,42.597755,42.82594,42.470024,42.83412,42.96347,43.131733,43.043324,42.92215,42.932377,42.972027,42.731304,42.91313,42.965317,42.94345,43.17677,43.042957,42.898,43.344307,42.9346,43.318966,43.141388,43.10037,43.06683,43.142723,43.056778,43.28928
43.68012,43.768906,43.658974,44.073048,43.785027,43.852478,44.018406,44.074047,43.725536,43.931213,43.57462,44.02448,44.08114,44.21004,44.155178,44.254375,44.077614,44.231956,43.840794,44.316307,44.32546,44.01288,44.037598,43.696434,44.320686,44.25537,44.09478,44.505802,43.76758,44.283325,44.25137
46.64571,46.153854,46.00702,46.721684,46.135574,46.35266,46.519726,46.619083,46.24001,46.408978,46.83423,46.90782,46.409756,46.222015,46.535915,46.566395,46.560265,46.566044,46.624786,46.81673,46.458435,46.302017,46.607212,46.48423,46.880833,46.681595,46.597614,46.91326,47.132553,46.860523,46.801575
42.851517,42.39898,42.759552,42.935463,42.64222,42.990192,43.062332,42.928253,42.435036,42.45977,42.6809,43.045296,42.97918,42.764904,42.50521,42.853134,42.838943,43.14734,42.65332,42.913555,43.04675,43.20985,42.95449,42.715652,43.15069,42.960716,43.285233,42.72507,42.995884,42.850872,42.985107
43.51645,43.693962,43.885155,43.327747,43.851555,43.590538,44.170113,43.446938,43.6247,43.96922,43.98895,43.973755,43.614162,43.703518,44.40889,44.06615,43.84958,44.046852,44.126225,44.20687,44.148174,44.265087,44.190453,44.246574,44.055557,44.30989,44.282772,44.01263,44.15464,44.030434,44.786236
51.84215,51.73953,51.58928,52.026184,51.800453,52.03823,52.07653,52.283558,51.61546,51.900635,51.560337,51.433502,52.005386,51.890335,51.980343,52.36221,51.759388,52.17862,52.067787,51.97389,52.075546,52.151524,51.332485,51.986336,51.89577,52.07685,52.039486,52.691914,52.33005,51.76414,52.19511
54.36636,53.836075,54.12381,54.526215,54.19612,54.404755,54.462482,54.42863,53.992584,54.335384,54.278297,54.334476,54.379303,54.232006,53.958588,54.29421,54.20218,54.727894,54.49977,54.280506,54.598957,54.496605,54.496124,54.113884,54.501537,54.203613,54.477646,54.46246,54.407772,54.266956,54.14522
37.184708,37.02799,37.210205,37.307533,36.8929,37.012238,37.02238,37.227577,36.965916,36.60575,36.479595,37.44006,37.14893,37.51847,36.86768,37.211025,37.368454,37.612617,36.845066,37.28531,37.439034,37.541626,37.292885,36.84224,37.525826,37.324852,37.77897,37.07408,37.01999,37.365704,37.351326
52.776733,53.137817,53.07978,52.90608,52.985863,53.148754,52.93868,53.011715,53.47662,53.371254,53.297997,53.032013,53.159622,53.23434,53.429245,53.1734,53.09489,53.17556,53.343525,53.151756,53.503647,53.375072,53.430744,53.576637,53.39492,53.383034,53.196655,53.57859,53.690628,53.69352,53.3464
41.19232,41.164856,41.344185,40.94714,41.098778,41.663326,41.355724,41.538864,41.671005,41.19274,41.55299,41.42536,41.167156,41.37401,41.331287,41.504658,41.64288,41.641483,41.504776,41.225414,41.441296,41.575615,41.626556,41.670746,41.674686,41.66207,41.56693,41.51468,41.761703,41.69495,41.35662
38.48937,38.46078,37.796417,38.47216,38.909813,38.32666,38.549255,38.4294,38.44964,38.863197,38.677147,38.623398,38.80018,38.465725,38.876766,38.737263,38.74335,38.678047,38.8418,39.114986,38.917812,38.60125,38.701683,39.049797,38.8479,38.66337,38.978966,38.7485,38.98632,38.99839,39.380436
48.748096,48.74681,48.527153,49.114605,48.450127,48.501907,48.33933,48.77049,48.820984,48.56297,48.62127,48.992794,48.78808,48.87657,48.53229,48.628506,48.810024,48.72436,48.59327,49.037678,48.921925,48.710274,48.9326,48.590523,49.112076,48.991867,48.875187,49.05551,49.064606,49.311718,48.737144
47.713932,47.276936,47.427666,47.533386,47.500603,47.737095,47.45746,47.869125,47.401283,47.261375,47.536194,47.36555,47.460564,47.52645,47.175922,47.630283,47.50532,47.604336,47.692165,47.46696,47.38618,47.7016,47.335278,47.52024,47.531483,47.894585,47.685154,47.76749,47.8155,47.596832,47.508045
43.136013,42.92126,43.15979,42.709515,43.149124,42.90118,42.7484,42.752266,42.979538,42.69313,43.156445,43.00669,42.99898,43.005474,42.75312,43.31411,43.066124,42.9003,43.2406,43.08046,42.848118,43.021423,43.07448,43.2528,42.61128,43.230087,43.27028,42.9739,43.466164,43.10784,43.1539
54.19146,54.45492,54.49491,54.594124,54.449852,54.623474,54.701744,54.748734,54.6003,54.46929,54.3608,54.328682,54.610912,54.665348,54.60025,54.882656,54.620754,54.566235,54.593758,54.622143,54.869087,54.795628,54.885674,54.782043,55.008804,54.888206,54.682255,54.984814,54.608955,54.98518,54.76594
45.889774,45.741253,45.408264,45.089172,45.502228,45.380245,45.25128,45.498215,45.63206,45.348675,45.44132,45.95255,45.33441,45.446392,45.48622,45.41895,45.62209,45.46857,45.46015,45.619843,45.653748,46.13003,45.720722,45.808784,45.475445,45.8721,45.741055,45.636467,46.182236,46.207054,45.62887
49.54191,49.858665,49.983955,49.661804,49.84594,49.828007,49.91248,49.949684,50.389565,49.86394,49.672,50.010376,49.73043,50.3076,49.937767,50.412727,50.4987,50.27704,49.987507,49.989525,50.39741,50.26457,50.392635,50.38166,50.2535,50.267967,50.57486,50.266815,50.01544,50.491722,50.0917
46.41239,46.83534,45.983185,46.596355,46.619553,46.24461,46.689945,46.375507,46.597454,46.94835,46.68553,46.926212,46.748386,46.280415,47.13142,46.612747,47.169334,46.474033,46.529057,47.468105,47.196983,46.729774,47.259537,46.83258,47.091206,46.66533,46.61389,47.08603,47.17757,47.52306,47.001205
44.38685,44.448746,43.889908,43.933723,44.46872,44.02572,44.106632,44.01979,44.459393,44.70652,44.591423,44.589138,44.350277,44.36969,44.461502,44.220104,44.381065,44.388885,44.685802,44.49255,44.539196,44.660545,44.72987,44.90596,44.555798,44.52159,44.559555,44.442387,44.938873,44.916763,44.891804
50.95145,51.34469,50.923164,50.8187,51.126396,51.06377,50.998512,51.074158,51.170116,51.25249,50.714035,50.99798,51.33759,51.49731,51.134155,51.212486,51.106995,51.32309,51.250248,51.30241,51.330364,51.447147,51.250412,51.327988,51.54405,51.61891,51.213444,51.467407,51.163063,51.401913,51.574326
38.480892,38.886482,38.343513,38.072605,38.548233,38.25908,38.410275,38.431534,38.93588,38.48668,38.45454,38.77756,38.367004,38.649876,38.733376,38.99025,39.107666,38.613052,38.51915,38.905033,38.903717,38.954624,38.936367,38.997673,38.65741,38.898514,38.80511,38.882774,38.971195,39.31326,38.821186
37.325455,37.7639,37.898933,37.48314,37.620728,37.811687,37.93715,37.58922,37.6233,38.006702,37.91332,37.65644,37.690224,37.58678,37.66578,37.29001,37.765953,37.952152,37.718845,37.92108,37.869667,38.428925,37.78552,37.835968,37.858253,38.23613,37.953922,37.921,37.92054,37.541576,37.896503
42.86374,42.638412,42.305214,42.8569,43.07553,42.29117,42.309483,42.470222,42.5362,42.69944,42.38089,42.36846,42.87377,42.8875,42.699825,42.916664,42.69062,42.99233,43.072674,43.050243,43.06135,42.813805,42.503498,42.857483,42.573456,42.54023,43.252235,42.7349,43.031033,42.787426,43.317867
60.96753,60.5815,60.716896,61.18423,60.98488,61.296635,61.397552,61.45321,60.920803,61.286312,61.141293,61.460438,61.12133,61.306637,61.329952,61.047,61.303493,61.21789,61.112755,61.3085,61.56494,61.35565,61.767673,60.95028,61.987938,61.66958,61.221245,61.58738,60.98456,62.055367,61.323917
49.148163,48.74841,48.811127,48.735264,48.683403,48.929005,48.78797,49.18286,48.808548,48.759758,48.679184,49.309242,48.842663,49.136734,48.961895,48.875828,48.92316,49.272984,49.114716,48.787106,48.867867,49.186184,49.057556,49.04619,49.266403,49.20005,49.27726,49.19828,49.141754,49.240196,49.241222
54.706146,53.959084,54.01008,54.26908,54.442688,54.083256,53.937756,54.160774,54.2173,54.338364,54.454605,54.39701,54.039433,54.35564,54.30149,54.093178,54.33875,54.50324,54.581615,54.635326,54.72185,54.593227,54.459286,54.015854,54.32323,54.562958,54.506958,54.359035,54.66172,54.92028,54.39851
52.66144,52.32029,52.390358,52.651546,52.448837,52.96215,52.6083,53.07428,53.082905,52.658768,53.196274,52.8195,52.477577,52.581154,52.91233,52.43883,52.7153,52.989124,52.992954,52.876522,53.017357,52.927494,53.15217,52.984406,53.652584,53.277084,52.86023,52.82458,53.008923,53.417995,52.95447
46.470627,45.92631,45.673683,46.30427,46.169876,46.10369,46.288216,46.44498,46.442055,46.147842,46.628323,46.29834,45.83162,46.10178,46.276447,46.735733,46.58966,46.626823,46.613686,46.67143,46.64222,46.326996,46.416836,46.414474,46.690075,46.555687,46.552555,46.533234,46.810616,46.814667,46.586277
38.058353,38.12543,37.741226,37.90891,37.714386,37.921757,37.64068,38.02987,38.20315,37.822628,37.963013,38.112995,38.025444,38.28891,37.828915,38.189846,37.847996,38.18469,38.14272,37.93486,37.942944,38.071983,37.919037,38.306236,38.361996,38.334625,38.196243,38.21179,38.615677,38.31238,38.455875
49.78746,49.13677,49.409546,49.258038,49.960075,49.441067,49.640694,49.347263,49.316547,49.361927,49.77432,49.659767,49.772495,49.157513,49.946995,49.879303,49.995564,49.718178,50.072727,49.92923,49.81917,49.653183,50.12245,50.181816,49.458755,49.165817,50.16837,49.34223,50.03268,49.824787,50.09395
45.006756,45.39712,44.75882,45.533176,45.01142,44.91528,45.15308,45.18222,45.299816,45.575714,45.26881,45.338497,45.289017,45.138077,45.51512,45.080875,45.31046,45.550217,45.38355,45.900387,45.683285,45.259216,45.507645,45.2418,45.920853,45.448822,45.256462,45.737286,45.505726,45.58367,45.644287
51.026337,50.68986,51.157997,51.268166,50.81028,51.465492,51.39846,51.6502,51.206196,51.075214,51.345352,51.30647,51.194492,51.27653,51.15859,51.35825,51.520924,51.566547,51.280663,51.095837,51.34781,51.455433,51.50083,51.275597,51.655285,51.411118,51.43398,51.679905,51.235554,51.472706,51.072323
51.234642,50.844296,50.96888,50.849873,51.10269,51.235237,51.14257,51.201324,50.631844,50.95061,50.987396,51.087105,51.225796,50.718937,50.61749,50.972706,50.88935,51.04692,51.211323,50.873936,50.75956,51.23204,50.96628,51.232574,50.74323,51.03743,51.134266,51.197746,51.36563,50.768173,50.875935
56.885784,56.38733,56.840202,56.621674,57.05613,56.998886,57.13185,56.84159,56.91145,57.07643,57.448193,57.031418,56.73776,56.836468,57.11233,57.250168,57.160534,57.072926,57.339863,57.191704,57.188015,57.093925,57.182632,57.24305,56.95466,57.420914,57.332737,57.259365,57.43054,57.319736,57.258095
50.800816,50.494076,50.51493,51.040253,50.648804,50.982784,50.61578,51.004665,50.92979,50.747646,51.01364,50.69115,50.830082,50.877262,50.546524,50.838272,50.83721,50.958263,50.93908,50.9455,51.01345,50.768734,50.829926,50.712234,51.152084,51.10414,50.86597,51.100906,51.211163,51.177753,50.715965
52.38395,52.78065,52.35334,52.629,52.338326,52.483658,53.029408,52.80272,52.61484,52.91497,52.760063,52.544117,52.497005,52.327705,52.867367,52.974194,52.846935,52.77872,52.864174,52.93814,52.873795,52.91622,52.924896,52.936127,53.02574,52.844383,52.474224,53.46971,53.05475,52.855915,52.841778
44.728767,44.41847,44.596428,44.35089,44.896423,44.160297,44.370083,43.7341,43.921646,44.40051,44.449287,44.99829,44.912533,44.69929,44.10937,44.427895,44.480907,44.27075,44.523422,44.863216,44.487537,44.6193,44.925106,44.48339,44.292088,44.737244,45.016975,44.078606,44.869793,44.724262,45.07652
53.323215,53.30883,53.067047,53.05339,53.352943,53.060875,53.22431,53.26776,53.302456,53.465935,53.257137,53.245193,53.054447,53.312103,53.428295,53.268085,53.371025,53.441597,53.59631,53.52309,53.57366,53.703625,53.58469,53.432236,53.533882,53.668007,53.398033,53.60837,53.454807,53.746593,53.599308
58.065674,57.552498,57.870003,58.26922,58.17508,57.870857,58.159756,58.026096,57.775032,58.106094,58.130505,58.413452,58.112885,58.152287,58.290695,58.255226,58.06444,58.132805,58.300358,58.325523,58.50072,58.083797,58.71612,58.065315,58.427265,58.20977,58.4108,58.286057,58.072628,58.754013,58.460804
37.95081,37.85643,37.94451,37.854027,37.78689,37.793274,37.737274,37.82845,37.901474,37.962708,37.87686,38.25238,37.93438,38.413185,38.008194,37.88252,37.99237,38.34804,38.096085,38.030853,38.0393,38.313606,37.92598,38.076866,38.24649,38.418587,38.58633,38.14456,38.344017,38.187283,38.638428
39.6669,39.78112,39.708115,39.421547,39.841873,39.52824,39.487926,39.559082,39.673943,39.70727,39.315105,39.80638,39.80204,39.93263,39.649555,39.724007,39.88744,40.03047,39.8516,39.75986,39.79644,40.063164,39.67259,40.06698,39.56837,39.794777,40.373646,39.809296,39.959507,39.7004,40.0946
49.406708,49.297283,49.379448,49.027523,49.19497,49.622692,49.24895,49.573387,49.841846,48.901234,49.326572,49.21062,49.157387,49.461086,49.14604,50.027737,49.69532,49.478207,49.436436,49.171333,49.564247,49.660545,49.394737,49.874672,49.405388,49.610893,49.71637,49.604935,50.218536,49.887444,49.317898
49.481,49.91539,49.95249,50.33134,49.638527,49.724842,49.698074,49.98472,49.88913,49.896744,49.64262,49.966293,50.052425,50.218315,50.319477,49.803654,50.07174,49.829693,49.756927,50.324306,50.219925,49.938034,50.214108,49.74444,50.452427,50.32522,50.089355,50.55776,49.93509,50.575504,50.254787
54.049927,54.277184,54.561523,55.077965,54.18872,54.63171,54.88218,54.8218,54.709526,54.657066,55.277763,54.595005,54.68243,54.441116,54.899265,54.8033,55.09045,54.554153,54.891167,55.174137,54.62187,54.203304,55.269398,54.804382,55.522858,55.11065,54.624252,55.297043,54.783424,55.005142,54.92949
63.89561,63.80866,63.70571,63.778812,64.06743,64.107544,64.395294,64.103,63.80766,64.22412,63.756035,64.11517,64.346695,63.971867,64.33797,64.33476,64.11169,64.2431,64.14113,64.1882,64.53851,64.521675,64.32023,64.54569,64.372856,64.12959,64.37448,64.52446,64.410614,64.42296,64.48324
50.485203,50.72231,50.72075,50.464355,50.33297,50.754982,50.48757,50.882465,50.962082,50.683636,50.430195,50.779556,50.579224,50.967464,50.776833,50.72984,50.825184,50.963337,50.728306,50.55549,50.89767,50.95262,50.94122,50.76084,50.984726,50.95582,50.720844,51.223545,50.815826,51.146893,50.559788
50.531628,49.931774,50.094864,50.57633,50.150208,50.19198,50.426727,50.51246,50.50461,50.43359,50.487865,50.806213,50.167305,50.730747,50.702404,50.830357,50.547337,51.176643,50.78916,50.595467,51.06527,50.616695,50.82223,50.464355,51.06636,50.54287,50.971363,50.75305,50.679924,51.030907,50.936455
41.615654,41.67446,41.85063,41.879005,41.37594,42.028572,41.511353,42.120903,42.012234,41.56036,42.12244,41.360275,41.6186,41.634987,41.700085,41.5834,41.577225,41.848682,41.858826,41.761417,41.663254,42.0966,41.305893,41.940002,41.920498,42.328514,41.832005,42.210674,42.39005,41.755924,41.802155
50.312763,50.61189,50.20314,50.629368,50.684776,50.462673,50.87302,50.729485,50.10176,51.119007,50.10948,50.547813,51.096592,50.890835,51.036594,50.66497,50.617256,50.843266,50.7146,50.82239,50.97048,51.05551,50.779835,50.691666,50.96359,50.703087,50.685246,51.378315,50.359016,50.818882,51.182198
37.83519,38.120323,37.843567,38.27514,37.920563,38.12247,37.983032,38.43195,38.1374,37.96956,37.50266,38.041492,38.135517,38.426804,38.11038,38.399685,38.17933,38.450172,38.036667,38.169605,38.393967,38.035892,38.17045,37.88359,38.48047,38.19816,38.187366,38.5634,37.874794,38.395172,38.137028
49.86319,49.42149,49.932343,49.4998,49.803596,49.97705,50.06141,49.985786,49.72225,49.968033,49.986046,50.186687,49.73075,50.137978,49.950058,49.979664,50.179676,50.157295,50.0945,49.65925,49.971474,50.392956,50.196743,50.08246,49.9635,50.218224,50.361824,50.22453,50.070656,50.2642,50.094437
50.885143,51.238823,50.775505,50.680595,51.47467,50.932102,50.81663,50.884407,51.339424,51.127293,50.71014,50.749977,51.158707,50.891685,51.565292,51.306835,51.260017,51.128963,51.370373,51.413433,51.704494,51.181877,51.511993,51.606506,51.09724,50.818596,51.255825,51.140602,51.364544,51.65706,51.35105
51.049656,50.988556,51.569817,51.283447,51.64061,51.726837,51.52352,51.67656,51.258553,51.28617,51.047993,51.265354,51.631107,51.7341,51.169518,51.731724,51.58699,51.470467,51.595768,51.130688,51.27803,51.346416,51.527096,51.718422,51.365223,51.652466,51.995766,51.66859,51.182735,51.383217,51.510174
37.560307,37.485912,37.515358,37.504505,37.652367,37.73027,37.573986,37.696587,37.718002,37.469765,37.53387,37.76491,37.910187,37.92618,37.51,38.059402,37.770195,37.940628,37.774326,37.546574,37.78266,37.78695,37.79982,38.082336,37.8099,37.68828,38.14904,37.719822,37.927246,37.851646,37.986443
48.904198,48.97696,49.42138,49.46356,49.113922,49.200684,49.55833,49.377804,49.139362,49.22102,49.49144,49.53469,49.586388,49.548546,49.76266,49.580273,49.746574,49.28092,49.5323,49.459126,49.346127,49.384895,50.102417,49.81279,50.047783,49.558617,49.83284,49.693047,49.381355,49.864647,50.128147
46.636677,46.190067,46.649178,46.560837,46.69117,46.67225,46.603138,46.55962,46.610306,46.546658,46.985428,46.42629,46.598644,46.56202,46.85693,46.608875,46.70473,47.113865,47.173817,46.9148,46.888542,46.90366,46.779938,46.932594,46.965416,46.850655,47.20839,46.52871,46.990757,46.63314,47.260693
40.859528,41.228703,41.08795,40.973274,40.962303,41.22358,40.874767,41.238758,41.217724,41.200375,40.906826,40.60744,41.157795,41.428158,41.268097,41.064014,41.05242,41.301826,41.188465,41.042454,41.268257,41.70094,40.655064,41.322952,41.18478,41.521698,41.332664,41.658596,41.620728,41.22881,41.491867
47.153645,47.43214,47.20558,46.974472,47.278557,47.58246,47.61416,47.699707,47.588623,47.58681,47.32187,47.294548,47.434956,47.35768,47.98815,47.58948,47.61986,47.790257,47.603123,47.479107,47.81224,48.089596,47.531624,48.0654,47.81561,47.66014,47.68628,47.993694,47.81663,47.76922,47.88361
54.504204,54.4431,54.57692,54.555866,54.902184,54.929157,55.21992,54.67857,54.74509,54.966457,55.0017,54.47939,54.824852,54.64246,54.784344,55.341373,54.84828,55.08415,55.116592,55.011967,55.238007,55.097385,54.841858,55.264236,54.940334,55.07905,55.16352,55.08898,55.326385,54.792206,55.219597
37.446617,37.353985,37.21929,37.409157,37.105408,37.31569,37.658,37.705517,37.157635,37.2757,37.700172,37.624947,37.411873,37.20486,37.419453,37.68807,37.721745,37.464314,37.541256,37.633938,37.02459,37.60942,37.2998,37.80417,37.584637,37.830673,37.684353,38.019573,37.926556,37.371826,37.90177
42.55249,43.25081,42.73472,43.052067,42.61036,42.90079,42.96812,43.165855,43.287094,42.93415,42.8911,42.71054,42.976303,43.115437,43.06642,43.25199,43.264137,43.126076,42.965485,43.38468,43.19751,43.144012,43.114864,43.177383,43.722637,43.544792,42.955036,43.57547,43.175842,43.34286,43.341843
42.389755,42.81712,43.492607,42.44404,42.863182,42.936947,42.840176,42.484207,42.816868,42.80899,42.80094,43.0922,43.27874,43.27888,43.07613,43.004322,43.011044,42.763958,42.888557,42.660614,42.859917,43.202393,43.362236,43.42073,42.768166,43.07997,43.41657,42.989468,43.146515,43.115414,43.323753
49.988792,50.36167,50.356796,50.12328,50.053505,50.58145,50.659206,50.52938,50.512646,50.48214,50.323483,50.292465,50.486404,50.550526,50.335472,50.737564,50.576588,50.711506,50.47521,50.348495,50.493103,50.782967,50.37753,50.882736,50.78342,50.85434,50.688427,50.994358,50.834427,50.395435,50.70511
39.28387,39.742256,39.65043,39.81551,39.531418,39.431282,39.725853,39.467335,39.66315,39.74373,39.766872,39.910244,39.80071,39.907887,39.408325,39.968327,39.870495,39.7491,39.72917,40.106434,39.61201,39.459854,39.921204,39.766953,40.01285,40.26133,39.95345,40.050484,39.7529,39.71631,40.076912
40.56133,40.85401,40.200233,40.584385,40.91107,40.59539,40.785442,40.726486,40.6671,41.042656,40.417892,40.980854,41.140984,40.83284,41.11674,40.72187,41.20552,40.97761,40.79181,41.12819,41.149815,41.080643,41.106358,41.26931,41.207752,40.702614,41.269703,41.033928,41.03032,41.250786,41.404102
48.207047,47.908585,47.926582,48.255985,48.37539,47.941185,47.981335,48.04703,47.9549,48.223103,48.31415,48.009674,48.35037,48.01753,48.582123,48.258835,48.227116,48.121483,48.607063,48.315125,48.365032,48.24363,48.342495,48.6316,48.083054,47.85302,48.564796,48.378723,48.804966,48.526665,48.737736
40.610188,40.643757,40.33735,40.27995,40.46048,40.336388,40.36922,40.50088,40.59283,40.42896,40.339527,40.850414,40.488407,40.625088,40.944286,40.594982,40.606434,40.823856,40.638176,40.85063,40.88898,40.891872,40.86397,40.756508,40.95166,40.799965,40.835533,40.67976,40.810467,41.11971,41.126007
40.6916,40.62288,40.761543,40.522766,40.297302,40.704254,41.087154,40.93803,40.827164,40.807003,41.042213,41.265423,40.444637,41.21247,40.771446,41.364674,41.116627,41.200344,40.952545,40.788586,40.775288,41.062565,41.12575,40.81362,41.26812,41.544914,40.941807,41.452946,40.915962,41.183155,41.14191
39.432686,40.175663,39.78736,39.07822,39.431343,39.514458,39.642788,39.437397,39.681206,39.70326,39.254097,39.79108,39.8616,39.83347,39.544422,39.75691,39.763702,39.719437,39.557125,39.4381,39.625534,40.33678,39.854977,40.215523,39.625793,39.76243,39.798313,39.97344,40.101944,39.735966,39.891018
44.134605,43.816944,43.975815,43.867477,43.937607,44.21976,43.99223,44.315487,44.001556,43.799995,43.93112,44.190502,44.031593,44.191036,44.043785,44.144047,44.104958,44.271576,44.08104,43.99712,44.140015,44.419823,44.075333,44.175133,44.24664,44.402718,44.390446,44.259544,44.288727,44.390038,44.25641
50.329586,50.45641,50.45195,50.814503,50.508423,50.584316,50.372498,50.636917,51.133087,50.71968,51.186188,50.468903,50.702263,50.41233,51.04168,50.554623,51.01713,50.71114,51.023716,50.93652,51.027103,50.661438,51.15607,51.34552,51.181293,50.55397,51.006153,50.866547,51.38752,51.261757,50.95139
49.78483,49.591347,50.10112,49.809284,50.12755,49.7449,49.819344,49.369877,49.710846,50.190914,50.268913,49.71169,49.99461,50.11277,50.171555,49.776432,49.88911,50.124866,50.475548,50.14855,50.216965,50.205284,50.219887,50.060577,49.97594,50.112206,50.374607,49.883953,50.346252,50.043888,50.622353
45.43811,46.227097,46.176247,45.812927,45.89438,46.172043,45.996315,45.758717,46.285797,46.4969,46.31689,46.05473,46.262115,45.7972,46.873253,45.428356,46.089447,46.148888,46.077538,46.587013,46.65547,46.50051,46.553314,46.340607,46.55603,46.34977,46.048325,46.374054,46.531364,46.528587,46.388283
54.301258,54.155262,53.86566,54.048836,54.59652,54.081764,54.33413,54.021877,54.542343,54.689884,54.739822,54.34328,54.487103,54.216995,54.84645,54.728992,54.589138,54.569695,54.949535,54.671246,54.94711,54.567673,54.910965,55.233162,54.61636,54.173836,54.77784,54.514374,55.11157,54.976295,55.075222
50.83134,50.389545,50.333878,50.229294,51.349014,50.661137,50.95663,50.39354,50.394142,51.064102,50.742096,50.854195,50.96646,50.514755,51.045883,50.789227,51.023884,50.963356,51.111176,51.062466,51.234627,51.250515,51.02037,51.383614,50.592644,50.600327,51.523727,50.627766,51.309414,51.012096,51.43825
50.5167,49.695976,49.879288,50.464634,50.017952,50.304703,50.09314,50.534855,50.133762,50.053444,50.610306,50.532547,50.056126,50.120686,49.8868,50.180977,50.259937,50.375416,50.421482,50.33189,50.149067,50.0861,50.28305,50.07724,50.48669,50.554703,50.395412,50.467125,50.605957,50.561367,50.130123
44.852936,45.132946,45.169846,44.885418,45.0112,44.969185,44.99805,44.88753,45.430664,45.4612,45.383194,45.28726,45.038166,45.446346,45.320335,45.01043,45.397995,45.511932,45.538033,45.262524,45.42554,45.391357,45.79281,45.407974,45.659695,45.4487,45.398163,45.314297,45.29092,45.571995,45.511032
43.74792,43.84506,44.27366,43.693146,43.581383,44.00274,43.57787,43.76742,44.211914,43.720688,43.932995,44.469425,43.99963,44.345676,43.84213,43.656166,44.085724,44.199425,43.891747,43.94878,43.932117,44.103542,44.30124,44.13199,44.387905,44.493996,44.500214,43.91345,44.237972,44.30076,44.190426
37.454323,38.071907,37.654037,37.518,36.999077,37.515003,37.08733,37.779152,38.194782,37.420956,37.459236,37.795113,37.383656,38.186813,37.49055,37.55705,37.764675,37.777313,37.47286,37.67292,37.532257,37.885765,37.566326,37.700073,38.246567,38.5185,37.724186,38.154648,38.04701,38.190838,37.86495
53.140747,53.134243,53.41307,53.10065,53.397926,53.316048,53.07172,53.193035,53.5758,53.330658,53.31285,53.27746,53.39005,53.496803,53.629044,53.51623,53.376728,53.55314,53.78164,53.285423,53.600086,53.36074,53.679077,53.89792,53.4715,53.33233,53.83116,53.46661,53.761417,53.695663,53.74533
44.125942,44.236317,44.595078,44.27968,44.397552,44.17315,44.23984,44.107925,44.338345,44.294895,44.504642,44.23679,44.262447,44.516445,44.515644,44.390892,44.52659,44.48532,44.662056,44.75772,44.410427,44.486893,44.499065,44.50171,44.522636,44.934822,44.85008,44.498413,44.554462,44.45057,44.985878
41.830265,41.70222,41.51654,41.781986,41.941963,41.665604,41.731804,41.68722,41.749744,41.96696,42.079884,42.002594,41.96639,41.887974,41.930855,41.932545,41.885326,41.913998,42.014805,42.25437,41.974762,41.98319,41.80491,42.126404,41.95304,42.27877,42.242916,42.10857,42.33942,42.135494,42.450985
47.214214,46.975105,47.301964,47.201836,47.369736,47.57644,47.471497,47.7462,47.178238,47.17427,47.148518,47.356136,47.41815,47.58361,47.28257,47.61805,47.28517,47.53168,47.48424,47.193134,47.28617,47.559536,47.338024,47.57325,47.546707,47.840546,47.748306,47.68135,47.17265,47.45887,47.65691
40.80514,40.914658,41.017708,40.5871,40.99362,40.81685,41.126823,40.68444,40.810387,41.15987,41.013676,41.046833,40.98827,41.051662,41.233654,40.924534,40.922886,41.3702,41.16475,41.19237,41.26222,41.7856,40.937176,41.47113,41.129665,41.449524,41.672867,41.105137,41.439323,40.94614,41.877758
42.566082,42.74473,42.62475,42.91532,42.796387,43.02935,43.31388,43.17928,42.63282,43.321865,43.07966,42.948654,43.049187,42.6868,43.145676,42.926086,43.03104,43.043102,43.029896,43.013306,43.01199,43.19274,43.006187,43.145912,43.07188,43.04274,42.956562,43.647243,43.125046,42.9619,43.070793
45.30414,45.46178,45.51438,45.77655,45.202652,45.46594,45.44031,45.72274,45.656445,45.476902,45.481472,45.897335,45.7193,45.80644,45.689888,45.725006,45.77259,45.63539,45.424255,45.63746,45.731018,45.71626,45.757404,45.832306,45.904243,45.798378,45.974823,46.155563,45.932926,46.092255,45.801575
42.43793,42.421333,42.105232,42.292164,42.406,42.475876,42.2495,42.547955,42.490673,42.297623,42.031284,42.35574,42.411274,42.58639,41.861332,42.519493,42.420406,42.61712,42.295883,42.247444,42.63813,42.82546,42.29988,42.518005,42.437897,42.54409,42.68934,42.52024,42.706112,42.637688,42.27759
38.37975,38.642586,38.05683,39.021347,38.470047,38.390186,39.376026,38.85118,38.603992,39.426006,39.203693,39.114902,38.599266,38.678745,39.19399,39.3163,39.017265,39.16369,38.901535,39.433475,39.290657,38.96252,38.94695,38.872322,39.345272,39.24991,38.862583,39.85711,39.081287,39.150944,39.415443
49.640068,49.985,50.020905,49.762417,49.90088,50.263348,50.401115,50.25627,50.078,50.20818,50.05068,50.104782,50.126064,50.078125,50.332626,50.36893,50.358723,50.190804,50.12422,50.235405,50.231094,50.28379,50.3607,50.338196,50.39435,50.53772,50.126957,50.7336,50.166935,50.3538,50.244743
53.0858,53.092426,52.748863,53.125355,53.348732,53.093147,53.07423,53.24253,53.55544,53.401527,53.423832,53.04283,53.22482,53.15787,53.49193,53.5031,53.54328,53.234707,53.44751,53.465477,53.805954,53.516098,53.5617,53.780487,53.425503,53.245895,53.450417,53.618427,53.78221,54.038677,53.423695
45.122604,45.132713,45.28923,44.878204,45.25412,45.148365,45.34954,45.268326,44.842148,45.090714,45.1093,45.3824,45.45627,45.53929,45.092625,45.68791,45.142273,44.955215,45.319668,44.96908,44.832787,45.43672,45.387997,45.600372,45.103546,45.687874,45.373302,45.64031,45.194763,45.400803,45.67968
39.00076,38.73049,38.902977,38.722523,38.813873,38.99901,38.63308,39.07945,39.18133,38.47137,38.78707,38.974667,38.95005,39.227688,39.194588,39.208782,39.178257,39.316483,39.08619,38.89471,39.274776,39.249214,39.272175,39.227356,39.328518,38.963715,39.396576,38.868195,39.16933,39.544697,39.3151
55.442665,55.315216,55.64865,55.74052,55.79473,55.472145,55.674866,55.29615,55.528915,55.88921,55.620174,56.097885,56.001858,55.840664,55.636913,55.779682,56.005295,55.757683,55.694366,55.83273,56.161575,55.77967,56.30011,55.89682,55.643436,55.474953,56.27138,55.85993,55.966484,56.159668,55.740143
48.628414,48.372974,48.72625,48.62408,49.0775,48.570972,48.688217,48.36506,48.222504,48.65979,48.787193,48.513958,48.862278,48.526276,48.541122,48.8051,48.64589,48.456844,48.9883,48.87507,48.554966,48.636944,48.64837,48.927155,48.23418,48.793373,49.137962,48.71571,49.099277,48.54861,49.094196
35.48064,35.3862,35.324245,35.458347,35.337097,35.335815,35.11621,35.67793,36.002815,35.126198,35.694073,35.62177,35.346844,35.862617,35.95068,36.08384,36.135014,35.696682,35.755016,35.76977,35.7215,35.434273,35.8824,35.912025,35.97062,35.776894,35.97079,35.82037,35.914787,36.431618,36.05746
42.25246,41.83943,41.760635,42.08145,41.887695,41.961143,41.992172,42.209297,41.900593,41.998466,42.500637,42.226036,41.933746,41.933643,41.85016,42.14779,41.978912,42.11236,42.394226,42.156273,41.766453,41.985764,42.083363,42.13743,42.206215,42.42862,42.046314,42.367332,42.40937,42.165623,42.28069
52.631107,52.303707,52.39106,52.462097,53.11416,52.629993,52.52778,52.547146,52.180527,52.756126,52.558285,52.265564,52.952877,52.595444,52.76282,52.63613,52.42515,52.436153,52.899876,52.73738,52.760773,52.860203,52.546814,52.79664,52.27833,52.708176,52.78319,52.822544,52.7533,52.798443,52.96326
50.084656,50.34006,49.6781,50.19747,49.768303,49.819454,49.880966,50.20247,50.28438,49.859867,49.689457,50.20281,50.140373,50.314026,49.847363,50.35866,50.363785,50.25864,50.013596,50.42415,50.26322,50.185112,50.26231,50.269928,50.766644,50.453575,50.293682,50.465355,50.419163,50.581608,50.410698
42.44786,42.681797,43.017296,42.37513,42.82641,42.49031,42.730213,42.108376,42.492523,42.56093,42.725502,42.652214,42.825638,42.602894,42.686672,42.819695,42.931396,42.54538,42.744064,42.865635,42.85546,43.059174,43.111275,43.03414,42.436234,42.683647,43.11748,42.553265,43.18938,42.816975,43.046913
47.273544,47.59208,47.91588,47.705936,47.68013,47.516994,47.862717,47.464092,47.581856,47.991604,47.672573,48.116955,47.98007,48.336487,48.10925,47.95197,48.053886,47.77941,47.785023,47.915207,48.04298,47.98064,48.406197,47.90692,48.13581,48.16294,48.219627,48.230015,47.744633,48.383644,48.405357
47.764175,47.340576,47.830437,47.949547,47.893913,48.152393,48.197838,47.99618,47.61256,48.009823,48.104015,47.890965,47.984627,47.917377,47.800995,48.0016,47.90318,48.34484,48.18498,48.045033,48.0387,48.059807,47.798462,47.956985,48.09182,48.268417,48.416374,48.16179,48.170483,47.69743,48.248642
51.130524,51.282787,51.55304,51.058506,51.013023,51.482975,51.09006,51.578526,51.758236,51.128975,51.298794,51.638958,51.251377,51.74817,51.464806,51.25978,51.6005,51.36494,51.166985,51.28481,51.515934,51.878178,51.713707,51.629402,51.82857,52.115654,51.677097,51.734287,51.510662,52.197796,51.433456
44.639477,43.92552,44.127678,44.30413,44.73403,44.7205,44.703304,44.67293,43.97163,44.33169,44.26771,44.400597,44.8184,44.336044,44.561317,44.76233,44.716095,44.929165,44.7199,44.66684,44.6788,44.62457,44.413372,44.550224,44.394783,44.264908,44.915295,44.552814,44.5516,44.338055,44.728508
54.940754,55.11826,55.403564,55.00642,55.02707,55.15767,55.386986,55.26201,55.230183,55.38571,55.300564,55.53631,55.26215,55.365284,55.473095,55.231804,55.790363,55.260235,55.26402,55.354317,55.3688,55.68307,55.832447,55.53267,55.48665,55.59748,55.525955,55.83007,55.36157,55.759884,55.343323
50.383396,50.425716,50.250877,50.083233,50.299232,50.423767,50.31442,50.366486,50.741024,50.31391,50.593845,50.421825,50.32939,50.51237,50.2436,50.678593,50.61334,50.482143,50.564,50.509407,50.608826,50.72342,50.72631,50.83288,50.772766,50.87858,50.57403,50.575268,50.958828,50.957573,50.62405
48.528465,48.75837,48.58754,48.77748,48.35376,48.812595,48.70814,49.202435,49.041107,48.636086,48.659378,48.76463,48.704975,49.125988,48.744946,49.180378,49.123604,48.914265,48.82361,48.790348,48.74444,48.798157,48.917946,48.94951,49.337784,49.318756,48.831863,49.524723,48.871525,49.260014,48.89626
43.31019,43.18865,42.657578,43.119003,43.01957,43.180347,43.209084,43.43701,43.430386,42.927555,43.46469,42.806076,42.817616,42.823723,43.207825,43.677307,43.307625,43.257095,43.424908,43.420986,43.423412,43.45209,43.05536,43.605003,43.522224,43.455856,43.24061,43.49719,44.145752,43.63522,43.55665
56.471146,56.430714,55.973495,56.341915,56.183365,56.182568,56.573353,56.524414,56.17344,56.55509,56.2553,56.39076,56.198906,56.223404,56.513897,56.605057,56.28111,56.444103,56.442085,56.53214,56.771355,56.904278,56.503197,56.390488,56.57484,56.587402,56.184788,57.08394,56.826584,56.885204,56.51474
42.979248,43.203243,43.063774,42.935036,43.11521,42.880886,42.72127,42.87215,43.074142,42.84612,42.3541,43.05873,43.381054,43.432346,42.965607,43.194733,43.0219,43.30789,43.016586,42.94028,43.425354,43.474937,43.220196,43.400124,43.107437,42.850082,43.6137,42.99995,43.285698,43.314938,43.396038
40.08255,40.045006,39.86242,39.604233,39.977455,39.904266,39.639782,40.0422,40.16498,39.586983,40.02426,39.731174,39.747845,40.06426,39.882614,40.16006,40.146202,39.834698,40.14527,39.990597,39.807823,40.291916,39.892555,40.390083,40.039234,40.49021,40.2436,40.04568,40.517025,40.402733,40.412533
52.600815,52.284344,52.109726,52.26676,52.781975,52.57089,52.452652,52.84328,52.574215,52.621166,52.208183,52.415936,52.715527,52.83491,52.938065,52.856075,52.761803,52.760506,52.76022,52.36687,53.021828,53.22148,52.583405,53.23487,52.64922,52.505104,53.176014,52.968536,52.946533,53.25637,53.075607
41.80261,41.32555,41.414185,41.77718,41.83029,41.697483,41.715984,41.916443,41.553112,41.459293,41.79158,41.794373,41.771408,42.053482,41.416836,42.14332,41.75599,41.756668,41.8671,41.751717,41.6712,41.830124,41.75274,41.91915,42.00472,42.26478,42.215515,41.8329,41.81472,42.092537,42.278927
60.8118,60.960484,61.108498,60.98243,61.377365,61.520493,61.300278,61.5124,61.3307,61.243538,60.93943,60.7861,61.433212,61.211685,61.542206,61.271927,61.247818,61.34246,61.41722,61.229324,61.64247,61.6243,61.46835,61.787773,61.639946,61.44976,61.55749,61.50904,61.20013,61.574566,61.51488
55.56901,55.71726,55.2594,55.865818,55.714134,55.53309,55.38374,55.67006,55.752144,56.054382,55.75363,55.56189,55.983223,55.4752,56.008263,55.343853,55.88058,55.6249,55.87581,56.0199,56.07851,55.822006,55.97609,55.984634,55.87984,55.443687,55.694622,56.175312,56.246532,56.24404,55.726974
46.954384,47.313183,47.61149,46.908558,47.195847,47.09688,46.870815,46.91326,47.136204,46.72624,46.70785,46.854603,47.26,47.35215,47.137043,47.142967,47.174904,46.947586,47.00312,47.16214,47.31853,47.712826,47.301216,47.335587,47.042496,47.428917,47.496185,47.10359,47.415348,47.46334,47.40171
43.924458,43.735,44.18306,43.985733,43.609184,43.783634,43.488907,43.82958,43.9526,43.638344,43.754803,44.06016,43.78058,44.584126,44.085228,43.715195,43.81998,44.189716,43.973473,43.85407,44.184975,44.40202,44.14062,43.74968,44.444126,44.42961,44.415928,43.963932,44.149044,44.565372,44.515274
54.11914,54.43589,54.223244,54.405575,54.48226,54.19103,54.63691,54.25184,54.15556,55.17389,54.186733,54.860077,54.96821,54.831097,54.88256,54.275047,54.87476,54.75209,54.52706,54.7659,54.953125,54.958225,55.031364,54.685883,54.833797,54.48757,54.85482,55.142357,54.473663,54.91496,54.92899
42.71138,42.693985,42.806877,42.615993,42.66149,42.69218,42.485622,42.70897,42.79908,42.72275,42.647,42.779114,42.550674,42.926323,42.501106,42.32046,42.68202,42.92186,42.589355,42.756905,43.008068,43.566967,42.59349,42.758995,42.77792,43.29592,43.225666,42.835613,43.072914,43.024197,42.84878
50.393353,50.413063,50.23285,50.974373,50.53209,50.637093,51.076614,51.06736,50.63439,50.98479,51.008453,50.723724,50.769497,50.73914,51.00913,51.06682,50.940857,50.880527,50.972916,51.029377,50.99222,50.822025,51.120407,50.975693,51.46903,51.104256,50.801006,51.47336,50.725964,51.20655,51.204426
54.96443,55.111057,55.315178,55.257565,55.375816,55.369473,55.238926,55.12757,55.47928,55.541603,55.29702,55.465714,55.696243,55.63263,56.108776,55.3216,55.663475,55.645336,55.56423,55.857796,56.002098,55.462864,55.908604,55.667908,55.99701,55.58909,55.887245,55.625053,55.64696,56.045933,56.07185
47.667095,48.307972,48.118965,48.370506,47.99337,48.004112,48.432236,48.17488,48.32856,48.32475,48.312695,48.22048,48.386883,48.390488,48.527454,48.677395,48.39747,48.23812,48.34016,48.656094,48.483097,48.28133,48.678722,48.67952,48.963783,48.758965,48.447693,48.823753,48.43462,48.661,48.983593
36.58296,36.343235,36.29122,36.410427,36.477066,36.394814,36.534447,36.72501,36.43113,36.45242,36.389877,36.602386,36.30684,36.6387,36.565548,36.749756,36.92027,36.921455,36.690796,36.589867,36.725834,36.83231,36.72093,36.479134,36.61306,36.554268,36.810722,36.811855,36.504322,36.81467,36.62966
46.901505,46.717728,46.712883,46.66869,46.663605,47.193836,47.14151,47.35681,47.176727,46.984844,47.260906,47.236195,46.79344,47.126507,47.196556,47.349583,47.43984,47.345043,47.186356,47.23345,47.053215,47.043365,47.21799,47.083008,47.54625,47.69539,47.041206,47.631638,47.14572,47.482716,47.175888
43.80166,43.67271,43.728188,44.184322,43.34015,43.861145,43.851486,44.02974,43.695213,43.594166,44.044685,43.923958,43.90733,43.9866,43.829647,44.136433,43.86341,43.988503,44.015438,44.08799,43.64823,43.598648,43.806576,43.76568,44.434372,44.3294,43.91848,44.37108,44.358524,43.98195,44.352287
49.425026,49.003513,49.531334,49.223217,49.827576,49.70673,49.94446,49.439304,49.497765,49.949356,49.65566,50.03262,49.734474,50.049988,49.848316,50.06564,49.69276,50.207302,49.898506,49.56245,50.211475,50.12986,49.88018,50.109825,49.732056,49.918396,50.565746,49.841545,49.898228,49.953358,50.30627
54.99457,55.12143,55.616287,55.629055,55.528343,55.401573,55.783062,55.651405,55.31318,55.85077,55.414715,55.462975,55.72512,55.73364,56.13949,55.913685,55.959206,55.823273,55.80143,55.791187,55.936714,55.60055,55.991074,55.58525,55.594467,55.536087,55.77959,56.41593,55.087513,55.755863,55.680756
38.20179,38.49043,37.652092,37.880238,38.421127,37.80469,38.092125,38.000492,38.204895,38.328484,37.984474,38.25179,38.279064,38.21067,38.389492,38.624134,38.638668,38.332462,38.45111,38.74467,38.371166,38.176,38.37251,38.574486,38.279697,38.294662,38.421764,38.518215,38.542156,38.53651,38.783943
45.339794,45.470753,45.657394,45.664772,45.254128,45.540955,45.41324,45.660667,45.430527,45.332138,45.20501,45.485878,45.71611,46.061394,45.47847,45.640446,45.655853,45.667034,45.493797,45.473675,45.61362,45.789368,45.74971,45.413666,45.961742,45.857742,45.721523,45.900753,45.50865,45.885727,45.790073
38.383034,38.530228,38.27115,38.238735,38.548767,38.242523,38.62914,38.213123,38.31312,38.510433,38.468246,38.564846,38.47748,38.211082,38.134125,38.807446,38.59608,38.767773,38.799854,38.746304,38.415043,38.33355,38.68659,38.73133,38.410503,38.445305,38.673096,38.501015,38.652645,38.111404,38.675076
38.7786,39.02728,38.82586,39.03045,38.849403,38.682495,38.945263,38.79726,39.023262,39.0454,38.978283,39.14415,39.149727,39.37494,39.158863,39.260353,39.336594,39.280865,39.126972,39.362328,39.29788,39.19358,39.403263,39.190376,39.54267,39.270317,39.378086,39.27038,39.188698,39.427807,39.674942
48.27434,48.058323,48.135246,48.073383,48.688942,48.047623,48.08869,47.961903,48.08639,48.138966,48.11111,48.21663,48.48845,48.14704,48.264687,48.372986,48.68364,48.19015,48.388096,48.583355,48.56013,48.411095,48.64886,48.533737,47.968544,48.02366,48.7421,48.132732,48.462414,48.606003,48.39883
51.546165,51.18063,51.495834,51.194084,51.58381,51.633213,51.657646,51.4258,51.570034,51.584984,51.646362,51.843212,51.357727,51.730446,51.751755,51.56735,51.763084,51.8173,51.65301,51.669872,52.13002,52.137943,52.084064,51.662674,51.944412,51.973076,52.031933,51.56169,51.924038,52.332775,51.919235
43.475056,43.377647,43.551254,44.057194,43.25499,43.214096,43.39421,43.39887,43.36372,43.638027,44.22817,43.561646,43.583523,43.600494,43.87503,43.587425,43.38358,43.476124,43.90854,44.00171,43.53111,43.467358,43.6489,43.50387,43.866955,44.004356,43.567688,44.112976,44.122177,43.85047,44.230015
43.388718,43.6246,42.979492,43.314957,43.460663,43.140144,43.264847,43.340782,43.69506,43.674118,43.460484,43.746353,43.5518,43.852306,43.88287,43.804356,43.713657,43.582085,43.634243,43.876823,43.903435,43.624203,43.895622,43.830666,44.032406,43.870056,43.688763,43.91891,43.866318,44.417007,44.21621
46.58442,46.182407,46.791092,46.825176,46.526695,46.714104,46.844864,46.83486,46.30283,46.604424,46.6346,46.79907,46.841213,47.029377,46.549072,46.955627,46.51479,47.11087,46.911613,46.578995,46.65255,46.88346,46.61198,46.711678,46.833786,47.029343,47.201263,47.049545,46.607334,46.478275,47.114777
36.72936,36.646984,36.869614,36.9192,36.88015,37.17681,37.036663,37.051598,37.052032,37.266037,37.37782,37.283695,37.234043,37.514225,37.183743,36.92347,37.151905,37.358395,37.07423,37.136112,37.235477,37.49915,37.06554,37.298065,37.56282,37.749756,37.621433,37.350994,37.316048,37.42834,37.715477
49.730072,49.71795,49.65705,49.891994,50.17443,49.635582,49.776363,49.746517,49.560246,49.79168,49.308804,49.884995,50.245823,50.120094,50.008263,50.170975,49.912476,49.876705,49.896923,50.085075,50.272537,49.94899,50.244656,49.967415,49.93342,49.77948,50.228485,50.00769,49.66535,50.314938,50.265472
46.67178,46.757782,47.523155,47.163006,47.294266,47.071503,47.410976,46.88487,46.948177,47.261326,47.213894,47.483025,47.361816,47.384716,47.082905,47.253178,47.2965,47.256508,47.20354,47.207935,47.38663,47.475002,47.68091,47.526604,47.217007,47.45475,47.999954,47.235214,47.105503,47.269836,47.565266
39.695652,39.53132,39.423996,39.668827,39.84606,39.555614,39.777817,39.51161,39.620274,39.96118,39.934372,39.98022,39.922203,39.755512,39.882313,39.75694,40.12031,40.1017,40.01682,40.119785,40.03779,39.962147,40.04,40.093834,39.99024,39.747986,40.346348,39.824196,40.196503,39.962692,40.32767
51.945984,52.018974,52.085175,52.018887,52.28083,52.114883,52.03942,52.065083,52.10262,52.292236,51.92974,51.7938,52.193325,52.249718,52.30025,51.95049,52.06918,52.383636,52.28564,52.298508,52.617153,52.807735,52.073475,52.382317,52.274418,52.431,52.61288,52.335117,52.412178,52.332542,52.565918
45.487423,45.772163,45.906357,45.864407,45.78862,45.933086,45.851635,45.705612,46.13953,46.1034,45.970856,45.996643,46.1154,46.27058,45.944553,46.05722,45.9769,46.321964,45.998573,46.18067,46.341267,46.11604,46.028522,46.186516,46.305046,46.390495,46.424843,46.214794,46.22794,46.108337,46.343426
50.138603,50.03127,49.989464,50.00719,50.317215,50.222626,50.116573,50.270985,50.164276,50.364574,50.04484,50.17646,50.595413,50.417377,50.548428,50.08806,50.56861,50.46981,50.396694,50.243587,50.574905,50.832485,50.48983,50.76435,50.49703,50.133064,50.77493,50.44697,50.52452,50.66896,50.690273
38.54765,38.578407,38.040504,38.074505,38.46392,38.506023,38.503483,38.590553,38.61531,38.288948,38.25914,38.422825,38.6907,38.46238,38.61621,39.04964,38.788456,38.944424,38.726543,38.688053,38.612778,38.777164,38.268715,39.31485,38.743107,38.564133,39.09396,38.696514,39.251408,38.51471,39.255096
48.035965,48.29794,47.90867,48.206516,48.087845,47.91443,47.943344,48.03316,48.114353,48.26415,48.02894,48.38381,48.310844,48.17683,48.263424,47.9085,48.215195,48.038235,48.09745,48.47079,48.389355,48.356647,48.523773,48.29628,48.513813,48.37024,48.28429,48.433163,48.48871,48.753723,48.451992
46.377846,46.342045,46.863144,46.069477,46.339653,46.385445,46.582684,46.258923,46.340916,46.51468,46.712307,46.891533,46.463,46.642784,46.31426,46.597076,46.885803,46.60437,46.728447,46.465916,46.16437,46.66102,46.86402,46.73745,46.33435,46.875404,46.85866,46.78515,46.69721,46.439354,46.623024
47.243156,47.382954,47.16314,47.25436,47.314552,47.061806,47.37705,47.181618,47.166523,47.370075,46.73792,47.352543,47.40901,47.524433,47.447155,47.42753,47.4886,47.757523,47.180714,47.620613,48.031303,48.139446,47.400963,47.41256,47.5191,47.413124,47.882957,47.58441,47.565483,47.638298,47.75263
50.360218,50.457455,50.51893,49.97175,50.364075,50.583866,50.582016,50.58863,50.399696,50.42691,50.768063,50.08293,50.35868,50.356514,50.39212,50.70575,50.265823,50.2802,50.80732,50.268238,50.136776,50.87092,50.40555,50.927895,50.42021,51.068604,50.269062,50.91124,50.829224,50.46284,50.73317
40.176075,40.120064,39.88569,40.28649,39.78106,40.183125,39.805546,40.519745,40.612453,40.097927,40.354717,40.345554,40.028503,40.660954,40.31725,40.269314,40.296707,40.457897,40.350166,40.166065,40.35793,40.33477,40.39194,40.323257,40.95801,40.69825,40.34364,40.62151,40.555305,41.020813,40.553818
46.796593,46.23736,46.300392,46.300564,47.18853,46.94373,47.078518,46.79745,46.517857,47.140358,47.21751,46.99638,46.794712,46.478218,46.912064,46.8569,46.87324,46.86311,47.105858,46.909046,46.981804,47.06779,46.960358,47.217865,46.6275,47.007904,47.130665,46.952965,47.115585,47.077114,47.05801
42.933086,42.88175,42.944992,42.958744,42.56581,42.95137,42.931408,43.210175,42.938305,42.85284,42.83982,42.883244,42.78266,43.215275,42.842262,43.145374,43.104626,43.41547,43.074516,43.002728,42.91571,43.3305,42.57808,42.966103,43.1466,43.475388,43.31258,43.565727,43.333107,42.87042,43.240585
44.79511,45.164818,45.381393,45.243053,44.892876,45.2109,44.94138,45.24426,45.58621,45.181057,45.415916,45.00884,45.24528,45.411453,45.616894,44.930256,45.498497,45.316917,45.272564,45.302982,45.54724,45.800488,45.514626,45.67408,45.79081,45.54299,45.649,45.509613,45.70384,45.80855,45.65233
37.984512,38.154232,38.14308,37.897015,38.368874,38.049206,37.887627,37.95948,38.10349,38.075718,37.73449,38.367867,38.376575,38.595055,38.050003,38.159996,38.238842,38.318836,38.135437,38.34215,38.24938,38.301403,38.256332,38.308372,38.23675,38.58732,38.76001,38.12393,38.0646,38.36224,38.634624
55.057335,54.444466,55.262344,54.820423,55.216766,55.39992,54.765377,55.007477,55.092926,54.886806,54.769848,55.11546,55.457077,55.55083,55.02408,54.96181,55.407032,55.642445,55.34133,54.899723,55.377583,55.270584,55.319115,55.29782,55.181126,54.947083,55.97397,54.846416,55.209183,55.23026,55.20858
56.173134,55.736904,56.067055,56.163055,56.425934,55.955147,55.967968,55.909763,55.580196,55.911728,55.644485,56.03325,56.542282,56.328728,56.021095,56.266384,56.058372,56.007378,56.210552,56.068115,56.310955,56.27573,56.334812,56.201958,55.90845,55.86757,56.587315,56.08526,56.201107,56.377357,56.436882
52.703785,52.963917,53.266487,52.803993,53.034325,53.065655,53.583145,53.006348,52.77546,53.429775,53.115746,53.223923,53.166164,53.131252,53.25846,53.142036,53.157753,53.214153,53.15562,53.18995,53.303684,53.79836,53.413616,53.383102,53.237144,53.60865,53.385975,53.63409,53.147884,53.17354,53.481747
56.61165,56.81936,57.280563,56.62973,56.76542,57.207962,56.459854,56.785194,57.188625,56.31302,56.79315,56.794456,57.094543,56.60018,56.363087,56.562824,56.90392,56.47762,56.68179,56.70414,56.719086,56.876663,57.177677,57.345413,56.81246,56.985687,57.118393,56.59493,57.39486,57.06834,56.40676
56.104713,56.00438,56.41584,56.136936,56.263504,56.45948,56.18813,56.25124,56.284546,56.290894,56.106014,56.455193,56.611885,56.716373,56.53441,56.150482,56.688103,56.364807,56.334854,56.20331,56.65723,56.681927,56.959595,56.516365,56.72481,56.362816,56.7519,56.43875,56.532646,57.06924,56.532703
40.18706,40.46382,40.402267,40.430748,40.444946,40.43209,40.88441,40.482224,40.138165,40.72448,40.321472,40.90481,40.710915,40.599487,40.691784,40.530025,40.717678,40.666424,40.348457,40.82816,40.76025,40.940987,40.835617,40.57399,40.83471,40.89309,40.853455,40.948383,40.497192,40.757256,40.962616
51.361458,51.52798,52.14392,51.25935,51.725273,52.11219,51.48836,51.687508,51.9167,51.597954,51.788548,51.892097,51.89309,51.835873,51.593796,51.291115,52.151417,51.622158,51.71513,51.819748,51.493237,51.705917,52.10542,51.90757,51.818237,52.342552,52.05459,51.762913,51.730923,51.93554,51.524372
53.0575,53.05501,53.115036,53.090145,52.975594,52.88685,52.70315,52.713528,52.974846,52.954628,52.905632,53.02717,53.193676,53.112076,53.15666,52.93773,52.915092,53.09466,53.21248,53.291233,53.267086,53.14215,53.116665,53.15629,53.14515,53.14628,53.361988,53.161774,53.76573,53.3106,53.473755
47.96796,47.761837,47.940178,47.93064,48.438774,48.2396,48.193466,48.16368,48.028336,48.443497,48.211987,47.820778,48.291603,48.363426,48.579422,48.391674,47.93245,48.480083,48.53577,48.26259,48.622463,48.62515,47.969204,48.48417,48.15079,48.49758,48.569157,48.54282,48.35081,48.341053,48.81137
48.71713,48.257355,48.191154,48.39218,48.450905,48.42328,48.514854,48.541317,48.043842,48.32797,48.27463,48.724068,48.633728,48.45309,48.50814,48.56682,48.601086,48.709087,48.721607,48.707584,48.422543,48.43065,48.681152,48.442223,48.73546,48.54148,48.683517,48.63708,48.65345,48.606956,48.87233
48.56439,48.35834,48.510185,48.361614,48.76863,48.792004,48.43863,48.504032,48.68893,48.373432,48.225254,48.454334,48.52319,48.6765,48.398327,48.583267,48.619373,48.994587,48.512554,48.897793,49.192078,49.00286,48.47078,48.506706,48.687393,48.989326,49.1479,48.423573,48.858757,48.81537,48.681847
41.72302,42.253513,42.033546,41.84131,42.336136,41.661827,42.01946,41.54724,41.82383,42.424973,41.90684,41.96392,42.587914,42.30952,42.52187,42.336617,42.19275,42.097736,42.37261,42.3746,42.273018,42.324352,42.25982,42.675667,41.93249,42.021492,42.50843,42.441082,42.42225,42.14384,42.98009
40.48688,40.6113,41.019897,39.967716,41.469666,40.91461,41.1986,40.285515,40.627426,40.76694,41.24135,40.693,40.988934,40.181046,40.536335,41.46841,41.2224,40.46873,41.15801,41.00134,40.499084,40.675232,40.98493,41.767097,39.81084,40.83766,41.325596,40.658886,41.367466,40.337597,40.94396
50.95787,51.15605,51.20294,51.42404,50.56636,50.613655,50.561016,51.097782,51.135487,50.768856,50.83274,50.970234,50.91024,51.61513,51.35867,50.971752,51.072838,51.011528,51.127983,51.148296,51.17852,51.355278,51.35205,50.97605,51.748608,51.523445,51.23878,51.53402,51.275326,51.84814,51.685738
32.69464,32.529842,32.631298,32.916576,32.48112,32.531647,32.39605,32.678265,32.63836,32.58825,32.543694,33.1542,32.84646,33.152557,32.345917,32.75553,32.832497,33.273636,32.899143,32.794785,32.547626,32.38361,32.76613,32.581306,32.966457,32.828384,33.24621,32.80981,32.671375,32.55374,32.96142
47.91649,47.90246,47.93512,48.062405,48.06308,47.660828,47.78545,47.791943,47.96144,47.805153,48.099422,47.864223,48.1758,47.92389,48.169228,48.359993,48.06177,47.974594,48.388973,48.292797,48.030087,47.870102,48.20833,48.524734,48.046734,47.97432,48.389,48.152534,48.42772,48.147552,48.61067
51.496975,51.24902,51.191216,50.941177,51.84117,51.150333,50.938896,50.81666,51.410378,51.354214,51.52205,51.296745,51.471096,51.15676,51.352028,51.18774,51.31773,51.31353,51.79045,51.68942,51.57075,51.45777,51.62561,51.90352,51.20188,51.400772,51.839596,50.93535,51.966618,51.63552,51.835316
47.35988,47.87943,48.04821,47.393837,47.508347,47.750717,47.51154,47.48581,48.08846,47.754093,47.48728,47.834515,47.75604,47.902473,48.039803,47.259552,48.061203,48.045986,47.566277,47.88581,48.363583,48.570755,48.230648,48.02471,48.164684,47.955612,48.24085,47.758945,48.12144,48.293606,47.901333
56.43824,56.537666,56.60637,56.99444,56.720963,56.77149,56.652657,56.70459,56.765762,57.016033,57.174377,56.69064,56.904057,56.54958,56.66551,56.358578,56.61887,56.58015,56.961018,57.032047,56.83309,56.698406,57.039093,56.964394,57.12915,57.132744,56.824017,57.033646,57.094902,57.012096,56.87205
45.08377,45.40861,45.21988,45.02104,45.23249,44.79249,45.2597,44.914215,45.26931,45.323395,45.417915,45.618546,44.981174,45.192894,45.270813,45.502453,45.586548,45.059963,45.388115,45.656754,45.271942,45.21699,45.852123,45.43257,45.3182,45.683266,45.360718,45.574192,45.504604,45.76074,45.528522
52.911087,52.90125,53.20552,52.791664,53.123978,52.876293,52.830925,52.7766,53.143536,52.80934,52.958553,53.254135,53.071194,53.248768,53.072872,53.179634,53.422714,52.94178,53.096035,53.253483,53.250652,53.168247,53.660282,53.30126,53.185513,53.339127,53.502975,53.035233,53.217422,53.694954,53.286125
52.317993,52.172787,52.181023,52.858913,52.629288,52.797695,53.045208,52.788345,52.79153,53.043484,53.301533,52.70739,52.864307,52.475388,53.33595,52.93137,53.115643,53.005264,53.005386,53.322372,53.401924,52.78979,53.21257,53.1202,53.49257,52.88829,53.021637,53.19921,53.18862,53.34329,53.270496
45.031296,45.43804,45.452835,45.038265,45.038857,45.436474,45.29564,45.34893,45.435753,45.200813,45.270336,45.347954,45.30155,45.436436,45.09536,45.53516,45.402924,45.21849,45.22506,45.256256,45.20278,45.472847,45.403893,45.476074,45.367702,45.830673,45.282417,45.77907,45.656887,45.53034,45.251587
38.901558,39.418533,39.612915,39.27887,39.12657,39.317345,39.315426,39.47743,39.485683,39.358288,39.290802,39.24976,39.469788,39.674294,39.589893,39.773037,39.537167,39.60726,39.57135,39.4327,39.23068,39.41775,39.24522,39.75257,39.40606,39.794968,39.713726,40.08875,39.474503,39.23687,39.784378
47.22667,46.916634,47.16388,46.942883,46.843605,46.889187,46.652256,46.88541,47.28421,46.847572,46.86809,47.04483,46.967907,47.291073,47.179405,47.071785,47.284695,47.79332,47.505184,46.989323,47.457718,47.39827,47.33049,47.321053,47.30343,46.71209,47.691833,46.947887,47.61688,47.2334,47.37177
49.36939,49.4641,48.823486,49.274784,49.055565,49.448544,49.045574,49.559113,49.882084,49.49466,49.589893,49.522552,49.31279,49.292698,49.430237,49.165554,49.635143,49.713272,49.572124,49.81597,49.59535,49.31845,49.54195,49.60502,50.1424,49.812347,49.372566,49.74265,49.969704,49.911785,49.479958
57.749687,57.359154,57.976204,57.911163,57.90818,57.881,58.0234,57.885204,57.666996,57.77651,58.076813,57.933758,57.893738,58.082306,57.778156,58.252007,57.97221,57.782524,58.16146,57.813255,57.928013,57.876396,58.403603,57.99022,58.047268,58.190506,58.137344,58.137424,57.921547,58.31193,58.092133
61.5178,61.483826,61.865135,62.095272,61.712883,61.77932,61.740543,61.86217,62.089863,61.757137,62.47767,61.583496,61.82267,61.60837,62.064648,62.084118,62.080063,61.64157,62.264275,62.273453,61.917133,61.518898,62.248547,62.256317,62.20194,62.213562,61.976223,62.303295,62.30449,62.26923,62.07828
43.019863,43.452896,43.415977,43.483097,43.110023,43.29638,43.02833,43.233765,43.342556,43.253666,43.0861,43.313187,43.50392,43.43577,43.07733,42.97037,43.208374,43.30803,43.197414,43.367294,43.347652,43.464417,43.37143,43.387794,43.560802,43.54554,43.568405,43.470966,43.64807,43.42184,43.42232
53.959106,54.346405,54.17398,54.58437,54.380302,54.03714,53.960518,53.95896,54.1348,54.32103,53.863113,54.02916,54.65472,54.18534,54.16531,54.187977,54.12402,54.18499,54.309383,54.62862,54.566753,54.040287,54.385612,54.290253,54.2289,54.06299,54.410152,54.465374,54.511673,54.304935,54.31882
45.00019,44.70336,44.84855,44.650566,45.22602,44.946785,44.85634,44.679432,44.998203,45.165974,45.353027,45.12405,44.989044,44.893288,45.03848,44.79759,45.279457,45.286552,45.496815,45.321766,45.110184,44.96654,45.41308,45.238487,45.114662,45.120598,45.397896,44.81459,45.29209,45.132103,45.31602
49.120056,49.03247,49.014862,49.007645,49.04451,48.89673,48.900883,49.02022,49.021935,48.906483,48.979084,48.972187,49.049385,49.1201,49.05739,49.40416,49.150284,49.207973,49.479538,49.197693,49.003185,48.923916,49.19149,49.281807,49.12549,49.15696,49.279648,49.32322,49.420673,49.1535,49.417274
46.36832,46.634003,46.5282,46.747097,46.61358,46.58123,46.72475,46.707146,46.696068,47.006058,46.61498,46.724213,46.980618,46.968987,46.99009,46.728085,46.852757,47.092808,46.952873,46.886696,47.0682,46.961983,47.109818,46.972015,47.232853,46.793793,46.981487,47.126286,46.67258,46.967426,47.163296
44.70832,44.265015,44.43538,44.33884,44.82376,44.280987,44.641556,44.468777,44.34883,44.538143,44.765,45.02084,44.41648,44.66532,44.426197,44.97884,44.815422,44.591915,44.965363,44.706284,44.400543,44.485348,44.982136,44.876137,44.49135,44.924408,45.086002,44.69415,44.64897,44.863388,45.030666
50.645824,50.734074,50.682846,50.18655,50.942024,50.936653,51.00437,50.77088,51.115078,51.15406,51.143383,50.95274,50.79571,50.885563,51.12896,51.192818,51.37803,50.97896,51.245808,50.84641,51.051598,51.17103,51.316864,51.639565,50.97209,51.084953,51.215237,51.247818,51.48392,51.391083,51.197803
46.34952,46.2102,46.029373,46.20772,46.37529,46.07996,46.318485,46.140182,45.82429,46.313305,46.378468,46.6795,46.46483,45.901875,46.10235,45.977608,46.204384,45.954796,46.1092,46.603634,46.213127,46.60869,46.39407,46.45543,46.14603,46.57006,46.47505,46.432636,46.6595,46.502995,46.467266
54.89232,54.191917,55.155632,55.03483,54.886703,55.627995,54.901123,55.43369,55.256824,54.669506,54.886395,55.19614,55.34628,55.69405,55.24271,55.29859,55.283497,55.752384,55.274597,54.932125,55.3885,55.02334,55.20594,55.2723,55.75098,55.411163,55.98564,55.141335,55.11508,55.447983,55.46381
49.576294,50.07258,50.259377,49.687386,49.884598,49.85452,49.983883,49.794876,49.96238,50.01511,49.72946,49.88411,50.198868,50.18287,50.36074,50.290066,50.33394,50.04053,50.12707,50.074768,50.08276,50.252445,50.20013,50.46795,49.935917,50.095146,50.3644,50.534786,50.332195,50.13428,50.41591
51.47436,51.29163,51.087463,51.514412,51.49604,51.760643,51.86635,51.888657,51.880165,52.007324,51.933903,51.58361,51.53682,51.642048,51.897903,51.94878,51.869373,52.14389,51.96116,51.699814,52.22595,52.12825,51.735867,52.195915,52.14106,51.83011,52.032005,52.231483,52.30998,52.132423,52.01478
56.189648,56.467205,56.513138,56.75858,56.37597,56.562508,56.265404,56.64565,56.71683,56.48078,56.09336,56.25477,56.697018,56.777912,56.891712,56.241528,56.403473,56.77257,56.528004,56.62864,57.25172,57.02148,56.92066,56.64647,57.28737,56.626587,56.824657,56.709427,56.60493,57.186802,56.850384
51.55506,51.00852,51.283188,51.858826,51.790764,51.551113,51.978653,51.608166,51.262623,51.93118,51.812298,52.003586,51.948215,51.991013,51.94359,52.104774,51.874077,52.067448,52.015957,52.06072,52.103447,51.59895,52.11642,51.700058,52.155445,51.884033,52.206245,52.04959,51.648632,52.0785,52.39819
45.865864,45.8047,45.691788,46.08094,45.838707,46.046986,45.6694,45.941578,45.866592,45.96741,45.752148,45.99139,46.240437,46.141766,45.82844,45.709167,45.8812,46.16144,45.9557,46.099808,46.13901,45.95532,45.926304,45.854324,46.279774,46.09391,46.17046,46.115433,46.279484,46.168556,46.116684
50.625683,50.551437,50.542236,51.16683,50.887398,50.86674,50.882515,50.95593,50.86999,51.268295,51.056126,51.051857,51.03333,51.001614,51.188038,50.771614,50.954544,51.076176,50.954845,51.27401,51.45195,51.087162,51.102654,50.938103,51.30847,51.21009,51.22564,51.419884,51.14296,51.4872,51.19164
47.36401,47.630356,47.31581,46.869396,47.157417,47.053276,47.092144,47.12414,47.75399,47.357994,47.49111,47.483063,47.068188,47.293217,47.695393,47.269882,47.802067,47.52881,47.55484,47.689102,47.67456,47.908657,47.836792,47.80513,47.679787,47.65275,47.564503,47.54979,47.996677,48.018185,47.696182
40.391968,40.84386,41.099007,40.64921,40.41784,40.820675,40.59368,40.843513,40.99223,40.50199,40.883095,40.60481,40.69589,41.098267,40.45083,41.11071,40.944855,40.65622,40.80724,40.712116,40.34388,40.7239,40.633747,40.965317,40.797863,41.527733,40.896786,41.304325,41.041534,40.767643,40.874657
50.32535,50.85538,51.10105,50.9943,50.85253,50.790302,50.875023,50.83739,51.15487,50.97015,50.930798,50.71137,51.12126,51.056076,51.284977,50.972878,51.2715,50.93871,50.97616,51.14073,51.373253,51.349857,51.416386,51.49012,51.313175,51.09178,51.43523,51.27302,51.1067,51.40413,51.32999
36.912666,37.086067,36.964912,36.708115,36.8219,36.939,36.744072,36.999413,36.77881,36.87677,36.539753,37.08772,37.08569,37.39937,36.887287,36.843834,36.836617,37.227524,36.975056,36.99637,36.780663,37.24639,36.746323,36.927986,37.163376,37.559685,37.23958,37.227745,36.961956,36.93216,37.461292
49.77885,49.761635,49.408028,49.986237,49.72345,49.641388,49.959236,50.017296,49.393085,49.914864,49.510605,49.83518,50.0788,49.61952,49.820957,50.014236,49.833614,49.91141,49.825092,50.016205,49.903152,49.98888,49.680775,49.94909,49.76972,49.71866,49.91551,50.498455,50.0514,49.787933,49.95032
42.251556,42.092422,42.50585,42.262753,42.503807,42.570297,42.45808,42.317154,42.355785,42.462418,42.45495,42.555573,42.477303,42.48493,42.19732,42.270355,42.49279,42.764732,42.378433,42.562485,42.712456,42.933144,42.33778,42.560303,42.36158,42.82389,43.113453,42.442802,42.701122,42.391453,42.56128
59.57087,59.428295,59.728806,59.29098,60.01053,59.779263,59.83734,59.725952,59.614716,59.674797,59.60102,59.46943,59.88002,59.66358,59.752422,59.82766,60.02595,59.769005,59.990524,59.783997,59.874348,60.201588,60.026783,60.311592,59.74304,59.915794,60.229927,59.8063,59.77277,59.875656,60.013805
42.50625,42.65394,42.85189,42.441742,42.50244,42.88342,42.55732,42.86877,43.20282,42.58857,42.579662,43.174114,42.735897,43.48687,42.680668,42.982994,43.10873,43.16183,42.764786,42.672047,42.93351,42.957973,43.218254,43.008163,43.42296,43.43702,43.30556,42.942173,42.727524,43.402615,43.062794
50.19547,50.54274,50.06849,50.300713,50.918037,49.781334,50.660484,49.71979,49.948364,50.923622,50.510574,50.504276,50.8183,50.149235,50.88451,50.525112,50.68818,50.17164,50.691814,51.200874,50.856705,50.70446,51.05533,50.986626,50.44555,50.357796,50.79107,50.608788,50.844376,50.80519,51.38011
43.76813,44.0964,44.02659,44.008995,44.06562,43.915993,44.274204,43.85916,43.69777,44.27625,43.917397,44.050674,44.386116,44.04142,44.14508,44.291286,44.01627,44.147354,44.140038,44.25539,44.185787,44.314625,44.06879,44.31745,43.95095,44.135536,44.288513,44.54187,44.375256,43.919613,44.476467
37.354584,37.75107,37.86586,37.198597,37.58049,37.68196,37.47323,37.44844,37.828243,37.61238,37.634933,37.81284,37.523914,37.893425,37.36915,37.67104,37.90453,37.549465,37.510227,37.60467,37.585384,37.90358,37.78587,37.76761,37.46391,38.196518,37.876324,37.858368,37.945698,37.950977,37.56652
37.555866,37.524925,37.419754,37.741623,37.65673,37.767666,37.757217,37.8946,37.81869,37.9115,38.047344,37.80786,37.72995,37.937103,37.725937,37.919044,37.823242,38.02677,37.936977,37.95754,37.86452,37.867184,37.74017,37.890434,38.10214,38.307625,37.984406,38.169262,37.90578,37.983265,38.117565
50.849236,50.900963,51.1158,51.22987,51.07589,51.132942,51.77983,51.222416,50.883545,51.55741,51.53436,51.167614,51.160213,51.21674,51.343105,51.484432,51.30783,51.363995,51.401237,51.44006,51.44916,51.7235,51.39394,51.405396,51.542316,51.78331,51.46135,51.877216,51.430054,51.32764,51.753876
45.913578,45.623913,45.69246,45.646214,46.05288,46.078087,46.349735,46.0444,45.786552,46.070656,46.302517,45.91704,45.959835,45.89456,46.0426,46.31456,46.490623,46.189396,46.314087,46.247833,46.05885,46.210304,46.260933,46.222267,46.214428,46.311928,46.207375,46.271626,46.214558,46.166935,46.34385
55.143833,55.072598,55.511986,55.820675,55.195778,55.774345,55.527493,55.69514,55.439114,55.737072,55.42515,55.35781,55.745712,55.901585,55.561916,55.43885,55.356163,56.01176,55.693935,55.437183,55.853214,55.677074,55.451466,55.431778,56.003906,55.761276,55.832527,56.080418,55.706806,55.552483,55.70894
46.136463,46.704212,46.57988,46.088833,46.54014,46.428898,46.44588,46.215065,46.565556,46.748817,46.27948,46.6819,46.79106,46.394886,46.419033,46.388733,46.81053,46.529015,46.437794,46.5237,46.662945,46.841835,46.834564,47.01217,46.225216,46.34552,46.789642,46.768032,46.849087,46.568066,46.33074
45.651005,46.192238,45.811745,46.23198,45.799156,45.658543,45.817566,45.905964,46.068085,46.291977,46.11892,45.849808,46.122036,46.044003,46.486805,45.774265,46.093266,45.998676,46.15875,46.423016,46.33251,46.30904,46.3154,46.247383,46.54798,46.2241,46.058475,46.551056,46.35875,46.51468,46.57359
51.16031,51.442146,51.362076,51.59701,51.37407,51.670174,51.916695,51.839188,51.59142,51.74125,51.464775,51.59608,51.871857,51.74597,51.76911,52.08739,51.8796,51.966705,51.79665,51.779808,51.79831,51.598923,51.889973,51.973892,52.17959,51.821022,51.818913,52.280483,51.593964,51.708775,51.964603
47.886066,48.063652,48.25937,48.07288,47.977654,48.005352,48.022663,47.98442,48.46087,48.13037,48.173088,48.160255,48.07167,48.309254,48.516083,48.18487,48.453648,48.51138,48.30765,48.34762,48.767902,48.663097,48.65929,48.527924,48.622715,48.261673,48.694965,48.28739,48.58174,48.731766,48.57427
47.16749,46.853672,46.77207,46.91189,47.045403,46.737244,46.900753,47.002346,46.8582,46.877056,46.584118,47.44073,47.175327,47.492363,46.921257,47.382378,47.229504,47.44218,47.215885,47.147217,47.127632,47.107655,47.26645,47.230278,47.334488,47.22268,47.678368,47.174152,46.999073,47.30732,47.618458
40.339237,40.469288,40.66703,40.539192,40.30578,40.74518,40.64614,40.612255,40.612064,40.616055,40.833344,40.979446,40.575066,40.613777,40.705807,40.509678,40.474575,40.745304,40.519966,40.861145,40.72915,40.741283,40.732224,40.56588,40.94648,41.27629,40.742172,40.95172,40.894184,40.87359,40.823414
48.816296,48.51519,48.409515,49.26091,48.505585,49.062347,48.934444,49.415035,49.078026,48.821205,49.50513,48.884914,48.70254,48.608276,49.31686,49.167976,48.78779,49.04139,49.244316,49.297726,49.04942,48.58796,48.948425,49.041298,49.677197,49.416862,48.803734,49.568916,49.44991,49.434673,49.29892
45.32866,45.067417,44.908936,45.54658,45.297394,45.34036,44.872814,45.430058,45.194427,45.02113,44.80982,45.212837,45.610123,45.43702,44.977028,45.21393,45.10549,45.68864,45.439972,45.463974,45.388046,44.9301,45.19496,45.150177,45.647568,45.229973,45.582634,45.208138,45.219532,45.223644,45.42317
54.777588,54.964848,54.113113,54.237514,54.636757,54.226913,54.922344,54.543358,54.656586,54.772694,54.628693,54.683006,54.405476,54.2127,54.755936,55.167713,55.02029,54.735077,54.950558,55.122528,54.978855,54.95811,55.203075,55.05945,54.90023,54.70401,54.451393,55.072468,55.098434,55.105015,54.89402
53.43292,53.680508,53.79857,53.9929,53.376366,53.919815,54.16859,54.169346,54.194717,54.07587,54.357693,54.172985,53.681602,53.75421,54.315037,54.088264,54.2816,54.128822,54.119827,54.19706,54.212578,53.823235,54.723988,54.064453,54.746983,54.26056,53.777557,54.63455,53.977505,54.5337,53.91246
44.593773,44.615875,44.47596,44.509342,44.53765,44.700493,44.7366,44.70888,44.59955,44.59145,44.408215,44.81158,44.711346,44.64517,44.662685,44.85451,44.7731,44.865604,44.634094,44.6494,44.965137,44.986813,44.863182,44.879288,44.829678,44.63418,44.931366,44.903336,45.114372,44.99718,44.805813
41.87548,42.466976,42.36831,42.390976,42.319595,41.92839,42.17939,41.829018,42.124912,42.484863,42.214935,42.632603,42.77163,42.456135,42.8688,41.965145,42.746387,42.13742,42.24284,42.897137,42.640152,42.462433,43.161274,42.50376,42.809086,42.351578,42.66379,42.44675,42.46962,42.9837,42.996033
52.89987,52.94487,52.88832,52.738712,53.42755,53.43195,53.321873,53.25645,53.093403,53.031418,53.170414,52.762802,53.42287,52.800465,53.294933,53.436024,53.11907,52.867302,53.287777,53.1453,53.28929,53.457035,53.23831,53.98423,53.18268,53.287224,53.408085,53.273148,53.68467,53.44433,53.553253
46.911427,46.53282,46.598442,46.717747,46.949883,47.02916,47.03838,47.064674,46.81444,46.971138,47.039173,46.73378,46.923508,46.839893,46.94857,47.24797,46.925247,47.200073,47.2753,46.734837,47.14114,47.2229,46.958,47.308716,46.920864,46.805847,47.17303,47.181297,47.3501,47.06459,47.129856
44.723812,45.0089,44.64174,44.97447,44.728775,45.062267,44.876457,45.176987,45.259377,44.998943,44.887596,45.202248,44.91011,45.029045,45.066486,44.902885,45.109013,45.082977,44.801384,45.22529,45.366577,45.175922,45.225075,45.096252,45.601784,45.443962,45.129215,45.363956,45.32689,45.697315,45.100807
54.960575,55.04947,55.19883,55.28871,55.16799,55.04242,54.809628,54.949657,55.2356,55.242653,55.266155,55.051422,55.552937,55.15312,55.67694,54.80199,55.51888,55.28809,55.5775,55.609142,55.43102,55.08969,55.77465,55.47957,55.646225,55.001495,55.479504,55.266716,55.48888,55.55773,55.59919
56.72533,56.7394,56.823555,56.77988,56.56196,56.898228,56.933514,57.009834,56.916016,56.908634,56.86194,57.237766,56.873085,57.289562,56.89316,56.768913,57.167664,56.95084,56.838913,56.98671,57.05523,57.28703,57.484127,56.920128,57.712585,57.62066,57.074745,57.284077,56.938263,57.67511,57.189133
46.77598,46.598877,46.647987,46.97311,46.460075,46.960976,46.715927,47.06362,47.107117,46.55629,47.077267,46.877415,46.65034,46.74197,46.87367,47.02161,47.027176,46.984173,46.911556,46.981316,47.091682,46.821693,47.08171,46.922234,47.33541,47.04854,46.94854,47.123245,47.434563,47.42049,46.860077
45.987305,46.06156,46.10295,46.123158,45.891144,45.771,45.805943,45.84719,45.74989,45.83747,45.785324,45.99336,46.17119,46.04584,45.91003,45.984547,45.94506,46.00298,46.066647,46.138332,46.007034,46.141056,46.123,45.983894,45.97937,46.022675,46.148975,46.20516,46.26425,46.061256,46.199898
43.245914,43.23016,43.167442,43.31253,43.097298,43.41528,43.133484,43.425285,43.763184,43.287674,43.501724,43.3316,43.253246,43.54801,43.34634,43.47027,43.440083,43.81446,43.51848,43.489277,43.781204,43.61409,43.512573,43.537277,43.886543,43.682182,43.620872,43.527336,43.764137,43.785606,43.554604
41.312572,41.416847,41.45878,41.66986,41.77941,41.45937,41.808426,41.646587,41.42405,41.871876,41.54959,41.30676,41.82865,41.88057,42.406857,42.25784,41.65195,41.964046,42.014084,41.86762,42.1478,41.991096,41.570473,42.046562,41.699524,41.69171,42.108833,42.314426,41.885967,41.864975,42.586933
50.060253,50.112335,49.6082,49.72595,50.210304,49.57942,50.089554,49.546467,49.718277,50.19894,49.823612,50.013172,50.26161,49.887154,50.334007,50.145306,50.082726,50.073944,50.082703,50.398647,50.629066,50.807907,50.236244,50.561623,50.078728,49.911392,50.451023,50.124916,50.760532,50.470676,50.82831
46.739845,46.96467,46.551796,47.160446,47.024063,46.838306,47.216286,47.064945,46.777695,47.3454,46.98375,46.901485,47.166637,46.998917,47.363613,47.24955,47.154522,47.094975,47.18071,47.45534,47.356323,47.125954,47.171356,47.12124,47.367085,47.211823,47.067104,47.68709,47.22164,47.363678,47.525406
47.95863,47.92695,47.69001,48.270603,47.671913,48.09785,47.788467,48.424473,48.396484,48.02471,48.197132,48.3097,48.038742,48.220993,48.476086,48.031986,48.32447,48.353607,48.28802,48.418552,48.272602,47.822533,48.461433,48.14901,49.013916,48.443275,48.159462,48.574467,48.32069,48.828968,48.40672
47.258797,46.968468,46.856873,46.98677,47.22325,46.99544,47.145756,46.99104,46.910076,47.104664,46.92752,47.193462,47.256695,47.19399,47.59263,47.290745,47.270664,47.49522,47.378693,47.468178,47.63779,47.55111,47.327774,47.391006,47.458286,47.133392,47.671047,47.2293,47.680122,47.567596,47.944767
48.50946,47.949253,48.25518,48.07133,48.509377,48.845844,48.54772,48.60967,48.261314,48.379875,48.40155,48.424683,48.61119,48.771973,47.93153,48.792736,48.27151,48.754894,48.65566,48.04923,48.37986,48.687138,48.22934,48.65454,48.4123,48.816765,48.802975,48.569412,48.697803,48.381298,48.5791
53.74671,53.391895,53.85521,53.887543,53.528297,54.133152,53.577145,54.19197,53.951664,53.49719,53.96729,53.566906,53.856506,53.852577,54.02556,53.591995,53.807835,53.979828,53.923832,53.82914,53.985703,54.197697,53.78468,53.9991,54.300217,54.223915,54.116924,54.06108,54.19483,54.21638,54.02317
50.734726,50.72357,50.771126,50.937153,50.750008,50.991985,51.2042,51.017857,50.823074,50.946793,51.092545,51.019447,50.89498,50.814625,51.268612,51.095196,51.115402,51.004677,51.024483,51.28826,51.26066,51.13817,51.317825,51.040756,51.479095,51.32486,51.064415,51.35885,51.328556,51.458317,51.35283
49.01064,49.1384,48.91768,48.80837,48.995514,49.20076,49.455112,49.20248,49.09767,49.262615,49.08921,49.413113,49.129745,49.004124,49.417805,49.349308,49.38365,49.409664,49.134464,49.53868,49.478363,49.570953,49.290993,49.43155,49.481716,49.621056,49.40114,49.65881,49.613983,49.47124,49.528526
41.241142,41.164963,41.444244,41.50211,41.31153,41.21451,41.31772,41.325977,41.308624,41.392113,41.85915,41.420296,41.410328,41.357635,41.562004,41.58709,41.27374,41.474663,41.88384,41.567158,41.231907,41.207066,41.578457,41.697098,41.518738,41.656433,41.614914,41.690918,41.652557,41.393116,41.93106
46.66073,46.995716,46.929565,47.14671,46.680016,46.880722,46.900066,47.04707,47.19583,47.25389,47.370712,47.191227,46.826057,46.848034,47.118103,46.795746,47.04399,47.060387,47.116978,47.355743,47.106697,46.956806,47.257534,47.029823,47.331875,47.4797,46.946102,47.608047,47.25143,47.307182,46.97858
48.724648,48.649426,48.33078,48.522438,48.739525,48.266518,48.229263,48.49089,48.44802,48.492115,48.185318,48.584614,48.551544,48.448826,48.162468,48.374207,48.505104,48.54721,48.62984,48.57066,48.65968,48.814312,48.690685,48.692825,48.360867,48.422165,48.797157,48.547546,48.735435,48.7408,48.45034
47.47599,47.639816,47.495163,47.692036,47.419746,47.476913,47.427315,47.688995,47.989216,47.650642,47.548862,47.928577,47.557217,48.121887,47.900047,47.92429,48.08558,47.949673,47.618763,48.14847,48.136753,47.765926,47.960636,47.588287,48.210648,48.283997,47.958126,48.222637,47.806683,48.472404,47.952393
40.797626,40.871216,40.419632,40.773685,40.67169,40.50636,40.273422,40.591866,40.6727,40.67949,40.59693,40.90864,40.8503,41.128307,40.76134,40.70566,40.59548,40.677784,40.831024,41.081818,40.697212,40.542145,40.76614,40.588936,41.124023,41.292816,40.773613,40.97667,41.035683,41.26457,41.334465
45.59897,46.075268,45.25258,46.016407,45.630104,45.167686,46.123276,45.70405,45.55965,46.3027,45.55185,45.9775,45.78388,46.02894,46.172062,46.249577,46.216328,46.1632,45.883686,46.557613,46.380444,46.131744,46.144077,45.671906,46.36973,46.131096,45.83697,46.752483,45.838356,46.27899,46.45415
54.352207,53.885002,53.653595,53.871315,54.2856,54.231857,54.16551,54.056854,53.8571,54.421387,53.997723,54.160168,54.328438,54.027645,54.22484,54.099846,54.077236,54.45887,54.171738,54.360046,54.735413,54.748547,53.92252,54.15853,53.963192,54.147667,54.339558,54.471756,54.794968,54.42007,54.22529
60.76205,60.655296,60.35164,60.58639,61.0298,60.4595,61.032005,60.37042,60.53249,61.44927,61.207592,61.123,60.863434,60.522636,61.015392,60.66019,60.98002,60.768017,61.220013,61.308136,61.166843,60.973736,61.54306,61.09175,61.059658,60.943787,60.86539,61.091747,61.227554,61.322033,61.21578
47.9984,48.034893,48.143555,48.14308,47.936806,48.08574,48.36766,48.24365,47.851276,47.98416,48.174423,48.091015,48.065193,47.920956,47.872227,48.10988,48.209763,48.01836,48.07526,48.18319,48.084843,48.57245,48.358917,48.209587,48.309013,48.449158,48.200924,48.402126,48.297886,48.241276,48.181988
46.272793,46.12098,46.139145,46.242004,46.018852,46.087765,46.034264,46.242355,46.16701,46.0783,46.125027,46.4448,46.184166,46.4947,46.231503,46.361362,46.178574,46.477215,46.39837,46.42976,46.218845,46.247234,46.191822,46.265297,46.5527,46.73658,46.59302,46.550236,46.550392,46.45107,46.753494
51.66079,51.20172,51.503258,51.898075,51.596397,51.604393,51.546467,51.776905,51.359447,51.279114,51.47099,51.451653,51.68385,51.348377,51.444424,51.515972,51.74241,51.72094,51.68072,51.70402,51.77564,51.835926,51.640797,51.753075,51.67793,51.423317,52.148693,51.628914,51.970657,51.679863,51.683807
41.301003,41.501717,41.218857,41.42179,41.270866,41.26451,41.475384,41.445797,41.401394,41.7083,41.84991,41.409607,41.262463,41.380516,41.442947,41.44602,41.37873,41.619324,41.891342,41.80909,41.259567,41.361465,41.516136,41.491165,41.8273,42.07476,41.318684,41.926136,41.618004,41.39265,41.884327
46.927433,47.54406,47.079178,46.98599,46.89659,46.968117,47.42079,47.237362,47.417618,47.354164,46.99111,47.199833,46.961514,47.26063,47.4463,47.572628,47.546215,47.603012,47.32071,47.560062,47.642273,47.665585,47.590332,47.401398,47.73734,47.588715,47.22982,47.837704,47.38297,47.557716,47.5089
43.59128,44.21755,44.120605,44.464283,43.94278,43.78894,43.983013,43.950977,44.210052,44.124157,43.960354,44.346653,44.513115,44.47262,44.52013,44.288864,44.550568,44.135445,44.101654,44.662914,44.446274,43.946953,44.838684,44.319923,44.83195,44.30194,44.47318,44.531902,44.103504,44.75314,44.716644
50.769615,51.064312,51.070694,51.024338,50.462807,50.891994,50.93872,50.858112,50.857258,50.820866,50.874138,51.17294,50.983154,50.831413,50.979736,50.59576,51.04761,51.09314,50.836605,51.42269,51.027424,51.141926,51.21148,50.814713,51.565536,51.45022,51.02751,51.234646,51.313213,51.095608,51.183628
40.98674,40.895092,41.282814,40.943264,41.077705,41.225773,41.10406,41.086937,41.094418,40.95463,41.084538,41.324547,41.324997,41.42793,41.128593,41.29576,41.439774,41.34564,41.159367,41.147335,41.27937,41.402058,41.475727,41.294388,41.28117,41.33146,41.58781,41.22048,41.2569,41.434017,41.353687
43.450237,43.560448,43.191376,43.04089,43.37674,43.19735,42.83675,43.141857,43.778576,43.28726,43.159824,43.457165,43.185867,43.57501,43.351162,43.399235,43.608704,43.601326,43.5143,43.566654,43.672146,43.51463,43.457638,43.606766,43.45156,43.57041,43.764683,43.4168,44.042206,43.9151,43.587822
51.71013,51.87217,51.453903,51.879715,51.22042,51.87394,51.869236,52.40938,52.20101,51.763374,51.938736,51.68285,51.523113,51.83289,52.00717,52.099323,52.075226,52.107185,52.024837,51.878548,52.00334,52.093826,52.060795,52.06201,52.699764,52.247757,51.632202,52.623463,52.189865,52.425457,51.947773
49.383793,49.43576,49.873093,49.46854,49.070953,49.728256,49.395794,49.911144,49.937855,49.320553,49.645077,49.659866,49.314137,49.98411,49.69576,49.663025,49.64594,49.807148,49.701275,49.364407,49.596752,49.916042,49.813114,49.75946,50.134182,50.265396,49.812927,50.05442,49.775867,50.102844,49.76717
46.805817,46.58033,46.932365,47.126232,46.89173,47.420483,47.17571,47.484634,47.408466,47.07243,47.082603,47.50407,47.1283,47.460155,47.175743,47.306194,47.61398,47.660923,47.140343,47.13633,47.616497,47.10422,47.794548,47.110046,47.845318,47.301636,47.515137,47.383102,46.87005,47.80379,46.967037
39.472,40.018154,39.878242,40.001423,39.27523,39.696022,39.56548,39.8473,40.05958,40.01498,40.097378,39.869835,39.59391,40.08517,39.79479,39.461304,39.703587,39.892883,39.81372,39.97042,39.81526,40.098343,39.824596,39.712112,40.360546,40.633156,39.76224,40.429935,40.196373,40.152927,40.048637
46.429554,46.542,46.480515,46.500313,46.502655,46.993546,46.784256,46.990086,46.65967,46.813942,46.49065,46.640366,46.695198,46.699272,47.062576,46.73395,46.609028,47.035416,46.80203,46.777126,46.952896,46.83668,46.63152,46.7162,47.03449,47.012367,46.72664,47.262955,46.889977,46.89682,46.89474
47.98433,48.09365,48.067802,48.510933,48.204536,48.06826,48.36715,48.39561,48.51931,48.512825,48.767727,48.424904,48.379642,48.44783,48.90723,48.491695,48.76702,48.502686,48.67715,48.844902,48.714516,48.44586,49.010284,48.781578,49.17172,48.713203,48.69314,48.80331,48.431538,49.064426,49.070568
54.810867,54.603962,54.947876,54.622025,55.142433,55.07494,55.063354,54.94031,54.76488,54.927155,54.93809,54.927593,54.94914,54.924076,54.705147,55.255188,55.044956,54.88812,55.215656,54.902393,54.810383,54.850323,55.078358,55.189354,54.723213,55.251953,55.21719,55.201595,55.092533,54.974606,54.98167
47.89742,47.62651,47.70765,47.7738,48.024307,48.063747,48.04331,48.19844,47.931774,47.88037,47.690327,47.79018,47.9671,48.317932,48.180515,48.675087,47.750343,48.41754,48.274136,47.881298,48.39391,48.189934,47.94743,48.156105,48.1815,48.22262,48.241776,48.35112,47.95974,48.27144,48.452732
46.52001,46.306488,46.481117,46.418453,46.65354,46.408176,46.430836,46.315678,46.45593,46.298084,46.453346,46.554714,46.49156,46.444214,46.483864,46.85073,46.8297,46.629658,46.620106,46.892136,46.795406,46.51086,46.677998,46.569153,46.348568,46.592613,46.93128,46.595917,46.900417,46.766773,46.641644
34.849342,34.98168,35.055832,34.66733,34.227272,34.873398,34.490425,34.86435,34.967648,34.49969,34.47405,34.95761,34.59282,35.228275,34.09772,34.795826,34.700504,35.34098,34.63903,34.556812,34.662514,35.19105,34.382816,34.527596,34.804295,35.305614,35.0106,35.05866,35.16123,34.543705,34.5656
53.7184,53.422337,54.171593,53.777626,54.218285,54.05143,54.070236,53.956936,53.5312,53.864563,53.820816,53.86616,54.27067,54.10141,54.12656,54.325417,53.8614,53.77432,54.148975,53.646206,53.96572,54.168064,54.093685,54.40355,53.55126,53.941902,54.47244,54.26065,54.059513,54.111965,54.29083
52.784367,52.619026,52.387726,52.595905,52.6855,52.77667,52.39287,52.793533,52.652027,52.328876,52.255814,52.57717,52.797764,52.44552,52.66758,52.523792,52.4525,52.75571,52.670624,52.834713,52.93605,52.855022,52.63369,52.894676,52.93725,52.72371,52.93768,52.6086,53.136116,52.97095,52.888313
51.134155,51.01243,51.299843,51.137802,51.135513,51.104973,51.086937,51.10537,51.135666,51.083317,51.25985,51.402668,51.22197,51.386837,51.165096,51.380634,51.328247,51.12808,51.38285,51.23504,51.181347,51.174564,51.604233,51.336807,51.31092,51.47576,51.44242,51.44895,51.462875,51.62851,51.41578
50.566757,50.422012,50.64454,50.793713,51.059135,50.872616,50.761074,50.789577,50.98481,51.24396,51.267445,50.899147,51.022156,51.036354,51.444813,50.911144,51.105755,50.98946,51.287094,51.131996,51.28404,50.91416,51.2549,51.3089,51.140175,51.091187,51.32822,51.261497,51.211037,51.52463,51.41691
44.346546,44.424614,44.284767,44.38386,44.049423,44.67287,44.1498,44.898453,44.96525,44.174088,44.79845,44.294785,44.262386,44.635582,44.359066,44.868732,44.72637,44.558556,44.798435,44.61705,44.080334,43.982185,44.36595,44.6364,44.958096,45.23896,44.329025,45.07699,44.81352,44.745495,44.556
49.591335,49.642666,49.780624,50.005577,49.73517,49.845303,50.309048,50.16989,49.79667,50.313835,50.278103,49.822227,50.042145,50.10263,50.501568,50.28281,50.34928,50.156673,50.328735,50.029446,50.129498,50.399223,50.20127,50.46234,50.363075,50.1763,50.27921,50.856228,50.26871,50.285645,50.624035
44.67677,44.287003,44.7604,44.40455,44.299828,44.54615,44.378918,44.40053,44.860264,44.279987,45.218445,44.758915,44.089783,44.553482,44.32135,44.535835,44.614067,44.82328,45.016182,44.65194,44.4656,44.64124,44.85911,44.822678,44.98544,45.193787,45.03093,44.364006,45.27819,44.796143,44.973747
43.321304,43.257774,43.281654,43.765137,43.574127,43.471245,43.617462,43.549526,43.22315,43.66961,43.554825,43.568077,44.009525,43.76095,43.650448,43.796314,43.52672,43.695274,43.772255,43.707935,43.616722,43.517937,43.610565,43.842567,43.81864,43.645027,43.963036,43.92888,43.737553,43.6138,44.21377
55.139233,55.361004,55.65033,55.568424,55.3006,55.358364,55.278763,55.395164,55.839897,55.49955,55.54745,55.469498,55.308506,55.96124,55.72171,55.48954,55.87489,55.520916,55.549,55.689896,55.984882,55.85994,56.048325,55.611046,56.10082,56.06772,55.922672,55.84846,55.802216,56.437134,55.849945
57.124058,57.103115,57.336174,57.083652,57.383408,57.3292,57.54927,57.20552,57.092766,57.371735,57.226734,57.093437,57.388477,57.10087,57.440998,57.70098,57.50673,57.382515,57.537018,57.44095,57.555347,57.520805,57.432884,57.596107,57.057705,57.259865,57.523052,57.76277,57.754875,57.33528,57.39968
44.439156,44.734158,44.546295,44.51143,44.618042,44.658585,44.385082,44.59301,44.87082,44.69926,44.628,44.571526,44.62617,44.62907,44.733665,44.38505,45.060555,44.746674,44.794716,44.97725,44.802673,44.675404,44.960526,44.759033,44.962894,44.85681,44.818615,44.81021,44.963535,45.01975,44.72571
45.11228,44.725864,44.858055,44.79913,44.81243,44.8337,44.69305,44.96702,44.534214,44.54659,44.516106,45.01266,44.94457,44.98746,44.640835,44.818394,44.81124,45.06226,44.95702,44.832714,44.735706,45.069454,44.842278,44.79364,44.87676,45.006325,45.1818,44.920044,44.982098,44.881077,45.0577
42.74797,42.727947,42.5263,42.522865,42.506004,42.621914,42.123337,42.79757,43.018257,42.494976,42.5905,42.60402,42.416348,42.708965,42.458797,42.435318,42.531326,42.949394,42.704197,42.794365,42.882145,42.932182,42.609894,42.52343,42.769028,43.047714,42.614555,42.787598,42.715904,42.9641,42.39469
45.90415,46.11308,45.935394,45.971764,45.61841,45.945408,45.855324,46.35837,46.147717,45.55759,45.63344,46.20721,45.925114,46.151817,46.087738,45.950012,46.27329,46.080658,45.81114,46.183304,46.10508,46.330204,46.455673,46.080986,46.795467,46.497658,46.16004,46.244724,45.89578,46.669357,46.235294
47.88615,47.534164,47.259926,47.016068,48.118782,47.89717,47.342827,47.626953,47.39729,47.454258,47.199806,47.469414,48.012268,47.57055,47.59888,47.57571,47.328117,47.57494,47.730614,47.603535,47.752403,47.912594,47.506554,47.90143,47.3818,47.683777,47.74003,47.418503,47.862106,47.881374,47.837162
48.664494,49.021545,48.774574,49.05671,48.595757,48.627098,48.50554,48.980762,48.93074,48.72863,48.32551,48.702522,48.997066,49.091194,49.168587,49.004616,49.136738,49.141426,49.145493,49.059757,48.94595,48.55574,49.153927,48.883934,49.29584,48.67388,48.94013,49.359524,48.8761,49.09251,49.110325
50.501114,50.119198,50.01126,50.503407,50.471657,50.170124,50.33723,50.260277,50.066006,50.230476,50.398647,50.67362,50.526978,50.31036,49.99164,50.692505,50.549603,50.141594,50.33564,50.680565,50.372295,50.192974,50.517097,50.40255,50.26941,50.54441,50.628952,50.607674,50.801846,50.75336,50.47151
58.293137,58.296337,58.27397,58.37072,58.607597,58.75184,58.95197,58.818974,58.67745,59.0776,58.72079,58.4689,58.61632,58.74134,59.143158,59.18772,58.893677,58.986446,59.11562,58.726917,59.03753,58.726612,58.845665,59.047035,58.93955,58.845093,58.790375,59.495205,58.944466,59.017323,59.024166
46.330624,45.58988,45.971146,45.92014,45.70057,46.082333,45.753178,46.30945,45.59909,45.37487,45.761723,45.83101,45.836895,46.148426,45.55134,45.991566,45.47173,46.12228,46.050205,45.57749,45.612335,46.426895,45.351173,45.963905,45.95947,46.46669,46.346203,46.06196,46.34305,45.830387,46.343426
53.393517,53.55383,52.84767,53.61931,52.99382,53.21856,53.359753,53.69621,53.64116,53.37673,53.096554,53.656975,53.370186,53.587864,53.24263,53.851784,53.699432,53.572887,53.399532,53.436886,53.7601,53.398575,53.935863,53.531128,54.115788,53.371605,53.32021,54.018997,53.768276,54.22826,53.353092
36.487724,36.820267,36.836525,36.768925,36.684135,36.294678,36.44651,36.426613,36.64053,36.528206,36.3985,36.763695,36.626343,36.98826,36.706985,36.800407,36.60745,36.82184,36.581436,37.119953,36.97724,36.995777,36.68547,36.5884,36.73995,37.23999,37.132595,36.864876,36.685116,36.901356,37.190712
50.008884,49.781147,49.87478,50.16717,50.017982,50.019436,50.418594,49.98995,49.99808,50.224525,50.5181,50.220562,50.037502,49.843304,50.26915,50.37664,50.26312,50.340527,50.35747,50.50978,50.539997,50.334618,50.442886,50.358963,50.444515,50.288216,50.42787,50.38934,50.72449,50.414425,50.53392
44.91295,44.967594,44.89907,44.977116,45.104034,44.89039,44.81388,44.804752,45.13294,45.201633,44.981674,45.083973,45.115326,45.21882,44.8455,45.10205,45.037724,45.264805,45.206917,45.05161,45.346714,45.23618,45.15518,45.297363,44.998753,45.052162,45.450287,45.177116,45.463608,45.249752,45.18923
47.386566,46.98924,47.736595,47.632145,47.52384,47.570763,47.6319,47.36414,47.245758,47.489243,47.680573,47.69749,47.658653,47.746147,47.436184,47.71709,47.798027,47.784,47.69215,47.708736,47.654,47.569447,47.666992,47.469444,47.480873,47.76799,48.152416,47.743523,47.79543,47.55192,47.774727
37.11498,37.106255,36.76455,37.286697,37.07,36.741104,36.89446,36.918446,36.821857,37.026268,37.02556,37.02631,36.988132,36.8867,36.744724,37.060703,36.813473,37.147453,37.15279,37.386093,37.16268,37.05544,36.994087,36.840073,37.00738,37.155067,37.06096,37.167065,37.258842,37.021717,37.172432
53.893528,53.49108,53.913292,53.53047,53.58786,54.249977,53.78397,54.02874,53.95368,53.538685,54.40095,53.799698,53.930428,53.50448,53.77942,53.610622,54.11906,53.801384,54.13759,53.782665,53.501335,54.04459,53.963184,54.50499,54.14659,54.16191,54.17915,53.885315,54.754856,53.972134,54.03802
39.81829,39.539543,39.49035,39.215603,39.601723,39.712105,39.602024,39.806656,39.908905,39.613476,39.751453,39.857468,39.46896,39.965645,39.716297,40.019943,39.979168,40.0574,39.826893,39.572674,39.958694,40.296284,39.783825,40.02722,39.78381,40.021645,40.088707,39.940434,40.1377,40.240883,39.931915
47.758633,48.042145,48.196815,48.39517,47.940773,48.345127,48.290737,48.28176,48.208984,48.305573,48.08921,48.021923,48.34882,48.26427,48.294712,48.00709,48.254135,48.52313,48.09681,48.397,48.685474,48.71419,48.21725,48.287354,48.67803,48.482735,48.587353,48.5824,48.518887,48.346363,48.426033
56.037304,56.07766,56.15486,56.372536,56.174118,56.300816,56.31435,56.525944,56.36757,56.106346,56.054005,56.429005,56.41034,56.420612,56.301857,56.623146,56.43206,56.38352,56.35362,56.42945,56.494495,56.211365,56.72571,56.563705,56.813442,56.57991,56.596333,56.65504,56.23678,56.75591,56.49496
48.66512,48.212437,48.766777,48.581818,48.67878,49.06237,48.715717,48.945118,48.74626,48.401184,48.970966,48.876102,48.883873,48.697525,49.01418,48.909374,49.015495,48.832108,49.01276,48.788002,48.726517,48.594707,49.134907,49.095123,49.074802,48.896408,49.14449,48.816074,49.057396,49.14868,49.042355
42.97064,42.175144,42.704773,42.603146,42.945923,43.11651,42.62405,42.91348,42.637836,42.784985,42.752075,42.857918,42.890877,43.16603,42.50152,42.727818,42.443874,43.34586,43.016785,42.420326,43.009644,43.283478,42.455975,42.875336,42.646324,43.01013,43.46908,42.728405,43.04511,42.77056,42.980537
43.426144,43.794556,43.750786,43.015633,43.94584,43.523384,43.871334,43.37954,43.666775,43.9815,43.66154,44.029125,43.720963,43.734737,43.824684,44.013306,44.140144,43.75773,43.90306,43.904434,43.783924,43.873577,44.264137,44.106995,43.456913,43.938286,43.93812,44.006123,43.69312,43.922775,43.867092
45.63241,45.666378,45.497536,45.935165,45.59079,45.515636,45.786655,45.82746,45.56446,45.821526,45.823326,45.78545,45.7087,45.605843,45.63347,45.950058,45.96422,45.785248,45.8377,46.07418,45.746643,45.68307,45.793686,45.679245,45.733738,45.91739,45.746727,46.365753,45.926537,45.83099,45.719303
46.276752,46.692516,46.053513,46.69864,46.591293,46.18502,46.868122,46.306007,46.186028,46.961327,46.631317,46.725574,46.911304,46.212593,46.73286,46.59025,46.88226,46.573826,46.638268,47.420864,46.781273,46.532845,46.9229,46.72834,46.94146,46.706093,46.615784,47.04847,46.793064,46.6453,47.0739
51.804466,51.394165,51.811234,51.673843,51.91491,52.009346,51.92121,51.905354,51.989426,51.832695,52.270287,52.1635,51.775105,51.791946,51.825733,51.82723,52.32652,51.98577,52.05397,52.062386,52.096497,52.02294,52.499973,52.095337,52.179474,52.19451,52.27712,51.884575,52.0695,52.437767,51.86165
58.34747,58.414246,58.0542,58.144215,58.409286,58.14734,58.329956,58.317253,58.46843,58.602116,58.400005,58.791462,58.43244,58.28702,58.257557,58.46908,58.524574,58.32767,58.570637,58.528336,58.473362,58.42429,58.91488,58.866257,58.560738,58.571686,58.516483,58.74948,58.658203,58.876793,58.441284
59.391754,59.333305,59.445488,59.416485,59.93923,59.74859,59.390587,59.400833,59.33309,59.81188,59.349777,59.575592,60.14345,59.588463,59.512535,59.02204,59.537743,59.44078,59.601894,59.69784,59.777477,59.827286,59.780575,59.87802,59.607502,59.675156,60.00018,59.56366,59.791027,59.825264,59.727932
54.58891,54.471573,54.427246,54.83943,54.53579,54.634037,54.87268,54.838818,54.596046,54.874138,55.045815,54.602386,54.788452,54.40216,55.046234,54.437305,54.974014,54.847733,54.89738,55.107155,55.060642,55.279102,55.033745,55.05163,55.295425,54.89599,54.949543,55.093735,55.152245,55.09482,55.128445
47.148605,47.14579,47.319496,47.060776,47.424675,47.323257,47.545887,47.169834,47.306805,47.735245,47.66604,47.750782,47.558678,47.476925,47.22147,47.401024,47.614708,47.62899,47.68039,47.440304,47.35425,47.577995,47.74152,47.902412,47.491665,47.68158,47.897415,47.608498,47.616993,47.376034,47.715557
43.59942,43.710262,43.831657,43.666973,43.410736,43.560925,43.570374,43.557743,43.88805,43.563747,43.874214,44.007854,43.81773,43.903088,43.638622,43.78284,44.07937,43.97525,43.92864,43.882153,43.671707,43.79576,44.14811,44.130966,44.194397,43.961716,44.212486,43.821712,44.18137,43.924263,44.160686
49.13334,48.949783,48.45099,48.81505,48.708954,48.891407,48.52623,49.202923,49.20378,49.01075,48.751698,49.26709,48.772297,49.05585,49.068718,48.621655,49.08222,49.230858,48.99531,48.965084,49.30681,49.238148,49.25877,48.949844,49.432007,49.03408,48.979755,49.25814,49.263664,49.798027,48.86173
57.459507,57.2721,57.66951,57.714348,57.441223,57.232582,57.224823,57.12891,57.24154,57.49844,57.157425,57.564762,57.52288,57.826008,57.283234,57.05889,57.396587,57.84294,57.74811,57.641006,57.747654,57.636272,57.84728,57.24917,57.887386,57.625793,58.042233,57.352234,57.582367,57.5779,57.868866
43.01337,43.261032,43.082573,43.32402,42.961716,42.89417,43.28313,43.137947,42.95877,43.16711,43.024208,42.79438,43.144768,43.188118,43.67473,43.264603,43.032265,43.531845,43.320164,43.627644,43.660248,43.900433,43.04467,43.28968,43.662567,43.531235,43.462883,43.596924,43.55919,43.286194,44.10709
44.385876,44.514324,44.50669,44.78794,44.578033,44.624554,44.630077,44.689373,44.563255,44.798637,44.774746,44.607067,44.937134,44.786503,45.06255,44.59284,44.634193,44.79074,44.768677,45.01343,44.921375,44.99133,44.663563,44.9543,45.099472,45.093597,45.038578,45.101772,45.00549,44.96214,45.386524
35.32996,35.209614,35.523132,35.11632,35.406826,35.552063,35.539333,35.6325,35.439724,35.357002,35.49823,35.69406,35.480774,35.880386,35.359165,35.840805,35.741383,35.740383,35.55641,35.333103,35.367725,35.805557,35.55162,35.726303,35.504383,35.986435,35.938267,35.786194,35.404583,35.62622,35.758648
46.975056,46.921257,46.875328,46.972927,47.271782,46.96304,47.21543,46.86872,46.968204,47.43045,47.508583,47.048,47.015118,46.833267,47.250694,47.225563,47.188766,47.10571,47.488968,47.40941,47.29061,47.179268,47.269005,47.380753,46.9874,47.247826,47.27972,47.433647,47.69121,47.284023,47.42805
44.622547,45.086433,44.69783,44.53467,45.12619,45.055645,45.063934,45.13687,45.43639,45.37256,44.9478,45.13739,44.98255,45.23745,45.385414,45.44822,45.436096,45.268127,45.24032,45.187958,45.379642,45.18223,45.317028,45.652184,45.28338,45.42977,45.359528,45.642494,45.232754,45.607586,45.362785
36.353706,36.816875,36.25432,36.299942,36.13195,36.43288,36.155674,36.565094,37.159733,36.386395,36.659855,36.57032,36.357292,36.440567,36.866108,36.40698,36.79496,36.760323,36.529694,36.799103,36.943565,36.945713,36.860428,37.030075,37.225227,36.761383,36.67929,36.67284,37.213013,37.27139,36.856995
53.001328,53.050842,53.09169,53.252335,53.112015,53.32797,52.855103,53.285294,53.283676,53.02941,52.844337,53.032906,53.494125,53.30929,52.895866,53.077946,53.04923,53.163967,53.037575,52.965084,53.46003,53.462524,53.237465,53.416542,53.253166,53.114433,53.422634,53.331074,53.488182,53.527428,52.982845
55.404716,55.954975,55.872353,55.84395,55.63983,55.693974,55.735474,55.63775,55.98513,56.08992,55.78728,55.635647,55.96754,56.06756,56.152386,55.72496,55.95089,55.929127,55.903816,56.192814,56.330914,56.25505,56.197266,55.961823,56.35688,56.25779,55.907566,56.338547,56.10754,56.340458,56.199535
59.13574,59.172894,59.8108,59.354347,59.421432,59.97344,59.828922,59.84178,60.009987,59.446075,59.763924,59.546997,59.567707,59.770756,59.944035,59.905804,60.119625,59.89517,59.951954,59.568165,59.918133,59.789562,60.35392,60.29451,60.454777,59.996185,60.21281,59.813763,59.85223,60.18898,60.028713
45.76816,46.280415,46.123726,46.10865,46.16767,46.14002,45.81884,45.938187,46.34538,46.456783,46.12551,46.201023,46.423008,46.57925,46.33093,45.906197,46.00195,46.21609,46.21562,46.51436,46.4273,46.258755,46.278286,46.252472,46.575336,46.859283,46.34549,46.496,46.34052,46.58633,46.637817
38.869015,39.040886,39.110153,38.95462,39.08593,39.32657,39.03096,39.11101,38.932995,39.130375,38.94932,39.070816,39.598778,39.744164,39.030167,39.282387,39.112133,39.11283,39.057354,39.029984,39.063362,39.362564,39.044823,39.184074,39.281113,39.64061,39.30678,39.485428,39.26255,39.361847,39.55475
43.90417,44.6641,44.185608,44.102173,43.93847,43.836838,43.927574,43.806656,44.237175,44.239487,43.80819,44.218174,44.381397,44.3606,44.018883,44.07568,44.395798,44.27405,44.16912,44.477066,44.291534,44.24264,44.63356,44.172707,44.51248,44.245438,44.101948,44.391026,44.322598,44.339893,44.29015
46.32412,46.23791,46.68605,46.814537,46.63954,47.01541,46.621033,47.010406,46.974064,46.66952,46.865757,46.667446,47.035698,47.336147,47.094463,47.251522,47.047737,47.129086,47.06393,47.00251,46.896736,46.373005,46.87811,46.90017,47.328358,47.33184,47.158066,47.286892,46.61367,47.1057,47.253845
39.630123,40.031002,39.52323,39.910847,39.44129,39.556454,39.718388,39.724926,39.85714,39.819542,39.79485,40.057,39.969166,39.956226,40.152275,39.953438,40.163116,39.88474,39.64494,40.40249,40.153492,39.98556,40.111694,39.79335,40.388874,40.17064,39.81025,40.373886,40.24878,40.486366,40.256382
46.205364,45.987473,46.046745,46.209957,46.23043,46.05476,46.39788,46.26303,45.881058,46.05045,46.038708,46.177017,46.311512,46.113888,46.151203,46.709843,46.361385,46.3804,46.360123,46.318974,46.311707,46.410328,46.21749,46.483078,46.08765,46.14247,46.61284,46.54543,46.48548,46.179943,46.517056
52.53731,53.077225,52.239136,53.030315,52.70199,52.363445,52.855354,52.70589,52.81407,53.10125,52.792385,52.699482,53.03812,52.5325,53.435234,52.832275,53.28218,52.713413,52.82793,53.58479,53.478382,53.12966,53.425167,53.124115,53.470135,52.721054,52.73433,53.42095,53.276917,53.64871,53.294804
61.412434,61.077034,61.14595,61.653984,61.568253,61.88201,61.474884,61.861053,61.738094,61.450787,61.655846,61.133152,61.670834,61.341434,61.797794,61.54956,61.688477,61.658966,61.696606,61.817574,62.13584,61.76767,61.663372,61.855316,62.069027,61.689896,61.81127,61.789635,62.069138,62.169357,61.685127
37.614773,37.88595,37.908455,37.672913,38.103996,37.69748,37.82273,37.59202,37.730938,37.640213,37.582344,37.969883,38.065674,37.88531,37.760193,38.144287,37.848537,37.80491,37.793774,38.113346,37.98656,37.99541,37.994865,38.23536,37.739933,38.10681,38.41914,37.793976,37.998726,37.94792,38.334682
42.890606,42.52716,41.987213,42.596348,42.610588,42.55716,43.097195,43.031673,42.601006,42.893402,43.076996,42.822063,42.547413,42.42893,43.1985,43.328804,42.952984,42.955334,42.914307,43.031204,43.184048,43.335052,42.730164,43.173218,42.93713,42.88858,42.846233,43.479027,43.43868,43.339497,43.26482
45.404377,45.65594,45.53634,45.816685,45.392647,45.502426,45.87486,45.681263,45.842926,45.980145,46.330475,45.9636,45.664913,45.816574,45.665634,45.957043,46.060867,45.75122,45.96488,46.06899,45.655376,45.68844,46.140617,46.016533,46.28248,46.36799,45.81769,46.349155,46.079227,46.07499,46.122154
58.78491,58.564693,58.891678,59.149315,59.199776,59.32297,59.226337,59.32965,58.89947,59.258007,58.93476,59.295723,59.49601,59.325367,59.771503,59.000984,59.37536,59.291817,59.2798,59.413994,59.539886,59.13762,59.68257,59.28556,59.84743,59.353462,59.590157,59.48418,58.973705,59.801,59.69203
40.5826,40.917328,40.34823,40.498085,40.962814,40.32006,40.62347,40.31815,40.560917,40.997746,40.441235,40.367302,40.89531,40.81299,40.7626,41.1028,40.742527,40.86017,40.920006,40.944687,41.036007,41.136795,40.375397,41.197174,40.372025,40.66993,41.146305,41.090385,41.40916,40.685547,41.374084
49.746754,50.31267,49.86322,49.922344,50.01609,49.790745,49.999916,49.81069,49.757088,50.24199,49.604946,49.746895,50.361748,50.19797,50.0305,50.172142,49.90206,49.99647,50.04585,50.28163,50.147404,50.313644,49.8961,50.152435,50.04391,50.312035,50.003384,50.59496,50.24347,50.0115,50.450245
38.98146,39.346504,39.637825,39.395767,39.16358,39.61235,39.443275,39.93501,39.55761,39.216225,38.927082,39.67556,39.45171,39.82719,39.198875,39.61816,39.777267,39.69903,39.267902,39.174713,39.319458,39.48436,39.718174,39.479553,39.674953,39.74539,39.766132,39.92776,38.860435,39.557636,39.149696
40.38561,40.675606,40.303482,40.215576,40.312897,40.204094,40.23889,40.24798,40.683544,40.607517,40.759327,40.63,40.309956,40.453037,40.676174,40.550045,40.309517,40.448315,40.600597,40.680836,40.687325,40.77542,40.63945,40.773125,40.583256,40.893837,40.43411,40.831554,41.078136,41.004307,40.837982
53.512352,53.486732,53.97358,53.819416,53.493896,53.629993,53.56206,53.561207,53.533695,53.50522,53.516315,53.71092,53.8753,53.85812,53.620155,53.41633,53.485012,53.95419,53.78451,53.814865,53.82945,54.031635,53.846107,53.8062,54.10746,54.044228,54.22713,53.694736,53.82216,53.65542,54.155235
55.733593,55.81212,55.84751,55.587723,56.140327,55.90776,55.934017,55.621666,56.131092,55.921432,56.264572,55.877544,55.967915,55.682564,56.04497,56.206238,56.01668,55.616062,56.094063,56.11401,56.319267,56.187298,56.45025,56.626114,55.970547,56.13131,56.184254,55.963993,56.686817,56.623283,56.224926
49.53171,49.82556,49.39608,49.201283,49.435036,48.90975,49.142467,48.947243,49.36728,49.700836,49.38244,49.756966,49.24182,49.3087,49.487926,48.912415,49.42051,49.32838,49.52047,49.763,49.667313,49.928905,49.920925,49.481407,49.470196,49.639137,49.46816,49.541187,49.91892,49.953236,49.642147
48.976826,48.678535,49.01792,49.02978,48.681488,49.10194,48.84306,49.30043,49.122673,48.6425,49.170853,49.16462,49.01021,49.411545,48.926018,49.140163,49.157864,49.00463,49.040592,48.891235,48.973164,49.255447,49.360374,49.165955,49.610466,49.60721,49.26427,49.261616,49.142654,49.70595,49.292023
52.09391,52.081768,51.583374,51.53052,52.093033,52.237423,52.251736,52.128643,51.95462,52.0687,51.748882,51.92878,52.153366,51.649643,52.143024,52.128662,52.086464,52.327553,52.117455,52.244034,52.43968,52.5804,52.055904,52.463844,52.24033,52.074455,52.160202,52.209877,52.610916,52.189224,52.256332
46.746353,45.766064,46.178986,45.939377,46.77307,46.59797,46.59963,46.31589,46.03202,46.097595,46.448364,46.45647,46.51419,46.32386,46.005836,46.92557,46.67138,46.716797,46.649014,46.463665,46.47467,46.662663,46.251312,46.698837,46.009003,46.48593,47.13546,46.186485,46.890327,46.28937,46.67005
47.134315,47.474648,47.158363,47.06869,47.28788,47.158672,47.341553,47.264984,47.64701,47.644173,47.615734,47.315586,47.221203,47.28644,47.72835,47.6322,47.78838,47.466984,47.704033,47.60964,47.6143,47.597103,47.667904,47.939293,47.499752,47.526276,47.543743,47.942364,48.01404,47.833443,47.703762
44.558647,44.490963,44.19378,44.337616,44.204384,44.113033,44.617893,44.61332,44.11985,44.287746,44.255806,44.714413,44.25584,44.277466,44.542416,44.97319,44.376385,44.525436,44.557835,44.567524,44.39292,44.551746,44.572227,44.503258,44.44945,44.599457,44.34681,45.052536,44.56658,44.62644,44.692207
43.372208,43.535984,43.519257,43.732502,43.145477,43.578575,43.33765,43.609673,43.47363,43.38674,43.331226,43.71701,43.60932,43.81822,43.0592,43.38751,43.241318,43.589893,43.269356,43.518875,43.501434,43.69292,43.375114,43.32006,43.84119,44.12172,43.65045,43.8568,43.77843,43.67413,43.56066
45.6093,46.319973,46.423103,45.93765,45.940987,45.983498,46.35644,46.09525,46.287697,46.20719,46.136234,46.015858,45.98808,46.183887,46.560467,46.34782,46.562706,46.25911,46.259396,46.491653,46.370388,46.59416,46.55048,46.509056,46.5134,46.678642,46.41859,46.703346,46.271973,46.409096,46.616436
47.526554,46.85049,46.98504,47.299644,47.29715,47.14507,47.200947,47.426914,46.80131,47.07049,47.01541,47.388435,47.32618,47.26148,47.39718,47.4276,47.30883,47.5042,47.43569,47.366863,47.371746,47.413685,47.19534,47.20907,47.172813,47.181885,47.642372,47.54373,47.441563,47.443775,47.563965
38.35747,38.072018,38.17501,38.210377,37.90754,38.152443,38.018154,38.124702,38.253803,37.887886,38.376766,38.473854,38.19551,38.4647,37.92168,38.37751,38.319923,38.43464,38.241283,38.26282,38.23056,38.46035,38.251102,38.33336,38.49827,38.57837,38.65311,38.24598,38.888924,38.517067,38.594784
48.124676,47.896477,47.67363,48.011753,47.991364,47.768143,48.00383,47.749706,47.773087,48.25016,47.999294,48.065098,48.04535,47.985283,48.16188,48.130966,47.764183,48.56046,48.38131,48.472107,48.391186,48.211124,47.785076,48.078506,48.162266,48.222298,48.379597,48.3114,48.616344,47.909565,48.698647
40.94654,41.026367,41.21704,41.120262,41.02253,41.17238,41.442955,41.304024,40.96861,41.11382,41.124043,41.16315,41.18874,41.294937,40.99908,41.561283,41.304398,41.430454,41.40663,41.10327,41.028717,41.299816,41.286613,41.405663,41.338478,41.423904,41.49308,41.54937,41.23647,40.99599,41.50529
43.608875,43.7145,43.958244,43.620117,43.6593,44.068466,43.78242,43.928963,44.02036,43.898914,43.684227,44.03925,43.901573,44.25711,43.962868,43.688904,43.928783,44.336994,43.891262,43.8064,44.135307,44.385727,43.925022,44.125412,44.329403,44.36679,44.49307,44.064007,44.15428,44.12344,44.290512
53.228634,53.587486,53.401558,53.722195,53.14498,53.574955,53.52265,53.74949,53.934933,53.974247,53.710564,53.84221,53.733086,54.196987,53.85879,53.69144,53.99353,53.93001,53.871582,53.722984,53.821304,53.57478,54.178123,53.802116,54.5928,54.072365,53.71418,54.39445,53.8335,54.318386,53.996372
62.750004,62.608612,63.28267,63.28221,62.91108,63.06679,62.917057,63.141228,63.144485,62.832523,62.967754,62.916973,63.160988,63.378677,63.5188,63.152306,63.218273,63.196033,63.34206,63.150215,63.506214,63.13128,63.770336,63.211403,63.76016,63.206223,63.46193,63.27596,63.02629,63.770817,63.48121
55.558716,55.321667,55.519875,55.692684,55.743614,55.42568,55.31487,55.484344,55.47713,55.69939,55.3539,55.58359,55.63226,55.925697,55.733845,55.556076,55.589153,55.75995,55.845062,55.745228,55.950832,55.704025,55.7581,55.550415,55.685062,55.762146,56.035027,55.861908,55.749474,56.0389,55.926346
49.831596,49.44011,50.249313,50.254505,49.774307,50.051094,50.21773,50.196476,49.779697,50.019585,50.703693,50.142887,50.1518,50.05634,50.76114,50.083992,50.132206,50.171284,50.513863,50.305042,49.998806,50.15662,50.38317,50.35795,50.572273,50.50512,50.456745,50.562576,50.30816,50.313637,50.907772
54.503563,55.07992,54.640816,54.705685,54.19864,54.338844,54.42528,54.630547,54.90558,54.74444,54.401287,54.745033,54.525066,54.76784,54.972733,54.28534,54.916958,54.727962,54.49808,54.98695,55.14078,55.406265,55.054607,54.77562,55.31586,55.035156,54.749702,55.213905,55.194027,55.460293,54.911575
47.74465,47.415596,47.24238,47.552124,47.814278,47.78918,47.75361,47.880547,47.700924,47.74485,48.170193,47.38622,47.727715,47.49333,47.716633,47.9788,47.991676,47.743042,48.158443,47.94498,47.685966,47.74706,47.750282,48.10652,47.87272,47.947998,47.78317,48.01943,48.17634,47.924908,48.006516
49.418255,49.25447,49.911896,49.636055,49.931976,49.618366,49.77249,49.322502,49.201004,49.771904,50.067738,49.854607,50.023296,49.409893,49.80701,49.440018,49.64283,49.4359,49.86061,50.044865,49.578312,49.705616,49.942814,49.957306,49.45139,49.95764,50.14042,49.73586,49.88596,49.60365,50.099808
49.588722,49.091915,49.41796,49.211872,49.317726,49.39515,49.40245,49.345333,49.226948,49.364616,49.57444,49.416286,49.20241,49.344166,49.498463,49.42599,49.38214,49.645798,49.65881,49.375576,49.660675,49.925064,49.488075,49.44497,49.33171,49.518005,49.651154,49.590443,49.981075,49.6726,49.587093
45.67212,45.699207,45.729866,45.603344,46.06814,45.962696,46.422764,45.970226,45.84902,46.05951,46.15777,46.155464,45.98998,45.75949,46.10764,46.794956,46.537975,45.930164,46.169212,46.149506,46.01685,45.838383,46.32396,46.511795,45.791656,46.03817,46.25292,46.547413,46.34702,46.223446,46.161663
40.749004,41.096146,41.07464,41.215836,41.029648,41.17332,41.495396,41.206444,41.237736,41.593216,41.404922,41.339542,41.331898,41.54741,41.658535,41.543545,41.69465,41.5497,41.41943,41.5372,41.568615,41.40357,41.621414,41.434998,41.779007,41.588646,41.52721,41.910442,41.453903,41.649845,41.81478
45.959232,45.677853,45.626755,45.665703,45.96556,45.873077,45.98172,45.72593,45.731354,46.094208,45.997368,45.841835,45.905403,45.870594,45.961823,46.077747,45.776554,46.29726,46.213165,46.029602,46.261837,46.323364,45.781757,46.135765,45.886932,46.027397,46.24873,46.100784,46.531162,45.94609,46.365486
44.411877,44.736454,44.19217,44.259193,44.22853,44.22718,44.29227,44.540066,44.425842,44.50065,43.979263,44.562485,44.355698,44.53488,44.6476,44.315823,44.51731,44.766006,44.45085,44.755375,44.690308,44.7953,44.594456,44.338776,44.839172,44.75573,44.404446,44.888046,44.42039,44.766624,44.662895
44.28288,44.413986,44.21852,44.245796,44.541008,44.443375,44.491024,44.46453,44.257133,44.62116,44.42345,44.273968,44.646183,44.384323,44.38372,44.43305,44.28792,44.439674,44.647354,44.321632,44.471,44.820892,44.523685,44.87436,44.468094,44.506073,44.563828,44.684,44.695957,44.50193,44.735706
35.438168,35.28582,35.4196,35.871777,34.853165,35.452507,35.274612,35.54457,35.4155,35.58929,35.605007,35.94129,35.643326,36.085236,35.616535,35.25724,35.34389,36.17775,35.55467,35.64947,35.68272,35.68158,35.463203,35.14541,36.269585,35.963432,35.791,35.94353,35.788456,35.701027,36.04075
49.80506,49.809868,49.356743,49.13778,50.068413,49.670177,49.85283,49.450787,49.813587,49.982365,49.92299,49.791836,49.89659,49.51145,49.9559,50.12287,49.655735,49.78785,50.110203,49.85906,50.154392,50.23622,50.037216,50.65931,49.72014,49.77836,50.026516,49.817173,50.608288,50.180744,50.35411
50.443546,50.852356,50.46795,50.052822,50.608322,50.350853,50.53401,50.307297,50.480244,50.49664,50.127323,50.40347,50.6119,50.29412,50.560772,50.56024,50.68001,50.51474,50.518856,50.67951,50.83729,51.145206,50.853622,50.943336,50.471546,50.47058,50.62371,50.633133,50.887375,50.766766,50.647804
50.978367,50.553673,50.661232,50.710613,51.216408,50.85039,51.040775,50.90851,50.527645,50.747852,50.799423,50.789555,51.122578,50.809227,51.144306,51.138584,51.27992,51.004204,51.27286,51.222443,51.01834,51.034065,51.251152,51.244133,51.088806,50.90265,51.378696,50.91591,51.017693,51.132233,51.529186
55.67099,54.893612,55.057877,55.297665,55.8639,55.540916,55.407986,55.477074,55.184246,55.425697,55.355606,55.43272,55.601147,55.23196,55.39436,55.433754,55.444782,55.617996,55.656044,55.511864,55.873848,55.801777,55.504574,55.74842,55.26352,55.266777,56.023743,55.35023,55.82688,55.738625,55.576958
57.02024,56.636147,56.75106,56.755642,57.32303,57.084476,57.304096,57.07067,56.813942,57.18477,57.10167,56.835445,57.04003,56.605103,57.483955,57.140785,57.155464,57.29069,57.5072,57.24921,57.49499,57.42114,57.343487,57.534576,57.121532,56.874107,57.42256,57.180706,57.409683,57.24692,57.453873
37.613503,38.00547,37.198555,37.63357,37.687378,37.244125,37.588158,37.18091,37.553795,37.984528,37.68219,37.868843,37.86802,37.554047,38.00447,37.607193,37.753242,37.801094,37.758232,38.3697,38.16492,37.89163,37.985786,37.81772,38.03555,37.718437,37.765705,37.847954,38.34726,38.117077,38.374767
46.06354,46.193333,45.80683,45.76548,46.22061,45.64276,46.028046,45.68145,45.969418,46.223854,46.021984,45.871525,45.775024,45.864857,45.97528,46.532295,46.103764,46.22376,46.394093,46.524796,46.21295,46.103577,45.787415,46.202362,45.617405,46.32026,46.230988,46.47371,46.631386,45.91716,46.3742
51.052715,51.339832,50.425835,51.246567,50.721924,50.81536,51.06653,51.258865,51.21153,51.11573,50.96325,51.359913,51.06896,50.89274,50.946037,51.234764,51.521366,51.09333,50.96165,51.59357,51.307777,51.02435,51.49867,51.12539,51.723347,51.260323,50.881554,51.687275,51.46047,51.731422,51.0163
41.0372,40.985157,41.091682,41.078094,41.1735,41.15731,41.145947,41.13516,40.932648,41.129642,41.08573,41.034706,41.17493,41.040695,41.25324,41.228134,40.909996,41.370415,41.318924,41.27723,41.331806,41.341633,41.05683,41.184006,41.070644,41.27668,41.322903,41.363792,41.338207,41.08609,41.401726
57.12612,56.8651,56.771507,56.56172,56.940346,56.925495,56.381367,56.680107,56.935913,56.584713,56.568714,56.44811,56.866325,56.89578,56.83231,56.519314,56.81125,56.96821,57.012413,56.988632,57.245056,57.417614,56.870224,56.93489,57.059105,57.00843,57.081573,56.612362,57.544666,57.31608,57.1092
48.064785,48.370026,47.91401,48.38559,48.177956,48.34862,48.182674,48.477673,48.17126,48.443867,47.92637,47.73841,48.627903,48.266857,48.80607,48.203983,48.46042,48.515472,48.438183,48.581074,48.65336,48.58428,48.122078,48.442192,48.642345,48.159157,48.33257,48.90037,48.746586,48.48173,48.701263
44.27078,44.493168,44.68132,44.24703,44.27324,44.078262,44.926414,44.204697,44.1199,44.485264,44.635475,44.85569,44.300854,44.385822,44.48783,44.955387,45.025673,44.55711,44.71195,44.920185,44.215626,44.4582,44.956924,44.602875,44.529846,44.925003,44.721493,44.98246,44.60099,44.369083,44.92565
48.588512,48.460487,49.059326,48.99962,48.580032,48.85784,48.92838,48.93429,49.00984,48.804726,49.3027,49.143517,48.762886,48.98541,49.141293,49.00441,49.127163,49.13719,49.16423,49.10147,49.015594,48.87689,49.370922,49.121056,49.43064,49.338966,49.36038,49.212654,49.094078,49.25676,49.301994
41.271477,41.3115,40.68727,41.31369,41.033195,41.049393,40.71616,41.345165,41.039486,41.03544,40.609764,41.489708,41.289307,41.233444,41.00893,40.882423,40.869465,41.21767,40.862995,41.45504,41.26693,41.15932,40.89291,40.8945,41.352726,41.4993,41.222256,41.4843,41.310402,41.518436,41.220802
44.019558,44.02648,44.6073,44.166496,44.690346,44.293507,44.47858,43.91288,44.28979,44.395702,44.655437,44.47097,44.683662,44.247654,44.434013,44.46149,44.867115,44.389988,44.519485,44.674675,44.635048,44.654724,44.840927,45.019676,44.17106,44.341072,45.24615,44.228317,44.78689,44.46867,44.761185
47.15469,47.234627,46.833984,47.13219,46.881035,47.191505,47.434048,47.4817,47.073917,47.12801,47.250828,47.3712,47.051003,47.086025,47.33397,47.133755,47.13308,47.182343,47.15732,47.43455,47.34733,47.668045,47.57833,47.2862,48.07131,47.865875,47.08771,47.54518,47.406704,47.83201,47.693047
50.03279,50.44425,50.18641,50.031036,50.218575,49.940216,49.775852,49.937897,50.676296,50.24636,50.084297,50.080513,50.29565,50.621548,50.57163,50.37261,50.469677,50.34209,50.412903,50.489704,50.708874,50.644505,50.464027,50.822014,50.575558,50.53427,50.7535,50.475647,50.89124,50.948933,50.91477
53.253746,53.60623,53.387253,53.578278,53.537666,53.1666,53.374687,53.422356,53.57331,53.47641,53.57583,53.39713,53.691906,53.415054,53.742607,53.59672,53.88554,53.31017,53.845997,53.933964,53.48045,53.40283,54.072845,54.102356,53.96411,53.663605,53.77656,53.795708,53.747055,53.908344,54.089905
38.333862,38.53726,38.69072,38.42385,38.15619,38.607872,38.401848,38.659084,38.73278,38.048084,38.47393,38.409245,38.393925,38.69124,38.60308,38.841743,38.76748,38.680153,38.535183,38.667038,38.538246,38.665684,38.584583,38.652405,38.91646,39.01719,38.766197,38.78148,38.893414,38.810413,38.866325
42.374767,42.604923,42.63755,43.159958,42.20011,42.424118,42.51666,42.760628,42.819366,42.4294,42.489117,42.911026,42.54084,42.951836,42.792385,42.768253,42.83514,43.028057,42.53491,43.18043,43.11666,42.642155,43.040314,42.340553,43.48952,43.13002,42.942078,43.041073,42.593838,43.19844,42.96061
42.6388,43.043137,42.82316,42.325317,42.664238,42.509205,42.705467,42.397503,42.64619,42.509407,42.467133,42.71694,42.846733,42.816753,42.944977,42.988056,42.915924,42.695995,42.831726,42.90963,42.832817,43.104603,43.131752,43.138252,42.96376,42.88749,42.94792,42.783894,43.240444,43.077923,43.416813
49.3119,49.700428,49.567856,49.199722,49.625854,49.683857,49.68764,49.493366,49.728424,49.63723,49.64456,49.640427,49.6638,49.59478,49.843395,49.708218,49.822388,49.424114,49.61813,49.82692,49.87319,49.93399,50.137886,49.98961,49.962406,50.06405,49.67372,49.838886,49.98074,50.281612,49.934856
47.630135,47.456318,47.126213,47.603935,47.7713,47.158966,47.269062,47.305855,47.432503,47.76944,47.68525,47.685528,47.75469,47.423035,47.726784,47.602417,47.323463,47.788376,48.04567,48.091328,47.681084,47.331978,47.545017,47.89892,47.602505,47.66909,47.89379,47.753864,47.87488,47.556805,48.204945
50.18236,49.859673,50.409676,50.363945,50.313766,50.196213,50.243534,50.26017,50.220192,49.814903,50.31717,50.43634,50.486202,50.677067,49.88664,50.914658,50.663776,50.212242,50.492985,50.274277,50.089954,50.010033,50.784172,50.616623,50.5069,50.56465,50.885864,50.305054,50.29541,50.594593,50.63891
49.885746,49.659554,49.608757,49.605305,49.558846,49.4666,49.535664,49.476223,49.430782,49.45106,49.40617,49.868187,49.64799,49.766994,49.194008,49.578056,49.475967,49.779503,49.659515,49.66012,49.76182,50.08466,49.823624,49.64405,49.826664,49.89135,49.94675,49.566917,50.03454,49.85257,49.880283
45.87377,45.78019,45.67943,45.42156,45.97049,45.457302,45.862335,45.464794,45.54107,45.76368,45.592396,45.85041,45.73117,45.567455,45.50207,46.2553,46.033737,45.93054,45.945305,45.94058,45.907436,46.006252,45.849636,46.020233,45.172577,45.59719,46.086025,45.970936,46.159927,45.65369,45.75243
52.19446,52.719994,52.735672,52.291466,52.696922,52.573673,52.907627,52.249672,52.86411,53.15062,53.459885,52.658638,52.778748,52.195564,53.612064,52.593178,52.907642,52.54792,53.126488,53.219112,53.11294,53.078495,53.437042,53.58925,53.06534,52.916504,52.826035,53.034958,53.552723,53.240044,53.450695
45.847088,45.487434,45.972244,45.65904,45.941185,45.949444,45.301487,45.68097,45.994595,45.686592,45.754368,45.98956,45.902367,46.37847,45.556797,45.61648,45.627037,46.10398,45.97276,45.700203,45.97787,46.037037,45.811375,45.926743,45.902596,46.324562,46.513443,45.631134,46.04861,46.134865,46.098988
42.46231,42.281155,42.32802,42.30133,42.778656,42.520775,42.713707,42.501873,42.39515,42.53018,42.610016,42.56753,42.59954,42.797375,42.48957,43.110672,42.79252,42.746506,42.820305,42.91049,42.581486,42.571987,42.532692,42.780678,42.66572,43.20044,43.049297,42.809063,42.6689,42.661274,43.2159
48.87824,48.97223,49.43316,48.89999,49.413086,48.941425,49.382442,48.880356,49.42525,49.614605,49.796116,49.54279,49.16782,49.564713,49.550007,49.617558,49.779217,49.388138,49.85466,49.377983,49.388645,49.38795,50.114388,49.982376,49.457043,49.61979,49.914948,49.526115,49.423367,49.73515,49.934265
32.150208,32.374672,32.15393,32.037773,32.058235,31.76072,31.7105,31.552301,32.074425,32.015408,32.067287,32.52938,32.118294,32.067,31.859314,31.815832,32.16924,32.11643,31.905148,32.55232,32.232555,32.313763,32.122906,32.06369,31.913162,32.336857,32.512672,31.99691,32.822037,32.286945,32.310623
41.252766,41.533913,41.601128,41.654297,41.210808,41.757088,41.67685,41.628258,41.493282,41.694077,41.32876,41.91859,42.001217,41.930897,41.66319,41.47792,41.57579,41.990715,41.401398,41.560352,41.960243,41.997135,41.90822,41.60575,42.158047,41.7098,41.83194,41.928833,41.740723,41.8544,41.798347
49.907104,49.87629,49.393784,50.04333,49.76573,49.872036,50.102055,50.097305,49.85321,50.192013,50.014744,49.93056,50.179306,50.074104,50.520702,50.28267,50.0148,50.297863,50.3155,50.321556,50.359016,50.144615,50.14993,50.272057,50.735016,50.154976,50.06143,50.591324,50.48754,50.46875,50.832867
42.88587,43.128407,43.28528,43.055115,42.908806,42.828056,42.75114,42.79737,43.12702,42.66956,42.96768,42.87012,43.0544,43.149593,42.80278,43.270077,43.2419,43.01548,43.08991,43.281624,42.99055,43.077515,43.06067,43.19561,42.990288,43.32392,43.388588,43.15581,43.465176,43.081036,43.268288
52.060036,51.876907,52.260185,52.12732,51.795235,52.23062,52.287228,52.423733,52.393776,51.753742,52.678383,52.45266,51.97749,52.118893,52.018383,52.658707,52.790237,52.03694,52.38812,52.292343,51.895554,51.876514,52.91958,52.453987,52.68937,52.65149,52.24032,52.5239,52.396446,52.739704,52.148296
52.607994,52.664154,52.231598,52.877567,52.684242,52.498512,52.85798,52.872025,52.584538,53.00415,52.769756,52.69684,52.68479,52.719925,52.879333,53.123768,52.829643,52.74165,52.95074,53.107235,52.983753,52.656376,52.96983,52.66324,52.996067,53.011993,52.5098,53.516785,52.807575,53.202843,52.903534
44.182415,43.70757,43.48783,43.92018,44.173042,43.57821,43.83074,43.679302,43.24803,43.767014,43.834316,43.889225,44.24881,43.604576,44.032963,43.978973,43.941414,43.716667,44.033432,44.255238,43.98173,44.06511,43.9654,44.03083,43.63967,43.594986,44.111664,43.936428,44.364254,44.10711,44.394604
44.19314,44.192566,44.28295,44.334255,44.276993,43.949894,43.94965,43.98578,44.292603,44.228413,44.337254,44.250782,44.22661,44.53274,44.540203,44.38168,44.53329,44.38942,44.56947,44.701855,44.495842,44.219368,44.566917,44.243477,44.4678,44.52436,44.59293,44.47566,44.567017,44.725388,44.791992
51.435417,51.365025,51.265,50.908466,51.553825,51.180668,51.333397,51.173134,50.98689,51.204094,51.02514,51.21305,51.50907,50.960907,51.4423,51.464523,51.24717,51.17634,51.525616,51.193035,51.40546,51.780907,51.531567,51.913673,50.915894,50.922546,51.53243,51.379734,51.842693,51.436417,51.557743
44.48036,44.850468,44.74955,44.90913,44.551094,44.278408,44.677814,44.51532,44.74288,44.859676,44.988148,44.803837,44.660114,44.6665,45.18172,44.912594,44.772938,44.853157,45.03636,45.378296,44.923378,44.721825,44.99075,44.900124,45.041874,45.157257,44.879826,45.28247,45.029232,44.94802,45.383686
43.610104,44.16323,43.944397,44.15609,43.842834,44.113678,44.1401,44.1486,44.095024,44.199646,44.11926,43.87588,44.295795,44.302044,44.264656,44.320747,44.13232,44.06937,44.19077,44.32899,44.15279,44.033035,44.28403,44.179848,44.638325,44.566734,43.94096,44.695724,44.21918,44.375763,44.509995
44.392643,44.00393,44.63436,43.97477,44.328728,44.306118,44.22747,43.86845,44.33309,44.443924,45.069824,44.32846,44.146248,44.554386,44.297318,44.344906,44.11886,44.595623,44.87276,44.406982,44.288048,44.79727,44.131153,44.71186,44.251865,45.13098,44.95719,44.35411,45.262634,44.271366,45.15605
55.828213,55.948635,55.426216,55.63879,55.903603,55.689503,55.491146,55.754948,55.93392,56.027107,55.816986,55.565758,55.814503,55.53364,56.176712,55.649166,55.73316,55.833126,56.232468,56.171455,56.03749,55.832527,55.87657,56.158684,55.97224,55.896126,55.763283,56.17157,56.433796,56.17089,56.13172
59.814835,59.604687,59.950943,60.312145,59.73932,59.993984,60.06308,60.25114,59.810368,59.804302,59.902676,59.818104,60.084663,60.091312,60.193935,60.113396,59.96891,60.102234,60.166115,60.07362,60.25584,60.172638,60.341877,60.042236,60.61624,60.190536,60.18246,60.394867,60.037086,60.405037,60.3503
48.964466,49.40574,49.28512,49.501488,48.627785,48.84866,48.67711,49.090496,49.358112,48.82789,48.94385,49.26355,49.104767,49.257412,49.154423,49.002483,49.159874,49.075558,48.996254,49.466076,49.27803,49.092583,49.45834,48.991547,49.63371,49.44471,49.117493,49.51215,49.46813,49.66869,49.194855
51.986732,51.837273,51.87552,51.70922,51.53688,52.239613,51.996494,52.460667,52.78188,51.950607,52.51634,52.144302,51.405247,52.0161,52.3422,52.428825,52.414562,52.4868,52.370472,52.07796,52.3966,52.29338,52.348904,52.429237,52.655243,52.619965,52.14078,52.644283,52.6977,52.834747,52.040737
48.277634,47.986366,48.095497,48.46856,48.75408,48.07669,48.720024,48.015762,47.839157,48.663197,48.393375,48.413868,48.70197,48.286404,48.496048,48.79638,48.39603,48.81846,48.796944,48.98923,48.81298,48.405743,48.537445,48.526955,48.349552,48.353516,48.93607,48.54114,48.41904,48.125614,49.076733
54.046658,54.210922,53.996887,54.292442,54.392517,53.937252,54.5597,53.936924,54.153694,54.676315,54.67805,54.612823,54.341602,53.959625,54.556065,54.25469,54.473015,54.23799,54.478863,55.00186,54.732536,54.472027,54.99504,54.623993,54.738434,54.63308,54.516254,54.55277,54.634514,54.800007,54.82884
39.409626,39.530632,39.67206,39.276466,39.663452,39.609676,39.593216,39.60618,39.72137,39.448444,39.907227,39.58445,39.564163,39.76022,39.498528,40.060406,39.769966,39.346134,39.72445,39.54709,39.430847,39.840023,39.717205,40.162376,39.51381,40.20124,39.91642,39.89862,40.010323,39.983364,39.982502
47.457317,47.131004,47.361847,47.536873,47.25232,47.711483,47.79992,47.733467,47.505703,47.559505,47.85035,47.4641,47.275116,47.390034,47.67229,47.434868,47.580208,47.95832,47.55205,47.754223,48.123016,48.319294,47.635628,47.473747,48.053913,47.997055,47.75573,47.80959,47.92951,47.91945,47.723606
44.059223,44.15874,43.88533,43.79459,44.058075,44.267284,44.099865,44.289127,44.19181,44.009907,44.185127,43.63402,44.036087,44.251137,44.140896,44.370262,44.167316,44.07533,44.22243,44.186676,44.188858,44.686726,43.851562,44.416115,44.35439,44.806145,44.17316,44.5159,44.69724,44.486813,44.608017
45.814487,46.255795,46.298393,46.05955,46.135963,45.743492,45.98202,45.825943,46.126797,46.01393,46.2434,46.003452,46.258244,46.140133,46.363014,46.09978,46.469883,45.795647,46.266808,46.37245,46.160774,46.465275,46.724873,46.694077,46.373863,46.304474,46.48,46.230503,46.45388,46.61722,46.74438
52.859055,52.212204,52.792297,52.753952,52.836296,52.708305,52.23489,52.573677,52.68729,52.45943,52.320835,52.95177,52.920544,53.2862,52.43158,52.56533,52.67571,53.055992,52.69608,52.519096,53.22328,53.102345,53.009125,52.63228,52.775734,52.67128,53.459347,52.432842,52.75684,53.262188,52.736008
49.845665,49.611008,49.536636,50.02568,49.64927,50.028378,49.969875,50.23927,49.894543,49.74324,49.81864,49.705284,49.917027,49.833458,49.800213,50.440773,50.049755,50.26687,50.155327,49.96127,50.0055,49.719173,49.77138,50.035934,50.1238,49.87864,50.03531,50.43897,50.30573,49.90869,49.946106
42.879173,43.405285,43.237976,42.827267,42.911667,43.089302,43.248516,43.17573,43.43468,43.34353,43.026676,43.326,42.977222,43.509216,43.047733,43.4289,43.335102,43.44368,43.065144,43.160816,43.442444,43.87423,43.21762,43.446037,43.307625,43.829857,43.44658,43.780823,43.47506,43.480637,43.30707
35.37305,35.592728,34.99543,35.034817,35.04242,35.045826,34.900143,35.31761,35.413223,35.193848,35.10344,35.38639,35.1296,35.536983,35.02804,35.546825,34.844177,35.515137,35.421894,35.307316,35.10754,35.33664,34.917336,35.367935,35.348072,35.879852,35.204716,35.68165,35.524574,35.306767,35.615486
43.39148,43.88323,43.66133,43.739056,43.548065,43.446003,44.082836,43.49309,43.95843,44.374947,43.975773,43.996483,43.61619,44.057877,44.539272,44.161377,43.988297,44.479153,44.193874,44.33538,44.576294,44.211502,44.24474,44.062195,44.49488,44.194435,44.173767,44.47848,44.27567,44.24398,44.74541
46.664444,46.419674,46.55519,46.74681,46.173035,46.658478,46.403,46.882717,47.095646,46.459564,46.806965,47.009613,46.374596,47.10386,46.494606,46.952007,46.994186,47.06811,46.699657,46.708725,46.915577,46.739414,46.901466,46.600006,47.19896,47.180214,46.95746,47.103428,47.0165,47.355667,46.63226
47.60021,47.401302,47.18303,47.67096,47.698204,47.54715,47.459034,47.68952,47.625603,47.482388,47.76477,47.37592,47.70255,47.375225,47.71195,47.675896,47.548317,47.617325,47.82532,47.88903,47.88185,47.775696,47.69614,48.005775,47.90989,47.717606,47.848866,47.682915,48.04329,47.988953,48.03384
42.156532,42.388687,42.421753,41.941624,42.01351,42.476246,42.27319,42.226955,42.33828,42.348988,42.417698,42.459618,42.472168,42.433346,42.15652,42.1845,41.946114,42.408985,42.326538,42.008404,42.270897,42.892544,42.33291,42.75081,42.4915,42.717636,42.443123,42.497787,42.912453,42.398308,42.604855
52.768646,52.921448,52.701157,52.85006,52.563263,52.19021,52.159817,52.293613,52.79936,52.795544,53.01435,52.817608,52.68936,52.58927,52.961388,52.315075,52.53723,52.472775,53.092358,52.96081,52.827065,52.69777,53.380062,52.889694,52.989697,52.65323,52.560036,52.807915,53.29291,53.357166,53.023323
41.940918,42.304382,42.227905,42.378975,42.005417,42.10446,42.084484,42.43947,41.938385,42.116863,42.016174,42.0993,42.496914,42.305447,42.024025,41.95925,42.171886,42.08957,42.173054,42.296906,41.802124,42.368065,42.11874,42.31897,42.428356,42.649506,42.302677,42.671124,42.035343,42.051163,42.461807
50.86683,50.473164,51.05848,50.492943,51.06575,51.186653,50.893303,50.78955,51.298046,51.132614,51.32309,51.055435,50.997017,51.26577,51.157833,51.307945,51.430763,51.49665,51.383846,51.001755,51.420906,51.267517,51.189518,51.434875,50.89026,51.159805,51.646652,51.184044,51.562622,51.323315,51.14793
49.057457,48.87458,48.803314,49.002117,48.973755,48.583393,49.2189,48.64247,48.44324,49.207203,48.679764,49.275925,49.228832,49.39764,49.131733,49.32145,49.14093,49.42985,49.135998,49.3832,49.37615,49.46396,49.087215,48.98111,49.20547,49.2184,49.57052,49.40847,49.335205,49.134525,49.877647
48.311153,48.686527,48.516,48.19359,48.682213,48.569687,48.85648,48.63779,49.047447,49.17956,48.77547,49.18668,48.707912,49.119473,49.054455,49.27048,49.26781,48.87411,48.987663,48.538254,49.075756,48.89575,49.623005,49.398705,48.985783,48.78012,48.974716,49.35153,48.898556,49.60717,48.936443
40.806164,41.041157,41.37332,41.011993,41.30796,40.887478,40.91193,40.66237,40.954754,41.09194,40.863167,41.15255,41.39027,41.391407,41.247875,41.10521,41.31294,41.223606,41.21094,41.367176,41.316273,41.272068,41.353153,41.324013,41.008408,41.18965,41.79782,41.098698,41.264973,41.2019,41.641323
37.452,37.540947,37.802094,37.544136,37.29342,37.71945,37.493126,37.729233,37.94967,37.41501,37.411312,37.95794,37.427307,38.05621,37.636784,37.528786,37.924572,38.137424,37.452175,37.603127,38.12858,38.252354,38.0112,37.634384,38.209667,38.017807,38.230488,37.677353,37.811123,38.240612,37.77878
45.626434,45.81075,45.940323,45.261803,45.51686,46.105366,45.770653,46.305134,46.325474,45.721317,45.602142,46.026615,45.62887,46.446236,45.980175,46.153778,46.24207,46.22179,45.926617,45.445686,45.954197,46.35061,46.24668,46.20809,46.34467,46.43293,46.084618,46.367123,45.741047,46.537716,45.89256
42.644176,42.897026,42.765778,42.570335,42.54567,42.69853,42.48901,42.686737,43.17727,42.7352,42.830555,42.849308,42.65515,43.234753,42.786594,42.95253,42.941372,42.960503,42.940903,42.781612,42.96801,43.054546,43.04851,43.082375,43.242207,43.28398,43.06487,43.02627,43.298615,43.39552,43.207493
58.699177,58.664597,58.83264,58.34645,58.636505,58.984447,59.06328,59.037125,58.91213,58.659714,58.907913,58.77141,58.813877,58.51955,59.093456,58.879177,59.211643,58.95756,59.082897,58.812393,58.93338,59.36861,59.388447,59.55287,59.306553,58.96309,59.085197,59.028725,59.186512,59.16586,59.08754
53.29444,53.33915,53.554634,53.839165,53.523445,53.37529,53.48405,53.44385,53.53503,53.784058,53.57017,53.84485,53.800426,53.706722,54.226704,53.47722,53.765945,53.86704,53.937523,53.989708,54.07224,53.43344,54.383694,53.688683,54.21085,53.484512,53.929264,53.871796,53.617104,54.15408,54.09429
50.506123,50.47368,50.7081,51.060764,50.57264,51.099712,51.100746,51.336094,50.75106,50.93039,50.757885,51.303978,51.149437,51.263546,51.021908,51.092323,51.178917,51.11029,50.81159,51.043205,51.00378,50.715347,51.371872,50.705276,51.600506,51.3778,50.968857,51.60651,50.424873,51.387108,50.936592
42.84323,43.102825,42.75911,43.495815,42.722794,42.901905,42.92494,43.01877,43.19394,43.424385,43.2708,42.95534,43.17372,43.17846,43.441418,42.991486,43.007423,43.546448,43.293022,43.556293,43.62564,43.268173,43.0423,43.059334,43.677284,43.259933,43.18487,43.676807,43.688934,43.343384,43.575783
63.27523,63.560097,64.16505,64.30653,63.71035,63.550278,63.7216,63.594044,63.596695,64.02,63.632122,63.656605,64.183426,64.20931,63.912445,63.542004,63.593616,63.88647,64.07514,63.826534,64.103485,63.998035,64.38999,63.95713,64.33115,63.91176,64.252266,64.10475,63.622143,63.967598,64.28764
41.867764,42.149128,41.49037,42.02579,41.605843,41.74956,41.776466,41.927605,41.911297,41.79492,41.849678,42.00133,41.98729,41.847572,41.8478,41.867985,41.969135,41.870316,41.731606,42.386135,42.07753,42.076977,42.009056,41.883102,42.48205,42.34223,41.817078,42.234165,42.38119,42.392067,42.221928
49.1116,48.936584,49.00856,49.470867,49.024643,48.70903,49.001793,48.95018,49.00602,48.980995,48.969128,49.306423,49.280853,49.5573,49.145184,49.599903,49.341743,49.350067,49.360558,49.346245,49.415802,49.09216,49.545994,49.26552,49.535828,49.138893,49.6814,49.370773,49.411095,49.595966,49.772106
46.047073,46.32476,45.64315,46.051746,45.85135,45.471397,45.200447,45.806423,46.240677,45.80212,45.78618,45.92409,45.79415,46.034527,45.69605,45.87367,46.06524,45.71249,46.02263,46.249813,45.93613,45.698112,46.14341,45.86676,46.016567,46.104187,45.764565,46.198944,46.288082,46.56441,45.837067
52.08722,51.799934,51.48031,52.37303,51.97963,51.710915,51.80805,51.90485,51.776207,51.897686,52.095306,51.99375,52.20537,51.987335,52.1415,52.063744,52.34147,51.94644,52.218376,52.71304,52.20991,51.650105,52.439335,51.806038,52.611282,52.118088,52.02015,52.2032,52.26341,52.616787,52.465584
55.082638,54.988968,55.28842,55.539936,55.47667,54.90311,55.165684,54.99532,55.056583,55.11889,55.22824,55.43836,55.535057,55.38804,55.34302,55.41178,55.70436,55.088974,55.381386,55.856228,55.44162,55.10107,55.837036,55.448235,55.505974,55.497643,55.901794,55.37705,55.322205,55.746284,55.79545
50.81095,50.90357,50.50669,50.23719,50.824974,50.680023,50.37061,50.787506,51.070747,50.8408,50.642406,50.464176,50.643845,50.904858,50.65112,50.74453,50.83621,50.87237,51.033463,50.637573,50.859417,51.291126,50.687187,51.263428,50.724636,51.04904,50.915264,51.02361,51.18731,51.102646,50.88526
41.188522,41.40209,40.945656,41.35949,41.44008,41.067425,41.566353,41.487263,41.206432,41.636887,41.18136,41.61465,41.554585,41.4462,41.94323,41.623367,41.96746,41.63694,41.605312,41.818024,41.763905,41.48859,42.14945,41.551537,41.889793,41.24324,41.508675,41.88295,41.12138,41.974636,41.829742
57.137283,56.90922,57.671463,57.44028,57.50074,57.88062,57.526974,57.766254,57.36721,57.2686,57.42887,57.41496,58.088356,57.644333,57.854546,57.737816,57.740692,57.565838,57.846115,57.336052,57.39656,57.262234,57.91604,58.09469,57.796177,57.399292,58.001293,57.77367,57.511894,57.64684,57.856518
55.661747,55.42639,56.001183,55.63808,55.92414,56.20287,56.235714,56.046124,55.812,56.076336,56.37352,55.792614,56.009132,56.06179,56.08882,56.429047,56.129913,55.962822,56.430237,55.844093,55.778507,55.914143,56.09759,56.36376,55.987293,56.406097,56.146675,56.540688,56.26823,56.049564,56.29884
40.01813,39.66212,39.815018,40.04684,40.263428,40.09493,40.03664,39.9772,39.879864,40.087116,39.862827,40.06831,40.101856,40.338486,40.041767,40.23521,40.095776,40.560055,40.195435,40.31204,40.58229,40.23598,40.08422,39.843178,40.18263,40.23786,40.5543,40.075386,40.076187,40.260868,40.38284
41.450043,41.58109,41.302948,41.34564,41.501556,41.594707,41.655952,41.63355,41.606293,41.52001,41.71048,41.521053,41.479668,41.436054,41.700302,41.91692,41.579372,41.569767,41.740246,41.753178,41.64653,41.691475,41.618187,41.933846,41.79138,41.961243,41.660545,41.920498,42.12823,41.889168,42.019596
37.896454,38.334766,38.84877,38.110798,38.453606,38.477314,38.573883,38.232624,38.544094,38.526516,38.662884,38.358242,38.555862,38.620743,38.782227,38.879417,38.59319,38.5549,38.600864,38.5094,38.593094,38.834305,38.466915,39.066612,38.228725,38.8687,39.022167,38.89383,38.857838,38.463394,38.98393
51.655884,51.720505,51.89148,52.081367,51.721916,51.853172,51.81227,52.118736,51.79456,51.79273,51.900978,51.70105,52.111595,52.030746,52.49625,51.772182,52.01023,51.84186,52.04147,52.089725,52.129772,52.269863,52.317375,52.129227,52.550564,52.155655,52.068306,52.31718,51.972836,52.538624,52.502804
51.707447,51.829002,51.742752,51.82854,52.18479,51.890583,51.55889,51.743675,51.900906,52.0638,51.686195,51.905773,52.232502,51.85906,51.89892,51.708935,51.806084,51.866108,51.924366,52.19711,52.196335,51.875374,51.957382,52.036774,51.699738,51.984756,52.115307,52.099697,52.037464,52.129204,51.834538
44.34384,44.792713,45.084305,45.056644,44.504463,44.652485,45.20959,44.60373,44.680485,45.30632,45.18615,45.30109,45.09599,45.25218,45.07483,45.011555,44.961212,45.1605,45.122726,45.126614,44.93525,44.956905,45.39662,45.063347,45.487377,45.39914,45.215675,45.50541,45.04736,44.93895,45.61937
53.899734,53.959606,53.71337,54.10777,53.849648,53.62034,53.838753,53.93153,54.12747,53.9914,54.207542,54.44739,54.01709,54.002487,54.44613,53.86909,54.538982,53.765835,53.988766,54.554905,54.368187,54.180256,54.913,54.29609,54.76491,54.322662,54.249104,54.309956,54.34201,55.218063,54.478912
45.58594,45.658043,45.75966,45.58545,45.56736,45.664234,45.825848,45.557034,45.866123,45.984314,46.14329,46.08184,45.741173,45.91643,45.82854,45.72283,45.95783,46.083466,46.023083,46.026253,45.946033,46.063835,46.199978,46.04747,46.264538,46.283768,46.115833,45.994434,46.141994,46.058815,46.246548
40.065777,39.834766,40.39486,40.082882,39.72126,40.028942,39.789566,40.14039,40.017933,39.77921,40.13936,40.023754,39.77596,40.494328,40.092396,39.84185,39.92883,40.37989,40.199543,40.059795,40.039906,40.566887,39.94908,39.836166,40.398087,40.8274,40.44538,40.233383,40.18353,40.23951,40.540024
50.64399,50.53131,50.556053,50.43847,50.380722,50.47198,50.699635,50.59355,50.699474,50.633183,50.92798,50.75605,50.51309,50.782745,50.614605,50.980785,50.87918,50.79993,50.947067,50.68966,50.6719,50.94717,50.954025,51.01191,50.96771,51.032722,50.85832,51.03739,51.158386,51.01041,51.055702
45.619816,45.762657,45.930397,46.363567,45.554832,45.304825,45.397655,45.539127,45.541744,45.310825,45.619984,45.616142,45.957844,45.980415,45.359474,45.773823,45.720352,45.62391,45.745365,46.18931,45.596348,45.609417,45.787334,45.62327,46.048256,46.14833,46.12574,45.841682,45.85824,45.728947,46.2298
48.544758,48.53322,48.69127,48.576595,48.887955,49.029495,49.139355,48.990246,48.628513,48.93167,48.80751,48.539017,48.930874,48.806347,48.961086,49.07192,48.84358,48.932793,48.8701,48.821667,49.151337,49.44867,48.79666,49.111427,48.854427,49.13801,49.040604,49.272636,49.002647,49.001404,49.070286
44.452057,44.422962,44.592773,44.725426,44.93126,44.85577,45.0286,44.906147,44.643265,45.178352,44.62765,45.17145,45.078423,45.302048,44.940403,45.244965,45.110245,45.172302,44.96611,44.8411,45.026592,44.81584,44.96894,45.071625,44.915104,45.07402,45.453575,45.450382,44.758377,45.052143,45.21732
49.64396,50.1825,50.638924,50.1269,49.782516,50.25245,50.166126,50.308624,50.66539,50.274055,50.343563,50.154297,50.04495,50.812965,50.33132,50.394405,50.471928,50.567356,50.461636,50.263203,50.284172,50.444294,50.52633,50.45514,50.880047,51.134956,50.55885,50.83656,50.194557,50.48407,50.597794
47.30322,47.158894,47.10209,47.507717,47.268913,47.447212,47.341934,47.575752,46.951595,47.224064,46.9316,47.302956,47.61888,47.309616,47.256214,47.422886,47.31876,47.506218,47.433598,47.402565,47.370434,47.11705,47.497032,47.063087,47.48762,47.147446,47.2276,47.659298,47.208473,47.355244,47.227627
51.853096,51.894215,51.883698,51.90457,52.01229,51.970455,52.073536,52.033634,52.11768,51.998917,52.00887,51.968132,51.952282,51.99095,52.526432,52.23895,52.062252,52.25683,52.267822,52.409767,52.516376,52.327404,52.285286,52.39968,52.52247,52.41134,52.417416,52.30946,52.411446,52.529404,52.712376
48.214367,47.97608,47.983727,48.190536,48.95072,48.08518,48.25994,47.9051,47.766987,48.500137,48.26682,47.973892,48.780556,47.940174,48.38117,48.285984,48.29549,48.174206,48.65097,48.582836,48.50697,48.375076,48.39186,48.72641,47.773117,47.825996,48.71868,48.198223,48.543713,48.17029,48.675686
41.488167,42.035385,41.46073,41.573833,41.54892,41.416798,41.45385,41.23591,41.89056,41.921227,41.64079,42.037617,41.90077,41.627583,42.05611,41.29844,41.920673,41.851307,41.574577,42.264637,42.300926,42.141018,42.150894,42.039856,42.21877,41.77883,42.043617,41.76572,42.485767,42.339905,42.218758
45.546474,44.85418,45.0243,45.530136,45.432312,45.53451,45.549866,45.5869,45.045635,45.182003,45.686123,45.023746,45.470333,45.068935,45.46799,45.635742,45.261005,45.700012,45.879898,45.583263,45.481678,45.457085,45.23007,45.615936,45.641403,45.388412,45.700886,45.437218,45.901817,45.25602,45.975903
53.824867,53.499424,53.168587,53.64723,53.799133,53.683765,53.960957,53.66082,53.49398,53.941723,53.82692,53.972374,53.820778,53.564224,53.62475,53.97884,53.765335,53.80595,53.804035,54.003746,54.161957,53.939,54.03303,53.809532,53.91682,53.843193,53.770046,54.034462,54.212017,54.23059,53.85921
40.891586,41.413406,41.43241,41.3904,40.762566,41.48495,41.356136,41.591366,41.423424,41.335705,41.26817,41.551716,41.473866,41.56528,41.355614,41.075687,41.555458,41.54637,41.138073,41.45151,41.30439,41.61209,41.55633,41.337585,42.03878,41.92354,41.420773,41.897102,41.368015,41.547867,41.446484
51.136204,50.75215,51.372597,51.155437,50.879585,51.036903,50.632717,50.880745,51.071323,50.61731,51.4283,51.024582,50.763268,50.92203,50.694416,50.886124,50.880787,50.89666,51.135662,51.348263,50.870487,50.921776,50.8609,50.801422,50.873795,51.740288,51.247894,51.08822,51.602867,51.12836,50.989502
46.287323,46.2001,46.21437,46.265903,46.23281,46.18982,46.10035,45.967358,46.192734,46.322838,46.311,46.594364,46.38951,46.43684,46.127354,45.910343,46.04295,46.329807,46.068493,46.510925,46.702705,46.953293,46.32336,46.35662,46.523144,46.816185,46.778862,46.249622,46.92906,46.768616,46.713898
40.526325,40.641457,40.7835,40.738785,40.787865,40.978336,40.80497,40.72811,40.92747,41.16253,41.2468,40.947384,41.155075,41.10036,41.22575,40.65452,41.020927,41.04863,40.954872,41.11283,41.218754,41.288033,41.111553,41.121544,41.26811,41.284805,41.17827,41.159252,41.244625,41.330715,41.355846
42.68114,42.691536,42.734947,42.710186,42.8096,42.8272,42.809757,42.794285,42.76115,43.073112,42.77015,43.15316,43.05452,43.577744,42.98411,42.98214,42.782368,43.230404,43.121353,42.92901,42.95927,42.9987,43.069717,42.96006,43.45316,43.546112,43.28202,43.17715,42.829037,43.20902,43.695812
55.27802,55.082493,55.040062,55.34835,55.595177,55.13659,55.37139,55.222027,55.31712,55.555904,55.80508,55.306763,55.302723,55.0813,55.416965,55.540005,55.234505,55.25047,55.762505,55.74192,55.51993,55.401745,55.448776,55.878967,55.38698,55.76664,55.702717,55.652344,55.87706,55.621735,55.87395
47.932724,47.819073,47.576233,48.2675,47.91295,47.798855,47.870926,47.968876,47.6722,48.065178,47.761528,48.258877,48.355225,48.263783,48.016453,48.147602,47.82863,48.067097,48.021217,48.22636,48.159443,47.852673,48.08086,47.9513,48.32325,48.152336,48.189808,48.422016,48.17588,48.358284,48.465424
43.642643,43.681313,43.82238,44.182533,43.58258,44.153458,44.092556,44.229664,44.123425,43.779404,44.2573,43.911404,43.937122,43.848885,43.864414,44.0026,44.06617,44.20413,43.951122,44.192192,44.182915,44.161106,44.121,44.148743,44.678417,44.429405,44.229355,44.203587,44.27202,44.18567,44.172264
52.999866,52.38936,52.97181,53.006676,53.220184,53.12009,53.0151,52.838585,52.570988,53.057163,53.231583,53.2005,53.283043,53.078804,52.75398,53.067585,52.969913,52.963177,53.294937,53.033733,52.90804,52.732136,53.23177,52.959473,52.824684,53.129692,53.301178,53.088516,53.17588,53.072666,53.0926
48.78691,48.605793,48.52346,48.46617,49.13803,48.943275,48.479393,48.653137,48.807785,48.66959,48.642365,48.51257,49.023163,48.845924,48.463696,48.84229,48.657883,48.779438,49.073566,48.715603,48.856457,48.73098,48.880474,49.115967,48.76073,48.819107,49.024593,48.532883,49.071598,48.956345,48.946175
52.352016,52.25843,52.421036,52.78706,52.571175,52.663754,53.00175,52.925198,52.443268,52.874348,52.45642,52.864285,52.998283,53.23338,53.032787,53.264854,52.884106,53.03075,52.80015,52.75594,53.087223,52.908707,53.001144,52.873505,53.230415,52.994858,53.11107,53.44891,52.522064,53.182976,53.29864
40.550343,40.560116,41.05951,40.74633,40.68177,41.042885,40.92474,40.812218,40.797478,40.768677,40.819054,41.133358,41.091953,41.046806,41.007683,40.83621,41.155613,41.189735,40.80005,40.957172,41.09514,41.15323,41.129482,41.029594,41.116596,41.052483,41.45366,41.010193,41.10165,41.04451,41.134148
58.69549,58.448208,58.453644,58.800907,58.674698,58.710815,58.705406,58.656334,58.888203,59.079163,59.14595,58.94882,58.72333,58.547897,58.98691,58.63126,58.753925,58.91849,59.087666,58.90107,59.237488,58.948395,59.14117,59.192726,59.085564,58.74968,59.0817,59.064243,59.6058,59.337585,58.998238
47.88585,47.82845,47.612785,47.761635,48.220055,47.382347,47.983192,47.454285,47.55714,48.14074,48.07608,47.948677,47.8409,47.710415,48.217922,48.11013,47.90605,47.824406,48.273186,48.444103,48.188557,48.076046,48.2219,48.17096,47.854984,48.096832,48.180363,48.091373,48.272358,48.235626,48.67598
39.777813,39.949898,39.98239,39.664837,39.964607,40.277058,40.34095,40.21353,40.08902,40.32369,40.41915,40.02654,40.012985,40.23642,40.006016,40.382607,40.491745,40.22759,40.23033,40.218174,39.90954,40.347187,39.915646,40.3051,40.10071,40.873314,40.229103,40.783405,40.377098,40.08724,40.289604
46.234097,46.59547,46.668785,46.50934,46.37446,46.869152,46.348206,46.72454,46.718132,46.32912,46.428963,46.38303,46.71241,46.559902,46.47972,46.23777,46.5189,46.576912,46.599987,46.66398,46.479465,46.523308,46.748997,46.675774,47.106518,47.001335,46.625572,46.6166,46.66832,46.687717,46.663864
43.66741,43.383488,43.544373,43.647556,43.218147,44.13036,43.273315,43.987785,44.13888,43.255455,43.738613,43.8134,43.567474,43.760075,43.33999,43.36793,43.877735,44.04802,43.5193,43.669834,43.90498,43.754948,43.811543,43.516327,44.29474,44.00956,43.844322,43.60196,44.07497,44.181652,43.283012
43.70184,43.469845,43.718346,43.53599,43.85546,43.43345,43.284237,43.34802,43.45375,43.639797,43.797623,43.826767,43.774845,43.719006,43.635292,43.294903,43.681828,43.635853,43.94295,43.901905,43.51501,43.684467,43.847637,43.789406,43.573067,43.915665,44.10552,43.545856,43.836464,43.772533,44.07247
51.58166,51.26945,51.515022,51.29464,51.276146,51.338516,51.098312,51.42842,51.220375,51.060642,51.176514,51.43058,51.344597,51.592964,51.04239,51.44911,51.306248,51.3514,51.51613,51.205112,51.166023,51.486584,51.41312,51.328224,51.268818,51.63803,51.53046,51.565094,51.626762,51.55904,51.38075
43.221333,43.218193,43.502914,43.410122,42.669342,43.81568,43.385,43.99505,43.622223,42.977913,43.33588,43.177784,43.031494,43.429817,43.128815,43.473164,43.4128,43.862434,43.357506,43.23119,43.231304,43.649986,42.873383,43.34453,43.810024,44.0568,43.579506,43.96529,43.844425,43.211903,43.295128
43.810013,43.91151,43.92179,43.660618,43.919464,43.837437,43.811047,43.62194,43.832085,44.024174,44.094967,43.89645,43.98869,43.94103,43.893215,43.83624,43.73014,43.941845,44.05671,44.07123,43.978474,44.324028,43.8043,44.231483,43.877792,44.384308,44.218933,44.087822,44.536755,43.984913,44.41632
39.556812,40.207207,39.662575,39.909863,39.416985,39.47408,39.567158,39.844494,39.730045,39.705532,39.232853,39.668465,39.83016,40.042767,39.379234,39.857944,39.86415,39.910084,39.66736,39.90041,39.603447,39.873028,39.598907,39.689514,39.96934,40.08452,39.78171,40.345005,39.82116,39.650673,39.863503
45.07769,45.406105,45.106438,44.614296,45.218803,45.040646,45.254093,45.17549,45.154232,45.2065,44.78446,45.191692,45.119392,45.243805,45.355038,45.58533,45.300186,45.396805,45.467953,45.152386,45.248203,45.4313,45.50635,45.554893,45.201267,45.275826,45.236546,45.531166,45.19109,45.336193,45.472095
55.49027,55.078968,55.874977,55.4794,55.66819,55.50752,55.17206,55.392307,55.6052,55.560223,55.89841,55.559376,55.54177,55.7128,55.58882,55.30833,55.536774,55.625565,56.012295,55.518414,55.522022,55.662437,55.732998,55.87166,55.41634,55.85295,56.150043,55.624573,55.833664,55.722713,55.78857
47.54518,47.711212,47.320618,47.26539,47.576485,47.71003,47.114704,47.647007,47.77924,47.46314,47.00751,47.412106,47.831673,47.884705,47.591343,47.461567,47.719765,47.81311,47.74601,47.47106,47.71962,47.660633,47.730957,47.859055,47.94005,47.507507,47.791172,47.61699,47.869892,47.963394,47.779152
42.39111,42.6552,42.688744,42.433044,42.48558,42.713478,42.57488,42.728424,42.788605,42.673782,42.402935,42.765915,42.618126,42.96925,42.60277,42.712597,42.55159,42.840298,42.535213,42.42669,42.96598,43.214157,42.789486,42.84092,42.808826,42.98826,42.91479,42.97739,42.81575,43.06871,42.73388
47.394108,47.081097,47.19159,47.620167,47.286568,47.3093,47.421265,47.518562,46.97809,47.171623,47.328056,47.026497,47.373924,47.19704,47.01304,47.261147,47.448223,47.47378,47.414436,47.56256,47.402046,47.711235,47.245876,47.188286,47.472347,47.51925,47.545177,47.53165,47.476143,47.246532,47.416817
57.004086,56.857243,56.863556,57.14558,57.066727,57.073013,57.108738,57.072525,56.68942,57.030197,56.86621,56.99377,57.459476,57.23656,56.823795,57.352146,56.87289,57.036404,57.195274,57.173344,57.070198,56.974094,57.178123,57.020325,57.236454,57.309685,57.01762,57.431515,57.079803,57.15561,57.265083
38.324585,38.732906,38.403984,38.564987,38.52903,38.733692,38.48855,38.629673,38.59373,38.77894,38.19036,38.51578,39.03482,38.996407,38.601025,38.550713,38.718166,38.90273,38.407463,38.74277,38.95426,39.106575,38.361534,38.729958,38.81724,38.863243,38.96645,39.038857,38.965492,38.77239,38.90866
44.86134,45.1413,45.484604,45.434456,44.897102,45.478397,45.109577,45.452175,45.45488,45.316147,45.161972,45.32176,45.351795,45.79333,45.62796,44.956055,45.21263,45.682644,45.270885,45.388985,45.664757,45.65194,45.49718,45.15847,46.100014,45.922264,45.590424,45.66544,45.277145,45.74349,45.692387
46.621548,46.25112,46.608955,46.615368,46.53409,46.342365,46.366158,46.313023,46.5865,46.447365,46.434265,47.115322,46.56799,47.13461,46.097336,46.897583,46.550518,46.974934,46.73914,46.494938,46.757977,46.55138,46.890976,46.6492,46.72912,46.82216,47.315342,46.521587,46.74745,46.845684,46.876366
58.339725,58.2595,57.844734,58.235153,58.568153,58.261314,58.228786,58.361443,58.518448,58.727287,58.21229,58.38596,58.507004,58.41024,58.831287,58.480812,58.495888,58.737938,58.782967,58.72362,58.97291,58.511917,58.60157,58.851227,58.731712,58.38478,58.779156,58.77517,58.838257,58.929325,58.88709
41.22528,41.875546,41.66078,41.875072,41.505333,41.50044,41.81006,41.584827,41.905556,41.973427,41.677223,42.386147,42.085228,42.160362,42.087124,42.080326,42.277912,42.000088,41.71381,42.386974,42.056698,41.489655,42.44819,41.92144,42.473877,42.190628,42.09977,42.363976,41.735653,42.30828,42.27885
54.822723,54.582672,55.176323,55.180435,55.002167,55.222828,54.981716,55.050995,54.97544,54.88519,54.984573,55.08404,55.296246,55.141773,55.196262,54.929672,54.908176,55.302746,55.172993,55.173943,55.443867,55.186115,55.412453,55.155037,55.501476,55.21517,55.518463,55.03012,55.11927,55.32709,55.348373
50.376865,49.865158,49.919693,50.27191,49.83966,50.206398,50.149956,50.265675,49.826054,50.05339,50.178524,50.150383,50.091,49.998783,50.049862,50.08599,49.85321,50.466522,50.241505,50.2675,50.301353,50.484875,49.80134,49.970383,50.27657,50.382072,50.26872,50.500412,50.810574,50.136864,50.339806
52.47807,52.280415,52.392387,52.79108,52.428802,52.43225,52.675205,52.548626,52.41809,52.64473,52.789562,52.86354,52.668972,52.752758,52.39613,52.932304,52.64264,52.617893,52.753834,52.759136,52.709045,52.389866,53.1008,52.47277,52.917324,52.84826,52.561367,53.00037,52.61822,53.00643,52.66677
51.690044,51.451244,51.387695,51.713387,51.449234,51.49261,51.08098,51.64225,51.940144,51.14649,51.454987,51.46854,51.526215,51.670036,51.707912,51.6251,51.85027,51.679813,51.612534,51.782215,52.12295,51.818596,51.931454,51.756927,52.038315,51.55455,51.935017,51.55982,52.1527,52.487442,51.731544
48.325138,48.40056,48.56456,48.403053,48.7172,48.980953,48.86467,48.886612,48.943398,48.85047,49.05378,48.62857,48.78399,48.619087,49.113304,49.093586,48.962067,48.888565,49.036636,48.902615,48.91135,48.727024,48.876633,49.31044,48.930176,49.080956,48.992863,49.23593,49.082954,49.000957,49.03376
50.79973,50.470146,50.813675,51.19171,50.82068,51.109547,51.100655,51.182796,50.95521,50.967896,50.816418,51.169758,51.1769,51.421448,50.656063,51.423058,51.37999,51.49307,51.028717,50.990326,51.291702,51.00384,51.135696,50.981453,51.288326,51.11841,51.563454,51.417076,51.035446,51.172863,50.968693
42.858463,43.555103,43.274467,43.34531,42.75464,43.268562,43.24514,43.564735,43.50965,43.04057,43.335217,43.289196,43.202175,42.974163,43.496723,43.289772,43.36557,43.051327,43.110455,43.52753,43.20164,43.358192,43.47725,43.611076,43.78734,43.740982,43.14375,43.890457,43.683323,43.666973,43.411938
50.78316,50.443085,50.602844,50.770103,51.10572,50.863464,51.026825,50.57024,50.786392,50.97641,51.27686,51.061665,51.108055,50.771893,51.134014,51.37267,51.15717,50.877583,51.17749,51.260406,51.265724,50.781265,51.258175,51.37506,50.94141,50.91912,51.389465,51.046444,51.68561,51.39713,51.44316
46.727768,46.015236,46.61255,46.621555,46.543045,46.640724,46.32895,46.377434,46.227455,46.46675,46.581215,46.944344,46.77635,46.830204,46.491875,46.200466,46.33775,46.980923,46.802273,46.583797,46.751495,46.609776,46.902912,46.281128,46.850147,46.625603,46.988213,46.29052,46.629223,46.740788,46.842133
49.397007,49.462273,49.18775,49.17268,49.448532,49.586655,49.230366,49.94447,49.752167,49.323807,49.039562,49.445175,49.40442,49.824688,49.758347,49.758427,49.810444,49.61019,49.724876,49.34231,49.570454,49.443836,49.90313,49.741997,49.96146,49.670837,49.552406,49.908566,49.34275,50.253292,49.629913
45.817898,45.688946,45.80536,45.59651,45.890556,45.483444,45.691696,45.40661,45.98047,45.9667,46.633854,45.900826,45.540283,45.491333,46.056957,45.78119,46.013485,45.866127,46.512596,46.198776,45.838707,45.816547,46.372463,46.379677,45.973278,46.029305,46.1288,45.784485,46.52252,46.099064,46.399242
46.86004,47.11593,46.965668,47.393517,46.647583,47.075176,46.872498,47.386597,47.33124,46.816334,47.06396,47.097473,46.93132,47.373787,46.976284,47.111095,47.235645,46.96604,46.895565,47.31641,47.162964,47.185078,47.216785,47.004265,47.83609,47.88954,47.17544,47.59142,47.37456,47.817055,47.307613
44.13692,43.45752,43.779564,43.771248,44.318924,43.861435,43.83697,43.744164,43.548313,43.585365,44.1637,43.83128,44.01152,43.74998,43.7599,44.203762,43.921738,43.807606,44.231804,44.24242,43.765465,43.868008,43.74317,44.191452,43.598198,44.238815,44.489098,43.754704,44.370174,43.899055,44.498795
51.363842,51.162907,51.052353,50.89122,51.114983,51.26444,51.1471,51.23974,51.555435,51.086014,51.376625,51.441837,51.105373,51.222275,51.097046,51.74243,51.62404,51.481106,51.57668,51.321,51.307343,51.13852,51.54449,51.67681,51.39015,51.38362,51.486195,51.478554,51.932693,51.622097,51.304565
56.669353,56.776997,57.315117,57.37567,56.847687,56.963047,56.934135,56.785706,57.032368,57.153324,57.665245,57.004063,57.205524,57.060238,57.103836,56.80744,57.098724,56.836254,57.373394,57.374264,56.993984,56.859,57.557476,57.182243,57.48981,57.50068,57.186157,57.33236,57.451054,57.32085,57.386997
45.283207,45.635162,45.199226,45.761127,45.535988,45.262478,45.652283,45.422382,45.52924,46.11129,45.875965,45.893898,45.877884,45.78555,45.985565,45.668026,45.88449,45.646763,45.738945,46.25358,45.942825,45.62216,46.11015,45.693466,46.148308,46.01454,45.621258,46.278385,45.734848,46.21264,46.15149
48.02571,48.217793,47.959595,48.17392,48.38418,47.96231,48.019905,48.01135,48.065678,48.263435,48.03159,47.988068,48.533333,48.35783,48.53179,48.321117,48.25275,48.03905,48.323296,48.43789,48.522602,48.49912,48.41366,48.597977,48.360336,48.262054,48.485844,48.463005,48.580566,48.74998,48.86597
51.30716,51.20605,50.723534,50.440212,51.185722,50.867146,51.125298,50.855682,50.93102,51.24244,50.977844,51.198647,50.76441,50.736538,50.94231,50.98334,51.048943,51.24524,51.25796,51.323387,51.242966,51.644043,51.06968,51.310333,50.953777,51.423172,51.206753,51.198402,51.62236,51.193054,51.29346
39.561188,39.6717,39.41423,39.06504,39.599655,39.334694,38.944527,39.197735,39.82769,39.578377,39.417263,39.32871,39.37183,39.900143,39.639885,39.44817,39.726757,39.763058,39.74502,39.640034,39.854244,39.939404,39.532146,39.63047,39.464916,39.75621,39.774334,39.58504,40.0288,40.028496,39.812065
50.288197,50.30723,50.043304,50.15262,50.283333,50.366467,50.272125,50.58259,50.337444,50.634464,50.21792,50.51106,50.498627,50.541645,50.641197,50.151997,50.520065,50.548607,50.524345,50.340717,50.553577,50.77413,50.675056,50.62471,50.75689,50.530838,50.489384,50.852722,50.472107,50.902313,50.60046
43.874615,43.977264,43.38643,44.06499,43.843307,43.516193,44.159138,43.695034,43.556286,44.295876,44.146477,43.87843,43.949917,43.70129,44.075115,44.11912,43.95077,44.043625,44.05201,44.593346,44.267014,44.24201,43.836773,43.91208,44.088844,44.219345,43.906925,44.539692,44.510075,44.058918,44.499283
47.645992,47.254623,47.98398,47.739113,47.817604,47.946613,47.989857,47.80305,47.687862,47.91293,48.263214,47.871696,47.775402,48.10296,48.177128,47.75109,48.214527,48.07527,48.096184,48.079834,48.091225,48.30652,48.16081,47.903374,48.2403,48.459274,48.42987,48.05649,48.045708,48.276676,48.44204
59.419662,58.800148,58.85666,59.155617,59.212433,59.17932,58.912014,59.15436,59.248108,59.241165,59.333614,59.230442,59.077328,58.793365,59.193428,58.83506,59.120857,59.514614,59.51767,59.324753,59.663193,59.397583,59.415726,59.340546,59.27743,58.932762,59.44945,59.140034,59.780193,59.522396,59.045532
39.93678,39.790154,39.939598,39.77042,40.41075,39.7667,39.75739,39.484406,39.571228,39.748352,39.475292,39.909393,40.4217,40.08663,39.684776,40.25123,40.08808,40.022087,39.998768,40.07445,40.12314,40.01416,39.96887,40.168816,39.384056,39.59841,40.622154,39.703514,40.174828,39.831924,40.23012
47.75782,47.65514,47.459015,47.844585,47.75717,47.3766,47.8954,47.694386,47.23367,47.84379,47.450745,48.028305,47.691647,47.579563,47.421158,48.00366,47.784176,47.8042,47.785606,47.978558,47.75794,47.595123,47.933937,47.422363,47.47315,47.690147,47.682045,48.218025,47.57918,47.700336,47.537346
47.19468,47.505184,47.39795,47.221855,47.66931,47.39265,47.462833,47.168163,47.387074,47.796566,47.62617,47.50783,47.660294,47.352432,47.183826,47.39951,47.759914,47.201675,47.52523,47.602028,47.383167,47.63365,47.543728,47.924797,47.10449,47.6699,47.788906,47.80342,48.079704,47.543575,47.500847
43.82048,43.518734,44.335564,43.85812,43.993843,44.255463,44.24877,44.016438,43.725647,44.005318,44.56658,44.110516,44.14537,43.988808,43.99034,44.099113,44.045906,44.09776,44.422398,44.009834,43.611816,44.032883,44.037003,44.381798,43.966522,44.536255,44.500973,44.2596,44.347816,43.71446,44.480072
31.268723,32.07998,31.974714,31.62993,31.510412,31.587267,31.861263,31.624765,32.135803,32.053604,32.23489,32.233646,31.779934,32.07352,32.045586,32.122246,32.276917,31.887604,31.95148,32.203163,31.664585,31.777885,32.146675,32.319374,32.153698,32.58485,32.156647,32.486034,32.21306,32.077415,32.419445
41.09073,41.061386,41.044167,40.746258,41.05613,40.82742,41.017075,40.938362,41.070473,41.00809,40.961903,41.43367,40.93261,41.371418,41.10433,41.20035,41.23471,41.263866,41.140446,41.11682,41.321278,41.59972,41.54414,41.27916,41.322,41.437157,41.48443,41.135,41.179417,41.644363,41.512447
36.015755,36.07801,35.974045,35.722744,36.17193,35.955,35.768745,35.8004,36.268784,35.888355,36.020084,35.766956,35.96612,36.237038,36.09071,36.275093,36.012955,36.31286,36.292286,36.112606,36.42146,36.508835,36.06251,36.43463,36.126114,36.239716,36.493114,35.890713,36.587784,36.346714,36.615574
48.90935,49.216076,48.666763,49.508038,48.87419,48.83866,49.23674,49.342762,49.259586,49.32284,49.48931,48.96958,49.074566,49.029396,49.412544,49.35732,49.437645,49.068233,49.30768,49.619217,49.52507,49.317112,49.710728,49.255127,49.89169,49.40306,48.84945,49.837322,49.344273,49.912334,49.404037
58.951603,58.70901,59.06356,59.081715,59.18119,59.173683,59.40827,59.237637,59.16804,59.42541,59.666378,59.157314,58.998493,59.108124,59.476337,59.41546,59.267727,59.21553,59.61067,59.29839,59.46459,59.35105,59.669224,59.48532,59.46797,59.567177,59.32399,59.671555,59.409855,59.70541,59.473763
49.209442,49.196903,49.19686,48.358875,49.51301,49.223026,49.191833,49.00399,49.264275,49.166336,48.999565,49.055904,49.10724,49.31151,49.552273,49.55116,49.378136,49.291813,49.464397,49.18104,49.578407,49.858963,49.47366,49.73967,49.054157,49.43622,49.544495,49.262913,49.618385,49.739487,49.677322
62.8815,62.359425,62.4003,63.038513,62.900223,62.432434,62.881523,62.561394,62.554317,62.680202,63.372913,62.522305,62.735462,62.238194,62.713165,63.017185,63.028515,62.498016,63.262783,63.24461,62.930782,62.706886,63.27297,63.203133,63.01491,62.71093,63.002533,62.82665,63.5286,63.176357,63.212284
51.868572,51.8984,51.67041,52.047695,51.59031,51.75479,51.746243,52.125317,51.930836,51.93737,51.99264,52.1767,51.95618,51.979927,52.18025,51.76951,52.061146,51.907185,52.05594,52.148964,51.937286,51.961693,52.346474,52.046326,52.560062,52.256042,51.912342,52.451847,52.13526,52.56109,52.234173
35.94605,35.936184,36.151817,36.017433,35.827805,36.06585,36.167282,36.204094,36.09718,35.960007,36.19987,36.458836,35.99655,36.208256,36.403442,36.074566,36.432087,36.504177,36.146103,36.464523,36.284306,36.398186,36.47334,36.111565,36.65659,36.596794,36.497654,36.321533,36.095337,36.43263,36.546757
50.48815,50.391586,49.81639,50.273266,50.32547,50.071236,49.75278,50.30861,50.306522,50.035652,50.072567,49.87976,50.380447,50.167107,50.36831,50.07274,50.22571,50.18816,50.430725,50.569553,50.519695,50.519962,50.380154,50.38797,50.591835,50.27945,50.181526,50.28435,50.621407,50.835022,50.547256
46.724915,46.53863,46.742836,46.906895,46.99447,46.827946,47.114822,46.83643,46.98597,47.2312,47.05935,47.348873,47.042137,47.153366,47.365345,47.189983,47.45486,47.490925,47.207672,47.282753,47.646484,47.156178,47.690254,47.167496,47.39895,46.91088,47.533615,47.207466,47.01022,47.55321,47.327885
47.53016,47.759094,48.05783,48.03678,47.549835,47.840443,48.223476,47.82549,47.579815,47.863586,48.150936,47.83156,48.0886,47.779423,47.913982,47.922424,48.039837,47.85783,47.93162,48.116547,47.830788,48.24713,48.098587,48.15474,48.269936,48.264793,48.13739,48.311672,48.31315,47.84289,48.382298
44.575993,44.75639,44.370956,44.198303,44.443657,43.98312,43.787125,44.185825,44.857704,44.334892,44.528606,44.451912,44.349022,44.801006,44.53206,44.67745,44.547886,44.429306,44.89055,44.608295,44.375877,44.47359,44.62932,44.992195,44.57068,44.82112,44.727055,44.640617,45.038967,44.99997,45.079014
45.426727,45.622887,45.727203,45.563248,45.16974,45.66696,45.381065,45.966595,45.845818,45.387276,45.47319,45.754032,45.537514,46.189106,45.780296,45.650253,45.771404,45.772514,45.683193,45.55153,45.52512,45.82443,45.88634,45.711227,46.371117,46.370346,45.8035,46.120667,45.59997,46.219406,46.03826
52.99216,52.867596,52.87068,52.634968,52.78685,53.347187,52.76988,53.173615,53.243385,52.72185,53.073097,52.956684,53.031963,53.024242,53.074722,52.91607,52.914,53.074913,53.11864,53.07377,53.077923,53.150852,53.158672,53.230545,53.57349,53.58143,52.999218,53.082897,53.42911,53.508457,53.22883
54.97948,54.660336,54.651466,54.79271,55.047165,54.579487,54.63473,54.475117,54.59808,54.63072,55.04263,54.779045,54.943855,54.280903,54.997234,54.833694,54.70744,54.52527,55.13964,55.212856,54.91001,54.7857,54.97927,55.355377,54.679222,54.714073,55.190952,54.73219,55.773296,55.08902,55.37268
49.558292,49.946857,49.92537,49.857582,49.888847,49.90043,49.761208,49.97645,50.16471,50.071125,50.021606,49.941338,50.014446,50.168888,50.18178,49.92933,49.956306,49.86405,50.04886,50.153503,50.0565,50.13049,50.08236,50.37297,50.302364,50.633873,50.250763,50.44251,50.192875,50.43159,50.432804
49.687138,49.512,50.11328,50.26401,49.876457,50.121277,50.244278,49.94789,49.74219,50.01523,50.185192,50.34806,50.319233,49.911617,50.2654,49.804874,50.191387,50.215733,49.914066,50.452667,50.431114,50.27487,50.40002,50.07959,50.453236,50.260788,50.613503,50.193153,50.25487,50.272827,50.369717
43.933086,44.293087,44.17932,44.071903,43.763138,44.02031,43.834297,44.030754,44.335915,44.187614,44.23869,44.08937,44.08476,44.276806,44.03061,43.932434,44.325993,44.357784,44.25471,44.421616,44.069256,44.255558,44.08916,44.158966,44.41005,44.649544,44.2275,44.55688,44.534977,44.16458,44.276157
35.20993,35.93901,35.473915,35.62066,35.290012,34.93259,35.51878,35.028877,35.461746,35.633423,35.64585,35.546673,35.64893,35.41362,36.12781,35.78369,35.590424,35.685654,35.740105,36.33835,35.781155,35.65254,35.66471,35.91391,35.90963,35.800835,35.792023,35.96727,36.216026,35.602413,36.647327
52.24602,52.175648,52.424347,52.121624,52.593903,52.45602,52.41557,52.07812,52.148323,52.296318,52.30118,52.014977,52.718307,52.353455,52.43611,52.409637,52.54509,52.367393,52.52082,52.50975,52.697464,52.87805,52.59258,52.73736,52.383297,52.359726,52.784958,52.286327,52.884506,52.556824,52.794975
47.597466,47.771534,47.68734,47.961426,47.8459,47.867435,47.940804,47.85296,47.599434,47.779373,47.42908,47.716053,48.17085,48.13512,47.98,48.319145,47.843307,47.994087,47.922493,48.1283,48.09928,47.754295,47.90493,47.831734,48.17475,48.09072,48.051964,48.276604,47.974777,48.041737,48.380535
49.174488,49.251892,49.176308,49.002193,49.423866,49.095078,48.803917,49.108032,49.713993,49.131382,49.266754,49.175613,49.145935,49.485977,49.644554,49.63074,49.640198,49.213123,49.545246,49.504852,49.6894,49.223263,49.775875,49.595757,49.3699,49.397263,49.491993,49.446716,49.65057,50.217167,49.509354
40.873356,41.080994,41.37191,40.98784,41.29094,41.269855,41.13006,41.003906,41.35813,41.234245,41.118523,40.906292,41.263493,41.615135,41.216797,41.392265,41.194874,41.571964,41.33257,41.234776,41.696236,41.784294,41.246006,41.42626,41.32189,41.585037,41.71648,41.268284,41.4009,41.37385,41.62086
44.46717,44.640957,44.222977,44.457104,44.436897,44.19286,44.052765,44.22703,44.770077,44.485172,44.45401,44.83747,44.53645,44.723892,44.4243,44.48189,44.674057,44.492836,44.434025,44.86011,44.83003,44.57141,44.84781,44.64203,44.801826,44.812065,44.759563,44.624916,44.966698,45.26142,44.73716
43.791203,43.77192,43.512115,44.058205,43.50869,43.528755,43.68896,43.783997,43.464718,43.754883,43.64477,43.68805,43.84056,43.91747,43.743893,43.71413,43.59877,43.959652,43.807266,44.06213,43.8856,44.131447,43.518986,43.673325,44.147522,44.17032,43.98438,44.191265,44.19445,43.867744,44.38016
45.161167,45.188126,45.12442,44.736195,45.236847,45.172756,44.665504,45.0222,45.625916,45.115887,45.30459,45.27093,45.072678,45.237198,45.591736,44.985554,45.105698,45.31386,45.51037,45.272682,45.47232,45.402473,45.495808,45.737938,45.477272,45.46183,45.56033,45.07791,45.78152,45.858757,45.68842
47.593193,47.334415,47.716446,47.659336,48.059685,47.970673,47.89768,47.90657,47.63133,47.863556,47.405327,47.716377,48.152515,48.130615,47.805054,47.842358,48.211163,48.27226,47.9658,47.6428,48.220078,48.30771,48.107304,48.161293,47.956615,47.58407,48.632706,47.813255,47.69895,47.960667,48.05613
45.534004,45.37199,45.42466,45.176514,45.920135,45.71823,46.056046,45.618626,45.397404,45.997383,46.011913,45.52784,45.735935,45.712734,45.690834,46.185673,45.72659,45.787052,46.091965,45.72817,45.65584,46.02117,45.60928,46.1417,45.497734,46.16552,45.900864,46.138515,45.93902,45.625767,46.21075
50.09741,50.168278,49.68303,50.021324,50.325058,49.90806,49.64852,49.59992,50.333344,50.6801,50.41581,50.204514,50.452957,50.350513,50.426586,49.631214,50.023514,50.225433,50.34019,50.566692,50.748898,50.66425,50.19637,50.64805,50.483696,50.461166,50.649696,50.214363,51.176872,50.852493,50.951607
39.81761,39.676517,39.201645,39.49056,39.512077,39.615814,39.63339,39.94467,39.620926,39.684135,39.45573,39.89676,39.545204,39.708252,39.546646,39.78841,39.89584,40.04517,39.7592,39.75951,39.739674,39.860046,39.705906,39.64937,39.880447,39.827637,39.743668,40.072514,39.814095,39.91285,39.691013
43.35584,43.0505,43.208023,43.313305,43.79358,43.285442,43.472656,43.197395,43.10837,43.575417,43.6653,43.488586,43.67804,43.307877,43.526188,43.466244,43.580513,43.505768,43.66354,43.846233,43.632694,43.606537,43.592903,43.68625,43.28564,43.565254,43.907307,43.479923,43.565117,43.526608,43.86908
44.134045,43.36706,43.393967,43.454636,44.026352,43.948547,44.049313,44.06652,43.521435,43.91554,44.108635,44.00991,43.73795,43.75372,43.925804,44.22095,43.753216,44.083546,44.21756,43.837837,43.878666,44.130585,43.72886,44.073143,43.704132,44.167366,44.06553,44.172974,44.1551,44.04486,44.220837
56.561592,56.875595,57.208954,57.419613,56.984795,57.28481,57.383724,57.439888,57.12658,57.62072,57.416466,57.17457,57.44038,57.41883,57.776203,56.971558,57.315178,57.356205,57.57271,57.428223,57.358227,57.16269,57.888878,57.326035,58.118073,57.66343,57.23437,57.895897,56.81033,57.585865,57.660793
46.61571,46.194885,46.652786,46.211903,46.55889,46.703728,46.71308,46.762936,46.60657,46.557583,46.64005,46.799892,46.446407,46.881733,46.451916,46.803562,46.851147,46.99747,46.761753,46.323345,46.763367,47.2727,46.782635,46.92376,46.62747,46.937386,47.196926,46.809643,46.735077,46.8685,46.730106
40.19457,40.478493,39.807373,40.5386,40.32512,39.70195,40.289192,39.99189,40.163437,40.696445,40.464222,40.635887,40.54179,40.25839,40.565605,40.514526,40.58565,40.28608,40.54407,40.750404,40.556023,40.323143,40.753555,40.79727,40.537834,40.111977,40.625748,40.775784,40.9627,40.791294,41.001083
38.32312,38.468067,38.610115,38.312008,38.574577,38.350277,38.48587,38.30471,38.34313,38.414978,38.474377,38.81248,38.70996,38.732967,38.558052,38.777096,38.948345,38.515324,38.60018,38.873768,38.35382,38.404842,38.78044,38.69143,38.513527,38.910385,38.95623,38.761147,38.605957,38.663902,38.977543
39.192806,38.66043,38.740578,38.812683,39.04461,38.98255,38.92259,39.178326,38.96589,39.01129,38.951366,39.36572,39.041706,39.083565,39.082756,39.200035,39.21108,39.529675,39.23887,38.88034,39.19575,39.393734,38.922554,39.50544,38.860683,38.86093,39.796227,39.244705,39.49809,39.164692,39.306004
50.224632,49.910847,50.14054,50.274567,50.42932,50.12151,50.396286,50.3511,50.181557,50.165592,50.1937,50.38506,50.351265,50.273865,50.5185,50.82082,50.610924,50.553352,50.71586,50.360977,50.550766,50.226196,50.857067,50.74003,50.44428,50.004105,50.82275,50.459694,50.352825,50.60784,50.67041
45.442905,45.28825,45.29751,45.7429,45.13614,45.447727,45.438496,45.66322,45.48643,45.28842,45.402782,45.93481,45.543613,45.80547,45.592407,45.80748,45.847992,45.71175,45.398785,45.85421,45.762466,45.3363,45.903194,45.206276,46.085,45.840134,45.632374,45.977818,45.607613,46.19164,45.64325
50.079277,49.831463,49.587677,50.341557,49.747765,50.13661,50.066975,50.55762,49.789524,49.96085,49.892525,50.041687,50.281425,50.090275,50.22881,50.10309,49.854633,50.21009,50.06897,50.16345,50.183376,50.261253,49.95965,50.053627,50.627426,50.314026,50.0381,50.668552,50.21438,50.40365,50.399227
44.759445,44.395504,44.802635,44.60796,44.81083,44.49196,44.735123,44.371937,44.24268,44.648914,44.70298,44.89508,44.745632,44.8249,44.253963,44.908916,44.597946,44.734722,44.813484,44.63309,44.66245,44.90337,44.78064,44.65171,44.27679,44.816208,45.068,44.74965,44.908077,44.620014,44.82325
32.93063,32.671696,32.76106,32.97961,32.255844,32.989975,32.935646,33.310734,33.212524,32.824883,33.59263,33.183723,32.3925,32.86606,32.858074,32.904564,32.92584,33.42143,33.014732,32.979218,33.01125,33.380424,32.86589,32.916862,33.481487,33.617256,33.02501,33.369648,33.38759,33.204327,33.01812
41.557083,41.68881,41.574104,41.802155,41.69838,41.58239,41.416,41.43128,41.56728,41.698956,41.617584,42.105415,41.8769,41.728783,41.466022,41.335457,41.459053,41.568092,41.429935,42.061005,41.890854,41.717937,41.86643,41.50045,41.82929,42.11741,41.866886,41.70868,41.894352,42.077698,41.783863
63.99286,64.05785,64.5104,64.47274,64.80975,64.82123,64.93562,64.82272,64.4357,64.72414,64.216705,64.488495,65.10542,64.77231,65.39034,64.932014,65.20173,64.54971,64.55789,64.71182,65.30341,64.990524,65.29271,65.12813,64.93861,64.49847,65.1493,65.204,64.47853,65.46713,64.93534
46.29162,46.537098,46.04146,46.091557,46.353943,46.259018,46.387234,46.39655,46.474285,46.52182,46.291817,46.179848,46.347443,46.39124,46.31651,46.54112,46.384674,46.59295,46.576054,46.477474,46.580235,46.915268,46.318523,46.878883,46.612247,46.718575,46.60569,46.720524,46.838734,46.53539,46.82212
46.021717,46.011913,46.55024,45.945187,46.515953,46.197704,46.440933,45.8858,46.34051,46.37026,46.90513,46.24371,46.216923,46.111935,46.624523,46.501236,46.619686,46.13215,46.616814,46.444363,46.59798,46.76625,46.861065,46.972588,46.14377,46.45479,46.82366,46.319866,46.975292,46.767933,46.777287
50.362663,50.120617,50.01738,50.08497,50.301582,50.308243,49.9296,50.14648,50.47593,50.23674,50.76429,50.345444,50.300938,50.25262,50.301464,50.10885,50.21769,50.15612,50.600887,50.54105,50.262077,50.28645,50.439133,50.70955,50.68096,50.861618,50.519703,50.272022,51.047806,50.837265,50.828358
62.275616,62.071896,62.69725,62.588177,62.191864,62.31983,62.383125,62.418484,62.409004,62.319275,62.74366,62.688137,62.439358,62.472332,62.56998,62.466587,62.471943,62.36342,62.624775,62.642273,62.506897,62.465305,62.959873,62.578857,62.76177,62.904434,62.66866,62.838615,62.6026,62.89579,62.62708
49.748814,50.138092,49.907524,50.009434,49.722534,50.169445,49.89119,50.26851,50.311222,50.36551,49.964584,50.16603,50.106285,50.163242,50.235767,49.892185,50.069687,50.298187,50.112,50.06326,50.23956,50.252274,50.020103,50.32012,50.350086,50.352715,50.174507,50.81127,50.538387,50.357517,50.077213
41.29555,41.463856,41.422638,41.22871,41.65487,41.668102,41.614056,41.450035,41.774414,41.930782,41.550163,41.723923,41.772873,41.878735,41.775726,41.6095,41.877247,42.185852,41.838005,41.7187,42.045303,42.009853,41.831093,42.079597,41.948353,41.778206,42.2433,41.748085,41.892117,41.790596,42.092266
47.057888,47.00412,47.21261,47.13885,46.877174,47.266876,47.19418,47.13643,47.078144,46.837196,47.19125,47.252426,47.374184,47.071857,47.133884,47.359375,47.364304,47.201233,47.205338,47.211597,47.15739,47.219036,47.401123,47.492867,47.42805,47.174377,47.477234,47.310905,47.83766,47.348637,47.434784
44.905712,45.19207,44.92414,45.064293,44.92299,44.764225,45.140324,44.829716,44.77741,45.25073,45.215023,45.314857,45.06907,44.722775,44.872738,44.95624,45.051926,44.7524,44.918285,45.29653,45.07796,45.276863,45.311066,45.075607,44.8808,45.202118,44.899513,45.49996,45.48432,45.28333,44.94705
51.56994,51.60084,52.05188,51.38588,51.91593,51.529285,51.612606,51.371685,51.757637,51.754128,51.748222,52.191597,51.789406,52.087524,51.94698,52.00754,51.91712,51.702827,51.949707,51.938644,51.835636,51.799515,52.218708,52.120964,51.66064,52.25844,52.348858,51.9579,51.94549,52.228313,52.260624
45.068882,45.179955,44.815514,45.27299,45.2668,44.7669,45.630558,44.9232,44.80973,45.871605,45.850517,45.35312,45.298706,44.859226,45.470722,45.344376,45.22356,45.387352,45.824123,45.82908,45.23392,45.25703,45.49366,45.594078,45.444576,45.470703,45.286453,45.785194,45.620422,45.0476,46.01579
47.34895,47.264153,47.349586,47.759453,47.232903,47.50903,47.257515,47.61344,47.273457,47.402767,47.079674,47.641045,47.849663,47.872326,47.341232,47.38177,47.588127,47.634243,47.4498,47.296223,47.564556,47.43047,47.788258,47.347214,47.838192,47.283043,47.683105,47.771282,47.532234,47.82973,47.480747
40.72517,41.157032,40.94082,40.89291,40.693733,40.60127,40.352303,40.824005,41.132587,40.747143,40.459377,40.774246,40.82406,41.280186,40.74155,40.78733,41.17681,41.080406,40.92884,40.977688,40.93193,41.026745,40.952263,40.909622,41.04716,41.06877,41.18867,41.14583,41.021,41.12848,40.99187
49.555134,49.789684,49.837135,49.953888,49.42875,49.39355,49.813053,49.627235,49.831783,49.713444,50.25911,50.257217,49.74799,49.808525,50.06482,50.08061,50.10891,49.547527,49.957695,50.29495,49.732716,49.542095,50.590992,50.005867,50.39332,50.33175,49.821884,50.301838,50.09803,50.491875,50.309525
43.267597,43.59269,43.473267,43.604046,43.424904,43.459263,43.588535,43.544247,43.458355,43.14117,43.610447,43.17704,43.681927,43.297817,43.5627,44.01668,43.71574,43.2813,43.640182,43.94972,43.391922,43.354485,43.61895,43.86258,43.76166,43.835716,43.575603,43.8313,43.933723,43.611675,43.994545
50.940994,50.583782,51.1986,50.64444,50.69301,51.029854,50.50472,50.86934,51.07687,50.47579,50.817364,51.040592,50.738285,51.151382,50.706875,50.761024,50.688812,51.131638,50.975414,50.6716,50.97093,51.237694,50.927467,51.074516,51.03622,51.353218,51.457672,50.76558,51.290592,51.17505,51.066425
38.555,38.42555,38.588432,38.64139,38.60167,38.71219,38.803642,38.798153,38.59203,38.561188,39.13034,38.703785,38.587345,38.50713,38.87387,39.08111,38.7522,38.681213,39.046574,38.87864,38.528534,38.46116,38.860786,38.919327,38.82696,39.008003,38.767338,39.03429,39.01436,38.84269,39.091667
57.800888,57.85108,57.838326,58.21751,58.175873,58.12196,58.637135,58.32689,57.80047,58.494736,58.089672,57.950153,58.288578,57.958878,58.367664,58.43005,58.341362,58.29041,58.305244,58.42092,58.469765,58.52184,58.146935,58.493416,58.28605,58.33368,58.47994,58.93472,58.396626,58.1907,58.510048
45.820343,45.997406,45.94523,45.878433,46.0402,45.781834,46.039017,45.65592,46.15854,46.186623,46.09353,46.332165,46.087566,46.1515,46.24337,46.27999,46.355648,46.304287,46.186195,46.439083,46.544228,46.23355,46.548725,46.37471,46.31304,46.190872,46.53249,46.207382,46.491318,46.517166,46.514244
50.454018,50.584507,50.560516,50.39652,50.6316,50.499966,50.807465,50.43881,50.578125,51.051975,50.882374,50.686043,50.40348,50.40759,51.074783,50.456665,50.46619,50.904568,50.993793,50.946255,51.10133,51.126274,50.984173,50.838516,50.911392,50.97747,50.755432,50.950317,51.003105,50.914204,51.09527
46.938362,47.056355,46.76336,46.98846,46.81601,46.96708,47.162846,47.41422,47.065987,46.853207,46.802498,47.00229,47.014435,47.081547,47.139668,47.424217,47.320343,47.312798,47.20016,47.23004,47.11433,47.225033,47.264534,47.336014,47.611378,47.343666,47.21224,47.52076,47.039307,47.30235,47.419357
49.48627,49.79012,49.80709,50.154392,49.50164,49.769337,49.87433,49.991318,50.05467,50.066544,50.11733,49.978558,49.916348,50.046555,50.104107,49.92544,49.93326,49.989758,49.922413,50.085438,50.200085,50.149406,50.160435,50.11431,50.458057,50.337227,50.065067,50.56209,50.209473,50.402966,50.202724
41.605156,41.541073,41.48387,41.52894,41.332626,41.32927,41.018032,41.37047,41.728176,41.19969,41.834854,41.387012,41.516315,41.553387,41.457493,41.582134,41.624138,41.469215,41.73477,41.76994,41.449135,41.51908,41.5641,41.721947,41.642498,41.788902,41.635754,41.610504,42.161823,41.85112,41.809616
39.759857,39.43833,39.34192,39.143024,39.5651,39.676105,39.27533,39.65283,39.317303,39.132435,38.830437,39.49391,39.597233,39.635967,39.367504,39.66406,39.38729,39.716057,39.328815,39.2056,39.774395,40.0499,39.278988,39.502876,39.178482,39.329536,39.76428,39.52594,39.851063,39.78195,39.42911
49.261936,49.138435,49.25125,49.67439,48.86714,49.518703,49.450726,49.717148,49.317295,49.409077,49.34829,49.232044,49.583862,49.773792,49.32954,49.543144,49.14871,49.86894,49.51148,49.11658,49.64794,49.92377,49.29803,49.49598,49.99425,49.583893,49.555347,49.969246,49.743786,49.525066,49.715717
53.388966,53.99571,53.80742,53.204967,53.458054,53.632305,53.557095,53.646023,54.133305,53.425068,53.693455,53.401875,53.43765,53.647243,53.91321,54.000515,53.96517,53.38798,53.881992,53.65609,53.734463,53.917683,54.271248,54.320335,54.096035,54.04882,53.605232,53.9724,54.263428,54.417133,53.975323
43.519665,43.906334,43.80256,43.91669,43.41263,43.829422,43.8504,44.015068,44.29375,43.71516,44.04206,43.68052,43.615707,44.03097,44.22451,44.1361,44.24295,44.132336,43.952698,44.245224,44.301193,44.182617,44.21258,44.033188,44.732616,44.450554,44.003952,44.334816,44.253487,44.535583,44.33059
53.161034,52.988457,53.3107,52.597904,53.56025,53.368504,53.096058,52.78532,52.760834,52.781708,52.68136,52.520615,53.398224,52.79454,52.948013,52.987537,52.839226,53.091366,53.26953,52.99365,53.339695,53.78007,52.995228,53.593414,52.727386,52.91883,53.630466,52.58108,53.755196,52.86655,53.4524
51.952698,51.879425,52.155815,51.725372,52.033127,51.849674,52.04842,51.940983,51.958755,52.066628,51.93236,52.084743,52.14635,52.349346,52.425266,52.36642,52.31339,52.403603,52.49367,52.12337,52.209625,52.32765,52.49296,52.41533,52.24897,52.170082,52.444088,52.37013,52.05543,52.278866,52.62242
45.297276,45.256767,45.161682,45.10172,45.438904,45.41594,45.167454,45.32187,45.24635,45.317932,44.877922,45.08398,45.54933,45.342743,45.086628,45.26624,45.265636,45.752647,45.41769,45.26246,45.61216,45.76814,45.126923,45.52993,45.174503,45.166115,45.70176,45.360435,45.54283,45.13219,45.318325
52.061787,51.784695,51.750473,51.96792,52.22841,51.935726,52.062813,51.81016,51.70977,52.33958,52.38031,52.253647,52.371708,52.0319,52.145348,52.091896,51.93094,51.967678,52.425304,52.3177,52.030727,51.98061,52.25405,52.355392,52.128872,52.311966,52.245033,52.330452,52.516956,52.280685,52.633224
58.745907,58.392185,58.735443,58.733147,58.602318,58.712246,58.689297,58.823986,58.45937,58.418495,58.504036,58.813393,58.75239,58.755974,58.345524,58.63974,58.394936,58.659004,58.715397,58.458946,58.75698,59.09333,58.992218,58.85933,58.96133,58.950233,58.995247,58.717297,58.792564,58.993824,58.819515
42.968273,43.15323,43.348595,43.12277,43.268173,43.283825,43.399014,43.43411,43.39167,43.40645,43.18281,43.237434,43.27539,43.78992,43.651463,43.753464,43.56429,43.58971,43.491585,43.24849,43.654133,43.76318,43.56323,43.604378,43.547474,43.663605,43.721947,43.860233,43.32095,43.787605,43.780346
51.294186,51.181923,51.722496,51.418922,51.299614,51.708794,51.725307,51.75925,51.58667,51.408085,51.65184,51.65654,51.641407,51.79115,52.066254,51.784,51.78347,52.01117,51.980843,51.684677,51.681713,51.668964,52.09732,51.92759,52.363026,51.974022,52.003853,51.8491,51.53168,51.83812,52.272762
42.255676,42.105553,42.341637,42.696068,42.117638,42.334614,42.537613,42.446655,41.63859,42.524868,42.165287,42.54482,42.70761,42.71902,42.118206,42.3326,42.158268,42.61905,42.440872,42.34947,42.1372,42.36096,42.26977,41.892128,42.49049,42.60405,42.410286,42.93204,42.183987,42.046494,42.595436
55.783318,55.528973,55.492798,55.495663,55.90249,55.73818,55.308376,55.52323,55.93257,55.700768,55.89925,55.741566,55.926235,55.48405,56.008995,55.40281,55.793118,55.75069,55.95716,56.057415,56.124836,55.944725,55.988064,56.2789,55.901436,55.74688,56.164993,55.603237,56.471653,56.293907,56.052715
43.682552,43.885204,43.48613,43.51614,43.8272,43.836964,43.865696,44.004616,43.670807,43.710667,43.514652,43.217716,43.78038,43.704124,44.07794,44.15311,43.495243,43.844997,43.88592,43.855453,44.05428,44.429497,43.357185,44.171013,43.8221,44.14766,43.853004,44.271526,44.236683,43.936012,44.379322
49.547993,49.077038,49.770576,48.982944,49.640358,49.520927,49.313457,49.292744,49.572884,49.16123,49.629463,49.703804,49.29597,49.640965,49.15269,49.75164,49.652393,49.537247,49.636776,49.400192,49.454338,49.73283,49.607994,49.813698,49.117928,49.9765,50.14921,49.38087,49.81126,49.711506,49.555233
43.034885,43.264484,42.698265,43.21592,43.063713,42.840908,43.092556,43.32919,42.989155,43.143185,43.22255,42.998352,43.173744,42.971024,43.386673,43.25308,43.243874,42.950455,43.288605,43.602543,43.047115,43.205063,43.201256,43.365204,43.478027,43.5606,43.039368,43.721897,43.28102,43.4791,43.66482
54.21972,54.350742,54.439262,54.676216,54.27497,54.271584,54.51091,54.30447,54.44475,54.53616,54.867325,54.523582,54.413685,54.354492,54.451096,54.50365,54.70293,54.30274,54.598618,54.959866,54.570366,54.407494,54.89148,54.4952,54.840607,54.959198,54.515415,54.894463,54.86895,54.8745,54.678116
48.92737,48.71482,48.94919,48.940845,49.04905,49.26859,49.370445,49.19794,49.242367,49.561142,49.613316,49.447258,49.104477,49.05791,49.837326,49.13427,49.375145,49.521038,49.46298,49.249043,49.75557,49.623592,49.682327,49.616997,49.55508,49.2145,49.540565,49.59332,49.712215,49.829594,49.54501
39.136223,39.04341,38.85173,39.271442,39.563644,39.259556,39.625286,39.19185,39.100872,39.582447,39.34164,39.422867,39.656116,39.118298,39.88332,39.74612,39.545822,39.889084,39.720814,39.903793,39.836975,39.32637,39.41123,39.868378,39.55897,39.15219,40.02993,39.57,39.820065,39.300278,40.22844
39.885906,40.040737,39.7947,40.513493,39.65165,40.142117,40.09003,40.42639,40.20144,40.04724,39.980484,40.175915,40.15887,40.553745,40.17694,40.43713,40.15805,40.392765,39.950436,40.283672,40.537266,40.27275,40.19555,39.873856,40.855442,40.547585,40.144966,40.763165,40.320633,40.75393,40.380127
41.200474,40.93715,41.489998,40.785545,41.139168,41.59169,41.348755,41.38829,41.304333,41.137066,41.52337,41.543365,41.298367,41.67255,40.82963,41.661285,41.499077,41.466286,41.50144,40.882324,40.871857,41.35917,41.401974,41.56456,41.20901,41.816864,41.603004,41.514217,41.446224,41.273464,41.292747
49.31809,49.388916,49.4749,49.827473,49.449493,49.596745,49.749306,49.742916,49.374077,49.771114,49.764465,49.714325,49.788204,49.603928,49.516167,49.58055,49.662884,49.52356,49.58902,49.791054,49.581818,49.73776,49.668133,49.72045,49.813347,50.03942,49.79341,50.214725,49.816483,49.768314,49.7815
53.209602,53.111908,53.340958,53.429573,53.34871,53.765366,53.600536,53.81078,53.261467,53.376274,53.30742,53.38454,53.624317,53.486004,53.353596,53.56034,53.316696,53.435528,53.48342,53.250206,53.469814,53.56104,53.595844,53.574425,53.704582,53.705086,53.50462,53.854767,53.447987,53.67083,53.442986
50.777534,50.987392,50.178574,50.90445,51.173485,50.709885,50.774937,50.83425,51.160736,51.24757,51.15796,50.613544,51.0026,50.484615,51.407772,51.14741,51.123837,50.930775,51.31069,51.66269,51.456993,50.792652,51.0518,51.448997,51.152454,50.923157,50.963013,51.368137,51.62809,51.451893,51.365154
48.21316,48.298504,47.99949,48.19107,47.992035,48.162636,48.19246,48.384792,48.422596,48.327168,48.047688,48.630337,48.201927,48.498394,48.209152,48.535522,48.339417,48.614326,48.34781,48.31227,48.51419,48.34599,48.53547,48.382355,48.655544,48.505684,48.413616,48.756218,48.501274,48.7091,48.36714
62.775383,62.576916,62.6584,62.428997,62.98919,62.75285,62.71555,62.748814,62.931282,62.884117,62.765633,62.61383,62.880768,62.747517,63.345535,62.94637,63.217815,62.99102,63.250664,62.987537,63.29843,63.193153,63.29009,63.42154,62.984047,62.69451,63.22112,63.046646,63.259277,63.409405,63.192253
54.774696,54.450516,54.681503,55.31426,54.67325,55.01772,54.876247,55.12592,55.050655,54.759644,55.179726,54.830395,54.948536,54.669365,54.845665,54.86795,55.12194,55.178688,55.100056,55.162018,55.236122,54.914825,55.137356,55.174812,55.48478,54.930893,55.363678,55.08245,55.44516,55.182762,55.01287
47.64838,47.78914,47.829956,47.75917,47.676987,47.841373,47.955036,47.994232,48.09065,48.020138,48.13811,48.13485,47.892494,48.1768,48.31353,48.26857,48.212086,48.022354,48.18625,47.97903,48.044395,48.032104,48.383347,48.386124,48.405632,48.30799,48.181118,48.50883,48.283337,48.56224,48.454266
51.548904,51.761158,51.680626,52.047104,51.932762,51.57311,52.228848,51.77595,51.611397,52.00448,52.074764,51.653023,52.048985,51.361526,52.13139,52.27789,52.013233,51.8653,52.2792,52.27978,52.073505,51.826637,52.347202,52.389114,52.01423,51.62301,51.98942,52.27407,52.11156,51.831486,52.281315
43.828743,44.02966,43.996063,43.90464,44.373672,44.053673,44.090687,43.87809,43.88796,44.268555,43.702175,44.019325,44.62002,44.43723,44.35578,44.51656,44.153152,44.307026,44.291428,44.194523,44.414196,44.23916,44.165066,44.502724,43.987144,44.009438,44.58462,44.41336,44.318256,44.20224,44.6875
40.577717,40.469757,40.628197,40.749138,40.291092,40.857952,40.842632,40.9831,40.83933,40.944977,40.822548,41.246227,40.73251,41.439514,40.581097,40.84416,41.090565,41.417282,40.88963,40.664356,40.853973,40.939705,41.121006,40.623566,41.53024,41.30842,41.078716,41.244663,40.667732,41.093887,40.965977
40.627296,40.161266,40.14035,40.564697,39.956154,40.164703,40.261013,40.49024,40.261177,40.166424,40.370308,40.585396,40.264057,40.680744,40.119724,40.7726,40.4342,40.877674,40.438828,40.470608,40.483215,40.660564,40.068703,40.2527,40.522255,40.673965,40.743496,40.84638,40.888042,40.482323,40.66923
36.719418,36.88652,36.946945,37.435226,36.549072,36.49464,36.77941,36.93172,36.74713,36.72712,36.774414,36.867382,36.826225,37.2499,36.99653,36.991978,37.18529,37.239513,36.961967,37.417103,37.072433,36.978962,37.081505,36.48079,37.44892,37.28105,37.152103,37.332413,36.735825,37.080658,37.365875
46.902092,46.608086,46.7902,47.1881,47.06981,47.34057,47.312424,47.14925,46.939507,47.45147,47.089073,47.34606,47.262566,47.098213,47.104443,46.857277,47.12195,47.63494,46.945854,47.293446,47.84229,47.70919,47.05807,47.068687,47.31586,47.24391,47.681885,47.384583,47.49191,47.33169,47.14684
61.62933,61.129745,61.574974,61.593822,61.72998,61.93451,61.75767,61.920563,61.48458,61.469757,61.832462,61.35697,61.880363,61.59874,61.920303,61.81168,61.86529,61.64426,62.102573,61.710907,61.696568,61.721966,62.02941,62.03253,62.073154,61.811874,61.898376,61.86489,61.907566,62.0303,62.06341
43.044,43.09339,43.092224,43.308296,43.206093,43.146214,43.394527,43.23692,43.456158,43.490295,43.760323,43.599945,43.28747,43.225414,43.683746,43.327316,43.771107,43.581997,43.52275,43.90297,43.642506,43.470592,43.749237,43.706573,43.87212,43.729767,43.825424,43.627098,43.677837,43.765575,43.893932
46.2415,46.263107,46.10811,46.23041,46.098816,46.05403,45.803337,46.281227,46.000317,45.69029,45.846485,46.05533,46.37743,46.162037,46.106266,46.099495,46.049404,45.80644,45.975044,46.250633,46.106236,46.454746,46.166264,46.291275,46.22715,46.38163,46.245937,46.313072,46.451885,46.615765,46.383823
45.51269,45.329674,45.57792,45.826553,45.42752,45.322132,45.43743,45.51903,45.32793,45.450336,45.511505,45.560402,45.618885,45.90667,45.479115,45.635883,45.575195,45.69968,45.787125,45.550404,45.578373,45.74574,45.71708,45.638573,45.853676,45.749672,46.03874,45.772892,45.7951,45.77033,46.11886
44.368164,44.14664,44.634895,44.27171,44.464096,44.039722,43.72631,43.992863,44.41461,43.91792,44.239742,44.468063,44.235653,44.571857,44.4771,44.222298,44.34719,44.29418,44.42961,44.544456,44.562435,44.456696,44.64917,44.374466,44.251156,44.56774,44.92026,44.089424,44.52812,44.90527,44.693546
44.956276,45.139523,44.941917,44.719475,45.060738,45.373634,44.8586,45.23952,45.487465,45.155323,45.2324,45.035213,45.25114,45.22689,45.303783,45.1601,45.1593,45.171436,45.28808,45.04846,45.27726,45.35068,45.26835,45.623505,45.367012,45.408775,45.174675,45.407467,45.628998,45.653606,45.285202
56.10105,56.34257,56.043655,56.319504,56.26198,56.09523,55.94424,56.148674,56.043934,56.283276,55.85978,55.957428,56.520508,56.03918,56.331573,55.91715,56.112972,56.125107,56.414234,56.40035,56.33203,56.214245,56.39546,56.39392,56.361134,56.015213,56.227882,56.458908,56.54359,56.3675,56.384197
50.582844,50.231167,50.358643,50.648205,50.50373,50.723175,50.710022,50.79955,50.27306,50.69436,50.499672,50.739,50.842754,50.78631,50.28008,50.52673,50.60012,50.82464,50.636997,50.465958,50.653465,50.94795,50.648777,50.639267,50.820797,50.791496,50.89789,50.92004,50.70392,50.6997,50.68173
47.281548,47.371536,47.074463,47.62642,47.070023,47.32034,47.333355,47.422596,47.490574,47.616554,47.582092,47.794266,47.425102,47.57627,47.34132,47.301838,47.435135,47.715126,47.4527,47.93922,47.642742,47.322746,47.637302,47.185165,48.141743,48.078087,47.423203,47.8832,47.6125,47.804802,47.646996
52.152023,52.053123,52.557533,51.984055,52.418213,52.644142,52.19435,52.4142,52.586903,52.5659,52.127625,52.850574,52.605717,52.70918,52.414013,51.954296,52.73113,52.772453,52.447956,51.995243,52.739418,52.843353,53.070915,52.79345,52.54948,52.227585,53.05803,52.378822,52.389614,52.885025,52.163277
43.82277,43.6378,43.401947,43.21496,43.98633,43.742466,43.77824,43.65293,43.607876,43.603806,43.761036,43.742992,43.87599,43.386337,43.519745,44.182007,44.21311,43.600807,43.9443,43.765793,43.58112,43.684948,43.90826,44.296753,43.291794,43.474586,43.93619,43.833954,44.309155,43.84142,43.698315
53.464043,53.48015,53.27133,53.36984,53.464806,53.415062,53.380005,53.519085,53.78982,53.62545,53.48482,53.729588,53.498016,53.488934,53.32741,53.718414,53.968388,53.8292,53.851044,53.67908,53.636303,53.319313,53.936436,53.868843,53.694954,53.471222,53.788677,53.82907,53.835342,53.752792,53.394283
43.608624,43.320576,43.69014,43.71633,43.356094,43.7597,43.64566,43.851913,43.669556,43.462593,44.16878,43.696484,43.51571,43.62641,43.528355,43.618195,43.659092,43.71378,43.749405,43.740273,43.58615,43.98295,43.67516,43.772125,43.958824,44.296448,43.870758,43.929623,44.0395,43.890465,43.863415
43.67631,43.142033,43.24289,43.442238,43.24813,43.339317,43.686073,43.546555,43.177456,43.318783,43.699207,43.712494,43.34843,43.472607,43.14935,44.073875,43.689598,43.66891,43.627365,43.511387,43.35071,43.61607,43.352345,43.575417,43.344845,43.710068,43.77296,43.948036,44.04862,43.50662,43.678497
52.562878,52.5607,52.834175,52.041435,52.877747,52.869747,53.199116,52.720516,52.91928,52.82812,52.940037,52.859844,52.625305,52.83582,52.741512,53.49892,53.24654,52.91601,52.997982,52.676064,53.0272,53.322426,53.266987,53.446518,52.704998,53.155388,53.1544,53.10879,53.069912,53.158997,52.9213
45.17769,45.04467,45.261696,45.089527,45.4038,45.155994,45.4633,44.984486,45.0097,45.870895,45.640404,45.832836,45.34566,45.583942,45.2264,45.06142,45.385967,45.51102,45.52705,45.472435,45.42482,45.657402,45.721428,45.288918,45.407166,45.845367,45.644745,45.5846,45.369545,45.541702,45.64342
41.391464,41.775238,41.006683,41.71263,41.576935,41.570366,41.644,41.786694,41.68647,41.901966,41.535366,41.468365,41.790043,41.639267,41.833904,41.692978,41.612194,41.786633,41.611633,42.03731,42.06065,42.017754,41.46988,41.935738,42.14165,42.02661,41.7877,42.19096,42.099094,42.03296,42.192604
53.791744,53.912525,53.2975,54.259487,53.656425,53.81868,54.04918,54.369453,53.966415,54.339718,54.25705,53.869343,53.872295,53.76657,54.299145,54.087185,53.93471,54.04141,54.32854,54.344738,54.059784,53.823296,54.043278,54.114998,54.6168,54.35344,53.671803,54.952873,54.27639,54.370922,54.306404
43.671387,43.718304,43.77115,43.575798,43.51931,43.61124,43.369118,43.602566,43.94772,43.57635,44.060875,43.820503,43.63692,43.948315,43.57392,43.721096,44.042587,43.68047,43.94447,43.949066,43.47268,43.645653,43.918304,43.893044,43.98854,44.34765,43.917778,43.941143,44.1644,44.078438,44.011017
50.739147,50.82222,50.6354,50.948776,50.733086,50.99185,50.754837,51.076603,51.15033,50.94463,50.88976,51.05348,51.075817,51.188686,50.81885,51.269962,51.04288,51.03915,51.014862,51.01824,51.061256,50.714584,51.097305,51.0879,51.271576,51.242096,50.99033,51.464836,51.202026,51.394722,50.957832
49.426407,49.82339,49.94792,49.572277,49.978737,49.87089,49.741657,49.648994,50.092094,50.11111,49.963936,49.853283,50.123566,50.28594,49.905354,49.880478,50.248665,49.8025,50.015533,49.91048,50.052807,50.14187,50.401566,50.3468,50.120346,50.262527,50.231808,50.11729,50.034546,50.41306,50.1635
56.08066,56.162632,55.697906,56.511063,56.401245,56.01367,56.097103,56.257835,56.291042,56.6858,56.25287,56.020153,56.5404,56.11164,57.056137,56.281837,56.452026,56.54689,56.791725,56.882637,56.849976,56.161823,56.504063,56.681343,56.71867,56.027603,56.53021,56.839897,56.724445,56.71318,56.927483
37.092777,37.481987,37.076355,36.903564,36.967987,37.1269,37.45116,37.066654,36.96562,37.58591,37.012943,37.42725,37.134815,37.27815,37.255543,37.02607,36.973186,37.578583,37.06327,37.31787,37.58051,38.14102,37.09644,37.175156,37.376072,37.67765,37.294125,37.66255,37.663807,37.289406,37.582504
39.69864,39.627953,39.482216,40.198364,38.80313,39.74521,39.93605,40.425926,39.929432,39.605545,40.052757,40.203335,39.449303,39.89661,39.688892,39.90123,39.989136,40.247124,39.692432,39.82121,39.82553,40.038933,40.046032,39.610878,40.83836,40.311584,39.704567,40.551403,39.92989,40.252235,39.815147
54.277954,53.49623,54.24498,54.26697,54.641586,54.480534,54.427376,54.339195,53.814342,54.136086,54.525288,54.289345,54.5649,54.14915,53.969807,54.404987,54.39128,54.19014,54.511288,54.349503,54.12471,54.2521,54.293385,54.53733,53.990845,54.49637,54.906174,54.304882,54.3982,54.18816,54.430817
34.755367,34.828335,34.19685,34.596905,34.8124,34.0765,34.57231,34.037113,34.179634,34.885525,34.93895,34.418034,34.75495,34.190117,34.857765,34.314026,34.488148,34.574287,34.78985,35.294933,34.90885,35.378067,34.35764,35.009357,34.53509,34.727013,34.99057,34.633175,35.698826,34.637325,35.65845
48.180435,48.188,48.61248,48.786583,48.544266,48.428753,48.304745,48.290173,48.413654,48.662796,48.99941,48.445824,48.818943,48.553772,48.99135,48.330853,48.507805,48.41343,48.757088,49.059406,48.731724,48.429054,48.775196,48.5633,48.729874,48.89621,48.715717,48.856068,48.757576,48.876003,49.00867
37.968384,38.09894,38.13434,38.141197,37.932564,38.215252,38.098125,38.06638,38.289047,38.184654,38.09648,38.656593,38.300316,38.241093,37.778645,37.86066,38.07837,38.532036,37.89397,38.1206,38.54261,38.72853,38.379623,38.40148,38.46702,38.341515,38.72401,38.094303,38.533985,38.359306,38.16529
45.895355,45.77136,46.442894,45.78748,45.981293,46.49351,46.293026,46.266884,45.890076,45.865135,46.031178,46.14529,46.291595,46.288223,46.15632,45.966175,46.132763,46.240746,46.077534,45.89447,46.07954,46.777668,46.21947,46.43573,46.39243,46.61699,46.669502,46.173195,46.304485,46.211357,46.544018
43.204144,43.5312,42.99833,43.339317,43.352608,42.723404,42.642643,42.743633,43.376724,43.205894,43.145004,42.716118,43.227604,43.01959,43.381836,43.086517,43.09284,43.334976,43.52914,43.831585,43.62935,43.371426,43.043545,43.484535,43.212666,43.169647,43.503887,43.19797,43.98953,43.3073,43.79751
48.55505,48.457302,48.143135,48.40824,48.43692,48.020016,48.210594,48.25409,48.27162,48.56892,48.401207,48.52191,48.458324,48.46096,48.536297,48.37015,48.459507,48.52505,48.70429,48.648285,48.57538,48.71597,48.584114,48.674515,48.530838,48.488045,48.698162,48.71165,48.883575,48.75787,48.91764
50.82151,50.41918,50.578667,51.216797,50.640778,50.468433,50.577286,50.48291,50.535694,50.813,51.138145,51.01601,50.801876,50.729046,50.74009,50.662136,50.674145,50.838516,51.011326,51.266617,50.902218,50.56715,50.83695,50.693428,51.030582,51.054947,51.176712,50.980362,51.454617,51.012234,51.291218
57.475662,56.708584,57.45896,57.55345,57.62275,57.539204,57.727375,57.336586,56.95593,57.48288,57.80988,57.38162,57.55364,57.46158,57.44478,57.77197,57.387226,57.60143,57.96893,57.56852,57.530666,57.410637,57.57096,57.53412,57.454407,57.666336,57.929893,57.63372,57.85204,57.435818,57.972282
59.767265,59.99719,60.388992,60.537743,60.29058,60.40182,60.567528,60.355198,60.219727,60.694344,60.451756,60.40466,60.816227,60.50966,60.871937,60.6275,60.551037,60.378517,60.624546,60.573746,60.633152,60.16734,60.903084,60.6895,60.715073,60.444176,60.579235,61.113804,60.435905,60.717545,60.720108
46.368294,46.30727,45.57222,46.364033,46.19835,45.83236,45.881016,46.264584,46.079426,46.06365,45.594757,46.043083,46.312206,46.16404,46.326702,46.096252,46.15584,46.49332,46.190086,46.536427,46.74389,46.674877,46.155228,46.33513,46.606293,46.022415,46.541668,46.297707,46.51446,46.62007,46.697647
56.659897,56.17445,56.59713,56.39783,56.762337,56.819687,56.77415,56.75653,56.541027,56.76525,56.993217,56.823975,56.655388,56.74205,56.703377,56.677433,56.834164,56.658337,56.907837,56.680393,56.755817,56.998875,56.99673,56.90558,56.801014,57.165176,56.973778,56.950947,56.894455,57.162918,56.865128
42.780018,42.46737,42.291107,42.796314,42.56981,42.571434,42.834347,42.703144,42.631336,42.75506,43.07331,42.78863,42.663414,42.385265,42.572536,42.830715,42.90024,43.034603,42.915012,43.00564,42.958595,42.990166,42.782207,42.991096,42.917427,42.709465,43.040047,42.90279,43.358974,42.79271,42.95007
51.312706,51.34666,51.564766,51.413025,51.560043,51.485275,51.600605,51.460754,51.549236,51.28583,51.55666,51.373314,51.504032,51.474564,51.53715,51.889847,51.874893,51.383186,51.49644,51.777275,51.8438,51.82914,51.88019,51.757935,51.59685,51.806885,51.797256,51.737473,51.821224,52.03438,51.657204
50.544903,50.18573,50.660286,50.49874,50.53701,50.661617,50.3863,50.35496,50.25271,50.320797,50.246284,50.424347,50.885326,50.73628,50.423153,50.37468,50.330547,50.895023,50.535313,50.600185,50.867588,51.069027,50.349037,50.584976,50.595974,50.685158,51.16564,50.420666,50.915417,50.46414,50.93044
38.981705,39.421314,38.857826,39.5013,39.267036,38.893543,39.54792,39.11745,39.38957,39.939007,39.68173,39.55988,39.431156,39.526646,39.721806,39.72867,39.462444,39.64301,39.761658,39.751125,39.761772,39.435493,39.81722,39.854004,39.985935,39.553894,39.64107,39.936043,39.782112,39.78483,40.288624
46.947163,46.309948,46.67685,46.521564,47.24623,46.95215,47.277206,46.933823,46.66309,47.008503,47.033783,47.04102,46.757996,46.823273,46.849865,47.611534,47.04996,47.332493,47.23884,47.036224,47.200424,47.12768,46.822025,47.16458,46.461613,47.13504,47.48319,47.224083,47.05613,46.856876,47.09107
59.49009,59.652264,59.9899,59.65642,59.34964,59.56572,59.48781,59.494015,60.06988,59.550762,59.58735,59.918064,59.75773,59.92024,59.8279,59.76173,59.909843,60.124825,59.7824,59.964573,60.205,60.035015,60.181145,60.027107,60.20794,59.97284,60.233402,59.904507,60.097427,60.10859,59.939003
41.317337,41.000313,40.84681,40.959965,41.12645,40.87664,40.86618,40.96503,40.974815,40.919876,40.8508,41.35981,41.127083,41.365723,41.117496,41.594135,41.03935,41.29357,41.231346,41.152264,41.274548,41.179295,40.994602,41.279884,40.9617,41.182434,41.55202,41.328167,41.689972,41.46904,41.603924
51.37545,50.73309,50.692886,50.786087,51.42392,51.08321,50.906296,51.178,51.09887,50.82509,50.90855,50.952663,51.169113,51.022083,50.862385,51.488316,51.534443,51.255173,51.393845,51.001575,51.27707,51.27916,51.21056,51.633316,50.840687,50.731476,51.677635,51.01682,51.55648,51.41285,51.130665
37.69401,37.641068,37.268265,37.853462,37.6491,37.341232,37.65971,37.658337,37.561756,37.622684,37.50938,37.76965,37.548073,37.775234,37.64467,38.066864,37.778294,37.911224,37.734085,37.99094,38.021046,37.846924,37.689034,37.70809,37.869167,37.83246,38.060192,37.98187,38.03675,38.03223,38.15187
41.116768,41.213367,40.976875,41.367195,41.11557,41.47286,41.263027,41.661648,41.60843,41.401283,41.332035,41.33515,41.426544,41.81643,41.481457,41.66373,41.48669,41.696846,41.446117,41.41108,41.616238,41.56364,41.30034,41.638145,41.99103,41.8879,41.696835,41.908924,41.672997,41.87119,41.871834
50.22486,50.665085,50.52012,50.444843,50.548058,50.24693,50.25961,50.224712,50.50112,50.40136,50.401627,49.98631,50.55239,50.408047,50.521103,50.744267,50.317905,50.231007,50.687794,50.67904,50.59036,50.554287,50.493958,50.80356,50.355392,50.64518,50.494255,50.779507,50.95227,50.626232,50.812775
51.51052,51.710365,51.888336,51.872272,51.684715,51.607567,51.535164,51.734962,51.764366,51.786552,51.705093,51.89245,51.914925,51.863518,52.289585,51.726555,51.75543,51.76598,52.075798,51.96797,51.886272,51.599922,52.281834,51.990616,52.10567,51.863396,51.9515,52.154552,51.874317,52.22271,52.200462
53.00546,53.420662,53.380898,53.065624,53.573326,53.443188,53.806225,53.317173,53.395237,53.57601,53.625416,53.410374,53.60248,53.016384,53.734787,53.62863,53.895164,53.145676,53.492058,53.775116,53.691696,53.74697,54.121468,54.059273,53.554996,53.571075,53.535442,53.770744,53.74705,53.893387,53.61119
51.696476,52.075516,51.907166,51.619766,52.134605,51.859848,51.64631,51.67436,51.954243,52.17037,51.972164,51.635708,52.135044,51.797806,52.29012,51.723457,51.84009,51.656662,52.100746,52.164536,52.1369,52.23507,52.020065,52.307915,51.727566,52.1212,51.908325,52.275837,52.420986,52.29418,52.167248
51.2887,51.56164,51.67206,51.91557,51.68789,51.674423,52.007946,51.66823,51.697407,51.923977,51.939434,51.739166,52.024807,51.780552,52.12862,52.116028,52.129864,51.791096,51.911667,52.225124,52.10712,51.778076,52.197353,52.103416,52.187138,51.994644,52.078888,52.318424,52.08377,52.147243,52.28305
49.766018,49.671284,49.52114,49.917984,50.16839,50.22893,50.20843,50.326454,49.84831,50.104557,49.90078,49.772335,50.41423,50.08424,50.45056,50.39554,50.34375,50.119766,50.138584,50.31471,50.351135,50.18174,50.068565,50.365623,50.35023,50.2118,50.274117,50.58449,50.14677,50.453144,50.503624
49.791386,49.550888,49.9309,49.732166,50.086067,50.094124,49.82624,49.7686,49.671146,50.01526,49.51944,49.840816,50.377144,50.427227,50.055096,50.120922,49.8228,50.437202,50.100178,50.01197,50.304523,50.153683,49.71561,49.937965,49.86816,50.106956,50.4814,50.164722,50.035454,49.871044,50.37489
50.874565,50.9197,50.23443,50.738777,51.060715,50.284782,50.396107,50.330364,50.422195,50.93852,50.282486,50.71647,51.05167,50.58197,50.940315,50.55165,50.649956,50.65947,50.794792,51.176483,51.230247,50.993153,50.81945,50.89257,50.57972,50.399345,50.95892,50.854954,51.320534,51.165836,51.146656
50.237583,50.264797,50.50418,50.815212,50.313408,50.59804,50.6341,50.768276,50.767323,50.80136,51.01402,50.449516,50.65593,50.693916,50.98635,50.76359,50.813023,50.967514,51.026337,50.82888,50.84926,50.663677,50.821144,50.94523,51.153824,50.862167,50.888767,51.234814,50.907635,50.834446,51.036858
40.2248,40.082546,40.04219,39.95595,40.068,39.80961,39.55717,40.14561,40.209835,39.835194,39.934742,39.904953,40.051167,40.48147,40.019897,40.37755,39.85423,40.13302,40.376663,39.632187,40.063362,40.4853,40.02686,40.561737,39.901962,40.057625,40.406994,40.264355,40.420853,40.45461,40.444214
50.204582,49.944523,49.835594,50.05241,50.432426,50.316895,50.480244,50.287224,50.15178,50.53432,50.11663,50.581055,50.69641,50.341805,50.645992,50.43979,50.568047,50.781277,50.45511,50.469658,50.898026,50.74678,50.669827,50.854584,50.652264,50.11255,50.948,50.486225,50.589046,50.697815,50.82387
50.57832,50.61466,50.572205,50.46834,50.855003,50.988083,51.077076,50.76295,50.991837,51.20147,50.91733,50.834843,50.76901,50.808296,51.075294,51.00271,50.88321,51.228638,50.97349,50.845352,51.640366,51.49231,51.203533,51.184425,51.085236,50.91352,51.0737,51.118587,51.30911,51.371574,50.971226
47.403675,47.20293,47.247818,47.59247,47.564804,47.165363,47.50152,47.27525,47.264317,47.72166,47.78089,47.4264,47.352856,47.586826,47.671684,47.85006,47.348976,47.593533,47.853767,47.88045,47.724525,47.5225,47.394318,47.51036,47.466156,47.951035,47.74581,48.002815,47.88537,47.707886,48.1214
51.002663,51.15052,50.865784,51.252186,50.83976,51.170418,51.079132,51.329113,51.03228,51.074806,51.09007,51.014385,51.287838,51.08275,51.20084,51.017277,50.907856,51.12819,51.14493,51.38776,51.18431,51.34063,51.068058,51.244736,51.707066,51.650055,51.08922,51.58632,51.495636,51.382195,51.55008
48.64581,48.742153,48.23117,48.42015,48.86901,48.7283,48.909325,48.70212,48.789955,49.138134,49.02745,48.911736,48.646824,48.605766,49.095123,48.903915,48.803726,48.7576,48.89786,49.286034,49.180504,48.984653,48.98853,48.932686,49.067867,49.393875,48.681,49.257973,49.18797,49.433483,49.159103
40.27681,40.117146,40.5149,40.180153,40.135605,40.4556,40.468292,40.656967,40.43878,40.141907,40.408672,40.416355,40.205746,40.716457,40.364216,40.728672,40.53375,40.773003,40.467968,40.290073,40.42025,40.98388,40.248356,40.682404,40.595875,41.04409,40.97601,40.773544,40.557495,40.511486,40.830193
45.389904,45.85898,45.81521,45.54749,45.819412,45.766567,45.45664,45.574947,45.92906,45.626514,45.613113,45.399597,45.873436,45.766323,45.813454,45.45842,45.630257,45.676163,45.778088,45.938885,45.96703,46.142525,45.85566,46.165047,46.066635,46.170486,46.092197,45.649624,46.05277,46.006737,46.21938
43.693413,44.10192,43.619072,43.910744,43.71646,44.040768,44.344044,44.395916,44.238956,44.45005,44.402695,44.01288,43.999928,44.054398,44.45355,44.206776,44.373203,44.354683,44.257015,44.398857,44.24696,44.543324,44.16715,44.533478,44.7884,44.73652,44.100315,44.943882,44.339516,44.412178,44.60565
53.13197,52.89687,53.111473,53.251137,53.086174,53.36443,53.26122,53.37114,53.349255,53.251957,53.542675,53.255077,53.170227,52.941734,53.265884,53.2934,53.3711,53.43882,53.45996,53.36906,53.495842,53.31729,53.467186,53.46649,53.379932,53.282684,53.405975,53.565483,53.70506,53.47778,53.105408
49.622177,49.163696,49.449112,49.71164,49.526268,49.356003,49.417004,49.39949,49.289402,49.45301,49.543957,49.524124,49.63251,49.609756,49.751743,49.5262,49.41243,49.811142,49.78657,49.6638,49.989624,49.909428,49.778954,49.609398,49.762394,49.44217,49.97837,49.56116,49.904953,49.887714,50.041233
43.409157,43.496468,43.074646,43.540596,43.055855,43.512123,43.246117,43.70787,43.700756,43.273575,43.37803,43.36152,43.338757,43.303143,43.44394,43.555912,43.345844,43.732235,43.421932,43.633614,43.745068,43.60654,43.243572,43.555016,43.838737,43.663666,43.4739,43.86145,44.085056,43.74337,43.515312
50.40897,50.298893,50.66105,50.504917,50.382957,50.473923,50.760754,50.692772,50.603546,50.230274,51.00507,50.30447,50.10185,50.375793,50.347878,51.15498,50.635204,50.396652,50.912464,50.55375,50.393436,50.567974,50.863243,50.82183,50.7014,51.07325,50.57655,50.87683,50.80641,50.771236,50.723305
37.74676,37.753395,37.472504,37.632557,37.572662,37.677902,37.46007,37.79783,37.81115,37.641907,37.386475,37.988464,37.66772,37.838356,37.674835,37.480667,37.88416,38.078026,37.501617,37.91029,38.12751,38.20721,37.747128,37.651184,37.955418,37.915817,38.088146,37.858635,37.989063,38.16094,37.75557
40.960144,41.21965,41.38353,40.51595,41.458687,41.09501,40.873554,40.804813,41.298042,40.96217,41.356213,41.14878,41.27421,41.081886,41.39005,41.12917,41.38977,40.826603,41.39475,41.333996,41.0004,41.31002,41.572433,41.887856,41.0282,41.51391,41.56271,40.967255,41.53443,41.52598,41.69247
49.720093,50.087383,50.178772,49.842464,49.761757,49.53203,49.605515,49.548683,49.93579,49.8571,49.775257,50.058105,49.92659,50.10755,49.97338,49.71325,49.936134,49.89447,50.07796,50.064056,49.95098,50.09854,50.402386,50.140053,50.18885,50.17096,50.22391,50.003914,50.150475,50.224514,50.359898
46.747528,47.100086,46.74788,46.731358,46.802567,46.545124,46.98764,46.708046,46.988773,47.174732,46.628075,47.24524,46.89989,47.11044,47.09508,47.23242,47.1383,47.34844,47.04167,47.157936,47.43869,47.292423,47.38979,47.179825,47.19252,46.975136,47.223743,47.3538,47.118736,47.307205,47.260063
44.4903,44.734005,45.3714,45.271633,44.680176,45.015835,45.121513,45.149303,45.42123,45.38137,45.662464,45.336773,44.92881,45.549274,45.30747,45.096336,45.2026,45.46069,45.394245,45.094692,45.297062,45.3052,45.636612,45.35411,45.775234,45.777145,45.5289,45.64699,45.026405,45.485188,45.486576
47.556484,47.513042,47.15918,47.153122,47.686623,47.418465,47.02913,47.403168,47.374947,47.360638,46.965916,47.41485,47.795082,47.487785,47.314125,47.318836,47.306145,47.47865,47.554615,47.376846,47.512024,47.620247,47.447186,47.820908,47.3205,47.29667,47.71266,47.40867,47.711903,47.632812,47.59657
45.01332,45.367188,45.28012,45.669563,44.99871,45.062103,45.306175,45.203,45.40307,45.301834,45.66919,45.2987,45.36724,45.344715,45.604374,45.3626,45.29998,45.35904,45.544937,45.789196,45.554417,45.4026,45.80982,45.554543,46.177177,45.76718,45.45294,45.607426,45.719746,45.770016,46.08146
46.621723,47.043743,46.67649,46.76396,47.00128,46.913,46.940353,46.99601,47.027245,47.27733,46.783142,47.159153,47.199886,47.065197,47.228573,46.92194,47.16835,47.145313,47.04276,47.34372,47.20609,47.056435,47.263844,47.246094,47.341846,47.327225,47.153877,47.44822,46.921806,47.3063,47.27685
46.32053,46.4823,45.988922,46.649952,46.422783,46.686916,46.75392,46.858074,46.585964,47.011898,46.648434,46.52673,46.69933,46.483906,46.7058,46.649582,46.801,46.829735,46.587147,46.849205,46.98036,46.857,46.510513,46.70838,46.878517,46.76213,46.5847,47.38066,46.994602,46.897102,46.597412
30.576126,30.317041,30.410896,30.199963,30.628048,30.259096,30.2962,30.20734,30.622332,30.052496,30.787102,30.741058,30.463179,30.757208,30.12358,31.30702,30.951935,30.5143,30.683857,30.743317,30.298569,30.28452,30.576286,30.916252,30.29958,30.91941,31.131817,30.4166,30.97596,30.73405,31.003326
42.969234,42.322918,42.710564,42.866734,42.88884,43.293903,43.077587,43.24228,42.84748,42.720516,43.318153,43.059517,42.921288,42.855225,42.698814,43.16218,43.404934,43.068764,43.02857,43.028164,42.86861,42.933193,42.94665,43.03331,43.022587,43.26655,43.34308,43.154453,43.355247,43.169186,42.90806
41.029446,40.95001,40.665237,40.79199,41.28054,40.745033,41.018707,40.792854,40.627533,41.08464,41.12128,40.844738,41.077145,40.7641,40.870686,41.279926,40.89534,40.85852,41.335922,41.190495,40.832848,41.00286,40.890663,41.32,40.644108,41.093056,41.115078,41.200512,41.386173,40.883827,41.43383
48.230114,48.47782,48.242386,48.48059,48.365356,48.290573,48.190624,48.283085,48.427494,48.43564,48.156467,48.725018,48.764137,48.624714,48.457726,48.241634,48.41005,48.48291,48.303772,48.77477,48.721664,48.56012,48.73735,48.588745,48.915558,48.750977,48.76561,48.57363,48.60872,48.905277,48.82902
44.179565,44.483036,44.6481,44.42263,44.865067,44.601154,44.669754,44.4274,44.431515,44.803364,44.568542,44.76089,45.01144,44.882183,44.558456,44.6635,44.746597,44.54223,44.767956,44.772755,44.52759,44.56239,44.998867,44.964462,44.753014,45.02893,45.02784,44.78589,44.44377,44.713963,45.07354
49.07929,49.04508,49.120026,49.29137,48.900726,49.34141,49.069923,49.385357,49.48857,49.155663,49.241333,49.59198,49.38901,49.638187,49.14493,49.30467,49.361275,49.559124,49.23834,49.340343,49.457787,49.31343,49.557537,49.3693,49.930668,49.736702,49.56347,49.547283,49.421654,49.762283,49.443226
39.874725,39.905598,40.098717,39.75307,40.251717,40.244286,40.361065,40.032978,39.87148,40.164795,40.03053,40.373466,40.28537,40.315983,39.814407,40.526474,40.193035,40.160534,40.057503,40.091007,40.107296,40.264893,40.196808,40.254257,39.89183,40.538864,40.42352,40.392418,40.148407,40.157005,40.221786
46.383118,46.37228,46.61232,46.118843,46.478966,46.497494,46.315865,46.37519,46.426826,46.42898,46.447678,46.49689,46.400913,46.567955,46.49782,46.244106,46.60397,46.535618,46.61194,46.52094,46.50663,46.79426,46.751183,46.51796,46.53724,46.831306,46.6689,46.544334,46.57761,46.744675,46.600292
54.392895,54.123817,54.46206,54.678272,54.75305,54.667118,54.80722,54.522884,54.249477,54.84982,54.37174,54.671616,55.085,54.95858,54.9978,54.74468,54.69673,55.029495,54.777664,54.813557,55.25387,54.989624,54.92498,54.73774,54.979256,54.62255,55.210194,54.89982,54.690956,54.955418,55.22968
43.298508,43.610077,43.55345,43.561474,43.525963,43.842648,43.727913,43.723427,43.79452,43.889782,43.891518,43.814613,43.797634,43.661533,44.08187,43.75513,43.844967,43.710293,43.799877,43.868523,43.900394,43.648834,44.05548,43.915962,44.028435,43.918503,43.688274,44.193672,44.087955,44.187466,43.893997
50.762054,50.319057,50.553772,50.59689,50.785683,50.63629,50.656433,50.65394,50.436985,50.38432,50.48515,50.983585,50.749214,50.794617,50.120506,50.850403,50.745487,50.559265,50.59171,50.50631,50.713005,50.85808,51.021603,50.82199,50.656525,50.79882,51.137524,50.573784,50.821857,51.080875,50.671722
37.49292,37.721657,37.322357,37.594147,37.498688,37.769928,37.789192,37.768337,37.758255,38.009197,38.05501,37.924084,37.795555,37.675,37.9475,37.54786,37.80241,37.91665,37.82226,38.07662,37.877346,37.92783,37.92795,37.902428,38.338932,38.223618,37.730927,38.11334,38.091816,38.085262,38.17077
47.084637,46.840374,46.833252,47.025265,47.143677,46.934467,46.63109,47.017838,46.901466,46.72408,46.617294,46.53047,47.16001,47.280754,47.026302,47.405907,46.804165,47.000126,47.099277,46.857025,47.289604,47.360733,46.587715,47.257988,46.711697,46.95085,47.421387,47.25434,47.617188,47.326725,47.406708
36.76651,36.721577,36.208504,36.78918,36.839516,36.710377,36.4742,36.924732,36.853756,36.820183,36.645325,36.7951,36.755875,36.906258,37.038586,36.76099,36.723736,37.104393,36.87995,37.303955,37.104992,36.81745,36.522587,36.7647,37.17468,37.30123,37.0749,37.07841,36.98572,37.175972,37.35259
44.482285,44.70243,44.431053,44.84186,44.53402,44.555996,44.692375,44.69118,44.475533,44.907787,44.50804,44.509476,44.830166,44.740112,44.80471,44.511497,44.703377,44.950592,44.773643,44.920216,44.978027,45.07208,44.688602,44.690605,45.04005,44.791183,44.847164,45.110126,44.949223,44.783363,45.061516
43.314564,43.49035,43.63407,43.564903,43.49745,43.651173,44.046806,43.768677,43.117275,43.67335,43.251793,43.977222,44.056324,43.79315,43.747154,43.710644,43.903126,43.662373,43.320007,43.606953,43.785908,44.258133,43.989677,43.81002,43.826797,43.741257,43.9989,44.122395,43.54363,43.895622,43.909664
50.5611,50.733063,50.665764,50.5418,50.492744,50.739357,50.61748,50.88558,50.756203,50.566296,50.38599,50.754635,50.677734,50.95349,50.640446,50.9432,50.868748,50.709843,50.69644,50.628555,50.710297,50.837654,50.855625,50.828697,50.912876,51.060135,50.815365,51.209465,50.92653,51.129196,50.77689
48.111847,47.95428,48.044212,48.523003,48.225807,48.33707,48.639515,48.418602,48.009186,48.730583,48.527184,48.527607,48.513203,48.577354,48.444946,48.55792,48.30216,48.61344,48.59135,48.486362,48.472733,48.43769,48.339905,48.470238,48.701637,48.765465,48.708324,49.017803,48.657314,48.467705,48.949158
54.792313,55.112106,55.32689,54.94151,55.044113,54.83612,54.55743,54.809784,55.296314,54.89762,54.786686,55.243084,55.166138,55.585373,55.0077,55.01646,55.2187,54.787304,54.921017,55.146362,55.25658,55.216717,55.59567,55.161057,55.20822,55.554497,55.342403,55.248684,55.054962,55.887814,55.14085
40.437355,40.69193,41.274956,40.78195,40.862427,40.639587,40.994297,40.55714,40.686653,40.620884,40.94317,40.947838,40.992043,41.029,40.794895,41.32972,41.414963,40.787346,41.08269,41.04707,40.612328,40.650017,41.41234,41.18725,40.8537,41.04772,41.405952,40.99312,40.872753,40.831303,41.29999
43.55999,43.39644,43.437134,43.857773,43.27758,43.352676,43.505875,43.738976,43.168526,43.20874,43.353207,43.392857,43.646996,43.62165,43.33958,43.84381,43.448425,43.55451,43.584484,43.507393,43.34709,43.71263,43.250633,43.653557,43.588997,43.678917,43.84556,43.98944,43.907616,43.472965,43.955574
48.23446,48.3948,48.029007,48.14422,47.994843,48.132557,48.007183,48.111404,48.076748,48.042164,47.91007,47.871407,48.21043,48.042107,48.3558,48.116867,48.07624,48.288326,48.074604,48.659912,48.538006,48.68074,47.797615,48.083054,48.284847,48.541954,48.198845,48.57062,48.92613,48.36833,48.505646
59.208847,59.17002,59.620125,59.217308,58.950966,59.549736,59.582798,59.87859,59.589134,59.003616,59.379635,59.356068,59.21241,59.60323,59.722393,59.814503,59.75927,59.583946,59.71502,59.25551,59.35559,59.687733,59.949245,59.90605,60.21722,59.925247,59.6992,59.905502,59.51585,59.925674,59.87447
62.482796,62.328407,62.666565,62.513,62.75949,62.77264,62.90019,62.819813,62.612743,62.70906,62.770977,62.470398,62.74165,62.673813,63.133636,63.09507,62.99302,62.680107,63.183414,62.718365,62.862583,62.74918,63.233047,63.185974,62.98782,62.770424,62.928802,63.14295,62.961624,63.16975,63.120045
57.068836,57.187344,57.637848,57.681343,57.28885,57.127377,56.90955,57.305737,57.62483,57.242844,57.3572,57.441116,57.62193,57.901604,57.512764,57.27545,57.588375,57.224358,57.441387,57.418285,57.62809,57.609173,57.95397,57.78163,57.813744,57.66902,57.993435,57.623642,57.50552,58.19067,57.763855
47.297894,47.55672,47.715195,47.73043,47.80542,47.655834,47.57101,47.55042,47.806137,47.758617,47.444065,47.29487,47.837643,47.98442,48.417156,47.644356,47.860012,48.024853,47.8334,48.067047,48.588387,48.304405,48.0303,47.904373,48.244072,47.826416,48.262604,47.82364,47.918343,48.341236,48.448147
50.482628,50.6891,50.431786,50.72406,50.776123,50.609745,50.73406,50.53314,50.568047,50.823654,50.579548,50.906124,51.095825,50.82707,50.920845,50.451946,50.984447,50.564213,50.500187,51.137653,51.270813,51.19833,51.43465,50.84086,51.37482,50.94671,50.929348,50.786232,50.871178,51.608677,51.138752
44.444565,43.463043,44.184166,43.82556,44.47869,44.323536,44.182674,44.04777,43.995903,44.178764,44.191013,44.61871,44.10447,44.442158,43.89719,44.392097,44.370853,44.81506,44.504704,43.981693,44.496082,44.440678,44.347836,44.212753,43.804367,44.10795,45.028362,43.991333,44.389606,44.272472,44.17163
51.644436,51.41757,51.41355,51.428062,51.922203,51.516125,51.653862,51.474068,51.254417,51.655323,51.676598,51.516544,51.78455,51.470146,51.44591,51.836166,51.4475,51.435017,51.88675,51.751976,51.542862,51.68094,51.619736,51.900116,51.34414,51.83835,51.7785,51.80164,51.89272,51.637268,51.929527
50.42841,50.31276,50.62233,50.478374,50.536133,50.740276,50.265774,50.657597,50.707325,50.398373,50.31113,50.750057,50.84139,50.917522,50.42025,50.618713,50.633457,50.790916,50.580105,50.524105,50.72397,50.591457,50.740616,50.722763,50.708878,50.794113,50.993362,50.727314,50.593945,50.86883,50.539543
42.196766,42.30173,42.886208,42.828293,42.180984,42.95165,42.67433,42.993786,42.85011,42.538925,43.305836,42.629578,42.63377,42.84801,42.822144,42.67715,42.87794,42.64241,42.889576,42.675087,42.412796,42.51152,43.044037,42.7705,43.34909,43.35253,42.673122,43.173306,42.769764,43.02134,42.880222
41.062668,41.465588,41.4664,41.42766,41.08835,41.322346,41.14865,41.386353,41.665943,41.28129,41.562885,41.34649,41.53566,41.652264,41.779408,41.44731,41.483444,41.447735,41.482628,41.643578,41.50555,41.675194,41.457928,41.91056,41.949837,41.965836,41.82065,41.798325,41.987427,41.843735,42.182865
47.320713,47.053772,46.59929,46.487144,47.341927,46.63972,46.497902,46.55418,46.924004,47.004326,46.865932,46.894714,47.022488,46.9803,46.705284,47.12936,47.012054,46.958256,47.293064,47.09847,47.023346,47.11844,46.86549,47.281685,46.42281,46.91246,47.17954,46.94911,47.602158,47.170326,47.14718
53.423542,53.75016,53.89334,53.533314,53.47962,53.74999,53.865417,53.851013,53.923077,53.699097,53.63123,53.863003,53.7683,53.89356,54.145634,53.93758,54.323463,53.920387,53.837986,53.942158,54.00962,54.08577,54.359344,54.120964,54.286694,54.049202,54.05099,54.257107,53.94898,54.31277,54.042683
50.314507,50.08811,50.078003,50.59599,50.07849,50.181908,50.115273,50.375404,50.521446,50.429634,50.5697,50.551167,50.329018,50.340927,50.46841,50.181915,50.493423,50.678585,50.583305,50.492584,50.74754,50.500603,50.761635,50.568275,50.865665,50.265038,50.692093,50.579117,50.837852,50.877098,50.52678
49.47773,49.866707,50.164368,49.87073,49.80037,49.99283,49.80798,49.703552,49.991924,49.830353,49.653603,50.037613,50.327465,50.1689,50.189785,49.83051,50.18826,50.089478,49.92651,50.157055,50.250473,49.999214,50.499165,50.176918,50.44417,50.027054,50.385685,49.989155,50.10037,50.285633,50.313164
47.72167,47.883522,48.093864,47.585922,47.953766,47.91967,47.870235,47.846073,48.172245,47.745125,47.953304,47.70398,47.80053,47.93874,48.114048,48.13586,48.144287,48.0098,48.069736,48.02919,48.26425,48.49377,48.157227,48.456078,48.034737,48.258087,48.393753,48.037712,48.383343,48.331547,48.298515
36.800713,36.952602,36.719498,36.54815,36.353477,36.402905,36.2275,36.770004,36.874863,36.076912,36.396374,36.58567,36.48336,37.00183,36.26956,37.025333,36.797344,36.77301,36.752644,36.653954,36.357723,36.77005,36.615223,36.785873,36.848026,37.112755,36.81562,36.821896,36.84588,36.814617,36.91246
38.260902,38.553654,38.486946,38.131153,38.34671,38.559193,38.562386,38.42522,38.629517,38.437027,38.57597,38.2829,38.4251,38.689106,38.16658,38.86367,38.703934,38.62083,38.551632,38.431778,38.51712,38.90885,38.48432,38.774612,38.553394,38.94874,38.652096,38.760025,38.915554,38.578045,38.661133
50.06147,50.03214,49.83735,50.245655,49.75241,49.855377,50.01538,50.083992,50.07991,50.255943,50.196983,50.145355,49.920773,50.312153,50.012234,50.279667,50.051395,50.262787,50.155025,50.255917,50.397736,50.37607,50.132244,49.90011,50.34016,50.50135,50.017544,50.75117,50.494682,50.548717,50.198185
48.46696,48.325577,48.823624,48.827175,48.60704,48.79646,48.758053,48.819874,48.833313,48.757275,48.916508,49.088177,48.77372,49.009995,48.79591,48.8809,48.99363,48.984863,48.798363,48.917797,49.017338,48.824783,49.135223,48.81743,49.06769,49.1914,49.215336,49.11382,48.76787,49.19248,48.868732
53.479115,53.222584,52.783447,53.250557,53.095367,53.313606,53.009415,53.64291,53.437164,53.004898,52.705532,52.927643,53.27759,53.418827,53.497578,53.33244,53.078373,53.824406,53.40173,53.242012,53.92588,54.01225,53.12039,53.612297,53.950584,53.289116,53.667553,53.423187,53.775112,53.790874,53.812267
57.516544,57.54032,57.785553,57.605915,57.668694,57.277504,57.523933,57.463783,57.63481,57.44215,57.611774,57.83216,57.684372,57.751858,57.849777,57.83712,58.122807,57.397133,57.819523,57.858013,57.7978,57.72691,58.558407,57.987587,57.916595,57.723755,57.976738,57.810486,57.731884,58.427967,57.958435
46.15445,46.154465,46.47638,46.396126,46.140213,46.835167,46.508236,46.875553,46.572487,46.127296,46.704124,46.242477,46.39375,46.542255,46.4441,46.69252,46.76008,46.374317,46.488632,46.552097,46.27377,46.40633,46.527267,46.49729,46.913147,47.193558,46.45019,46.941948,46.608067,46.8053,46.532776
62.02491,62.57296,62.087578,62.44697,62.321068,61.83984,62.450985,62.150623,62.12056,62.422985,62.131535,62.305954,62.685154,62.286217,62.40069,62.580883,62.59179,61.867554,62.505867,62.58085,62.36789,62.330387,63.22283,62.89701,62.87195,62.298294,62.309166,62.75235,62.482002,62.91872,62.852543
42.319942,42.240658,42.260056,42.13622,42.326973,42.555107,42.284473,42.31181,42.40576,42.270996,42.210747,42.349255,42.455814,42.5008,42.525566,42.498066,42.36146,42.757244,42.356228,42.63488,42.8178,42.76524,42.168488,42.454124,42.52298,42.741188,42.78566,42.537395,42.932884,42.607616,42.763447
57.932728,57.720703,57.754982,57.996685,58.338158,58.50463,58.486813,58.453045,57.97364,58.196175,58.04087,57.98056,58.608498,57.910706,58.773273,58.590153,58.38573,58.35238,58.467728,58.44715,58.555115,58.13369,58.404015,58.71517,58.51481,58.058334,58.45783,58.606777,58.45181,58.467545,58.640385
50.140514,50.356705,49.803185,50.16968,50.17195,50.183254,50.489967,50.43302,50.309467,50.57754,50.357548,50.416393,50.267254,50.291702,50.57932,50.608063,50.54258,50.533894,50.66788,50.75579,50.4732,50.126945,50.81446,50.384064,50.991264,50.686104,50.07151,50.910507,50.297302,50.735672,50.675617
48.436314,48.309315,47.833252,47.887535,48.316597,48.48555,48.235188,48.528,48.839027,48.344727,48.28854,48.357594,48.138573,48.439465,48.48271,48.6533,48.70413,48.898495,48.646065,48.56352,48.875477,48.62394,48.602554,48.72448,48.92698,48.644424,48.608852,48.519764,48.81662,48.994465,48.5998
46.283363,46.222214,46.4599,46.46628,46.499542,46.656063,46.97966,46.653305,46.451283,46.756992,46.860638,46.64567,46.566883,46.638805,46.758636,47.034927,46.817993,46.83044,46.83632,46.780132,46.749313,46.745914,46.743633,46.863304,46.840645,47.036827,46.935074,47.138096,46.8707,46.742413,47.057102
39.726006,39.65764,39.27733,39.640656,39.724167,39.649776,39.412495,39.621223,39.735813,39.97323,39.725384,39.760593,39.921097,39.882988,39.90658,39.45697,39.505905,40.18203,39.80185,40.15039,40.172577,40.165203,39.41056,39.79477,39.990906,40.14415,40.048134,39.954857,40.111435,39.923946,40.260334
46.514027,46.9804,47.033768,46.55857,46.50112,46.93097,46.76589,46.874214,46.96413,46.758114,46.519848,46.899654,46.73849,47.005764,46.57157,46.341705,47.140198,46.893677,46.429974,46.79812,47.037296,47.691723,47.067528,46.853928,47.186363,47.38276,47.096222,47.030525,46.992355,47.22576,46.676727
48.847813,48.72741,49.00415,48.830875,49.12021,49.484085,48.52057,49.52427,49.335606,48.492855,48.234207,48.922813,49.324566,49.426926,48.826008,49.087345,49.166824,49.15129,48.837547,48.583206,49.20543,49.105213,49.08986,49.32447,49.09666,48.968674,49.567997,49.017967,48.835285,49.520863,48.70055
47.32421,47.27843,47.396843,47.774883,47.602722,47.301537,47.387436,47.30013,47.36172,47.8452,47.64021,47.76357,47.841366,47.602203,48.024284,47.216206,47.698864,47.75879,47.80638,47.974205,47.94074,47.60245,47.9906,47.713654,47.906475,47.475754,48.05902,47.748943,47.802425,47.93134,48.1294
41.035892,40.69189,40.839127,40.48579,41.11767,41.32786,41.235363,41.082226,40.693996,41.213425,41.08967,40.816563,41.12728,41.12406,40.978634,41.146107,40.570103,41.41865,41.36711,40.6638,41.0379,41.70955,40.558144,41.452637,40.887543,41.36207,41.385372,41.21779,41.513325,40.73686,41.61017
52.02288,51.974316,52.67514,52.143528,52.173492,52.69759,52.560574,52.560894,52.624313,52.19336,52.630646,52.355034,52.456757,52.465866,52.498898,52.76842,52.66001,52.686646,52.585144,52.353336,52.55909,52.651913,52.70497,52.898247,52.675163,52.770485,52.833817,52.704575,52.585106,52.550842,52.53108
51.427135,51.466656,51.367134,51.779007,51.291466,51.540485,51.675293,51.814323,51.65697,51.49179,51.59598,51.586792,51.521404,51.362083,51.831066,51.583317,51.680096,51.84644,51.570747,52.003975,52.07506,51.988823,51.813297,51.737137,52.208878,51.88083,51.79996,51.98078,51.885483,52.007923,51.845173
45.694202,46.04802,45.891487,45.993477,46.031487,46.019848,46.368156,46.046547,45.899193,46.37202,45.76753,46.071968,46.294273,46.269424,46.18368,46.4812,46.143425,46.3919,46.093204,46.20134,46.50254,46.434963,46.16682,46.26191,46.199226,46.211502,46.322216,46.69098,46.197945,46.176006,46.381813
47.6394,47.55335,48.138115,47.951202,47.91561,48.01942,48.043106,47.96129,47.96267,47.987656,48.184784,47.899082,47.893635,48.00803,48.076572,48.104717,48.09992,48.14995,48.13847,48.043762,48.199715,48.241344,48.06395,48.20246,47.973377,48.281265,48.479267,48.307224,48.24226,48.106853,48.18499
51.56995,51.23215,51.45533,51.561558,51.77324,51.485737,51.5756,51.30469,51.174946,51.82452,51.318027,51.62602,51.72741,51.749058,51.397568,51.61287,51.535404,51.841526,51.630093,51.663006,51.961422,51.95682,51.338093,51.52215,51.18544,51.606308,52.16642,51.864788,52.04471,51.575264,51.75023
41.599327,41.291737,41.036903,41.231937,41.565163,41.418167,41.46348,41.47449,41.29151,41.67119,41.607452,41.71531,41.533516,41.55395,41.33062,41.529896,41.435192,41.660645,41.620617,41.597515,41.52909,41.80866,41.336884,41.700584,41.480362,41.887268,41.79244,41.759167,41.870487,41.669373,41.859055
41.14485,41.285862,40.87053,41.148544,41.0197,41.04457,41.08725,41.162605,41.033863,41.11819,41.08821,41.027473,41.111324,41.291237,40.800034,41.58769,41.080902,41.087734,41.17525,41.295254,41.02336,41.172863,40.755737,41.130875,41.049465,41.65703,41.123093,41.73563,41.724728,41.225758,41.37284
51.713673,52.206974,51.767075,51.815323,52.006767,51.934914,52.047127,51.911575,52.01996,52.237675,51.724308,51.90863,52.210323,51.978504,52.414444,52.00545,51.975124,52.291206,52.148853,52.583385,52.441097,52.276985,52.117092,52.279015,52.514374,52.449036,52.169636,52.423138,52.225853,52.19482,52.627853
51.29093,51.512424,51.47782,51.11164,51.9505,51.480965,51.932693,51.25225,51.426395,51.903725,51.545498,51.658722,51.80184,51.482967,51.65606,51.849854,51.97155,51.65487,51.753788,51.897488,51.93751,52.01273,52.026237,52.17208,51.50298,51.737183,52.08207,51.77687,51.834606,51.75465,51.972027
41.4738,41.270138,41.589935,41.117268,41.317467,41.172318,41.13033,41.171307,41.237568,41.060635,41.38699,41.55591,41.333225,41.40585,41.371048,41.14897,41.528595,41.543045,41.60142,41.515175,41.24095,41.659237,41.679916,41.56343,41.501743,41.60692,41.854847,41.168476,41.548252,41.455994,41.824005
52.10004,52.354294,52.20759,52.466614,52.451126,52.296,52.521854,52.266953,52.538116,52.88768,52.679394,52.665977,52.62524,52.291553,52.884766,52.272007,52.75245,52.743298,52.797325,53.015312,52.89073,52.459587,53.092384,52.8422,53.047104,52.55165,52.779346,52.7642,52.721638,52.80982,52.909164
42.410553,42.087833,42.488617,42.46863,42.24176,42.224846,42.420364,42.2334,42.185936,42.324543,42.745846,42.86348,42.346077,42.52744,42.12386,42.434353,42.192883,42.462967,42.54348,42.341614,42.344707,42.60777,42.716385,42.540985,42.569126,42.78791,42.813946,42.43986,42.722637,42.614346,42.790142
42.192204,42.338474,42.763954,42.566833,42.628487,42.77798,42.67657,42.63617,42.470062,42.568066,42.45085,42.647385,42.98161,43.187313,42.57422,42.810833,42.582962,42.74364,42.55977,42.630722,42.734867,42.89319,42.717663,42.751457,42.92869,43.258278,43.111824,42.874275,42.43661,42.806446,43.13667
44.214558,44.14837,44.32421,43.981735,44.21646,43.905857,44.17967,43.958622,44.30534,43.860256,44.26563,44.298336,44.04043,44.23793,44.23814,44.622765,44.636227,44.400757,44.41792,44.584263,44.40017,44.515793,44.549717,44.641357,44.372265,44.5399,44.876793,44.169632,44.6406,44.50254,44.808178
53.614918,53.337605,53.528923,53.712868,53.7082,53.782696,53.696148,53.741764,53.881775,53.871735,54.258682,53.72127,53.73347,53.616753,54.007935,53.803253,54.018726,53.8488,54.09099,54.043575,54.050106,53.79189,54.108303,54.03617,54.040283,53.952446,53.954056,54.067062,54.235027,54.26361,53.950424
49.193665,49.089474,49.393936,49.730915,49.27736,49.672337,49.88226,49.73141,49.488693,49.622726,49.371376,49.852566,49.640945,49.887756,49.327248,49.700363,49.98264,50.102367,49.37838,49.696644,50.07948,49.91599,49.93217,49.449936,50.1999,49.86934,50.122272,49.912807,49.435913,49.87114,49.590862
51.233864,51.09284,51.333916,51.12647,51.417076,51.677284,51.42131,51.548996,51.585564,51.608727,51.274643,51.418297,51.672504,52.041527,51.809788,51.845444,51.560223,52.050034,51.89425,51.28737,51.82812,51.61353,51.696934,51.818863,51.904,51.623337,51.897026,51.830017,51.579544,51.813274,51.991215
36.092995,36.182194,36.297424,36.338192,36.120094,36.35504,36.05528,36.517826,36.587147,36.47141,36.167618,36.65795,36.587463,37.060844,36.526165,36.412434,36.71735,36.946884,36.46318,36.281643,36.58867,36.531517,36.590298,36.503265,36.763397,36.508698,36.88459,36.795868,36.25063,36.739674,36.60364
35.724617,36.108837,35.741196,35.78052,35.618515,35.41309,35.75336,35.744343,35.768616,35.810345,35.332832,36.105732,35.65703,36.235962,35.57947,36.124825,35.82189,36.257076,35.885925,35.986195,35.854465,35.980057,35.835213,35.78634,36.06907,36.27415,36.17642,36.195675,35.780724,35.80508,36.28248
62.33033,61.847004,62.21251,62.499817,62.099197,62.518642,62.175602,62.6316,62.475475,62.18485,62.23315,62.604233,62.515823,62.8506,62.430958,62.40321,62.60284,62.763,62.603817,62.43527,62.59881,62.266098,62.839104,62.413315,63.26648,62.735855,62.82409,62.613647,62.396862,63.004173,62.69558
44.780403,44.391808,44.892662,44.907047,44.939384,44.966347,45.32056,45.00015,44.769516,44.999123,45.450996,45.121353,44.94943,44.932983,45.25125,45.436672,45.376045,45.153717,45.22433,45.23946,45.174202,45.12962,45.289787,45.213074,45.090668,45.257576,45.40423,45.395203,45.22085,45.27271,45.38726
49.988724,49.796986,50.109375,49.68732,50.073936,50.38761,49.95953,50.229767,50.196102,49.766537,50.062355,50.194214,50.176426,50.123642,49.86711,50.14097,50.20422,50.10694,50.208817,49.950264,49.9376,50.07979,50.35878,50.46566,50.27964,50.429565,50.403362,50.043575,50.232365,50.332916,50.12324
54.562603,54.158012,54.535233,54.653877,54.751717,54.791252,54.78177,54.883923,54.65587,54.58591,54.679825,54.964508,54.88364,54.850002,54.7224,55.00789,55.178814,54.816883,54.931416,54.624325,54.86058,54.597027,55.41469,55.062622,55.048912,54.6043,55.188957,54.867935,54.689686,55.271168,54.809147
45.94422,45.767895,46.20443,46.202545,46.011505,45.847614,46.079746,45.87403,45.54698,45.83238,46.039017,46.441593,46.423927,46.32024,46.15451,46.171013,46.399433,45.87368,46.05739,46.403423,45.942078,45.9085,46.685127,45.877647,46.29764,46.306984,46.297813,46.249596,45.89165,46.460762,46.47587
55.401646,55.695873,55.299202,55.506805,55.49257,55.77064,55.550167,55.762592,55.791317,55.73399,55.949413,55.222897,55.661617,55.42646,55.930183,55.495705,55.721745,55.44395,55.79094,56.201576,55.7731,55.7361,55.73785,55.738228,56.22967,56.380577,55.26245,56.16581,56.034576,56.1497,55.913673
47.506393,47.100624,46.90233,47.250347,47.25688,47.123543,47.003162,47.20654,47.171047,46.956757,47.55661,47.091057,47.138256,46.843185,46.86794,47.17754,47.221756,47.132957,47.475727,47.536724,47.161064,47.22191,47.32059,47.31185,47.3205,47.40898,47.210983,47.130405,47.730762,47.41129,47.281414
44.396427,44.613373,44.933586,44.27901,44.505547,44.719208,44.76684,44.71424,44.782402,44.725967,44.564983,44.45589,44.4986,44.826622,44.84641,44.862667,45.015114,45.053146,44.864445,44.47699,44.90434,45.376053,44.750774,45.04709,44.593094,44.795486,45.09271,45.118572,45.015358,44.742813,44.80931
46.87073,46.6596,46.24356,46.557716,46.80587,46.630802,46.540783,46.828186,46.75541,46.64261,46.802998,46.296368,46.627644,46.554424,46.891342,46.94214,46.704533,46.825184,47.082493,46.94978,46.917946,47.00511,46.52862,47.089447,46.840088,46.90159,46.847095,46.97868,47.33294,47.021263,47.210457
50.42633,49.92636,49.802025,50.08167,50.345985,49.878407,50.13053,50.102554,49.94566,50.292526,50.11251,50.422153,50.079426,49.954926,50.36812,50.00724,50.29563,50.545338,50.48682,50.484055,50.581764,50.584248,50.455975,50.391205,50.29567,50.069427,50.69831,50.211826,50.483067,50.486397,50.56956
36.509293,37.041584,37.05404,36.72253,36.63701,36.998867,36.94971,36.97076,36.89088,36.565685,36.742638,36.91115,37.01777,37.06396,36.476917,37.351078,36.918026,36.79034,36.84654,36.84385,36.452793,36.676723,36.936474,37.10219,37.037907,37.44648,36.933945,37.222095,36.95119,36.752113,37.05079
41.65782,41.939262,41.410454,41.568134,41.350044,41.108772,41.443592,41.574112,41.644413,41.76794,41.49964,42.122295,41.587124,41.800495,41.683895,41.521805,41.99224,41.83962,41.612946,42.004353,41.747128,42.001423,42.061935,41.665,41.977005,41.927315,41.718433,42.121574,41.64887,42.102173,41.83611
47.25004,47.356518,47.094673,47.01216,47.231903,47.404724,47.30736,47.46268,47.09466,47.371586,46.90602,47.16585,47.321575,47.34391,47.084927,47.13826,47.135315,47.37558,47.212944,47.090343,47.439392,47.91388,47.27061,47.27791,47.32925,47.490944,47.20956,47.61322,47.397728,47.47815,47.196835
52.808353,52.13611,52.644142,52.937733,53.114548,52.808636,53.097725,52.6689,52.663784,53.32946,53.48946,53.138405,53.006992,52.80768,53.13347,52.98682,52.83555,53.50876,53.63232,53.295864,53.259243,52.760178,53.270565,53.159203,53.164448,53.009926,53.48722,52.99404,53.014206,52.823708,53.505894
46.877728,46.738926,47.479538,47.07833,47.156227,47.205647,47.43357,47.008488,46.728153,46.967598,47.385735,47.130386,47.31147,47.28556,46.935295,47.48976,47.24185,46.981266,47.26582,47.188313,46.917645,47.252495,47.34001,47.265114,47.075684,47.66848,47.49254,47.367,47.245785,47.089615,47.51766
52.487507,52.197357,52.392975,52.499115,52.391975,52.62359,52.094364,52.424385,52.654896,52.438805,52.184406,52.701855,52.7052,52.93243,52.1809,52.305065,52.569252,53.01226,52.53578,52.516235,52.875122,52.59479,52.61338,52.436684,52.831215,52.625618,53.04096,52.471333,52.73811,52.77845,52.47609
50.877537,51.098423,51.117554,51.0334,50.84632,51.41073,51.49695,51.6163,51.17374,51.173103,51.190628,51.27678,51.210323,51.28619,51.19453,51.68271,51.317966,51.133854,51.19628,51.061665,51.050587,51.30757,51.3105,51.48326,51.467743,51.741653,51.129616,52.05977,51.391296,51.495846,51.258766
43.46588,43.354298,43.417877,43.377644,43.397476,43.317257,43.352943,43.366882,43.465996,43.483337,43.220932,43.70891,43.579765,43.971767,43.41582,43.408333,43.853718,43.963284,43.582214,43.509995,43.83634,44.01699,43.914906,43.599915,43.941105,43.588234,44.103306,43.486195,43.579052,43.8931,43.889584
51.167503,51.021355,50.687088,50.817505,50.97383,51.040806,51.146477,51.153336,51.06658,51.089554,50.70485,50.972,51.09929,50.996483,51.205856,51.305218,51.03406,51.64743,51.15621,51.15034,51.716114,51.86198,50.938484,51.468063,51.257553,51.013443,51.47925,51.36431,51.663113,51.259735,51.41071
42.28408,42.296326,42.507523,42.380093,42.740746,42.60205,43.019157,42.277935,42.145874,43.07657,42.606422,42.934387,42.8817,42.803318,43.005978,42.81485,42.848015,42.915657,42.694584,42.95866,43.039196,42.90464,42.818783,42.652702,42.617947,42.838127,43.094864,43.070175,42.90361,42.78651,43.211723
51.296295,50.665638,50.960854,51.04481,50.658447,51.219765,51.290844,51.3044,50.933563,51.145428,51.506622,51.275127,50.751423,51.025566,51.082527,50.915333,51.019154,51.68909,51.44411,51.214268,51.21703,51.540394,51.145096,50.923416,51.66739,51.6587,51.230938,51.41219,51.49777,51.168247,51.36741
37.279095,37.32639,37.14553,36.72855,36.831917,37.362694,36.949154,37.39094,37.04284,36.64903,36.460205,37.010277,37.110924,37.476963,36.738274,37.027496,36.879425,37.481014,36.903656,36.88847,37.039783,37.922565,36.64491,37.118385,37.401382,37.75627,37.402374,37.15818,37.375977,37.069473,37.44389
58.373966,58.474247,58.76573,58.715828,58.783775,58.897984,58.755608,58.925808,58.89294,58.95325,58.86034,58.569843,58.985607,58.925987,59.43883,58.741207,58.894768,58.910137,59.044792,59.028034,59.205536,59.129513,59.072292,59.23703,59.29134,59.203156,59.1562,59.294456,58.92484,59.322674,59.34777
47.680523,47.41319,47.406006,47.23865,47.802788,47.29274,46.957775,47.14135,47.25356,47.39899,47.11831,47.470646,47.739353,47.723583,47.54223,47.257023,47.170425,47.551826,47.733852,47.528805,47.66763,47.67694,47.603546,47.55056,47.35182,47.45436,47.794052,47.252693,47.654552,47.768238,47.921677
44.821224,44.44067,44.570724,44.48482,44.624382,44.814186,44.373623,44.915062,44.76736,44.128914,44.56246,44.60267,44.545395,44.635418,44.533375,44.80866,44.595146,44.790287,44.881893,44.607666,44.565323,44.657333,44.655254,44.92633,44.863636,44.933395,45.00235,44.572613,44.96754,44.89587,44.90534
53.572464,53.4588,53.63645,53.752182,54.050186,53.821922,54.005077,53.72897,53.83409,54.171715,54.130127,53.995583,54.09021,53.94712,54.279194,54.242424,54.307114,53.93409,54.26794,54.11154,54.177643,53.76681,54.388107,54.40468,54.05284,53.894608,54.353973,54.301277,54.28912,54.399727,54.375854
51.577667,50.864876,51.50306,51.39704,51.68567,51.44939,51.28429,51.40447,51.06543,51.173103,51.282166,51.536053,51.72174,51.761017,51.47271,51.524765,51.21349,51.59199,51.652477,51.384003,51.5957,51.745304,51.52827,51.621048,51.442825,51.6494,52.140293,51.334297,51.47518,51.68334,52.023148
35.587234,35.467785,35.574917,35.01037,35.342026,35.606033,35.023987,35.35921,35.66074,35.171818,35.32692,35.528053,35.518578,35.799847,35.122547,35.521854,35.301086,35.821564,35.481953,35.267048,35.443977,35.893127,35.076633,35.708115,35.265583,35.843105,35.911945,35.419407,36.035103,35.43674,35.629326
65.27847,64.89324,65.271324,65.62019,65.405594,65.33923,65.628296,65.39473,65.29277,65.45067,65.62417,65.67182,65.44821,65.49974,65.41646,65.713264,65.82901,65.45168,65.60794,65.86951,65.76226,65.28148,66.10112,65.39539,65.92221,65.82197,65.732124,65.79413,65.50493,66.05584,65.60572
55.46644,55.38647,55.415276,55.977173,55.26573,55.719307,55.36539,55.744576,55.629242,55.788834,55.41408,55.57864,55.822002,55.899452,55.702625,55.259968,55.6064,56.101624,55.619827,55.879776,56.1626,55.79603,55.700333,55.200073,56.214737,55.782913,55.66692,56.092957,55.755104,55.97159,55.55211
38.013687,37.601757,38.25807,37.719696,37.981018,37.848274,37.90094,37.7306,37.64767,37.79303,37.901318,38.407383,38.000507,38.36945,37.70673,38.009922,37.912106,38.235798,37.98967,37.788387,37.976673,38.450428,38.110336,37.991592,37.757572,38.279358,38.643265,37.8751,37.985928,38.022785,38.2837
56.06517,55.817898,55.970726,56.401085,55.735428,56.68848,56.381058,56.994408,56.339775,55.95927,56.295807,56.22376,56.36464,56.380047,56.159363,56.403408,56.405563,56.340355,56.249393,56.00738,56.211094,56.385296,56.489254,56.501244,57.148796,56.666733,56.311264,56.801777,56.404892,56.787216,56.293015
41.35141,41.278137,41.233337,41.250385,41.10919,41.382828,41.36135,41.59324,41.452652,41.19986,41.553085,41.91796,41.392246,41.61274,41.07123,41.62788,41.74814,41.381653,41.389194,41.42411,41.09651,41.27866,41.81675,41.531036,41.786697,41.933853,41.506905,41.728775,41.436707,41.84642,41.444878
42.741535,42.77919,42.39817,42.66069,42.494377,42.57618,42.600307,42.584717,42.785213,42.77963,43.01997,43.184578,42.717693,42.58749,42.875072,42.56222,43.044456,42.742275,42.663162,43.32695,42.978226,42.785995,43.20323,42.629845,43.18899,43.10814,42.641975,42.992004,43.183502,43.425053,42.861095
48.307587,48.042713,48.50746,48.422054,48.721603,48.536213,48.660233,48.470474,48.45123,48.622612,49.07151,48.583748,48.64765,48.418884,48.906322,48.72125,48.67163,48.554115,48.90793,48.851486,48.70495,48.65001,48.871086,49.031418,48.652523,48.89657,49.005367,48.763813,48.779484,48.84324,49.100594
48.2714,48.160885,48.153145,48.218487,48.68448,48.69602,48.59005,48.560482,48.46281,48.436016,47.968975,48.4377,48.89406,48.59267,48.631912,48.842716,49.024406,48.909595,48.45107,48.591114,49.13845,48.798664,48.78133,48.84472,48.617374,48.13378,49.078587,48.603245,48.619747,48.853004,48.57029
56.57562,56.61901,56.86657,56.571312,57.021927,56.53408,56.869335,56.392574,56.46836,57.01914,56.59769,56.71922,56.809643,56.785576,57.080025,56.767147,56.616608,56.90337,57.058968,57.02259,57.206818,57.209366,57.038372,57.003365,56.741196,56.973633,57.22738,56.95435,56.98473,56.93421,57.36671
58.312145,57.71868,58.337257,58.177525,58.163177,58.47193,58.59107,58.34037,57.91903,58.149815,58.46284,58.39564,58.355087,58.44432,57.782833,58.426792,58.25899,58.429455,58.550953,58.045418,58.123875,58.541534,58.57499,58.441216,58.618202,58.71205,58.66066,58.33794,58.47713,58.289913,58.549896
49.470127,49.295403,49.54345,49.540554,49.44822,49.75171,49.71649,49.70686,49.50029,49.731014,49.891727,49.845146,49.757675,49.647057,49.415005,49.499577,49.700733,49.68212,49.677605,49.575188,49.527058,49.94715,49.639744,49.986458,49.794117,50.06053,50.049847,49.98595,50.102238,49.737255,49.837154
44.71759,44.578754,44.490967,44.466644,44.46817,44.429024,44.753216,44.49202,44.36224,44.784985,44.55117,45.144096,44.619625,44.824234,44.365433,44.828487,44.521484,44.96741,44.70905,44.7009,44.702408,44.912525,44.72916,44.61042,44.68049,44.99685,44.85898,45.000267,44.86899,44.68862,44.876225
52.498646,52.0607,51.749107,51.65477,52.159637,51.810104,51.716343,51.805656,52.259403,51.72388,52.367477,52.0575,51.71333,51.65091,51.89989,52.008236,52.189327,51.97053,52.388805,52.367844,52.19311,52.3465,52.397015,52.496956,52.21328,52.270348,52.27027,51.706097,52.930984,52.64411,52.364697
51.52462,51.247467,51.598953,51.223015,51.653503,51.585274,51.664574,51.414665,51.33107,51.56405,51.45275,51.631134,51.680294,51.715298,51.50672,51.58763,51.692593,51.989994,51.852386,51.734303,51.688515,51.898342,51.727543,51.755104,51.744453,51.914543,52.12019,51.57578,51.620014,51.473953,52.028633
44.06643,44.206276,44.44873,44.911633,44.438606,44.645493,45.0981,44.925396,44.462955,45.003227,44.63613,44.92543,44.97588,45.14086,44.660957,45.211155,45.04784,45.0682,44.69862,44.71778,44.85829,44.69161,44.92989,44.806366,45.072144,44.95408,45.10537,45.54726,44.31862,44.774635,44.924446
44.94313,45.201874,44.76304,44.813213,45.161392,44.863266,45.077564,44.78986,45.080963,45.228317,45.10814,44.95401,45.222652,44.710308,45.782845,45.141994,45.208958,45.223446,45.282497,45.607906,45.68007,45.55124,45.29795,45.676483,45.273685,44.963142,45.376747,45.285965,45.892025,45.499588,45.808163
43.90857,43.893257,43.746292,43.71288,43.91175,43.88617,44.23279,44.053825,43.62711,44.047043,43.71651,43.94079,44.03875,43.93284,44.23891,44.286175,44.30215,44.275055,44.135006,44.123245,44.135025,44.342968,44.05106,44.124954,43.991806,43.942337,44.166233,44.491955,44.175373,44.033104,44.310196
48.098385,48.49992,48.429726,48.091324,48.028923,48.30774,48.040462,48.168007,48.55311,47.988564,47.84856,48.29931,48.394737,48.62439,48.442863,48.500164,48.392853,48.49041,48.24058,48.428444,48.655582,48.5128,48.606396,48.44924,48.770634,48.570107,48.51579,48.4478,48.691578,48.81412,48.631996
48.852146,48.95067,48.811478,49.144516,48.91092,49.411343,49.26159,49.509777,49.341423,49.203457,48.88705,49.487198,49.359646,49.609325,48.98412,49.485523,49.49783,49.577496,49.160065,49.217327,49.354774,49.015804,49.50816,49.271034,49.93788,49.592575,49.45055,49.648064,49.07535,49.593212,49.266964
45.18016,45.326344,45.652863,44.831676,45.28868,45.335636,45.193962,45.150417,45.637493,45.098335,45.391953,45.048775,45.228897,45.729637,45.48521,45.67121,45.608204,45.57854,45.62162,45.378345,45.519886,45.937428,45.476826,45.851112,45.548237,45.928192,45.875072,45.41238,45.795284,45.646706,45.9915
39.895466,40.043694,39.951355,40.083458,40.345047,40.022064,40.462345,40.118973,40.182945,40.57014,40.4432,40.484573,40.07135,40.216103,40.234505,40.569584,40.618015,40.356766,40.367516,40.587368,40.438858,40.251404,40.496284,40.407516,40.20414,40.598152,40.570255,40.72159,40.333073,40.490692,40.43283
41.364708,41.25544,41.183388,41.299583,41.021057,41.33399,41.43995,41.603218,41.421387,41.221798,41.49795,41.452183,41.071342,41.399555,41.269966,41.770542,41.731796,41.65347,41.53696,41.529255,41.295517,41.413326,41.338013,41.410126,41.59818,41.79177,41.53057,41.91958,41.77408,41.534893,41.519836
44.162643,44.429947,44.131676,44.246967,44.300484,44.101032,44.262863,44.184093,44.4939,44.1717,44.284733,44.49716,44.373894,44.327606,44.359287,44.67068,44.39771,44.33568,44.310863,44.708157,44.648457,44.504017,44.631294,44.7642,44.677586,44.703033,44.6821,44.477695,44.73187,44.831715,44.830757
47.708736,47.530624,47.87935,47.685833,47.959106,47.59233,47.52754,47.62812,47.7673,47.318867,47.877754,47.57327,47.766293,47.78059,47.604176,48.09145,47.84961,47.52805,47.979237,47.922684,47.644558,47.804737,47.82201,48.26465,47.65518,48.153244,48.35995,47.70428,48.13149,47.976032,48.27354
45.96665,45.989975,45.474068,45.4781,45.66799,45.424576,45.883022,45.74526,45.67282,45.743717,45.90059,46.16303,45.54944,45.59792,45.619488,45.895706,45.90015,45.644268,45.78567,46.054737,45.722157,46.293854,46.02329,46.134148,45.98729,46.373474,45.901497,46.09111,46.26419,46.241867,46.19074
30.427616,30.6968,30.323368,30.4934,30.527325,30.166576,30.396929,30.256203,30.487833,30.404377,30.70199,30.376854,30.659443,30.35731,30.722248,30.809607,30.699928,30.608013,30.675087,31.096092,30.59676,30.744745,30.305576,31.031977,30.518276,30.737604,30.98378,30.727814,31.25817,30.501568,31.351076
37.142952,37.064545,37.18782,36.788483,37.23478,37.216106,37.26607,37.034958,37.04885,37.28693,37.13363,37.325836,37.09178,37.26083,37.415497,37.28186,37.06488,37.653896,37.323765,37.37877,37.532894,37.72004,37.04818,37.280884,37.118374,37.59301,37.624886,37.370926,37.53816,37.216427,37.67749
53.1264,53.347187,52.86248,53.572006,53.238922,53.392574,53.44438,53.565998,53.485565,53.5767,53.64143,53.0413,53.599094,53.146267,53.796272,53.594063,53.674232,53.395355,53.673943,53.87558,53.69043,53.328423,53.60463,53.75567,53.981148,53.485466,53.280853,54.049488,53.973343,53.852985,53.770267
43.310566,43.693024,43.332664,43.6743,43.42649,43.422623,43.444347,43.598003,43.681942,43.587246,43.341087,43.62352,43.62995,43.9382,43.80054,43.872955,43.760887,43.690147,43.562786,44.014122,43.900375,43.551456,43.771248,43.518517,44.10498,44.088585,43.68859,44.116524,43.713535,44.17832,44.035477
42.273247,41.81203,41.99093,42.101562,42.16237,42.332798,41.967506,42.34494,41.936657,41.85182,41.884148,42.11425,41.97531,42.097744,41.692966,42.04952,42.074657,42.25094,42.025116,42.049503,42.16776,42.340454,41.789055,41.89985,41.881176,42.348656,42.466087,42.206608,42.432045,42.20387,41.909794
44.568035,44.624596,44.58963,44.62372,44.728073,44.53754,44.475636,44.41162,44.768795,44.81236,44.90906,44.990486,44.85913,44.949074,44.74102,44.63123,44.816246,44.746563,44.866043,45.05175,44.827946,44.748405,45.00936,44.9718,45.05216,45.19992,45.13496,44.813988,45.108078,45.157604,45.28306
47.89101,48.0097,47.546715,47.804165,47.9401,47.651665,47.86437,47.85516,47.806995,48.065334,47.763332,47.941032,47.981842,47.740948,48.165123,48.014114,48.190907,47.872833,47.88397,48.213528,48.330784,48.32582,48.129974,48.099693,47.837082,47.80253,47.960056,48.408535,48.366188,48.468056,47.994137
59.540474,59.743958,59.746124,59.58754,59.743805,59.54257,59.94673,59.52606,59.40888,60.033,59.792294,59.95501,59.96015,59.651928,59.85837,59.741043,59.705963,59.487274,59.975273,59.788784,59.741444,59.91959,60.385147,60.104218,59.8895,59.86667,59.728725,60.16708,59.998196,60.075935,60.05495
47.80373,48.177475,47.99392,47.85311,48.04219,48.255493,48.147743,48.368248,48.183533,48.101276,47.837627,47.998573,48.40649,48.163094,48.60968,48.463707,48.263905,48.189278,48.350212,48.068356,48.190792,48.19635,48.35565,48.76732,48.416115,48.119423,48.285984,48.668087,48.408504,48.441246,48.569515
63.49176,63.531273,63.18988,63.39896,63.786255,63.72145,63.574646,63.742622,63.60758,63.72155,63.355907,63.26221,63.90371,63.678764,63.86135,63.594334,63.773315,63.579273,63.799587,63.84641,64.036354,63.95701,64.00243,63.93017,64.17378,63.843636,63.634125,63.899105,63.748287,64.2856,63.955086
52.000523,52.04819,52.298546,52.02834,52.00966,51.977863,52.263596,51.951603,51.730686,51.997704,51.91538,52.209595,52.029034,51.937984,51.69953,52.12654,51.999805,52.101757,52.086857,52.245987,51.99215,52.303772,52.110638,52.046318,51.928505,52.481293,52.321526,52.3495,52.286522,51.856083,52.122707
52.70273,52.918125,53.07984,53.268623,52.7687,52.51599,53.156467,52.954765,52.63184,53.076874,52.616108,53.112186,53.02289,53.271637,53.294743,53.301735,53.223152,53.19666,52.992264,53.362858,53.34192,53.293026,53.324173,52.803864,53.198997,53.22055,53.241154,53.7699,52.744793,53.265083,53.350998
63.55955,63.836784,64.241234,63.977463,63.96099,64.11429,64.31766,64.058304,64.03733,64.2295,64.3478,63.893116,64.22026,63.943928,64.58557,64.24152,64.359375,63.88191,64.35482,64.317345,64.26768,64.15979,64.74186,64.45946,64.4272,64.35067,64.059814,64.696465,64.24399,64.53515,64.32793
43.272182,43.686775,43.343292,43.17365,43.288277,43.07164,43.084763,43.276794,43.66355,43.43397,43.35701,43.48863,43.222477,43.54588,43.675297,43.447292,43.510296,43.508755,43.544476,43.822353,43.53355,43.65138,43.442207,43.702133,43.62391,44.03647,43.66992,43.838383,43.77625,43.81026,43.94685
47.05253,47.664463,47.473587,47.592167,47.237213,46.96487,46.997562,46.876755,47.579697,47.7043,47.72,47.523533,47.653755,47.536285,47.82918,46.91963,47.819286,47.380745,47.62856,48.200012,47.63758,47.34166,48.09156,47.484383,48.02496,47.72631,47.517403,47.67088,47.76603,47.936848,47.944473
46.48444,46.284176,46.292572,46.403336,46.273468,46.361687,46.25917,46.405003,46.260666,46.212936,46.19661,46.54698,46.543644,46.83608,46.797966,46.45497,46.492386,46.63027,46.473736,46.737106,46.729958,46.740158,46.60837,46.35623,47.05742,46.909645,46.78234,46.612656,46.73026,47.07655,47.232002
56.241917,56.728928,56.395424,56.98364,56.522408,56.294765,56.491966,56.65987,56.612164,56.654957,56.369404,56.24227,56.720978,56.804676,56.95312,56.92328,56.696198,56.40253,56.600483,57.14379,57.05302,56.684643,56.817043,56.56321,57.039223,57.03263,56.513515,57.38912,56.67686,57.292778,56.993423
43.974533,44.074585,43.75135,43.87632,43.969322,43.792267,43.476868,43.972904,44.0095,43.772976,43.483597,44.095173,44.16329,44.61118,44.113556,44.186424,44.002686,43.926826,44.007343,44.051792,44.00917,43.949104,44.03565,44.10466,44.292767,44.397423,44.29059,44.280235,44.18364,44.68233,44.6185
48.13378,48.467785,48.383293,48.257576,47.920403,48.420025,48.302536,48.480553,48.65879,48.506798,48.407066,48.794384,48.346653,48.801975,48.315063,48.393265,48.51957,48.62242,48.44714,48.37845,48.40129,48.488148,48.782444,48.5123,49.05715,49.030914,48.474327,48.921036,48.61175,48.86692,48.560997
43.42644,43.462944,43.421646,43.449783,43.351555,43.60825,43.20939,43.660194,43.7194,43.507206,43.148247,43.3759,43.280815,43.50746,43.551796,43.202065,43.48455,44.055153,43.488956,43.577026,44.04188,44.000156,43.31618,43.386024,43.58793,43.580208,43.82181,43.731426,43.80527,43.673115,43.33379
42.54734,43.036095,43.096176,42.589725,43.010933,42.70029,42.561974,42.43774,42.8531,42.75812,42.63308,42.743286,43.13206,43.164505,43.103752,43.01021,42.807705,42.704178,43.020706,43.032112,42.92077,42.899952,43.10147,43.215607,42.878563,43.148438,43.17991,42.922348,43.16256,43.14721,43.53738
63.96594,63.69399,64.14913,64.30335,63.961334,64.13483,63.75069,63.965557,63.883186,63.597576,63.86577,64.02856,64.400635,64.10853,63.99572,63.9055,63.691433,63.974403,64.19154,64.32048,64.10666,63.721977,64.36245,64.048965,64.639885,64.39209,64.31193,63.912735,64.18841,64.31083,64.47246
48.043076,48.409973,47.83486,48.649498,47.67434,47.806496,47.900814,48.330276,48.420082,48.067657,48.480045,47.865982,48.013924,48.072186,48.419315,48.360157,48.22732,47.97158,48.34401,48.571182,48.284496,48.173634,48.293713,48.36557,48.822372,48.508125,47.934937,48.895733,48.918003,48.831814,48.61073
49.00753,48.636158,48.96518,49.109684,48.832184,48.971066,49.077175,49.142174,48.964962,48.835766,49.28869,49.027096,48.88619,48.92453,49.31104,49.202526,49.12666,49.275913,49.31882,49.252197,49.264618,49.233208,49.278175,49.205956,49.418644,49.25499,49.365925,49.27407,49.380295,49.3631,49.476868
36.43599,36.481224,36.60517,36.713425,36.48842,36.89013,36.504936,36.899704,36.900642,36.506657,36.51049,36.897297,36.864246,37.30975,36.57294,36.929844,36.968792,37.09043,36.621864,36.810677,36.839394,36.664005,36.766052,36.658157,37.225143,37.263496,37.15281,36.97285,36.64481,37.063892,36.95633
48.49007,48.282215,48.61299,48.5484,48.527664,48.429035,48.77621,48.483456,48.393585,48.58338,48.875908,48.678352,48.620358,48.493706,48.402702,48.67023,48.808475,48.742416,48.75982,48.75495,48.633682,49.03784,48.762497,48.976692,48.662704,48.874557,49.142216,48.77471,48.9318,48.565643,48.94049
44.07396,44.356625,44.225365,44.156338,43.910164,44.210148,44.092216,44.377403,44.6065,44.289,44.23901,44.14623,44.03304,44.50563,44.501743,44.426212,44.29852,44.70546,44.50169,44.37528,44.51282,44.6135,44.16682,44.543465,44.699608,44.763184,44.558468,44.799553,44.773018,44.52622,44.73208
49.751293,49.426247,50.028244,49.53588,50.27903,50.02338,49.651707,49.498955,50.040306,50.104225,50.247353,50.024693,50.26252,50.064846,50.018826,49.7337,50.139507,50.130306,50.441906,49.799374,50.1634,50.00873,50.53891,50.58854,49.884106,49.68136,50.648663,49.576405,50.31748,50.205032,50.22587
44.83383,44.739502,44.470474,44.827682,44.788773,44.787548,44.699364,44.81581,44.693165,44.69358,44.618958,44.90366,45.011738,44.668514,44.695267,44.776623,44.692486,44.976227,44.76366,45.055717,45.093502,45.006756,44.8488,44.926773,45.014725,44.86737,45.029846,44.872913,45.142517,45.01029,44.98936
45.57608,45.616364,45.291466,45.54197,45.38656,45.727337,45.788433,45.97061,45.23641,45.566486,45.323414,45.58625,45.593178,45.51183,45.327797,45.58577,45.3764,45.54264,45.42866,45.514698,45.513794,45.99872,45.43078,45.47782,45.75071,46.015213,45.403606,46.1318,45.7278,45.71731,45.573025
41.816906,41.944878,41.956635,41.987156,42.06295,41.793045,42.258057,41.79135,41.904137,42.169914,42.284416,42.239716,42.206787,41.94675,42.1997,42.38707,42.36128,42.192192,42.198112,42.52691,42.244366,42.23906,42.26794,42.472885,42.10565,42.276978,42.53506,42.39637,42.47968,42.13568,42.607956
49.393753,49.585896,49.431984,49.498417,49.503212,49.45967,49.418964,49.527058,49.69958,49.6122,49.59141,49.40303,49.510345,49.676285,49.42486,49.82494,49.568977,49.65958,49.856033,49.725006,49.598614,49.488255,49.63225,49.74964,49.725166,49.945564,49.635357,49.956615,49.838875,49.71197,49.76874
56.020424,55.73178,55.93479,56.045246,55.580574,55.667046,55.848763,55.92313,55.790703,55.784035,56.244648,56.1349,55.830727,56.00431,55.852215,55.981506,56.041775,55.91635,56.24418,56.10574,55.7185,55.927437,56.318485,55.9972,56.37183,56.387688,56.019764,56.29759,56.23823,56.25997,56.293446
49.76353,49.543957,50.02973,49.502846,49.68071,49.891846,49.808567,49.697506,49.72396,49.775883,50.269268,49.56171,49.69346,49.546143,49.820316,49.629482,49.730892,49.84466,50.14685,49.65478,49.772926,50.36852,49.882587,50.200226,49.689423,49.974945,49.99555,49.90969,50.46032,49.786785,49.975746
41.39969,41.71311,41.586266,41.563232,41.197884,41.344345,41.51418,41.40555,41.683926,41.59901,41.895306,41.579872,41.37973,41.623905,41.366505,41.609715,41.677776,41.655323,41.68831,41.798946,41.54498,41.8345,41.691196,41.677826,41.881714,42.123802,41.630512,41.936913,42.09343,41.72018,41.849674
42.54059,43.02792,42.492912,42.521793,42.56025,42.31554,42.501205,42.256794,42.612156,42.687794,42.36128,42.966743,42.845135,42.74502,42.64368,42.57074,42.61046,42.822624,42.52545,43.29565,42.941296,42.905888,42.81312,42.720436,43.04732,43.175507,42.885204,42.783607,42.957108,42.87715,43.225185
49.248817,49.622288,49.511665,49.795223,49.707077,49.4585,49.884872,49.398254,49.710426,50.00845,50.271725,49.87132,49.862896,49.448383,50.128178,49.90806,49.88644,49.455338,49.85325,50.394825,50.011112,49.64765,50.198177,50.17021,50.05206,50.145042,49.881996,50.207443,50.267803,50.24378,50.31764
49.45974,49.344734,49.55755,49.263596,49.737984,49.426655,49.49911,49.128586,49.43502,49.51119,49.58176,49.49118,49.630898,49.32718,49.858505,49.573566,49.62736,49.713444,49.794067,49.920895,49.974377,49.847775,49.77277,49.927834,49.506954,49.540863,50.082962,49.444973,50.139877,49.73012,50.08128
39.136333,39.151283,39.791473,39.23801,39.287567,39.864204,39.635155,39.84249,39.47049,39.103905,39.17408,39.57161,39.67665,39.94142,39.468864,40.091915,39.891174,39.680717,39.379227,39.115227,39.449505,39.667633,39.65877,39.696617,39.487118,39.680992,39.920525,39.923817,39.39743,39.70034,39.466488
36.88041,37.186836,36.913994,37.00284,37.03788,36.83133,37.313255,37.146988,37.15534,37.20665,37.13824,37.202423,37.01138,37.13234,37.63963,37.455326,37.462166,37.428444,37.20921,37.61234,37.605576,37.647564,37.444653,37.42047,37.527946,37.469215,37.443756,37.593502,37.24177,37.587666,37.765305
61.05227,60.873894,60.299416,61.169243,60.75379,60.58884,60.940212,60.959946,60.853523,61.033638,61.222015,60.63737,60.82487,60.495914,61.538185,60.91864,61.01194,60.94228,61.25117,61.625195,61.506893,61.316685,61.191093,61.16987,61.65111,61.08407,60.864788,61.4234,61.755276,61.682396,61.633003
41.803535,42.361485,42.115303,42.25444,41.906097,42.032623,42.208942,42.26004,42.22995,42.310364,41.888935,42.188442,42.339134,42.752846,42.666077,42.352615,42.378582,42.58844,42.237972,42.64204,42.54899,42.5573,42.366577,42.23587,43.03917,42.895287,42.478504,42.828552,42.149242,42.609272,43.06038
39.921,39.87628,40.28315,39.612976,40.248436,40.158833,39.880085,39.93157,40.22334,40.046024,40.1084,40.169666,40.073586,40.628212,40.24853,40.138615,40.31474,40.39432,40.432735,40.153824,40.146236,40.296814,40.371265,40.34581,40.342213,40.715057,40.702652,40.04203,40.090256,40.41011,40.72806
46.99931,46.647427,46.803772,46.170036,46.75904,47.119354,46.680115,46.90306,46.74858,46.456375,46.756943,46.7388,46.699875,46.74768,46.7066,46.797585,46.958755,46.78584,46.924313,46.597595,46.641632,47.153385,46.827023,47.004166,46.7331,47.07673,46.918358,46.801605,47.362705,47.095562,46.846493
44.817398,45.04666,45.324463,45.08373,44.92797,45.32857,45.287994,45.304707,45.463634,45.48861,45.34152,45.509163,45.36351,45.534904,45.840134,45.21862,45.51697,45.735012,45.408367,45.277695,45.719627,45.68232,45.77289,45.62275,45.833122,45.422623,45.657433,45.725517,45.440807,45.76138,45.643875
48.83412,48.87585,48.970528,49.183506,49.07335,48.791885,48.958553,48.856926,49.21003,49.198463,49.03597,49.186886,49.075157,49.232674,49.193787,49.222286,49.249218,49.452118,49.294643,49.341225,49.65501,49.226295,49.545834,49.28218,49.375793,49.060875,49.587162,49.23462,49.23682,49.47485,49.372086
45.360283,45.734695,45.62874,45.76476,45.77571,45.496826,45.41933,45.25622,45.873543,45.714817,45.661934,45.776367,46.10112,45.76312,45.87911,45.690876,45.83657,45.778225,45.769367,46.172916,46.19474,45.68219,46.209446,46.084496,46.0626,45.66967,46.140556,45.628963,46.105522,46.13468,46.165577
45.572533,44.991116,45.158455,45.12032,45.49893,45.253307,45.343018,45.219955,45.088566,45.16182,45.345,45.230637,45.373554,45.398224,45.341198,45.69958,45.337452,45.65635,45.75569,45.32992,45.498528,45.70481,45.29257,45.752457,45.309242,45.338356,45.964233,45.281876,45.9329,45.407303,46.03201
39.798782,40.487446,40.161613,40.070374,40.1893,39.94266,39.68898,39.876507,40.424526,40.353973,39.86787,40.412155,40.48703,40.54926,39.787094,40.05718,40.287064,40.06556,40.114635,40.041847,40.12221,40.127003,40.43005,40.602425,40.08348,40.19043,40.527718,40.3736,40.44708,40.43135,40.159145
52.2483,51.993576,51.96144,51.962196,52.673126,52.281963,52.127266,51.95037,52.13476,52.400364,52.31064,52.3114,52.5203,52.2971,52.40859,52.321167,52.37582,52.215714,52.5642,52.577858,52.53651,52.1899,52.587753,52.534477,52.306915,52.40232,52.601597,52.229122,52.69001,52.74862,52.713615
46.48844,46.587864,46.811867,47.42958,46.202515,46.769398,47.044178,47.197704,46.879616,46.77777,46.990147,47.083332,46.802597,47.071865,47.062485,47.236523,47.119514,47.21807,46.934612,47.12515,47.076412,46.691444,47.289047,46.68341,47.69789,47.17936,46.952133,47.65353,46.8688,47.24852,47.078438
47.873444,47.647552,47.870224,47.810196,47.637344,48.044247,48.021767,47.971485,48.06594,48.02037,48.317806,48.435745,47.784172,48.31719,47.970936,47.97836,48.063725,48.28095,48.152565,48.112083,48.14522,48.077477,48.544064,47.868217,48.77953,48.734253,48.103283,48.177822,48.087776,48.601612,48.324436
42.889996,42.604584,42.43766,42.881393,42.860825,42.92111,43.214424,43.241753,42.342426,42.741154,42.425934,42.985687,43.126938,42.826187,42.718193,43.27057,42.812263,43.14751,42.900467,42.802704,42.868412,43.08502,42.755184,43.092506,43.001392,42.842506,43.236088,43.234554,42.88735,42.749462,43.23251
49.284637,49.591785,49.62236,49.37281,49.34755,49.55449,49.7775,49.47805,49.805233,49.755592,50.015015,49.567005,49.469727,49.52248,49.905823,49.67203,50.096615,49.707428,49.86891,49.88018,49.819336,49.985645,50.102913,50.09234,50.124626,49.987373,49.85424,49.99481,50.276863,50.052776,50.06858
42.270992,42.493423,42.71582,42.470875,42.40731,42.529854,42.23068,42.368126,42.705807,42.577274,42.589073,43.030285,42.65941,42.508663,42.687927,41.9419,42.723698,42.77566,42.625957,42.8431,42.601303,42.509167,42.989685,42.784645,42.928703,42.77574,43.091927,42.500393,42.7801,42.743374,42.76818
39.49441,39.44748,39.68055,39.64615,39.12481,39.453896,39.49455,39.650505,39.608227,39.23268,39.399147,39.887074,39.481956,40.26239,39.466434,40.124214,39.947285,40.07418,39.741665,39.783836,39.457306,39.35044,39.74516,39.369682,40.180237,40.231514,39.983974,39.98932,39.572105,39.768127,40.108524
55.96328,56.49528,56.258133,55.948082,56.183174,56.301586,56.462242,56.21042,56.465836,56.590492,56.483723,56.083775,56.278297,56.013756,56.913776,56.064816,56.772533,56.257328,56.441185,56.724228,56.799576,56.96466,56.96177,56.696335,56.81795,56.552086,56.208374,56.74854,56.813595,56.984917,56.56005
40.442627,40.719414,40.6818,40.52959,40.381042,40.392967,40.415737,40.32726,40.72712,40.539852,40.865013,40.686268,40.43778,40.741394,40.587597,40.551506,40.73926,40.507557,40.57009,40.932632,40.718987,40.941734,40.770893,40.67823,40.86471,41.267403,40.807297,40.827724,41.200146,41.09161,41.01729
48.078117,48.00441,48.026108,47.43961,48.17988,48.001335,48.258667,47.961155,48.133373,48.19134,48.56224,48.12645,48.032196,48.015217,48.39401,48.47424,48.536564,47.99842,48.51886,48.11516,48.022854,48.61658,48.393288,49.02706,48.054268,48.434715,48.51312,48.44142,48.911896,48.523777,48.770878
51.082077,50.94738,51.056213,50.844826,51.079063,51.39475,50.791786,51.13332,51.177692,50.732765,51.011505,50.73785,51.24853,51.045074,51.185192,51.12504,50.83714,51.088932,51.146214,51.229015,51.27985,51.315285,50.854687,51.29496,51.195877,51.492836,51.22251,51.14944,51.6706,51.357334,51.360176
46.49709,46.130474,46.562477,46.16191,46.744247,46.3189,46.12477,45.953156,45.942028,46.19242,46.20135,46.4864,46.709328,46.52462,46.17497,46.33126,46.074306,46.27018,46.437416,46.459293,46.396626,46.58338,46.315395,46.43638,45.904556,46.583603,46.87689,46.163418,46.67152,46.39553,46.74227
49.499607,49.73847,49.85019,49.39679,49.72074,49.48606,49.692432,49.1921,49.67328,49.916172,50.03997,49.95267,49.784256,49.543633,49.94277,49.466423,49.87768,49.611683,49.822502,50.113255,49.911644,50.149094,50.102077,50.18026,49.772514,50.08143,50.122467,49.835396,50.425934,50.043213,50.226337
42.20532,43.064068,42.77426,42.429813,42.22886,42.763783,42.683323,42.808388,43.51448,42.74961,42.848564,42.75908,42.454796,43.020092,42.95699,43.121677,43.29667,42.988625,42.79863,42.914795,43.056484,42.93206,43.2694,43.15764,43.502857,43.345238,42.79337,43.324493,43.17599,43.45185,42.917767
47.988914,47.941902,47.752205,47.926315,47.719757,47.637863,47.222748,47.670334,47.917244,47.73984,47.929817,47.67921,47.788822,47.63773,47.740215,47.194595,47.43569,47.858532,48.048695,48.0257,47.840057,48.12187,47.600594,48.059906,47.96669,48.076546,48.0957,47.781918,48.61997,47.92292,48.18605
58.90738,58.995876,59.103905,59.08732,59.09227,58.675987,59.084023,58.773003,59.241596,59.27571,59.433716,59.256065,59.001934,59.197678,59.33521,59.642124,59.43232,59.166862,59.66274,59.5722,59.304096,58.749348,59.85053,59.364883,59.364094,59.37023,59.227303,59.57713,59.31087,59.578342,59.487194
55.81432,55.28753,55.018898,55.590622,55.52111,55.536797,55.115273,55.804977,55.448406,55.384068,55.200485,55.491585,55.535892,55.537407,55.330627,55.281162,55.12648,55.62467,55.5225,55.455994,55.814598,55.876602,55.322414,55.519203,55.680565,55.665176,55.679607,55.681084,55.835323,56.008335,55.530937
43.0388,42.9055,43.483795,43.256096,42.75505,43.39725,43.34127,43.34705,43.308083,43.16328,43.725628,43.643013,43.123436,43.44122,43.02545,43.113674,43.52263,43.501152,43.30735,43.27029,43.126987,43.442394,43.641045,43.221764,43.78699,43.90571,43.528072,43.515724,43.43734,43.464684,43.316875
58.860706,59.36204,59.25051,59.384487,59.146996,59.25336,59.33128,59.203648,59.434902,59.469677,59.347816,59.055943,59.62285,59.267284,59.530285,59.177456,59.520664,59.271255,59.38209,59.627335,59.709534,59.71653,59.757523,59.810448,59.92979,59.519104,59.51557,59.683167,59.768093,59.742004,59.704308
47.010906,46.817177,46.975204,46.746048,47.356148,46.54829,46.786896,46.32182,46.904827,46.95738,47.19604,47.08381,47.11497,46.71213,47.165245,47.06324,47.31292,47.022472,47.247997,47.536736,47.39923,47.231216,47.37363,47.482475,46.652424,46.80597,47.666134,46.749645,47.60142,47.237846,47.451878
42.540455,43.03502,42.878853,42.80987,43.112297,42.90561,43.028976,42.7606,42.912636,43.17859,42.83701,42.82275,43.43025,43.089046,43.349358,43.124493,43.06467,43.016533,43.03217,43.18582,43.376156,43.428772,43.177536,43.57708,43.141754,43.044395,43.397205,43.269333,43.348087,43.253387,43.643597
49.73501,50.010708,49.734688,50.021957,49.57924,49.969048,49.816414,50.296864,50.144222,50.009605,49.777668,50.0309,49.978302,49.955902,50.08141,49.755463,50.184917,50.108982,49.84825,50.040157,50.180855,50.324924,50.087822,50.168686,50.402256,50.15975,50.085567,50.582016,50.256023,50.42368,49.91287
47.754776,47.50334,47.552856,47.36729,47.49685,47.47986,47.60209,47.674637,47.417233,47.537846,47.62917,47.814514,47.31441,47.612545,47.276,47.714306,47.818314,47.509216,47.622276,47.513542,47.489918,47.91955,47.786076,47.485374,47.36741,47.91117,47.58354,48.003475,47.818947,47.95667,47.35324
52.951164,52.713066,53.27884,53.467514,53.45038,53.28241,53.21972,52.979084,53.022793,53.31442,53.3699,53.45201,53.816334,53.288643,53.729862,53.17161,53.23767,53.428436,53.4307,53.794476,53.695026,53.228344,53.4854,53.63327,53.55788,53.424774,54.111843,53.31529,53.637,53.484226,54.06895
52.295757,52.651474,52.88524,52.913136,52.70385,52.516914,52.900173,52.525455,52.724945,53.035984,53.03753,52.916,52.807972,52.531193,53.32166,52.47013,52.996407,52.77014,52.905197,53.31881,53.226418,53.086124,53.437237,53.10022,53.238297,53.008774,53.18097,53.08511,53.05395,53.22894,53.284325
51.700676,51.646347,52.33522,51.999855,51.801804,52.329514,52.240963,52.49708,52.428467,51.800686,52.226162,52.125988,51.866787,52.50922,52.3133,52.59694,52.508774,52.304947,52.22076,52.030495,52.32017,52.33841,52.592052,52.38479,52.739944,52.812225,52.55448,52.571953,52.028214,52.785076,52.369965
49.285038,49.38108,49.572105,49.767124,49.57006,49.611496,49.672447,49.758186,49.76402,49.61627,49.47861,49.998745,49.864952,49.934166,50.237988,49.82496,50.03802,50.045795,49.78527,50.15593,50.195282,49.568127,50.44139,49.782196,50.521847,49.92016,50.118294,49.94116,49.35694,50.345078,50.18568
56.804714,56.52267,56.900627,57.303806,57.01957,57.19434,57.670067,57.232487,56.710052,57.38076,57.554287,57.128185,57.283886,56.738373,57.400097,57.31504,57.397236,57.143795,57.20807,57.46608,57.47624,57.391964,57.386154,57.286285,57.25944,57.221428,57.308815,57.80171,57.478195,57.345043,57.25691
48.16664,48.289047,48.07419,48.152245,48.454918,48.033573,48.10536,47.953644,48.463764,48.510117,48.65031,48.15755,48.335945,48.11968,48.407322,48.383446,48.374153,48.207706,48.520412,48.610424,48.610332,48.67948,48.25799,48.99781,48.14514,48.48948,48.773582,48.55477,49.265167,48.638535,48.787926
39.49638,39.550823,39.536232,38.930763,39.61077,39.779472,39.234283,39.451508,39.939236,39.50238,39.606724,39.51933,39.483753,39.4642,39.695354,39.443302,39.724243,39.8696,39.690247,39.659573,39.85921,39.921795,39.579308,39.909386,39.45298,39.736633,39.841206,39.522133,40.099773,39.81749,39.546925
48.135387,47.945465,47.78224,48.69171,47.843132,48.233334,48.19858,48.402058,48.255825,48.089012,48.458233,48.280823,48.328953,48.10833,48.0257,48.30092,48.409344,48.374214,48.209225,48.563213,48.470963,48.14185,48.386963,48.229065,48.87773,48.371002,48.371784,48.546883,48.77489,48.61425,48.330826
44.047333,43.886745,44.232063,43.70205,43.997726,44.177914,43.84153,44.24402,44.162643,43.731174,44.04398,43.931488,43.954422,44.20734,43.981384,44.083,44.131508,44.042236,44.16619,43.68645,43.987103,44.617817,44.158043,44.47911,44.012337,44.315796,44.415737,44.138176,44.3387,44.40781,44.17491
43.506218,43.895786,43.748314,43.44093,43.7787,43.905083,43.71526,43.888855,44.262493,44.057274,44.00291,43.81441,43.930244,44.082314,43.894108,44.200428,44.061626,44.027554,44.148212,43.74084,43.912415,43.94349,44.088184,44.45005,43.947086,44.105614,43.966476,44.343082,44.10523,44.13736,43.949
35.97702,36.24042,35.557602,35.667404,35.826218,35.83369,35.65604,35.765564,36.2068,36.104866,36.187737,35.880436,35.894943,35.721466,36.188503,35.698082,35.894978,36.215084,36.177948,36.333717,36.272346,36.314785,36.0182,36.239586,36.30139,36.130875,35.902657,36.03211,36.691696,36.271095,36.351093
56.482136,56.606407,56.757034,56.341434,56.543365,56.776463,56.564575,56.664764,57.06842,56.681553,56.904842,56.85933,56.640377,56.64571,57.001133,56.691154,56.897976,56.800735,56.934135,56.901287,56.954063,56.8179,57.287228,57.127342,57.143276,57.086815,56.848244,56.933083,57.037655,57.295235,56.854973
47.119072,47.152107,47.148582,46.794067,47.394455,46.923702,46.923664,46.555103,47.110397,47.360695,47.42166,47.21107,47.067593,46.86579,47.231697,46.68871,46.6195,47.18639,47.460274,47.412525,47.459476,47.609608,47.309933,47.566383,47.125534,47.474083,47.52595,46.836205,47.803314,47.27932,47.755287
47.214176,46.90606,47.35759,47.093067,47.748947,47.656544,47.359123,47.352844,47.3424,47.29618,47.208775,47.082314,47.642365,47.55532,47.270424,47.6217,47.430954,47.751602,47.708393,47.25981,47.667015,47.611412,47.401745,47.830833,47.305958,47.365463,48.098812,47.22347,47.51821,47.321095,47.690235
41.042076,41.43985,41.086266,40.825466,41.092316,40.644024,40.789528,40.591244,41.207123,41.379967,41.33275,41.360855,41.185204,41.383507,41.221035,41.097504,41.411964,41.1206,41.438824,41.529785,41.004623,41.189854,41.371902,41.485435,41.210487,41.5728,41.39468,41.42459,41.70857,41.40698,41.794395
60.413937,60.186985,60.14627,60.51092,60.36396,60.46101,60.411415,60.635666,60.450657,60.712917,60.53106,60.543133,60.70958,60.395973,60.909283,60.05909,60.62847,60.7931,60.79415,60.662125,60.909157,60.871994,61.038933,60.83161,61.19556,60.412857,60.730618,60.74574,60.6658,61.01023,60.81644
43.7487,43.565525,43.731827,43.086678,43.506386,43.452614,43.49133,43.39591,43.362793,43.114006,43.536488,43.339798,43.335762,43.45764,43.19938,43.71456,43.31802,43.47546,43.596455,43.413136,43.452637,44.28634,43.409786,43.775177,43.270473,43.972557,43.716576,43.45646,44.0264,43.552,43.805428
47.698185,47.707714,47.970665,47.92925,47.737587,47.997845,48.183525,48.093098,48.192875,48.038887,48.000557,48.29234,47.977566,48.346184,48.103317,48.30245,48.29085,48.574318,48.103313,48.10991,48.456238,48.433758,48.379772,48.362953,48.639614,48.43496,48.669964,48.351013,48.13136,48.376984,48.457615
51.472244,51.125633,51.133865,51.277443,51.00544,51.336155,50.943195,51.567265,51.329506,50.860798,50.984016,51.102417,51.239025,51.315197,51.26928,51.37967,51.073135,51.560127,51.41281,51.157936,51.444794,51.536022,51.148895,51.37168,51.496002,51.310555,51.419712,51.485893,51.66476,51.537025,51.37631
55.03662,54.814034,54.792206,55.40074,55.126,54.865883,55.421116,55.172882,55.12543,55.160545,55.6411,55.23153,54.97016,54.834923,55.658184,55.65302,55.67492,55.215538,55.57839,55.98621,55.544174,54.88694,55.835648,55.321953,55.777214,55.445732,55.328136,55.623753,55.45193,55.814674,55.716915
47.8416,47.4583,47.56835,47.717857,48.044556,47.823807,48.02539,47.776325,47.539135,47.882328,48.10665,48.003532,48.004753,47.633682,47.837536,47.883575,48.17634,47.80766,48.02584,48.124046,47.944416,48.011127,48.22548,48.133705,47.94271,47.9535,48.223263,47.910263,48.151005,48.151222,48.156265
47.237896,47.67812,47.592873,47.545746,47.06962,47.41222,47.300446,47.6607,47.667374,47.528564,47.63723,47.226948,47.19457,47.65154,47.563587,47.47981,47.272274,47.39988,47.606327,47.50763,47.427666,47.79,47.362064,47.506813,47.761795,48.248917,47.293606,48.243225,47.88526,47.809566,47.69604
49.864937,49.99769,50.084503,49.784893,50.26393,49.946037,50.213844,49.87561,50.104626,50.42378,50.440857,50.137127,50.186428,50.00284,50.58017,50.142303,50.4334,50.23755,50.65413,50.402496,50.279655,50.2868,50.73747,50.709564,50.3559,50.22711,50.438057,50.3403,50.388577,50.39447,50.70759
42.391167,42.46608,42.234344,42.389786,42.35338,42.32983,42.36284,42.579926,42.6183,42.453384,42.582653,42.438156,42.30043,42.69372,42.59353,42.67275,42.582245,42.610695,42.654423,42.711945,42.653732,42.739326,42.642845,42.611534,42.92928,43.06607,42.603104,42.84931,42.654957,43.004494,42.94125
55.737644,55.420425,55.69261,55.745323,55.599007,55.733475,55.70315,55.93196,55.5878,55.300884,55.430634,55.66725,55.875374,55.917774,55.54848,56.07421,55.738876,55.863804,55.844414,55.623043,55.819412,55.90468,56.030605,55.90506,56.080585,55.852554,56.008293,55.852806,55.682808,56.00516,55.940838
54.75496,54.502296,54.713776,54.255257,54.946724,54.97383,55.051163,54.93147,55.075592,54.77034,55.08204,54.589844,54.73051,54.83864,55.199917,55.584515,55.088318,55.077618,55.428165,54.668488,55.15267,55.22127,55.260014,55.750076,55.04695,54.93445,55.240036,55.0693,55.378872,55.32115,55.392296
43.133987,44.302227,44.179214,44.14041,43.318367,43.494915,43.437523,43.52263,44.1608,43.979866,43.57081,44.168922,44.25536,44.249836,44.34441,43.216763,44.09344,44.03413,43.622124,44.437737,44.206078,44.096035,44.453663,44.048874,44.835136,44.28022,44.26899,44.21842,43.95668,44.320312,44.478146
50.79048,51.10581,51.263977,51.00502,50.772972,51.168,50.90616,51.330894,51.256657,50.60062,50.817154,50.901154,51.08884,51.200832,50.93931,51.196316,51.382122,51.086063,51.181625,51.1709,50.798588,50.913635,51.357876,51.276253,51.605095,51.546837,51.229416,51.32116,51.0088,51.208523,51.21181
54.17096,54.194168,53.94747,54.293606,54.22888,54.32239,54.29355,54.581585,54.34046,54.319714,54.06197,54.409416,54.430332,54.624207,54.501434,54.636326,54.3518,54.37938,54.396416,54.424793,54.60743,54.374992,54.68099,54.43892,54.900867,54.708237,54.35371,54.843174,54.288227,55.050755,54.64179
44.11467,44.17099,44.22902,43.67304,44.33333,44.35243,44.389458,44.153137,44.22525,44.32607,44.38266,44.250122,44.291344,44.243675,44.18769,44.46632,44.313335,44.402874,44.531246,44.21709,44.231785,44.58417,44.438236,44.7174,44.23902,44.598198,44.456562,44.39516,44.50946,44.27358,44.543835
46.688286,46.754837,46.89673,47.182808,46.72843,46.385933,46.988007,46.43245,46.55255,47.299297,47.127243,47.533073,46.931538,47.135956,46.86934,46.960014,47.02186,47.099537,47.075867,47.468433,47.025524,46.66286,47.383244,46.56346,47.10913,47.3145,47.110924,47.410908,46.93682,47.05613,47.26144
48.79705,48.97945,48.705154,48.74785,48.96907,48.57231,48.721104,48.443794,48.89029,49.04178,49.13005,48.988167,48.944084,48.734154,49.06195,48.615906,48.931744,48.83736,49.057022,49.498806,49.202812,49.145714,49.311985,49.132317,49.25187,49.289017,49.082256,48.879154,49.358093,49.346317,49.45669
48.22711,48.01606,48.12522,48.026363,48.103645,48.197464,48.032543,48.427826,48.155346,48.13067,48.121094,48.111794,47.96067,48.043907,48.0437,48.31955,47.888233,48.285503,48.346725,47.90268,48.20159,48.45468,47.98256,48.32022,47.784252,48.257195,48.21175,48.641487,48.434555,48.2346,47.918797
54.01876,53.57746,53.468025,53.45283,54.041092,53.889736,53.52474,53.78156,53.753666,54.05116,53.47241,54.403908,54.14245,54.035103,53.774555,53.70286,53.855404,54.151886,54.055573,53.70261,53.978714,53.79975,54.034557,54.15255,53.744614,53.67486,54.331917,53.957634,54.143494,54.173546,53.88785
37.115425,37.482,37.467552,38.058468,37.076073,37.244648,37.51672,37.495655,36.93803,37.354458,37.238712,37.501595,37.772243,37.6331,37.241146,37.4475,37.32795,37.41322,37.245792,37.76448,37.30798,37.355217,37.46368,37.00586,37.79739,37.78425,37.400005,37.98582,37.296402,37.330105,37.70927
43.32032,43.451538,43.737617,43.141792,43.42131,43.52333,43.59164,43.40457,43.6063,43.384407,43.74193,43.72752,43.417908,43.397514,43.582634,43.61622,43.869267,43.506283,43.595715,43.628666,43.542793,43.82806,43.960255,43.92417,43.57235,43.84091,43.84867,43.65864,43.906784,43.827477,43.683704
64.46214,64.669975,64.80225,64.81331,64.986626,64.90341,65.33545,64.905685,64.77637,65.44173,65.0265,65.16928,65.223816,65.07382,65.33561,65.20273,65.062325,65.00744,65.21454,65.27781,65.22426,65.025375,65.460365,65.38103,65.40025,65.48592,65.21301,65.69838,64.94497,65.32422,65.500595
60.53833,60.31277,60.07602,60.71775,60.47139,60.75175,60.40893,60.967445,60.488625,60.632114,60.28531,60.440994,60.85042,60.738094,60.675064,60.48917,60.59028,60.674416,60.650997,60.681065,60.783253,60.666595,60.496773,60.66028,61.07016,60.82904,60.710354,61.150707,60.848606,61.061935,60.7792
44.824078,44.970848,44.864418,44.993404,44.88349,45.208664,44.849285,45.096046,45.178017,45.132763,45.263405,45.143833,45.128365,44.994675,44.870426,44.659027,45.04238,44.96012,44.952465,45.157425,45.123936,45.22556,45.196136,45.139236,45.349117,45.479095,45.068058,45.263573,45.416138,45.45127,44.965294
42.95632,43.050964,42.758316,42.890102,43.126976,43.16979,43.381405,43.282787,43.036633,43.149788,43.107456,42.944565,43.08362,42.76227,43.16801,43.39774,43.1289,43.315758,43.15547,43.390217,43.378723,43.56767,42.89807,43.51172,43.14646,43.412086,43.345505,43.52369,43.51924,43.102005,43.393803
46.210403,46.237072,46.361588,46.5268,46.24337,46.43,46.669518,46.570576,46.34737,46.408455,46.786953,46.55592,46.4368,46.34623,46.418625,46.70695,46.71938,46.360737,46.547306,46.673985,46.40241,46.44612,46.811817,46.59429,46.75606,46.843353,46.507122,46.921806,46.661736,46.753647,46.610886
40.968597,41.52469,41.309067,41.75359,40.723206,41.336502,41.9411,41.77136,41.508194,41.821053,41.81589,41.68155,41.418392,41.611664,41.904865,41.844437,41.756508,41.945473,41.64488,41.855766,41.631195,41.648064,41.78055,41.576393,42.419743,42.06279,41.395348,42.615047,41.64839,41.668785,42.012196
48.301052,48.280262,47.872765,48.42925,48.140785,47.9,48.1812,48.239326,48.287987,48.31158,48.56772,48.162815,48.09109,48.050343,48.365234,48.202682,48.247375,48.252377,48.385468,48.710564,48.612686,48.796406,48.367603,48.53318,48.67634,48.66828,48.430363,48.578484,48.859108,48.78418,48.777584
35.148426,35.137417,34.644268,35.048096,35.00144,34.903603,35.477833,35.109642,35.02036,35.536945,35.46371,35.2883,34.777046,35.088043,35.581272,35.55154,35.38283,35.6459,35.384644,35.84381,35.629677,35.498123,35.072735,34.986397,35.437046,35.724503,35.202557,35.87989,35.660553,35.46616,35.764175
45.754597,45.691498,45.635834,45.81861,45.8882,45.44303,45.61875,45.581024,45.653114,45.84332,45.856846,45.92596,45.85994,45.82548,46.084034,45.989277,45.859737,45.82978,46.009453,46.261314,46.016228,45.78434,45.97879,45.89306,45.783344,46.00733,46.04586,46.140076,46.034805,46.157913,46.263817
50.685658,51.021305,50.62166,51.069435,50.748383,50.650135,50.704235,50.79149,50.508595,50.85328,50.44148,50.476414,51.017925,50.63879,50.702152,50.523434,50.76958,50.767067,50.792515,51.216084,50.895065,51.010197,50.655212,50.71942,50.97134,50.95495,50.833416,51.193607,51.13073,50.744366,51.00338
60.328087,60.143105,59.650604,60.537647,60.219864,59.95028,60.07351,60.447536,60.117283,60.15251,59.95309,59.866962,60.092308,59.88308,60.516983,60.314156,60.091564,60.30304,60.393528,60.74044,60.814976,60.34726,60.335487,60.082886,60.57114,60.205383,60.05678,60.668297,60.38187,60.767086,60.349514
36.35243,36.774525,36.876137,36.62032,36.505676,36.239906,36.53972,36.282787,36.590153,36.729084,36.839214,36.613663,36.712563,36.624332,37.080334,36.718872,36.91502,36.867943,37.01935,37.08381,36.656204,36.73747,36.85398,36.98709,36.69336,36.73403,37.025284,36.987343,37.038147,36.53868,37.325108
47.647526,48.11924,47.825546,48.26353,47.475494,47.719234,47.752815,48.013687,48.283623,47.992836,48.03312,48.014965,47.924583,48.031067,48.302773,47.81285,48.155594,48.28286,48.132305,48.486458,48.32384,47.957687,48.529465,47.981056,48.967224,48.28556,47.939613,48.385178,48.07658,48.479702,48.313126
47.45519,46.972065,47.59678,47.41272,47.364372,47.773647,47.652306,47.660023,47.153515,47.517773,47.569996,47.548836,47.765976,47.76532,47.46359,47.340168,47.307224,48.039482,47.80538,47.32407,47.4764,47.997673,47.419075,47.708916,47.847477,47.87191,48.086296,47.63872,47.613052,47.24886,48.055695
56.199577,55.8207,56.005142,56.346653,55.48935,56.229664,55.816124,56.29474,56.17507,55.841553,55.955967,56.304737,55.788948,56.210632,55.52039,55.865505,55.71094,56.510788,55.97308,56.095844,56.271854,56.148617,55.901997,55.532677,56.53277,56.64274,56.098415,56.37198,56.422028,56.246227,55.729618
49.90887,50.318336,50.246048,49.94592,50.149345,49.78282,49.865726,49.74439,50.234364,49.890713,50.034473,49.661583,50.16728,49.771038,50.434895,50.170364,50.388428,49.883926,50.23421,50.323246,50.47366,50.607796,50.449474,50.77513,49.980835,49.786118,50.42951,50.1491,50.91787,50.49989,50.44257
48.825333,48.25711,48.79323,48.13807,48.771233,48.926174,48.77931,48.73716,48.81846,48.607952,48.83923,48.95594,48.637276,48.864048,48.581852,48.802536,49.154568,49.342712,49.087345,48.674026,48.86927,49.161907,49.07367,49.08938,48.889103,48.98918,49.408054,48.57766,48.848717,48.809753,48.881298
41.97963,41.687027,41.380486,41.90383,41.95336,41.53513,41.861195,41.536335,41.382988,41.841232,41.85954,42.383842,41.99553,41.69347,41.41697,41.788513,41.990444,41.769585,41.79105,42.306107,41.839638,41.68232,42.17985,41.70495,41.950363,41.982544,42.0864,41.77309,42.08718,42.08079,42.066498
40.46225,41.047626,40.403618,41.21522,40.53543,40.53318,40.323917,41.00983,40.83808,40.83264,40.343117,40.575413,41.00735,41.06546,40.861115,40.570564,40.85754,40.80252,40.673203,41.112846,40.92728,40.69276,40.82888,40.54344,41.29222,40.95778,40.616028,41.39031,40.58735,41.190052,40.872654
41.327675,40.912037,41.55754,41.41645,41.45768,41.335365,41.19519,41.267036,40.964264,41.079937,41.262,41.32576,41.561398,41.50991,41.377514,41.02048,41.379745,41.623432,41.56433,41.494946,41.317398,41.640244,41.38141,41.439865,41.51634,41.561157,42.16088,41.112885,41.381184,41.2198,42.00382
53.85636,53.90798,53.70378,54.237614,53.90069,54.05645,54.099125,54.24833,54.234966,54.553738,54.35445,54.142296,54.16806,54.07031,54.58259,54.064648,54.332424,54.416374,54.41354,54.43284,54.552105,54.213333,54.386013,54.338753,54.60573,54.214203,54.207413,54.84561,54.51984,54.607048,54.346786
45.722416,46.170074,46.397995,46.250942,46.16665,46.050358,46.03362,45.942707,46.250862,46.190582,45.91633,46.1999,46.380882,46.49938,46.246597,46.28113,46.05948,46.253426,46.1888,46.191887,46.566105,46.385326,46.55652,46.434776,46.372852,46.311012,46.614773,46.34,46.2924,46.511105,46.516632
48.126038,48.046017,47.82618,48.19279,48.277336,48.050697,48.634445,48.105453,48.045956,48.461014,48.572376,48.42535,48.299164,47.933422,48.22791,48.65688,48.386063,48.393017,48.51954,48.643703,48.47191,48.336437,48.546886,48.68524,48.46993,48.404823,48.52183,48.57073,48.72825,48.36475,48.717815
37.154682,37.40769,37.359253,36.999134,37.202965,37.157787,37.68152,37.442085,37.248608,37.2921,37.514324,37.444885,37.328556,37.51551,37.556778,38.040726,37.658745,37.346592,37.44192,37.429035,37.32698,37.88073,37.655266,37.792755,37.4556,37.862297,37.453934,37.967773,37.426468,37.693184,37.870804
39.549385,39.476994,39.100548,39.38462,39.451576,39.0556,39.204166,39.41429,39.45806,39.352077,39.405518,39.598286,39.360756,39.485626,39.251,39.58951,39.47593,39.438427,39.472973,39.46176,39.584015,39.8624,39.558273,39.81241,39.43207,39.540337,39.78497,39.59927,39.80451,39.897335,39.71988
42.169445,42.108913,41.90023,41.914955,42.4159,42.36634,42.3744,42.22151,42.199875,42.56614,42.416336,42.148533,42.31024,41.986996,42.603462,42.1522,41.986443,42.649242,42.511097,42.48536,42.784603,42.877655,42.208282,42.647568,42.393147,42.440414,42.49895,42.398808,42.696766,42.37422,42.728714
41.897293,42.499992,41.836952,42.18651,41.865723,41.828903,41.98219,41.93392,42.669765,42.404602,42.63719,42.165226,41.925316,41.712532,42.57424,42.091618,42.40573,42.30304,42.31705,42.88339,42.71262,42.338257,42.527115,42.517036,42.635475,42.35444,42.095936,42.578075,43.006268,42.722088,42.402092
57.953262,57.49898,57.72924,57.529896,58.310333,58.19694,57.551414,57.893684,58.042816,57.93295,57.851566,57.631073,58.117157,57.75646,58.26788,57.37614,57.887833,58.143333,58.246475,57.956413,58.46223,58.466618,58.086773,58.487595,58.06846,57.822487,58.54624,57.59995,58.394863,58.37181,58.232445
51.11095,51.350227,51.643143,51.75943,51.36155,51.68859,51.566814,51.520134,51.80425,51.613876,51.882523,51.500004,51.782944,51.652733,52.12305,51.75234,51.717205,51.718113,51.67266,52.101624,52.10496,51.654224,51.837597,51.82377,52.13926,52.04647,51.87813,52.07276,52.09423,52.10387,52.08268
50.388885,50.379303,50.653694,50.33816,50.13211,50.102436,50.414196,50.229385,50.217888,50.232037,50.222897,50.8293,50.37314,50.630684,50.060047,50.571175,50.752613,50.61198,50.578094,50.457016,50.22279,50.36867,51.02069,50.3472,50.60079,50.55487,50.643673,50.597614,50.336864,50.46161,50.448467
42.994293,43.093937,43.03666,42.979565,42.64666,43.200832,42.46754,43.29935,43.448517,42.889397,42.845,42.896305,43.04701,43.55112,43.206394,42.929886,43.08515,43.484615,43.25105,42.961514,43.09054,43.20108,42.820858,43.16661,43.51107,43.439613,43.307316,43.459564,43.507923,43.36432,43.347134
46.607765,46.77892,47.054558,46.86538,46.84253,46.593204,47.06322,46.74871,46.85079,46.870434,47.42029,47.17778,46.711967,46.798782,46.8468,47.01048,47.15358,46.59987,47.073574,47.230022,46.731358,46.978287,47.548088,47.240807,47.188347,47.594566,47.161583,47.14486,46.979275,47.289516,47.317482
50.11387,50.308163,50.26763,50.94226,50.17675,50.705673,50.633118,50.779522,50.50683,50.702183,50.705723,50.495205,50.81753,50.425007,50.63607,50.35904,50.56324,50.551556,50.434044,50.685097,50.85855,50.698746,50.758816,50.648163,51.129295,50.65409,50.558594,51.106865,50.92924,50.938477,50.572422
52.256756,52.183414,52.369522,52.02673,52.688927,52.308537,52.170883,52.12179,52.494083,52.585003,52.50712,52.487328,52.507713,52.428375,52.51236,52.390972,52.685734,52.549908,52.891365,52.601074,52.45457,52.257042,52.772785,52.88153,52.325188,52.485695,52.89398,52.46534,52.639984,52.563156,52.683506
53.198074,53.421547,53.163635,53.242672,53.300087,53.389904,53.18981,53.544376,53.738213,53.4454,53.512978,53.23228,53.373768,53.32259,54.05943,53.435688,53.590553,53.49603,53.658302,53.87621,53.80621,53.54074,53.719627,53.730934,53.950756,53.800125,53.394424,53.898544,53.713493,54.109577,53.793407
35.41204,35.20233,35.24067,35.093967,35.38065,35.101753,35.344425,34.96453,35.03876,35.31514,35.635197,35.653202,35.142746,35.30027,34.44374,35.438633,35.36726,35.185894,35.25748,35.381157,35.001904,35.537514,35.113464,35.348053,34.805634,35.8752,35.686264,35.37196,35.86457,35.17648,35.337955
41.103127,41.583252,41.272804,41.38907,41.241432,41.653275,41.80811,41.89238,41.456974,41.455837,41.38605,41.245743,41.777416,41.38209,41.935505,41.983673,41.939465,41.55875,41.48315,41.727497,41.52703,41.80653,41.354282,42.095688,41.784428,41.73307,41.692608,42.367237,41.99735,41.627884,41.98879
50.853737,50.419003,50.14701,50.639652,50.570724,50.821835,50.812714,51.02124,50.539936,50.63858,50.736588,50.52509,50.59239,50.397488,50.49785,50.737972,50.875034,50.978218,50.884342,50.885574,50.82157,50.89487,50.654896,50.680008,50.999657,50.826942,50.686623,50.98785,51.018612,50.809994,50.66149
46.77431,46.653698,46.601913,46.728252,46.525528,46.737183,46.93413,47.01294,46.616867,46.30362,46.926987,46.52246,46.714535,46.728504,46.333214,47.2074,47.181744,46.534504,46.70465,46.933746,46.554085,47.0362,46.94693,46.80336,47.058193,47.304535,46.65146,47.087513,46.893055,47.068035,46.819942
41.64419,41.30805,41.324745,41.449047,41.855583,41.426373,41.550285,41.513874,41.204983,41.35878,41.33581,41.668213,41.805862,41.713863,41.531338,41.88534,41.52215,41.641026,41.702484,41.727173,41.62243,41.754704,41.54531,41.901337,41.5646,41.792923,42.20337,41.56221,41.723083,41.720425,42.29425
44.131107,44.39821,44.082207,43.87388,44.12259,44.12448,43.97455,43.928272,44.593246,44.456467,44.34722,44.507454,44.168507,44.2697,44.125523,43.976093,44.319305,44.561817,44.399284,44.404945,44.549286,44.54529,44.60806,44.57321,44.56758,44.483055,44.48809,44.228863,44.76259,44.58218,44.388462
51.297043,50.84932,51.560616,51.260487,51.309273,51.786324,51.444992,51.52077,51.374775,51.15196,51.396606,51.315495,51.24912,51.619835,51.24499,51.626587,51.323578,51.750282,51.408535,51.485634,51.706116,51.654335,51.195503,51.15159,51.466602,52.099472,51.777115,51.61378,51.590595,51.536667,51.42249
45.03206,44.7953,44.391815,44.75488,44.874893,45.05243,45.051105,45.116325,44.95939,45.379143,44.95257,45.228558,45.083607,45.045902,44.842842,44.96354,45.13041,45.571964,45.143085,44.96712,45.279934,45.42628,44.869576,45.289597,45.181915,45.02858,45.360897,45.408207,45.50466,45.09072,45.12257
47.510643,47.477367,47.581406,47.525177,47.24724,47.636383,47.738224,47.69634,47.570744,47.658676,47.947144,47.64674,47.51749,47.772972,47.643612,47.751156,47.925846,47.779217,47.92194,47.716866,47.476425,47.74636,47.86768,47.713646,48.105045,48.124428,47.673557,48.123985,48.034565,47.857586,47.98511
48.501286,48.715763,48.493942,48.463947,48.76127,48.47974,48.729733,48.60484,48.482666,48.62003,48.572903,48.240723,48.797462,48.46197,48.833977,48.86141,48.91129,48.476814,48.776283,48.81625,48.865883,49.156876,48.915268,49.064323,48.634968,48.594223,48.703354,48.955486,48.96145,48.967457,48.939472
42.656605,42.664555,42.911385,42.79179,42.405952,42.652737,42.67757,42.828857,42.49285,42.48317,42.192318,42.71947,42.836075,43.134422,42.477978,42.67483,42.553802,43.297153,42.717884,42.602867,42.835884,43.324314,42.648266,42.65567,43.07661,42.98857,43.19705,42.866936,42.590153,42.501873,43.079895
45.710785,45.805504,45.422447,45.483463,45.907303,45.693523,45.912907,45.81837,46.003944,45.957138,45.8405,45.809036,45.952614,45.82556,46.28737,46.209633,46.26326,46.201706,46.221905,46.096634,46.279396,46.17112,46.31809,46.56069,46.304634,45.78148,46.237164,46.066593,46.204216,46.319256,46.49511
45.791912,45.68879,46.268295,45.696228,46.033394,46.23023,46.007183,45.941547,46.178806,45.94981,46.078087,46.33335,46.114754,46.15432,46.080112,46.222996,46.158646,46.353523,46.16967,46.00985,46.20109,46.191776,46.16755,46.523575,45.98444,46.310562,46.781116,46.146935,46.440735,46.139446,46.27559
54.742287,54.365433,54.24977,55.205315,54.80741,54.913754,54.658115,55.052975,54.39045,54.84152,54.610245,54.51395,55.111958,54.920704,54.5558,54.451023,54.55121,54.702744,54.7054,54.858265,55.06774,54.990055,54.779613,54.450462,55.218365,54.96624,54.743294,55.0447,54.76342,55.234573,54.82439
52.30475,52.44605,52.8966,53.059246,52.32795,52.6105,52.996094,52.85719,52.385,52.43791,52.67874,52.836845,52.932926,52.669518,52.838455,52.922928,52.943737,52.695923,52.69725,53.02981,52.672623,52.633907,53.236256,52.73787,53.27718,52.992516,52.890762,53.18695,52.52998,52.835423,53.021343
56.484673,56.179302,56.282326,55.831974,56.963844,56.737446,56.405785,56.2906,56.245834,56.380516,56.303104,56.26753,56.750717,56.396282,56.40168,56.473354,56.38022,56.166283,56.54945,56.37805,56.69202,56.834175,56.731556,56.820305,56.25958,56.589493,56.623837,56.25254,56.763947,56.961277,56.601067
54.411617,54.561993,54.523643,54.259075,54.56257,54.256012,54.46838,54.562798,54.501682,54.33904,54.218174,54.629616,54.571514,54.647705,54.47826,54.81583,54.965836,54.42745,54.679615,54.62003,54.422924,54.63425,55.050808,54.95294,54.66545,54.74198,54.82707,54.829792,54.414555,54.901535,54.746544
49.17954,49.63395,49.265434,49.056873,49.80197,49.352325,49.536396,48.980667,49.561058,49.93815,49.451122,49.35938,49.958054,49.44657,49.989204,49.582832,49.676147,49.650143,49.722473,49.81672,50.195087,50.130856,49.85473,50.37027,49.59413,49.333946,49.99824,49.62767,50.27338,49.883682,50.229954
53.26479,52.73783,53.049164,53.19632,53.43583,53.43312,53.326225,53.304924,53.19064,53.43022,53.69317,53.09451,53.494713,53.199738,53.39037,53.337738,53.30529,53.542805,53.714527,53.390976,53.54372,53.606094,53.302628,53.760597,53.392006,53.41304,53.75607,53.45221,53.7905,53.402905,53.697254
53.41545,53.292793,52.954025,53.145832,53.278114,53.283115,53.250923,53.47492,53.1938,53.297115,53.030647,53.418194,53.609295,53.708046,53.450092,53.413387,53.563187,53.31289,53.30012,53.37757,53.54781,53.880062,53.59117,53.598175,53.82121,53.662636,53.555042,53.709663,53.62378,54.112064,53.83625
52.032864,51.773144,52.05591,51.985058,51.891563,52.27207,52.154076,52.32923,52.15528,52.14576,52.164013,52.30549,52.10088,52.659172,51.849594,52.255543,51.876354,52.444706,52.24502,51.85711,52.267616,52.577793,52.29873,52.216347,52.65895,52.857933,52.373604,52.433334,52.08301,52.504585,52.39864
51.967827,51.706768,51.68226,51.91882,52.202415,51.96865,52.00906,51.94123,51.654274,52.03438,51.98322,51.800472,52.205223,51.563103,51.711945,51.93338,51.85112,52.022636,52.299393,52.03292,51.947483,51.990982,51.988605,52.34664,51.792427,51.76091,52.21994,52.01556,52.28403,51.718204,52.053005
57.553474,57.424095,57.238495,57.645298,57.51001,57.3549,57.24132,57.564884,57.70366,57.561176,57.819977,57.592358,57.4955,57.358692,57.85586,57.101498,57.627872,57.41506,57.58675,58.093296,58.052765,57.93962,58.09136,57.62195,58.14567,57.96843,57.55503,57.706356,57.76921,58.504925,57.737015
37.99569,38.583084,38.270493,38.418198,37.972794,37.94113,38.12529,38.031166,38.414074,38.280064,38.33769,38.287037,38.422256,38.28692,38.441833,38.28677,38.472126,38.505264,38.268867,38.912754,38.52571,38.550163,38.34054,38.499786,38.673515,38.655594,38.554787,38.648506,38.76002,38.37514,38.81957
46.262436,46.567207,46.180603,46.60659,46.51882,46.71159,46.71514,46.982113,46.8291,47.02126,46.737854,46.316765,46.794643,46.478554,47.151024,46.65523,46.86924,47.060394,47.03528,46.81534,46.98506,46.90293,46.77269,47.22857,47.15662,46.581764,46.78422,47.287075,46.890865,46.810074,46.98928
48.951458,48.636566,48.70587,48.868233,48.95128,49.05649,49.074886,49.03423,48.54319,49.123425,48.72652,48.970562,49.090485,49.300842,48.80821,49.13682,48.770973,49.20072,49.139,48.76335,49.064037,49.17363,48.921745,48.829468,49.04635,49.15999,49.09491,49.350994,49.079544,49.085274,49.213806
34.471836,34.444057,34.462055,34.130127,34.721863,34.0383,33.715622,33.85589,34.7904,34.28899,34.31403,34.736744,34.516212,34.984093,34.58808,34.542965,34.81948,34.771935,34.798218,34.73461,34.728413,34.326027,34.902832,34.79491,34.506535,34.46373,35.276302,34.056503,34.754517,34.99322,35.105507
45.460304,45.091526,45.14794,45.013584,45.478737,45.153187,44.856747,45.241287,45.396454,44.99536,44.93959,45.36972,45.158165,45.37946,45.101425,45.501366,45.42436,45.498432,45.506615,45.153072,45.454166,45.295708,45.44265,45.515556,45.006725,45.06511,45.778275,45.176468,45.515385,45.610836,45.238598
37.910828,38.348717,38.254395,38.93157,38.150642,38.055218,38.33991,38.316093,38.37446,38.432373,38.425686,38.44457,38.53085,38.474392,38.545452,38.508877,38.438374,38.582363,38.404037,38.94509,38.702602,38.26296,38.615353,38.39736,38.92977,38.65174,38.697647,38.812756,38.422806,38.570824,38.886795
51.01067,51.316257,50.69954,51.006546,51.261124,50.51108,50.557903,50.66848,51.196228,51.127758,50.616306,50.75367,51.064926,50.877075,51.243248,50.840603,51.20464,51.160774,51.180195,51.483414,51.74147,51.441177,51.353638,51.32029,51.07803,50.662125,51.32392,51.02522,51.4422,51.537704,51.252815
46.97195,46.99204,47.01689,46.60332,47.188217,46.75723,46.54144,46.3942,47.049164,47.04337,46.829388,47.02925,47.049007,47.20033,46.712437,46.67657,46.795265,47.139954,47.10292,47.013187,47.269264,47.50397,46.995,47.36132,46.849884,47.2063,47.657375,46.669106,47.587505,47.144188,47.419994
50.640274,50.705322,50.79692,50.576115,50.939323,50.96159,50.98095,50.930046,50.729824,50.874214,50.740505,50.891453,51.007107,50.77553,51.054363,50.944103,51.126442,50.809784,50.92292,50.949104,51.039753,51.080605,51.30645,51.10006,50.949497,50.951103,50.9798,51.159203,50.91751,51.262253,50.91811
44.013332,43.41878,43.630226,43.704502,43.802925,43.780003,43.713417,43.82756,43.49644,43.39898,43.93116,44.172363,43.742584,43.576332,43.58172,43.8763,43.966595,43.63818,43.762573,44.03045,43.637447,43.67742,43.95636,43.711998,43.692726,44.05877,44.021564,43.81303,44.08398,44.130886,43.81357
35.438732,35.74585,35.604485,35.274605,35.29309,35.053833,35.419746,35.18109,35.620007,35.518784,35.508312,35.870163,35.279495,35.95549,35.39141,35.855083,36.010857,35.773026,35.590103,35.787758,35.640255,35.783146,35.99903,35.437183,35.680546,35.95432,35.708767,35.820927,35.61656,35.924976,35.776634
59.64665,59.618088,59.62201,60.090446,59.505554,59.848118,59.676678,60.195225,59.688393,59.423134,59.32047,59.46868,60.16876,60.053894,59.93369,59.954845,59.786686,59.97001,59.959816,59.869286,59.869663,59.83898,59.941364,60.029045,60.64103,59.977585,60.034473,60.17191,59.78986,60.059685,60.353878
48.30722,48.060966,48.764748,48.645855,48.254906,48.53746,48.55288,48.68449,48.464172,48.28026,48.528458,48.613922,48.465134,48.867893,48.40801,48.88646,48.580944,48.829914,48.843285,48.261116,48.399555,48.491543,48.70391,48.78958,48.79399,48.77102,49.144325,48.82782,48.646557,48.543053,48.905094
45.722775,45.476578,45.688538,45.85827,45.52951,45.892086,45.64411,45.77963,45.9669,45.895073,46.270515,46.076042,45.581253,45.950798,46.038006,45.493084,45.625893,46.10576,45.925846,46.170254,46.213936,46.059536,45.988388,45.649345,46.495804,46.61473,46.0281,45.99673,46.23893,46.429764,46.245827
46.422394,46.612522,46.656326,46.73228,46.74263,46.73146,46.97169,46.92556,46.539448,46.91927,46.624065,46.950424,47.13602,46.923107,46.881145,47.029472,46.840816,46.8874,46.989326,46.706234,46.682667,46.80248,47.084423,47.287117,47.031464,46.86943,47.1324,47.26759,46.694298,46.817444,47.233524
48.145226,47.802326,48.0953,48.45869,47.85459,48.186306,47.95581,48.286762,48.06449,48.141315,48.346664,48.168076,48.286213,48.454884,48.135994,47.866547,47.96309,48.486713,48.35565,48.18573,48.280636,48.497173,48.147327,48.163918,48.7258,48.563805,48.523514,48.395508,48.46922,48.368633,48.620094
57.52051,57.530766,57.536156,58.226357,57.3154,57.624763,57.474964,58.08273,58.141727,57.569305,57.942715,57.712566,57.580894,57.814022,57.892696,57.603054,57.821877,57.80317,57.843075,57.96793,58.11637,57.889572,58.22542,57.96936,58.7623,58.180756,57.97354,58.11753,57.99882,58.605373,58.017166
46.390385,46.603157,46.505486,46.66117,46.418747,46.380527,46.54423,46.333733,46.405643,46.71904,46.51751,46.819263,46.837,46.75603,46.38965,46.519997,46.778133,46.700462,46.509186,46.96718,46.717186,46.71451,46.79516,46.49424,46.80224,46.90442,46.77018,46.928593,46.78156,46.724186,46.75878
48.501213,47.96562,47.7815,48.078445,48.362946,48.406345,48.259674,48.39978,48.030922,48.02776,48.14566,48.48503,48.386063,48.08099,48.30428,48.4019,48.350845,48.33172,48.42964,48.42183,48.37037,48.170944,48.530407,48.42405,48.559208,48.263374,48.473835,48.23902,48.67987,48.727165,48.56859
50.18282,50.46856,50.27112,50.82396,50.569572,50.065617,50.816372,50.30823,50.220997,51.06305,50.91196,50.726883,50.741257,50.421093,50.980778,50.62757,51.054447,50.446064,50.83337,51.297104,50.684113,50.49738,51.022423,50.825607,50.870506,50.805145,50.83411,51.292294,50.86279,50.867542,51.245808
50.694557,50.832275,50.57351,50.868797,50.938637,50.696297,50.8847,50.752937,50.90389,51.1041,50.989697,50.761013,50.935276,50.681114,51.27577,50.776035,51.194252,50.98045,51.069523,51.370632,51.371094,51.28018,51.156784,51.29683,51.235184,50.987617,51.26918,51.180763,51.475704,51.358658,51.405266
59.42745,58.946415,58.876503,59.550877,59.123642,59.22296,59.162266,59.591255,59.257862,59.243122,59.524998,59.21178,59.183716,59.265224,59.508602,59.21979,59.553234,59.41736,59.687325,59.707466,59.397064,59.237186,59.529884,59.306915,60.00838,59.69586,59.434395,59.7254,59.62683,59.86599,59.71444
52.754803,52.838467,52.810143,52.867355,52.86003,52.84493,53.12434,52.88854,52.87836,53.0397,53.02282,53.02621,53.090874,52.937286,53.178967,52.89418,53.185356,53.06516,53.095028,53.18499,53.304855,53.46216,53.545425,53.375687,53.587162,53.169914,53.29291,53.130096,53.245632,53.451347,53.506706
31.840397,31.762583,31.695585,31.496943,32.004166,31.510569,32.31285,31.35231,31.40669,32.165527,32.339413,32.039597,31.824554,31.700283,31.611988,32.430065,31.883099,31.990866,32.21748,31.935793,31.774244,32.25628,31.811462,32.39042,31.393631,31.991148,32.304684,32.073975,32.640816,31.533997,32.543953
53.882164,53.46976,53.413277,53.822983,54.046455,54.08558,53.94711,54.13158,54.051777,54.318035,54.217915,54.364357,54.17617,53.999653,54.106762,54.00742,54.19226,54.384354,54.43827,54.16515,54.121857,53.677944,54.338837,54.403946,54.430737,54.11473,54.37381,54.302704,54.11619,54.301613,54.242554
41.50686,41.556087,41.936943,41.371555,41.560837,41.598957,41.00767,41.40551,41.960686,41.26548,41.440052,41.691475,41.717,41.938377,41.583138,41.409107,41.755913,41.883667,41.61893,41.698345,41.79197,41.92569,41.667072,41.91559,41.644897,41.900856,42.323532,41.44084,41.934937,41.859272,41.837566
47.105923,47.220966,46.826614,47.081726,47.062172,46.892307,47.04727,47.17449,46.96287,47.177704,46.92445,46.914,47.133797,47.064262,47.293335,47.33701,47.03147,47.3399,47.459293,47.399586,47.156097,47.183846,46.969875,47.301514,47.246273,47.301163,47.188248,47.62887,47.405064,47.08447,47.60829
41.064377,41.27648,41.461098,40.792767,41.36656,40.866604,40.922184,40.65262,41.333977,41.30427,41.114834,41.545696,41.340363,41.52835,41.346222,41.35803,41.442535,41.485126,41.547115,41.274315,41.373356,41.385765,41.649895,41.783493,41.042664,41.18483,41.940365,41.174427,41.596424,41.39221,41.74677
48.208607,48.29565,48.224434,47.945312,48.149452,48.347004,48.201313,48.306664,48.654568,48.267044,48.49071,48.272083,48.12116,48.230934,48.33062,48.44263,48.422867,48.560883,48.657433,48.317852,48.47628,48.47601,48.694702,48.729736,48.645107,48.509308,48.40178,48.43666,48.72657,48.631645,48.43374
32.788826,33.279694,32.641273,32.6228,32.93161,32.75895,32.91811,33.01806,33.177002,33.231724,32.836742,33.372955,33.10544,33.22244,33.131203,33.186123,33.18044,33.30019,33.15629,33.070034,33.025707,33.23517,33.219482,33.644905,33.315765,33.252785,33.36672,33.394917,33.168697,33.264694,33.56868
52.22367,51.663605,52.43448,52.166817,52.58136,52.419487,52.973724,52.310135,51.893803,52.473522,52.69226,52.846478,52.59944,52.36937,52.489,52.85263,52.63197,52.58603,52.741455,52.46406,52.470737,52.49789,53.03822,52.79837,52.46682,52.55497,53.01243,52.555553,52.304237,52.48218,52.875515
47.59353,46.93098,47.069397,47.7311,47.44848,47.42238,48.0218,47.76956,47.019108,47.971687,47.94062,48.160015,47.64403,47.87149,47.47439,48.02827,47.680202,47.814613,47.832375,47.586544,47.540356,47.612595,47.77589,47.55413,47.80535,47.968353,47.84433,48.35544,47.605984,47.861893,47.99154
41.57291,42.334805,42.492355,42.406647,41.92858,42.60299,42.084473,42.364933,42.798874,42.33539,42.34851,42.15692,42.464638,42.592205,42.356407,42.129364,42.144123,42.41152,42.073463,42.374283,42.65102,42.59814,42.24425,42.597214,42.85258,42.996284,42.62059,42.710793,42.725548,42.63445,42.5046
56.04256,55.893894,56.241203,56.419094,56.09633,55.96388,56.352657,56.211597,56.17045,56.29465,56.75649,56.265152,56.066162,56.24434,56.607353,56.495975,56.277813,56.24216,56.628216,56.7015,56.420288,56.302338,56.663017,56.389587,56.709663,56.89656,56.412754,56.767006,56.385834,56.709732,56.86019
49.496307,49.2948,49.286377,50.150185,49.432327,49.67298,49.58645,50.04354,49.999035,49.548088,50.012863,49.74418,49.74961,49.69513,49.688644,50.13893,49.987064,49.872158,49.90246,49.933987,49.97907,49.330612,50.122326,49.909706,50.296658,49.740456,49.845234,50.152954,49.871113,50.277885,49.69119
44.76197,44.819664,45.210518,45.497402,44.72535,45.32667,45.128727,45.240364,45.306484,45.08468,45.616,45.393284,45.27356,45.036537,45.38722,44.83917,45.340515,45.25761,45.097145,45.475227,45.44192,45.22442,45.618053,45.267998,45.884624,45.463768,45.450676,45.39005,45.607235,45.653774,45.336246
38.102966,38.97514,38.829926,38.322174,38.36622,38.468773,38.260918,38.301422,38.785797,38.623924,38.41944,38.47125,38.6431,38.65657,38.616226,38.43635,38.663223,38.484566,38.508583,38.675037,38.548332,38.73958,38.620747,38.815712,38.485966,38.844475,38.64062,38.945686,39.002472,38.66167,38.651814
52.853996,52.526524,52.871964,52.506096,52.92891,52.990314,53.058277,52.8224,52.395798,52.63558,52.425106,52.9173,52.978424,52.80766,52.709236,52.90704,52.861866,52.908054,52.718414,52.714653,53.05465,53.45603,52.922863,52.9965,52.708233,52.92144,53.318413,52.880917,53.12688,52.98897,53.000042
45.70589,45.489204,45.84082,46.022778,45.988617,45.679165,45.9191,45.6171,45.786182,46.129,46.582603,46.220184,46.201164,46.0974,46.172153,46.156593,46.248154,45.8942,46.388138,46.28296,45.911728,45.647434,46.52141,46.30037,46.192974,46.15854,46.34385,46.19505,46.222675,46.326263,46.606026
47.810555,48.507145,48.758415,48.214073,47.994087,48.208504,48.254944,48.10068,48.586773,48.287945,48.26982,48.327896,48.40475,48.79932,48.33874,48.524914,48.681023,48.354317,48.273308,48.45831,48.479706,48.667435,48.74875,48.56018,48.687836,48.911934,48.604218,48.784172,48.55918,48.712795,48.608345
48.154045,48.69108,47.9153,48.29773,48.285187,48.176704,48.364304,48.28712,48.39,48.62455,48.17988,48.256638,48.362602,48.11727,48.32509,48.401802,48.034695,48.37763,48.425415,48.57837,48.688473,48.58504,48.444252,48.621613,48.62304,48.52014,48.187588,48.76913,48.81537,48.592556,48.569977
50.571777,50.745113,50.6681,50.98199,50.40264,50.637577,50.683376,50.824493,51.088192,50.836697,51.080666,50.671066,50.53417,50.84439,51.384853,50.973038,51.010227,51.08486,51.106266,51.374214,51.239075,50.829163,51.027824,50.83751,51.520626,51.306946,50.88967,51.422535,51.35944,51.398838,51.36014
48.01324,48.361774,48.204353,48.27684,48.33606,48.475193,48.72272,48.389984,48.259533,48.794277,48.519615,48.468006,48.680386,48.281956,48.81869,48.463448,48.656334,48.55195,48.59066,48.76674,48.633247,48.570644,48.709194,48.760796,48.779255,48.620415,48.547405,49.001484,48.7732,48.594986,48.852757
43.113358,43.402966,43.30828,43.378887,42.93918,43.14583,43.16412,43.358875,43.04482,43.104458,43.15148,43.127796,43.354042,43.4233,43.254642,43.36378,43.148945,43.0836,43.157726,43.379025,43.130722,43.519524,43.13575,43.16053,43.382996,43.76352,43.124573,43.877426,43.508503,43.461563,43.520195
46.247505,46.73992,46.94348,46.40527,46.319214,46.492027,46.445225,46.44492,46.627014,46.4062,46.190247,46.520298,46.5119,46.725567,46.300568,46.503544,46.95043,46.719494,46.53162,46.627384,46.464195,46.78862,46.649605,46.675835,46.584454,46.859505,46.98014,46.845787,46.806675,46.447533,46.567852
49.586395,49.49418,49.53087,49.25956,49.505295,49.333714,49.603233,49.463036,49.320644,49.484367,49.13866,49.480743,49.52242,49.594437,49.77013,49.736378,49.718952,49.83836,49.58511,49.544075,49.993908,50.38129,49.628414,49.79853,49.427036,49.444054,49.982582,49.84888,49.93553,49.80619,49.865467
54.1413,54.188267,54.138412,54.2315,54.218636,54.392223,54.31948,54.36198,54.10408,54.422863,54.23521,54.527775,54.630737,54.14831,54.49556,53.787228,54.167,54.218674,54.19845,54.38105,54.561356,54.849583,54.689613,54.634872,54.75912,54.48687,54.50438,54.482555,54.603,54.793137,54.578796
52.479923,52.930527,52.630623,52.578793,52.732063,52.71369,52.43725,52.642952,52.936634,53.03611,52.21318,52.60192,53.127407,53.252663,53.197598,52.733173,52.79829,53.02113,52.80477,52.75993,53.35858,53.32826,52.802326,53.185875,53.015022,52.79013,53.170082,53.260715,53.281902,53.32279,53.254223
49.2147,49.40084,49.31803,49.75218,49.37771,49.342743,49.67425,49.58075,49.44449,49.921154,49.452168,49.852726,49.894108,49.95083,50.05123,49.869392,49.92728,49.88623,49.72539,49.87186,49.941574,49.623577,49.950603,49.780952,50.05082,49.669914,49.94452,50.372993,49.701878,50.040337,50.136635
45.92301,45.81388,45.755295,45.56806,45.80858,45.622597,45.348152,45.676857,45.975647,45.685593,46.043327,45.913082,45.541504,45.836914,45.88708,45.583633,45.79292,45.6563,46.046665,45.990177,45.754665,45.953938,45.97826,46.021805,45.94097,46.35575,46.018547,45.868114,46.33241,46.397346,46.192875
50.320972,50.189106,49.9262,50.300724,50.162582,49.79761,50.08336,50.08435,50.19341,49.944344,50.263744,50.41674,50.1791,49.94499,50.474136,50.444218,50.529804,50.17637,50.308784,50.866066,50.52849,50.25457,50.654152,50.453285,50.538334,50.32778,50.488266,50.383987,50.679077,50.83821,50.670486
52.978336,52.58173,52.710403,52.784153,53.232765,52.600708,52.878677,52.488663,52.318825,52.996113,52.691547,53.158333,53.37111,52.729404,53.164078,52.654118,52.891655,52.97366,53.061188,53.16443,53.258057,53.302307,53.290714,53.27713,52.82552,52.540512,53.54515,52.742897,53.20812,53.103302,53.51241
37.341038,37.308506,37.53591,37.37407,37.053062,37.346317,37.180393,37.238686,37.6171,37.400566,37.69442,37.757988,37.22068,37.710964,36.75647,37.499107,37.498917,37.724358,37.45508,37.320297,37.355297,37.43875,37.505196,37.244095,37.359734,37.789383,37.57208,37.62458,37.7432,37.449524,37.097626
57.551403,57.78016,57.79226,57.936993,57.704185,57.6392,57.719994,57.78486,57.867207,57.790703,57.55484,57.824,58.146175,58.215668,58.108578,58.143284,58.516415,57.79245,57.858116,58.128525,58.16292,57.88909,58.442368,57.997368,58.24174,57.874863,58.090603,58.3958,58.001354,58.5876,58.077347
54.20697,54.335155,54.146843,54.588627,54.373177,54.40777,54.846302,54.748405,54.307495,54.7868,54.56267,54.596478,54.57217,54.405514,54.48769,54.91278,54.755993,54.518513,54.66617,54.71386,54.517456,54.409496,54.744843,54.68428,54.6931,54.755806,54.468426,55.380684,54.53546,54.678776,54.541187
42.72754,42.333717,42.74524,42.366306,42.71058,42.469017,42.30599,42.470104,42.583775,42.18657,42.218784,42.62603,42.301907,42.943863,42.25938,42.918663,42.61637,42.813004,42.660797,42.346508,42.84641,42.91731,42.698967,42.53557,42.29059,42.6677,43.14552,42.438976,42.727566,42.929047,42.606674
46.81061,46.97467,46.884842,46.84419,46.813652,46.806473,46.55543,46.816223,46.757908,46.899487,46.465073,46.93612,47.22931,47.153404,46.51639,46.588345,46.76251,47.065025,46.846386,46.854298,46.859352,47.171562,46.824085,46.930946,46.895336,47.03969,47.13201,47.06251,46.92171,46.796566,46.90205
56.502815,56.530666,56.4489,56.609047,56.486412,56.584003,56.418118,56.90123,56.9378,56.553497,56.30938,56.61429,56.739258,56.825882,56.794693,56.717224,57.104,56.98004,56.74814,56.726776,57.051125,56.9576,57.025856,57.027946,57.10911,56.623604,57.05769,57.021435,56.733715,57.1978,56.696793
46.339,46.372295,46.161064,46.52677,46.591362,46.165558,46.349976,46.210243,46.23572,46.657944,46.543804,46.679253,46.794926,46.70934,46.581516,46.626133,46.45827,46.41787,46.756424,46.838074,46.490105,46.245247,46.79782,46.673378,46.77489,46.77115,46.699257,46.748672,46.632248,46.820625,47.18334
54.14916,54.473095,54.588585,54.79501,54.580788,54.54885,54.81899,54.607784,54.316864,54.96515,54.328804,54.85791,55.08838,54.88664,54.967598,54.55875,54.62588,54.747173,54.636185,54.820335,55.02596,54.823627,55.22635,54.69915,55.128178,54.757828,54.833046,55.151775,54.35225,55.01048,54.992695
53.742435,53.945034,54.404938,54.47483,54.210106,54.35152,54.530506,54.34992,54.0093,54.40661,54.576965,54.2281,54.60333,54.272644,54.34265,54.212154,54.412964,53.969433,54.28671,54.480766,54.225334,54.426975,54.628704,54.526123,54.576645,54.80134,54.4824,54.806362,54.2857,54.50293,54.556313
40.379814,40.663128,40.571182,40.299023,40.33558,40.52367,40.280468,40.757244,40.966743,40.42229,40.716644,40.84331,40.408665,40.80973,40.692463,40.69366,40.93448,40.476803,40.57224,40.679615,40.495735,40.64887,40.964527,40.812813,40.878212,41.2081,40.62167,41.0286,40.66019,41.30841,40.63908
41.216244,41.2719,41.818336,41.97253,41.04426,41.5396,41.205017,41.560665,41.684326,41.395695,41.74646,41.62154,41.57838,42.047054,41.194546,41.383953,41.695267,41.68181,41.536854,41.412334,41.471188,41.52305,41.72286,41.37668,41.929512,41.88793,41.87371,41.842922,41.771667,41.785126,41.525246
44.087284,44.15316,44.0885,44.18993,44.053123,44.2555,44.357727,44.35673,44.569508,44.285725,44.357006,44.629936,44.26043,44.289425,44.53844,44.328743,44.87997,44.703785,44.375477,44.510242,44.747246,44.65175,44.904236,44.79899,44.982304,44.33909,44.9021,44.454857,44.749546,44.898552,44.65278
53.377106,53.569653,53.27604,53.617096,53.110924,53.333576,53.265415,53.737144,53.878185,53.561817,53.761,53.414555,53.32047,53.701885,53.82841,53.69245,53.758183,53.552494,53.796406,53.757904,53.64442,53.582664,53.762707,53.75003,54.152718,54.038635,53.450706,54.282047,53.982025,54.254047,53.861115
37.81953,38.07477,37.589905,37.448505,37.881203,37.638947,37.907555,37.700302,37.76704,38.07913,38.1,38.01996,37.849503,37.682053,37.95881,38.147877,37.978085,37.75986,38.090084,38.078342,37.732178,37.967823,37.97993,38.239532,37.67263,38.11116,37.766006,38.346523,38.367966,38.04521,38.1685
41.98013,42.251373,41.983,41.635296,41.70185,41.62501,41.516552,41.780754,41.99303,41.687824,41.4544,41.866837,41.846436,42.138115,41.758648,41.86766,42.13123,42.028397,41.824005,41.859894,41.965717,42.54846,41.817997,42.1398,41.801373,42.028496,42.257305,42.13602,42.451164,42.144108,42.08228
46.79295,46.85165,46.79904,46.46026,46.85643,46.48353,46.23948,46.345974,46.89761,46.58844,46.337303,46.801548,46.65348,46.911674,46.674915,46.523884,46.87318,46.88346,46.773,46.825214,47.17287,47.146675,47.079052,46.855255,46.699688,46.684,47.204018,46.499374,47.140873,47.25325,46.85856
54.198322,54.327965,54.291344,54.77158,54.068253,54.30838,54.46881,54.62444,54.64586,54.55883,54.81844,54.613377,54.372143,54.30968,54.78632,54.34084,54.615395,54.58865,54.65117,54.86506,54.755524,54.575966,54.97229,54.71733,55.27521,54.833588,54.604992,54.9837,54.804535,55.030598,54.80205
56.179157,55.919125,56.221428,55.98553,56.28038,56.45959,56.52339,56.042107,56.239513,56.557697,56.8386,56.42047,56.292313,55.98171,56.54298,56.016407,56.550022,56.522255,56.679966,56.64866,56.60758,56.585857,56.81189,56.629295,56.731667,56.56727,56.62421,56.320736,56.987984,56.584003,56.686295
44.969364,44.993443,44.788147,44.601025,45.14866,44.867508,44.699688,44.679184,44.911427,44.981274,44.929882,45.031734,45.23974,45.11271,44.727642,44.98231,45.006107,44.89527,45.096104,45.06602,44.97557,45.07259,45.233402,45.18405,44.9135,45.14621,45.048603,44.939816,45.164333,45.24318,45.127346
44.317947,44.37614,44.454056,44.352394,44.542206,44.597603,44.531235,44.91912,44.457783,44.133595,43.962437,44.12947,44.49975,44.706753,44.32548,44.992752,44.66505,44.59633,44.522293,44.22635,44.569668,44.837254,44.552444,44.73147,44.510525,44.588043,44.755905,44.800568,44.2479,44.675564,44.508293
46.93442,46.89444,46.808563,47.032833,47.144737,47.07382,46.985367,47.02023,47.134987,47.081562,47.438934,47.060493,47.203594,46.967056,47.422768,47.199802,47.280106,46.975975,47.329063,47.55789,47.245926,46.976234,47.35793,47.41114,47.432434,47.44229,47.271046,47.331524,47.590412,47.62653,47.613064
49.11425,48.73733,48.595673,48.84199,49.13462,49.002174,48.927265,49.101875,49.01877,48.904495,49.058735,48.781036,49.066807,48.890324,48.76537,49.48507,48.89543,49.257656,49.365856,49.03512,49.136307,49.069344,48.848312,49.42202,48.903694,49.039925,49.24073,49.18552,49.37356,48.99172,49.171307
45.38909,45.37479,45.29512,45.089397,45.161476,45.251884,45.15432,45.49951,45.37231,44.95151,45.06308,45.16887,45.065674,45.42778,45.15705,45.517414,45.43224,45.413692,45.450455,45.267906,45.19699,45.637608,45.233112,45.55561,45.469284,45.738754,45.618866,45.542778,45.667465,45.516327,45.627335
46.960827,46.909916,46.55625,46.7926,46.785744,46.417336,46.15604,46.801903,46.937855,46.386494,46.153828,46.578625,46.968536,47.23098,46.983585,47.206028,46.93124,46.95066,46.90273,46.849968,47.082912,47.0409,46.670685,47.173645,46.831955,46.6612,47.30605,47.050114,47.241867,47.346565,47.340473
47.29735,47.654816,47.377098,47.412376,47.441093,47.201836,47.432316,47.203632,47.33641,47.66955,48.05371,47.392952,47.42891,47.12074,47.483692,47.323383,47.51894,46.957554,47.659622,48.007202,47.252777,47.435123,47.76545,47.54325,47.515186,48.062622,47.085907,47.904655,47.892223,47.756123,47.674885
53.06622,52.97234,52.823593,52.849552,53.390167,53.15839,53.250813,53.071922,53.25816,53.41954,53.34949,53.389977,53.3115,53.14919,53.086514,53.383995,53.512756,53.228268,53.4411,53.30792,53.413284,53.26454,53.72224,53.693207,53.333633,53.286125,53.473267,53.35391,53.48061,53.65938,53.312283
41.934345,41.93521,41.85453,41.675507,42.103806,41.918304,41.83029,41.843243,41.86146,42.003807,41.92443,41.93317,42.008247,42.051704,42.1423,41.858364,42.08613,42.057613,42.13023,42.22324,42.096478,42.3087,42.02397,42.139374,42.056767,42.335983,42.292107,42.09133,42.285664,42.24915,42.461376
57.48326,57.390976,57.686615,57.529205,57.471405,57.790516,58.03171,57.645313,57.61511,58.02209,58.196487,58.13841,57.74812,57.653896,57.866688,57.484104,57.95218,57.74571,57.86114,57.82373,57.91488,58.11756,58.48413,57.986053,58.310837,58.140747,57.865463,58.0558,58.078182,58.295254,57.95012
38.435696,38.722374,38.528946,38.82676,38.37361,38.457386,38.41576,38.660507,38.87073,38.612766,38.77017,38.875412,38.604477,38.937706,38.392986,38.810684,38.79331,38.826187,38.82755,38.915558,38.485817,38.343395,38.792385,38.760605,39.1286,39.214813,38.903957,39.01385,38.85162,38.820557,38.990788
37.444347,37.54149,37.615646,37.25172,37.25129,37.35877,37.118988,37.34499,37.65413,37.399784,37.379105,37.949394,37.326283,37.715805,37.49037,37.36302,37.561817,37.790955,37.444603,37.654858,37.576,37.654408,37.525932,37.447792,37.497597,37.9274,37.85277,37.71198,37.788017,37.753086,37.594944
39.22051,38.91172,39.22622,39.265236,39.323555,39.371998,39.63311,39.049156,38.972836,39.550686,39.70315,39.670914,39.56436,39.3588,39.191193,39.512802,39.535145,39.63692,39.421173,39.60765,39.49555,39.54798,39.350002,39.428993,39.266655,39.576065,39.8588,39.56469,39.895023,39.253357,39.69618
41.54957,41.498367,41.96543,41.502754,41.72281,42.098167,41.837013,41.792587,41.75801,41.70231,41.35616,42.069664,42.076973,42.291245,41.878098,42.084343,41.791737,42.41092,41.773556,41.70398,42.168705,42.08174,41.82738,41.911766,41.945244,42.038956,42.450413,41.965733,41.868927,41.861935,42.11293
53.717308,53.408504,53.57025,53.570484,54.01821,53.575855,54.120914,53.665806,53.715076,53.852207,54.18513,53.860916,53.692097,53.43569,54.553135,54.383442,54.134323,53.952637,54.32174,54.363472,54.287746,53.944218,54.324093,54.455032,54.003643,53.906532,54.31279,54.10029,54.307907,54.316147,54.63392
48.366272,48.67509,48.828735,48.855778,48.437828,48.63541,48.925617,48.733315,48.715324,48.932537,48.645905,48.990658,48.80778,48.879467,49.12017,48.86094,48.96096,49.100536,48.773613,49.018692,49.192123,49.056713,49.124012,48.84974,49.162704,48.95278,49.080624,49.361847,48.95571,49.066765,49.06312
47.809025,47.912537,47.972298,48.065044,47.717133,47.929127,48.248558,48.148476,48.00357,48.13072,48.05164,48.275906,48.124603,48.39296,48.330906,48.541214,48.408993,48.442375,48.32478,48.281532,48.211956,48.016296,48.55554,48.108932,48.647266,48.355804,48.169193,48.710846,48.015633,48.390152,48.478382
46.87151,46.299778,46.842705,46.365746,46.934654,46.78049,46.895733,46.604855,46.582832,46.868446,46.941193,47.08434,46.71117,47.061794,46.78777,46.976746,46.877007,47.197746,47.10042,46.770893,47.001427,47.266193,46.96523,46.98143,46.70651,47.173904,47.436016,46.851055,47.00311,46.967606,47.232185
46.059765,46.00356,45.573555,45.722294,45.90159,45.800186,45.84484,45.978035,45.733116,45.749977,45.373043,45.82629,46.041233,45.88852,45.914387,45.947247,46.073578,46.166264,45.86341,46.03162,46.254818,46.537098,45.91927,46.115723,46.065075,45.816605,46.22542,46.046265,46.282387,46.179176,46.19711
51.83542,51.116024,51.92492,51.74443,51.4376,51.643852,51.472515,51.76237,52.019012,51.431217,52.62275,51.832947,51.3096,51.892796,51.75099,52.000706,52.02683,51.915325,52.334435,51.86974,51.551544,51.59363,52.00334,51.96547,52.036774,52.40223,52.175106,51.956806,52.23719,52.1387,52.11093
39.004215,38.86068,39.2594,39.236015,38.987076,39.153877,39.362663,38.98353,39.062557,39.14206,39.920425,38.972027,39.043762,38.947372,39.151733,39.351883,39.189236,39.224167,39.528034,39.296085,39.104,39.46413,39.045944,39.653305,39.247498,39.530174,39.667824,39.365143,40.215122,39.06424,39.851166
50.97465,50.541794,50.859116,50.694065,50.596756,50.962795,50.836617,50.934708,50.768707,50.77271,50.92005,51.133205,50.75616,51.086384,50.392838,50.813103,51.006874,51.117462,50.955162,50.657597,50.774395,51.17435,50.979218,50.8545,51.025494,51.235786,51.182373,51.056583,51.211346,51.02954,50.81093
61.710846,61.504826,61.500793,61.77108,61.632637,61.602615,61.654778,61.56052,61.389748,61.755577,61.759483,61.57044,61.82863,61.185474,61.726616,61.125744,61.53943,61.63789,61.798065,61.946777,61.99231,62.14423,61.959568,61.846436,61.930916,61.604942,61.782833,61.731625,62.225304,61.894665,61.805145
43.194424,43.566277,42.913788,43.29718,43.280167,43.391163,43.627293,43.593662,43.392597,43.43551,43.342514,43.180824,43.29137,43.15124,43.262943,43.680294,43.57085,43.33046,43.287815,43.692486,43.624657,43.712376,43.44569,43.509003,43.679375,43.769577,43.200104,43.910244,43.725807,43.740845,43.439896
46.271584,46.29046,46.463547,46.184902,46.57666,46.087708,46.280373,46.054157,46.182068,46.45732,46.142303,46.687355,46.615314,46.511585,46.76364,46.44302,46.683792,46.621254,46.654816,46.70268,46.643326,46.449253,46.940186,46.61473,46.389107,46.262344,46.900692,46.483093,46.396255,46.63958,46.851933
52.295723,52.603832,52.155296,52.482014,52.20553,52.20359,52.648045,52.553066,52.493336,52.753517,52.865166,52.427467,52.461075,52.176933,52.849697,52.46734,52.80704,52.389793,52.60545,52.930595,52.701797,53.021465,52.796463,52.931343,52.931404,52.829643,52.423557,53.223644,53.048977,52.995335,52.872253
43.50041,43.59914,43.073486,43.94835,43.50891,43.4923,43.318,43.860786,43.442535,43.405895,43.430763,43.45077,43.844276,43.496746,43.739147,43.4668,43.631065,43.39104,43.5157,44.0922,43.647392,43.42746,43.63448,43.50466,44.101727,43.848656,43.49788,43.95966,43.67575,44.081917,43.90294
48.702923,48.579273,48.90621,48.845013,48.94584,49.028652,48.538116,48.785946,49.149174,48.814465,48.894325,49.055874,49.023724,49.111423,48.70734,48.818592,48.906178,49.087166,49.0109,48.91935,49.18161,48.78668,49.243305,49.03061,49.084366,49.05285,49.31453,48.805515,49.05356,49.285007,48.84489
42.562214,42.009552,42.181564,42.687595,42.56485,42.44763,42.454353,42.52252,41.9515,42.4878,42.40465,42.544792,42.573727,42.566742,42.062595,42.433002,42.28789,42.658276,42.557217,42.545876,42.414707,42.53439,42.100784,42.266182,42.325253,42.72014,42.920902,42.673244,42.65735,42.299564,42.702606
39.056076,38.991768,39.059425,39.125626,38.887733,38.795685,38.826694,38.86878,38.91407,38.774395,38.9529,39.071587,39.088223,39.32924,39.186367,39.23181,39.129185,39.2507,39.153645,39.383503,39.175823,39.21715,39.044277,39.042908,39.307526,39.394188,39.477962,39.206818,39.444904,39.295494,39.750484
36.159927,36.533463,36.446854,35.974495,36.209984,36.094696,36.22946,36.194122,36.46701,36.285072,36.55316,36.60245,36.3334,36.537045,36.418697,36.723083,36.66081,36.225334,36.498165,36.459454,36.08719,36.41743,36.642345,36.80036,36.323868,36.815285,36.51021,36.774387,36.656105,36.669746,36.743683
47.242657,47.944984,48.187508,47.82023,47.825287,47.770542,47.933205,47.52189,47.76535,48.126877,47.624752,47.78437,48.260662,48.202442,48.5579,47.970547,47.803616,48.01992,47.875214,48.25125,48.402332,48.316074,48.025856,48.15042,48.100704,48.264336,48.311615,48.417965,48.141804,48.110294,48.683228
55.515938,55.329334,55.387497,55.590233,55.71733,55.454273,55.38642,55.36345,55.506557,55.746292,55.89843,55.555813,55.721317,55.194218,55.89255,55.16901,55.49277,55.61364,55.88869,56.072765,55.96396,55.690197,56.004402,55.751114,55.795307,55.616394,55.67878,55.599102,55.855465,55.92055,55.79681
55.557266,55.47403,55.588142,55.530956,56.044365,55.352848,55.917625,55.608826,55.441463,55.7334,55.922764,55.241173,55.573307,55.3198,56.092167,56.36404,55.962215,55.49866,56.44499,55.91283,55.67021,55.532215,56.154705,56.28109,55.467686,55.527214,55.81526,56.098083,55.888794,55.82353,56.200104
53.946087,54.178654,54.307793,54.61172,53.749863,54.53395,54.149128,54.764404,54.56516,53.891487,54.293297,54.145,54.46466,54.31674,54.550964,54.23294,54.517242,54.261402,54.23758,54.456963,54.412277,54.31374,54.709908,54.491226,55.262047,54.64257,54.314205,54.739246,54.5173,54.923023,54.44404
50.083633,49.721264,49.749603,49.864216,49.808365,50.171658,49.6866,50.299046,49.98885,49.700645,49.71476,50.12527,49.981617,50.053635,49.80184,49.95507,49.873726,50.136078,50.00327,49.834553,49.988052,49.95179,50.005215,49.933777,50.148285,50.14405,50.05465,50.18467,50.096416,50.320934,49.80842
49.92264,50.26504,50.91469,50.780125,50.28206,50.33155,50.784454,50.361626,50.300484,50.579174,50.560287,50.7266,50.65112,50.875202,50.659336,50.645145,50.68316,50.620438,50.63245,50.74009,50.65069,50.581264,51.220615,50.545624,51.106495,51.005814,50.930164,50.908592,50.246315,50.73099,51.04826
40.04114,40.2187,40.04258,40.1576,40.107353,40.04554,40.204674,40.110348,40.180634,40.37854,39.984646,40.385303,40.38453,40.733627,40.646374,40.458546,40.53778,40.668007,40.28856,40.59645,40.716682,40.606632,40.42514,40.269318,40.706467,40.56546,40.659557,40.681866,40.439568,40.72917,40.949894
43.13958,43.568836,43.246407,43.04225,43.01815,42.786053,42.693996,42.832546,43.284348,43.34589,42.811977,43.311714,43.264557,43.519123,43.29886,42.755882,43.023895,43.368717,43.091465,43.19079,43.56074,44.077724,43.122894,43.518944,43.230465,43.354294,43.687397,43.410034,43.8729,43.568714,43.677452
44.467785,44.694046,44.407257,44.47843,44.381508,44.391735,44.549976,44.509468,44.713516,44.727554,44.945354,45.026615,44.435154,44.566074,44.72379,44.584156,44.767586,44.535526,44.74433,45.017185,44.573086,44.546837,45.038887,44.774796,45.083176,45.25284,44.628414,45.00929,44.990936,45.15849,44.993423
49.693718,50.023003,50.036987,49.96648,49.781097,50.113144,50.266624,50.217117,49.966755,49.935856,49.850777,49.778313,49.97614,49.837273,49.95575,50.109436,50.17116,50.00832,49.875805,49.996857,50.22932,50.63523,50.073536,50.31977,50.186726,50.238037,50.213226,50.487064,50.433784,50.189545,50.05178
41.60091,41.95664,41.341507,41.796402,41.618942,41.834385,41.718277,41.845253,41.64294,42.056084,41.66764,41.84694,42.07744,41.860096,41.755314,41.412586,41.645477,41.928288,41.670975,42.220444,41.930016,42.010345,41.72209,41.628357,42.345165,42.366776,41.63351,42.20139,41.905434,41.971474,42.075233
54.801857,54.765953,55.070885,54.92032,54.980873,55.029118,55.32906,54.968815,55.15987,55.09124,55.253742,55.327675,55.002323,55.29909,54.887257,55.673897,55.431145,55.283955,55.316326,55.292545,55.26334,54.948757,55.68833,55.23056,55.449696,55.571518,55.33926,55.413338,55.09327,55.42458,55.239326
44.091255,43.32863,43.529694,43.67039,43.69268,44.12529,43.840286,43.986183,43.849636,43.92183,44.35501,44.255596,43.8401,43.96613,43.854084,43.70774,44.004715,44.40581,44.22122,43.989994,43.99894,43.985455,44.13859,43.838028,44.428448,44.240685,44.1158,43.890327,44.224136,44.21855,44.122448
60.812862,60.63289,60.16986,60.724792,60.399254,60.039642,60.19617,60.369267,60.532177,60.611565,60.401108,60.65163,60.303947,60.481655,60.61069,60.250423,60.51384,60.60783,60.849777,60.73235,60.966305,60.784058,61.154327,60.552322,61.07608,60.40238,60.580296,60.651985,61.08468,61.333656,60.810314
40.921886,40.93104,39.87639,40.63179,40.452484,40.41319,40.760963,40.87637,40.783054,40.81147,40.79487,40.969055,40.41706,40.471996,40.57622,40.963974,40.863983,40.825962,40.80632,40.914463,40.901295,40.94414,40.92523,40.95462,41.187466,40.84501,40.584003,41.14394,41.395805,41.326885,40.94273
45.525234,45.61326,45.66687,45.728703,45.81791,45.754482,45.54381,45.73023,45.721737,45.687984,45.329437,45.469486,46.033333,46.168037,45.710636,45.643654,45.77989,46.034527,45.776142,45.73616,46.115974,46.317974,45.745274,46.028122,46.094364,45.93212,46.390778,45.769478,45.875816,45.971325,46.273228
47.16615,47.523476,47.755623,47.68788,47.258095,47.700947,47.863487,47.813156,48.160786,47.995934,48.291393,47.867928,47.482487,48.02787,48.106216,47.919563,47.997715,48.029163,48.050056,47.841545,47.982697,47.947662,48.27371,48.17933,48.608185,48.453804,48.021782,48.36989,48.033184,48.324287,48.292213
56.943348,56.390648,56.77993,56.969803,56.69072,56.833393,56.946648,56.972466,56.78585,56.73454,57.06696,57.00748,56.76257,56.725853,56.906612,56.875866,57.10674,57.18588,57.133022,57.03345,57.149765,57.141804,57.25184,57.04875,57.266975,56.953033,57.33196,57.020912,57.24539,57.193012,57.074703
45.46057,45.627083,45.73456,45.557896,46.040337,45.846203,46.137356,45.68146,45.620476,46.437332,45.830147,45.966503,46.271328,46.13442,46.273834,46.0008,45.940483,46.28923,46.20193,45.92572,46.221306,46.29298,46.101025,46.38887,45.99026,45.9516,46.40456,46.31151,45.96997,45.896393,46.555374
51.474762,51.3681,51.929535,51.448578,51.522415,51.586205,51.643818,51.4557,51.317184,51.45127,51.585857,51.647957,51.69354,51.69544,51.712017,51.754776,51.77091,51.643505,51.83628,51.716377,51.471703,51.65431,51.78393,51.717056,51.55669,51.886307,51.956764,51.897152,51.884293,51.6085,51.962646
43.160538,42.440037,42.492867,42.651936,43.138237,42.800247,42.783775,42.721767,42.74482,42.897797,42.790455,43.036545,42.758305,42.74879,42.683193,42.99793,42.80098,43.497227,43.164818,42.94097,43.396152,43.18993,42.841415,42.9841,42.623356,42.622604,43.47963,42.672367,43.26077,42.90478,42.969112
45.400738,45.092003,45.36286,45.35892,44.854073,45.385925,45.21577,45.560246,45.455082,44.917305,45.798225,45.450573,45.14008,45.458263,45.268436,45.52472,45.48534,45.35474,45.52392,45.396072,45.09553,45.389397,45.525322,45.462784,45.8936,46.002808,45.44646,45.634308,45.826424,45.785343,45.690292
34.254982,34.849857,34.15381,33.934376,34.35076,34.076706,33.99848,33.94795,34.44542,34.30902,34.088676,34.11367,34.495132,34.26521,34.16613,34.427586,34.402832,34.41923,34.350456,34.660038,34.329624,34.65746,33.9053,34.823887,34.0682,34.522964,34.622902,34.495728,35.16411,34.146805,34.767693
50.72638,50.57387,50.6448,50.791313,50.96441,50.922733,51.446995,51.004196,50.5198,51.27017,51.13254,51.20605,51.064297,50.667625,50.92192,51.18188,51.091984,50.97317,51.072353,50.99327,50.979767,51.195667,51.11883,51.363525,50.863483,51.052742,51.24921,51.51473,51.253853,50.97036,51.143147
36.57612,37.23914,37.23078,36.682064,36.565346,36.503902,36.81276,36.759804,36.99031,36.67001,36.845,36.834015,36.738136,36.992535,37.153652,37.079895,37.245857,36.90056,36.96265,37.106297,36.852646,37.297832,37.32019,37.15197,37.10765,37.238747,36.98648,37.26354,36.953964,37.1355,37.298016
48.26319,48.927753,48.264015,48.65849,48.198257,48.303276,48.023273,48.69994,48.663853,48.517414,48.316574,48.50126,48.716114,48.759327,48.687122,48.337906,48.36674,48.09812,48.49368,48.637554,48.312836,48.3843,48.724346,48.686485,49.076653,49.003365,48.17914,49.1904,48.689686,49.21014,48.82944
50.265194,50.33734,50.358665,50.117146,50.526405,50.534817,50.64605,50.459194,50.40105,50.740715,50.48234,50.600666,50.549862,50.449856,50.520634,50.6956,50.706688,50.633915,50.689003,50.55227,50.5562,50.618973,50.62562,50.82228,50.38117,50.685463,50.72122,50.981003,50.769905,50.571033,50.580235
36.556915,36.964428,36.956184,36.48031,36.7694,36.99775,37.125946,36.938145,37.373535,37.26287,37.650158,36.978416,36.96964,36.81436,37.56256,37.110313,37.36613,37.36588,37.55827,37.08509,37.032574,37.329067,37.40285,38.04621,37.450417,37.18743,37.385723,37.321705,37.60789,37.098778,37.71721
56.034916,56.10608,56.1839,56.142258,56.45658,55.878773,56.089977,55.877438,56.106316,56.18264,56.246166,56.020508,56.444183,56.0869,56.45021,56.268238,56.471012,56.013535,56.471973,56.584534,56.452976,56.441982,56.657166,56.781693,56.274353,56.21521,56.68099,56.27814,56.59084,56.592144,56.77604
48.65916,49.163353,49.37259,49.277637,48.96382,49.270443,49.485626,49.176086,49.48252,49.527584,49.25509,49.36792,49.36671,49.60796,49.602234,49.50612,49.525257,49.61034,49.25948,49.3574,49.938232,49.758457,49.81356,49.586205,49.85974,49.518578,49.672913,49.80366,49.56024,49.82231,49.627083
43.506638,44.150143,44.029396,43.46439,43.799263,43.910732,43.767067,43.77529,43.944164,43.477646,43.648464,43.626156,44.240833,43.772377,43.919674,44.236187,44.042374,43.420876,43.68644,43.855927,43.775253,44.120262,44.064438,44.530106,43.74778,43.972694,43.903843,44.110413,44.331844,44.16045,44.04717
45.394447,45.49784,45.556984,45.491234,45.35836,45.25789,45.58558,45.40428,45.51004,45.73345,45.500057,45.88779,45.540443,45.96732,46.03259,45.60304,45.900658,45.953484,45.73645,45.86722,45.963448,46.026966,46.051754,45.704514,46.13836,45.9271,46.068733,45.964714,45.761642,46.129227,46.315353
43.429546,43.47589,43.147133,43.290295,43.234467,43.326614,43.583454,43.45791,43.083664,43.396053,43.653458,43.65058,43.245014,43.24157,42.907875,43.362034,43.416363,43.066124,43.30537,43.67231,42.995525,43.523174,43.41266,43.288216,43.565857,44.27652,43.219368,43.811954,43.714104,43.576546,43.530777
35.009663,35.24603,34.716156,35.57486,34.547516,35.007446,35.136635,35.471954,35.09877,35.09149,34.9855,34.996693,35.081226,35.07164,35.466434,35.175705,35.1793,35.652924,35.089466,35.55405,35.54918,35.456474,34.95119,34.93728,35.830902,35.25152,35.115097,35.804066,35.538605,35.32487,35.507587
49.47222,49.13552,49.242973,49.029076,49.433464,49.157475,48.83395,49.297424,49.445953,49.074066,49.07005,49.266605,49.284973,49.598034,49.18911,49.42701,49.2654,49.546623,49.60552,49.160625,49.4083,49.59165,49.322567,49.697945,49.23042,49.436394,49.84419,49.29451,49.50539,49.587776,49.587692
46.566936,46.43175,46.482117,46.571148,46.62171,46.567474,46.38391,46.566772,46.58938,46.573616,46.437706,46.708675,46.852543,47.282555,46.895844,46.925335,46.707645,46.936287,46.945484,46.854473,46.8736,46.469288,47.05764,46.48123,47.20683,47.00009,46.772034,46.845688,46.454506,47.200245,47.2282
48.976295,49.449566,49.582703,49.532673,49.356018,49.32272,49.5124,49.340706,49.42297,49.64288,49.53385,49.47763,49.790627,49.4146,49.627514,49.626255,49.692333,49.370884,49.596565,49.571842,49.517048,49.47903,49.837685,49.95169,49.463627,49.395966,49.694256,50.021946,49.76883,49.57968,49.624714
38.179073,38.38107,38.371193,37.93178,38.23066,37.940224,38.110554,37.897644,38.546017,38.109894,38.30009,38.2617,37.92071,38.274673,38.592484,38.45037,38.40746,38.59376,38.321568,38.705444,38.89004,39.012054,38.37743,38.61283,38.36591,38.69419,38.867516,38.27244,38.888233,38.70855,38.898487
46.611343,46.84092,46.658516,46.694836,46.814415,46.58243,46.97935,46.706974,46.78048,46.98234,46.905655,46.85863,46.581085,46.499203,47.156284,46.901745,47.316795,46.92856,47.0071,47.405724,47.12586,46.94416,47.21464,46.9217,46.98045,47.006737,46.98464,47.243164,47.132263,47.14998,47.046795
43.993477,43.435482,43.769386,43.403744,43.78824,43.88822,43.256237,43.67591,44.085327,43.3249,43.720333,43.92467,43.501366,43.781273,43.640438,43.816395,44.04791,44.111313,43.914093,43.83276,43.981186,43.77618,43.741474,43.889603,43.582592,43.843147,44.396614,43.538704,44.425343,44.124268,43.693455
55.451096,55.269295,55.743088,55.562992,55.53273,55.708557,55.6218,55.485092,55.31779,55.55292,55.514343,55.67789,55.853622,55.58173,55.115864,55.485046,55.31366,55.712936,55.640648,55.476593,55.56739,55.790745,55.599377,55.733437,55.510094,55.78939,55.945885,55.683754,55.79937,55.33778,55.55892
40.638847,41.0962,41.164093,40.206806,40.61914,40.904697,40.59129,40.834877,41.376152,40.60504,40.839684,40.88277,40.670567,41.05155,40.921852,41.026794,41.26927,40.95055,41.002445,40.671764,40.770542,41.22594,41.197144,41.489754,40.981785,41.217743,41.15451,41.034718,41.31398,41.25154,41.006626
53.487267,53.25828,53.46586,53.50883,53.32273,53.74568,53.592327,53.873383,53.709915,53.46528,53.62698,53.699894,53.699272,53.48682,53.756855,53.5671,53.908997,53.912163,53.772472,53.525707,53.846424,53.848602,54.115314,53.980583,54.084427,53.44406,53.86363,53.81325,53.8113,53.998142,53.581818
45.753986,45.77527,45.30854,45.771664,45.76042,45.60951,46.06644,45.784996,45.552963,46.02169,45.684204,45.905525,45.762535,45.45197,46.044376,45.98105,45.938374,46.06725,45.866165,46.216423,46.301765,46.121696,45.950417,45.901184,45.948933,45.715187,45.92268,46.256516,46.257286,46.059677,46.055187
54.048923,54.0857,54.121994,53.809124,54.29595,54.43385,54.30117,54.183487,54.419006,54.50026,54.780933,54.34228,54.12784,53.97395,54.55199,54.133556,54.410156,54.20178,54.658993,54.5989,54.30258,54.17959,54.704845,54.60504,54.583908,54.825783,54.235394,54.529896,54.703445,54.69259,54.499603
57.517933,57.66699,57.15747,57.712624,57.38082,57.88098,58.01463,58.04241,57.729584,58.07437,57.793907,57.72341,57.73546,57.52487,57.860073,57.77733,57.588936,57.99302,57.795883,58.02598,58.097683,58.00308,57.744057,57.84445,58.402657,58.23169,57.509594,58.515568,58.125107,58.03976,57.889874
41.14585,41.21258,40.67463,41.37577,40.472168,41.181393,41.067204,41.51194,40.89226,41.1021,40.655453,41.212784,41.049213,41.255367,40.956852,40.993687,40.82741,41.545696,40.893925,41.15275,41.262817,41.360832,40.73277,40.573036,41.633537,41.423164,40.870342,41.812634,41.415947,41.2236,41.102703
57.787006,57.79822,57.759468,57.967686,58.112724,57.732533,57.677605,57.81796,57.8978,58.033844,57.599106,57.584667,58.016026,57.89625,58.054386,57.773666,57.845768,58.01772,58.08188,58.00969,58.45508,58.420277,57.9604,58.287743,57.90881,57.799988,58.415974,58.110004,58.32424,58.24199,58.19359
48.431915,48.29732,47.689186,48.755497,48.042236,48.32074,48.35509,48.657173,48.428802,48.67279,48.621876,48.58923,48.498795,48.28048,48.427883,48.227097,48.140915,48.735195,48.471977,48.696884,48.78257,48.71323,48.30936,48.59375,49.118244,48.694344,48.499924,48.94323,49.038746,48.79024,48.77685
50.41003,50.421738,50.39685,50.151722,50.30033,50.508194,49.990677,50.55453,50.929394,50.22659,50.269993,50.464622,50.362442,50.780174,50.509907,50.58647,50.560772,50.712734,50.68434,50.35983,50.633385,50.548317,50.67068,50.839134,50.82482,50.743454,50.785202,50.605446,50.807167,51.019905,50.656807
47.473366,47.684494,47.669952,47.198612,47.522835,47.176952,47.24256,47.156006,47.335472,47.239265,46.98533,47.900345,47.618816,47.774334,47.17553,47.449524,47.71019,47.339787,47.319283,47.591843,47.46842,47.69589,48.04758,47.49769,47.490456,47.729576,47.763077,47.4287,47.421524,47.90593,47.57256
42.569363,42.619255,42.430054,42.29319,42.847755,42.493763,42.62623,42.475277,42.53321,42.60728,42.0921,42.86257,42.791927,42.770096,42.21908,42.942265,42.81539,42.8694,42.5613,42.540207,42.88443,42.975132,42.76681,42.999283,42.371017,42.499863,43.222816,42.654076,42.791874,42.71896,42.66925
53.532017,53.203934,53.286736,53.59215,53.49202,53.46317,53.167534,53.435642,53.529938,53.42818,53.85964,53.68296,53.640892,53.59337,53.316776,53.40083,53.490654,53.316887,53.76833,53.687885,53.357998,53.221516,53.772415,53.722176,53.844963,53.938316,53.732872,53.601055,53.94846,53.985214,53.822113
37.386673,37.301247,37.24041,37.345295,37.264412,36.953876,37.32284,37.229492,36.963734,37.193672,36.98974,37.59135,37.34337,37.37696,37.145714,37.658054,37.36495,37.637543,37.40952,37.481834,37.296913,37.43074,37.23622,37.36409,37.104084,37.32292,37.770565,37.614063,37.460953,37.121185,37.637764
40.676067,40.867664,40.0002,41.432446,40.294106,40.29723,40.676235,41.055485,40.715164,41.046368,40.84366,41.238583,40.88615,41.105984,41.247063,41.025875,40.862537,41.037663,40.92298,41.488132,41.02953,40.37125,41.173122,40.47541,41.89606,41.22255,40.520008,41.745735,40.714367,41.570026,41.452164
51.355118,51.502213,51.29921,51.748108,51.37007,51.274166,51.896244,51.648525,51.915314,51.650955,52.34187,51.5664,51.33134,51.303165,52.13994,52.24908,52.317356,51.6667,52.005295,52.43696,52.012554,51.59718,52.314487,52.053246,52.34854,52.061295,51.6796,52.26599,52.10174,52.354603,52.169918
47.18292,47.12,47.150238,47.562054,47.002304,47.210403,47.231724,47.4617,47.360855,47.139812,47.111843,47.533875,47.332336,47.42781,47.543,47.440166,47.53278,47.72453,47.33098,47.6572,47.74398,47.36757,47.637207,47.27159,47.91408,47.435486,47.66558,47.651367,47.443783,47.76537,47.582058
43.402035,43.58568,43.603706,42.91324,43.86326,43.349323,43.89035,43.28751,43.497856,43.763905,43.303535,43.99354,43.654076,43.514965,43.976917,44.29852,44.05219,43.882385,43.80729,43.67059,44.029987,43.88185,44.236786,44.180855,43.15584,43.229446,44.034283,43.89501,43.71713,43.857044,43.770546
52.15982,52.412243,51.8841,52.612644,52.398987,51.904247,52.768124,52.363857,52.162506,52.845543,52.486973,52.266247,52.533356,52.456635,52.898815,52.98001,52.90381,52.498375,52.799828,52.91794,52.839977,52.575996,52.988693,52.7025,52.907627,52.387016,52.44092,53.241764,52.594444,52.953423,53.105804
43.504932,43.362766,43.227974,43.59939,43.63353,43.20431,42.91204,43.270073,43.68969,43.501057,43.314297,43.596985,43.636612,43.745792,43.710762,43.426968,43.609726,43.78149,43.6536,43.763786,44.017517,43.626278,43.57119,43.78501,43.578293,43.374878,44.206654,43.53184,44.019035,44.045624,43.94318
46.91092,46.851288,46.824806,46.77332,47.048676,47.065758,47.03582,47.031334,47.00804,46.926437,46.924606,47.19558,47.04907,47.032024,47.059864,47.306046,47.18772,47.050835,47.050705,47.131554,47.27556,47.072983,47.418804,47.149307,47.154186,47.171562,47.14136,47.221165,47.181194,47.54212,47.081203
52.21401,51.72758,51.957024,52.561665,51.94741,51.94985,52.20695,52.06113,51.78857,52.387714,52.55712,52.4157,51.991085,51.939384,52.32716,51.995304,51.75273,52.367958,52.397545,52.52174,52.519665,52.21569,52.293213,51.793854,52.363247,52.386925,52.16779,52.57566,52.546856,52.40838,52.379124
50.821087,50.654182,50.707245,50.930313,50.68599,50.712498,50.576984,50.995277,50.906593,50.687008,50.95151,51.133335,50.77741,51.23428,51.033947,51.070084,50.876842,50.72592,51.167107,50.913803,50.784058,50.45495,51.548714,50.796608,51.486122,51.297325,50.756,51.18579,50.74389,51.7307,51.204388
45.680645,45.95742,46.29138,46.089954,46.15203,46.12964,45.993668,45.834305,46.068123,46.45296,46.422523,46.351776,46.37174,46.301533,46.092155,45.711308,46.01689,46.057976,46.255726,46.293148,46.11375,46.135983,46.479256,46.261284,46.316612,46.644447,46.38681,46.301777,46.200073,46.28738,46.387753
47.67945,47.730854,47.93859,47.556576,47.92372,47.91707,48.13431,47.748283,48.057934,47.92308,47.960533,48.249115,47.95678,48.155945,48.366962,48.51676,48.32893,48.233498,48.091797,48.270176,48.428947,48.12785,48.47696,48.32492,48.29369,48.317467,48.44904,48.22282,48.26361,48.539867,48.532684
46.843117,47.298527,46.753105,47.258827,46.9489,47.029747,47.478924,47.368034,46.95819,47.583855,47.09457,47.213654,47.250034,47.123127,47.689777,47.14882,47.40369,47.315296,47.247387,47.658737,47.47642,47.470146,47.47736,47.214653,47.848057,47.541275,47.072598,48.012245,47.27575,47.601986,47.677467
43.221508,43.156013,43.35296,43.26677,43.4766,43.062897,43.259884,42.98791,43.02424,43.403816,43.680473,43.460194,43.55216,43.330597,43.486027,43.45038,43.40824,43.090977,43.623516,43.577408,43.199356,43.287045,43.625755,43.63401,43.18075,43.512108,43.595184,43.54689,43.710323,43.550125,43.882103
50.29663,50.319107,50.643127,50.138374,50.35388,50.798088,50.794445,50.6467,50.53532,50.87509,50.84615,50.66353,50.60168,50.86788,50.814484,50.63913,50.745922,50.7274,50.781834,50.38509,50.612305,51.1322,50.74216,50.952232,50.817265,51.15177,50.811634,51.200947,51.007236,50.91826,50.960464
46.40965,46.92277,46.192856,46.78374,46.48462,46.060135,46.470154,46.191154,46.503647,47.042168,46.99479,46.51897,46.551105,46.02239,46.783634,46.09552,46.432907,46.40159,46.8137,47.200275,46.837334,46.78695,46.924953,46.804672,46.89852,46.64608,46.36862,46.889694,47.2752,46.857944,46.970455
52.16762,52.547546,52.16256,52.968956,52.15983,52.54905,52.46314,52.754852,52.74245,52.835754,52.736763,52.787655,52.8915,52.703472,52.80742,52.412796,52.498665,52.627464,52.72378,52.80992,52.75326,52.335396,53.09496,52.84378,53.64462,52.86699,52.52748,53.14919,52.846325,53.189404,53.000294
47.35751,47.071712,47.655846,47.074596,47.413406,47.441044,47.13438,47.238644,47.50679,47.379585,47.67154,47.31225,47.490234,47.566162,47.512676,47.236534,47.12382,47.840282,47.979362,47.18468,47.406963,47.857944,47.39526,48.127274,47.501797,47.63524,48.15147,47.27373,47.88298,47.25171,48.10107
53.27342,52.719994,52.903732,52.54647,53.25022,53.154232,52.64814,52.90105,53.31053,52.8356,52.845234,53.36965,52.899128,53.37282,52.56874,53.2446,53.08723,53.30045,53.19314,52.89124,53.28213,53.101402,53.20235,53.22805,52.935127,53.345383,53.605846,52.83084,53.422283,53.550827,52.96417
40.93351,40.99887,41.049507,40.924915,41.04991,41.3583,41.20853,41.30786,41.016968,40.965145,41.18701,40.978527,41.214943,40.949684,41.04826,41.229916,41.292217,41.09035,41.139557,41.231567,40.99675,41.245895,41.065445,41.302902,41.141376,41.44364,41.20537,41.431778,41.40349,41.14134,41.180798
48.581806,48.489967,47.786163,48.794334,48.089577,48.43133,48.225075,48.80899,48.604687,48.34872,48.714397,48.513195,48.235924,48.302994,48.08403,48.230522,48.415054,48.28958,48.365353,48.83846,48.48402,48.42535,48.509853,48.238068,49.231754,49.146996,48.141525,48.841324,48.9333,49.160244,48.437634
39.5807,39.939793,39.36483,39.551178,39.57824,39.338512,39.523525,39.461895,39.485504,39.95145,39.78118,39.36152,39.512573,39.510185,39.74624,39.386936,39.46024,39.633682,39.74726,40.071144,39.770386,40.201675,39.33699,39.63626,39.66079,40.18051,39.52524,40.125286,40.17078,39.72993,40.094734
43.97551,44.23396,44.40239,44.00738,43.9787,44.357014,44.391033,44.344696,44.48827,44.52956,44.45867,44.339233,44.34486,44.702103,44.751575,44.504986,44.582607,44.702755,44.46265,44.31528,44.607418,44.985287,44.410507,44.749268,44.666237,44.800636,44.70214,44.981613,44.781357,44.681637,44.861164
46.393303,46.43128,45.983406,47.027428,46.313995,46.400085,46.75332,46.943027,46.593914,47.04581,47.021572,46.943127,46.499763,46.622627,46.74517,46.698494,46.7913,46.782467,46.904987,47.034916,46.71025,46.287983,47.08345,46.504898,47.405884,47.04712,46.41917,47.44563,46.542656,47.14391,46.82007
53.747272,53.779324,53.79103,53.86292,53.749413,53.980057,54.121746,53.951424,53.95315,54.02781,53.96053,54.18285,54.121506,54.178925,53.95891,54.140663,54.232876,54.193924,53.969288,54.244644,54.24724,54.236336,54.28766,54.15516,54.537888,54.47689,54.281776,54.36239,54.22153,54.374134,54.333904
49.36133,49.465282,49.285355,49.706757,49.334267,49.365982,49.228443,49.62053,49.43481,49.550514,49.075703,49.74927,49.704945,49.660328,49.565083,49.04254,49.583332,49.75307,49.46585,49.68257,49.773617,49.65204,49.89557,49.440384,50.068966,49.528038,49.76453,49.71712,49.37516,49.90894,49.61702
45.0175,45.078403,45.311768,45.23566,44.830627,45.62593,45.450397,45.433308,45.573196,45.673595,45.8194,45.75078,45.15502,45.494446,45.190506,45.09627,45.321487,45.81152,45.38049,45.427784,45.56083,45.54245,45.60208,45.142708,45.935642,46.09548,45.303413,45.81524,45.536858,45.59304,45.17383
46.927883,47.104816,47.226273,47.107468,47.335327,47.120953,47.347294,46.98437,47.270477,47.201527,47.314198,47.294197,47.423157,47.09781,47.2817,47.651836,47.727234,47.31759,47.37391,47.650967,47.498215,47.18984,47.669712,47.649384,47.23614,47.24061,47.662727,47.42597,47.558212,47.409763,47.43135
44.51788,44.563824,44.4861,44.637974,44.79197,44.921616,44.759468,44.906086,44.959385,44.89859,44.660057,44.758823,44.803967,44.891537,44.93046,45.03349,45.1479,45.172573,44.841496,45.08094,45.243496,44.86272,44.82296,44.862877,44.944233,45.001198,45.100777,45.22603,44.963173,45.116596,44.81666
54.145058,54.113777,54.3565,54.262463,53.937927,54.71947,54.47171,54.751762,54.671814,54.289974,54.509045,54.574833,54.32238,54.473248,54.680588,54.47242,54.62421,54.703415,54.407223,54.517357,54.690853,54.653328,54.674637,54.593613,55.104893,54.96678,54.594685,54.929245,54.734627,54.967625,54.528984
47.349033,47.49383,47.435684,47.55316,47.684258,47.58889,47.70678,47.582954,47.443886,47.64886,47.66803,47.4796,47.71395,47.38836,47.90128,47.72351,47.749462,47.443672,47.633038,47.981094,47.90406,47.757423,47.89505,47.705223,47.69624,47.784904,47.595226,47.97789,47.823284,48.03826,47.794205
44.841484,45.010868,44.914864,45.00621,44.81137,44.85363,45.083214,44.92238,44.794254,45.020237,45.234383,44.782715,45.0106,44.771664,45.020473,45.104458,45.03749,44.990868,45.232285,45.307213,44.900646,45.094326,45.0051,45.129044,45.109406,45.278687,44.94814,45.428387,45.42566,44.91322,45.328743
46.126297,46.559036,45.838135,46.89279,46.11454,46.153355,46.39512,46.639717,46.4785,46.581963,46.24847,46.653843,46.620678,46.58915,46.57437,46.773315,46.85739,46.45386,46.33018,46.98908,46.770405,46.044674,46.969906,46.19194,47.132347,46.550438,46.138973,47.26962,46.350586,47.189495,46.434574
47.23042,47.58273,47.59826,47.7885,47.056183,47.41881,47.67365,47.772545,47.839725,47.650646,47.75807,47.975056,47.479534,47.773037,48.084656,47.481354,48.033997,47.92202,47.679153,47.993786,47.930984,47.897522,48.347828,47.803917,48.71899,48.12052,47.91065,48.123184,47.704525,48.314194,48.142967
46.10749,46.063572,46.249313,46.640587,45.78367,46.17286,46.6415,46.505043,45.962093,46.17836,46.501534,46.4182,46.15001,46.29257,45.963364,46.480827,46.314957,46.30413,46.168766,46.396755,46.219017,46.61863,46.3654,46.139656,46.694485,46.877296,46.360764,46.89764,46.48418,46.39858,46.457283
43.565434,43.623173,43.778366,43.933132,43.40068,43.653458,43.676327,43.65393,43.410896,43.56096,43.3898,43.81801,44.06356,44.081894,43.554085,43.72935,43.353436,44.019623,43.650455,43.69154,43.844727,44.06406,43.67295,43.72236,44.12903,43.980103,44.092007,43.902878,43.906002,43.66903,44.260986
52.223705,52.073708,52.08676,52.213425,52.07515,52.449,52.06788,52.33795,52.35916,52.12794,52.36635,52.30001,52.280277,52.205,52.414135,52.08766,52.157852,52.347336,52.30978,52.56235,52.530506,52.369194,52.3878,52.26847,52.763325,52.746803,52.328163,52.44313,52.727295,52.776917,52.488037
50.810406,51.06665,50.5438,50.889397,50.90473,50.660988,50.99812,50.775448,50.839584,51.15771,51.210705,50.80195,50.821663,50.56301,51.143288,50.941654,50.9621,50.733368,51.09148,51.522858,51.186436,51.099285,51.19669,51.020058,51.20155,51.32637,50.671085,51.388508,51.399765,51.38682,51.251553
48.58521,48.645626,47.946663,48.192703,48.38404,48.368916,48.45482,48.58148,48.446438,48.44779,48.36209,48.57784,48.511566,48.355057,48.672382,48.731308,48.735832,48.41264,48.52745,48.81403,48.5998,48.65274,48.637276,48.747414,48.778385,48.746613,48.39849,48.963528,49.033287,49.08789,48.82021
47.419945,47.954914,47.98459,48.127705,47.76442,47.757904,48.20817,47.88961,47.81769,48.154057,48.248466,48.144886,48.105545,47.986435,48.02821,48.13988,48.232525,47.740364,48.047596,48.428844,47.778545,47.778015,48.35368,48.191673,48.38174,48.637863,48.091537,48.644657,48.053486,48.141125,48.43328
35.31259,35.33951,35.53576,35.60254,35.21649,35.33577,35.45288,35.52974,35.224354,35.59037,35.28353,35.71069,35.629745,35.940884,35.490326,35.316837,35.35909,36.081722,35.52901,35.544765,35.628864,35.983795,35.450775,35.351692,35.832066,35.863518,35.932846,35.81636,35.261387,35.36526,35.956173
49.025143,49.17953,48.927505,49.102146,49.08033,48.98767,48.893387,49.061417,49.42493,49.189228,49.108807,49.308277,48.98725,49.020428,49.294403,49.011948,49.001564,49.353916,49.260582,49.45926,49.6028,49.3357,49.370102,49.442184,49.522617,49.427628,49.47497,49.278507,49.601833,49.624306,49.446022
60.837242,60.960564,61.068832,60.955456,60.850456,60.94644,60.557648,60.86242,61.25115,60.891922,60.944134,60.603863,60.996723,61.189472,60.978504,60.77813,61.106583,61.00838,61.23227,61.132248,61.208572,61.168224,61.269825,61.111877,61.40182,61.302635,61.10744,61.13984,61.364193,61.444614,61.13921
64.06977,63.695942,63.86403,63.986652,64.10829,64.50291,64.462036,64.57279,64.536224,64.382256,64.84425,64.11476,64.02093,63.98287,64.6635,64.52498,64.58254,64.382965,64.70541,64.39607,64.634544,64.372635,64.78849,64.722244,64.842064,64.58169,64.25044,64.76674,64.67165,65.00317,64.36365
48.570114,48.455315,48.559067,48.692463,48.72506,48.599567,48.764637,48.69138,48.663124,48.874493,48.428574,48.749203,48.81036,49.126884,48.393337,49.20761,49.137188,49.15108,48.861073,48.620358,49.02302,48.916924,48.825882,48.83027,48.589355,48.617332,49.22585,49.177998,48.851006,48.821274,48.663197
49.22778,49.49239,49.13568,49.683834,49.1669,49.33887,49.295303,49.517326,49.551834,49.59533,49.32632,49.482758,49.613243,49.57648,49.61144,49.385555,49.551987,49.61593,49.505047,49.61909,49.85911,49.566154,49.867344,49.51448,50.063175,49.430702,49.443783,49.895935,49.742672,50.032074,49.60121
49.688393,49.38984,49.802658,49.670647,49.74437,49.948925,49.981483,49.706013,49.73122,49.982937,50.248306,50.114326,50.062534,49.936855,49.833366,50.08911,50.13923,50.070377,50.269043,49.85117,49.758736,49.66551,50.232178,50.22931,50.02947,49.937622,50.23539,50.10942,50.321518,49.932644,50.169964
33.623325,33.84308,33.894596,33.69461,33.67067,33.936844,33.486008,33.753063,33.69554,33.564434,33.33839,33.72017,34.07847,34.196182,33.241417,33.597263,33.54022,34.03965,33.629883,33.60496,33.691135,34.0793,33.51717,33.727463,33.846577,34.1101,34.11401,33.720924,33.823616,33.5503,33.893967
42.807854,42.838966,42.6846,42.75475,42.821693,42.941914,42.901436,42.881657,42.7036,43.141933,42.91408,42.989353,43.042473,42.906845,43.234314,42.905643,42.799717,43.060528,42.95622,43.124226,43.186428,43.178677,42.864433,42.85485,42.915195,43.124252,42.85753,43.44076,43.281013,43.184345,43.12834
52.232254,52.094517,51.567116,52.487,51.975777,51.92153,52.09847,52.191803,52.056435,52.192284,52.023254,52.222363,52.2685,52.242023,52.33704,52.473972,52.086685,52.437225,52.254288,52.734947,52.685825,52.1666,52.217793,52.03521,52.75911,52.4209,52.207012,52.667294,52.58316,52.686874,52.668587
54.279152,54.158684,54.247566,54.487263,54.2844,54.278397,54.211407,54.246155,54.453392,54.304924,54.41403,54.42987,54.577995,54.495377,54.413197,54.79133,54.373463,54.57526,54.73335,54.545338,54.5776,54.08232,54.64612,54.68828,54.638992,54.38159,54.67632,54.644268,54.857018,54.63659,54.73342
42.300854,42.356514,42.78376,41.661327,42.693733,42.65252,42.590538,42.424335,42.76952,42.461292,42.153618,42.693245,42.422794,42.939888,42.80503,42.88186,43.206917,43.124264,42.75796,42.425568,42.881462,43.11329,42.933533,43.112907,42.54108,42.727394,43.4464,42.548466,42.60961,42.820534,42.925533
54.45527,54.23425,54.136703,54.02592,54.557655,54.42905,54.33217,54.22674,54.402203,54.40394,54.21743,54.558743,54.338196,54.204353,53.968994,54.284397,54.447636,54.606106,54.485867,54.495735,54.711628,54.58551,54.74288,54.49862,54.42665,54.444084,54.62277,54.212563,54.608414,54.60788,54.17253
57.286407,57.00161,57.086784,57.110172,57.020676,56.64494,57.221935,56.748642,56.702198,57.10727,57.36468,57.233147,56.939373,56.88659,57.069233,57.23275,57.361572,57.004696,57.330925,57.60367,57.21549,57.310684,57.569153,56.917984,57.088726,57.328438,57.052433,57.419918,57.49015,57.411903,57.28728
58.07981,58.099613,58.37612,58.32392,58.04248,58.477715,58.482758,58.671352,58.215866,58.055347,58.35885,58.325024,58.418983,58.248837,58.499214,58.392113,58.542007,58.035873,58.27131,58.353504,58.344322,58.535152,58.950436,58.46318,58.858524,58.679596,58.196587,58.778282,58.297256,58.98296,58.343132
49.132904,49.230682,49.220062,49.278976,49.375763,49.3024,49.481823,49.365204,49.44518,49.272903,49.55658,49.404453,49.3405,49.16102,49.501854,49.943382,49.677746,49.270214,49.563244,49.71939,49.528545,49.103718,49.831264,49.631607,49.464516,49.536186,49.386303,49.777317,49.611492,49.79399,49.450752
35.308704,35.30332,34.860195,34.900238,35.353294,35.15943,35.242134,35.181877,35.452892,35.283005,34.796642,35.332233,35.257458,35.673832,35.398453,35.831596,35.485992,36.20542,35.57282,35.541027,35.859783,35.63526,35.19109,35.6338,35.654785,35.4261,36.036255,35.33933,35.616966,35.381905,36.07682
48.2932,48.34233,48.340164,48.33859,48.361023,48.235893,48.659378,48.534622,48.297432,48.691814,48.670643,48.67932,48.420395,48.702457,48.56638,48.792187,48.673504,48.369667,48.66482,48.442024,48.465065,48.7459,48.977062,48.67034,48.662937,48.86531,48.464676,49.125645,48.458145,49.014626,48.752106
46.678455,46.719498,47.087227,46.958958,46.91735,46.861626,46.86965,47.03416,47.02143,46.713455,46.84797,46.534733,46.965137,47.09855,47.084923,47.46884,47.48627,47.169853,47.299873,47.035683,47.052258,46.909542,47.186413,47.187256,46.937855,46.844864,47.30092,47.321983,46.977028,47.035385,47.081303
47.65885,48.00665,47.744133,47.859814,47.940483,47.92803,47.88813,48.025562,48.2163,48.073288,47.822273,47.932415,48.33345,48.020725,48.593918,48.10187,48.233532,48.27535,48.21322,48.201675,48.46448,48.286327,48.387524,48.76391,48.54174,47.866074,48.460484,48.295475,48.380035,48.46967,48.639008
42.149506,42.17941,42.32952,42.206436,42.027725,42.0499,42.049767,42.289043,42.34322,41.964268,42.03802,42.399185,42.11641,42.3861,42.25565,42.336094,42.29515,42.529327,42.299843,42.24552,42.442158,42.55658,42.524315,42.430344,42.49305,42.390335,42.659763,42.35755,42.30884,42.534893,42.471672
45.368782,45.031868,45.45047,45.35085,45.789215,45.214676,45.542095,44.913185,45.000957,45.453068,45.969246,45.229378,45.62989,45.023308,45.696682,45.56288,45.41359,45.33152,45.977802,45.78812,45.519905,45.494717,45.700848,45.94149,45.204727,45.29283,45.914837,45.258205,46.088352,45.35879,46.211353
42.64558,42.548893,42.586258,42.39086,42.423775,42.74439,42.30112,42.739796,42.97079,42.54267,43.048733,42.63711,42.4426,42.721695,42.839806,42.63857,42.492485,42.68649,42.818035,42.674545,42.69044,42.985615,42.44998,43.01651,42.806404,43.316338,42.852875,42.991066,43.42458,43.13851,43.03728
46.432655,46.252182,46.538033,46.264786,46.533554,46.683285,46.126118,46.278538,46.380756,46.70024,46.32882,46.612553,46.974564,46.893314,46.492424,45.98821,46.381645,46.838806,46.684284,46.23563,46.6951,46.840107,46.69105,46.634132,46.579147,46.35437,46.8917,46.419106,46.77499,46.65105,46.66135
55.636806,55.213333,55.63466,55.518417,55.890022,55.842823,55.98358,55.74323,55.742756,56.00871,56.195114,55.897633,55.995625,55.93132,56.108444,56.253944,56.181026,56.071594,56.36287,55.861885,55.987465,55.790764,56.31939,56.342583,56.002785,55.856567,56.222824,56.156685,56.05441,56.14009,56.25245
53.120277,52.82363,53.328514,53.056812,53.213554,53.203327,53.134636,53.182102,53.263702,52.886158,53.309116,53.409004,53.22314,53.031254,53.373245,53.553555,53.52586,53.195087,53.364853,53.343864,53.3487,53.141216,53.59932,53.63466,53.102615,53.200424,53.698406,53.373196,53.614662,53.60344,53.28602
52.94396,52.85709,52.711426,52.69931,52.698082,52.800575,52.631367,52.83441,52.812485,52.666706,52.882576,52.749485,52.554127,52.49168,52.450462,52.675926,52.59512,52.666885,52.838196,52.953312,52.768604,53.031727,52.645245,52.829674,52.70897,53.276924,52.756504,53.05149,53.429947,52.967037,52.67006
51.583828,51.56904,51.61963,51.817905,51.585724,51.60335,51.607845,51.76008,51.868767,51.809536,52.117863,51.87692,51.717175,51.80569,52.285126,51.7345,51.76491,51.717636,52.05509,52.052925,51.97109,51.85136,52.18252,52.121742,52.367947,52.216278,51.987347,52.1494,52.2108,52.495693,52.45083
43.9944,44.096584,44.404007,44.458,44.11737,44.239147,44.02349,44.307354,44.484917,44.019596,44.260384,44.332794,44.406643,44.46023,43.938858,44.408497,44.250874,44.38852,44.289722,44.200706,44.36416,44.309387,44.492542,44.57296,44.45193,44.435814,44.719414,44.36367,44.38304,44.43541,44.291542
50.26511,50.155067,50.165436,50.71381,50.24369,50.034767,50.245136,50.06212,50.14925,50.380547,50.61406,50.75756,50.495213,50.468914,50.171,50.229485,50.32509,50.12154,50.215187,50.81149,50.617615,50.421146,50.832043,50.190483,50.77361,50.8311,50.519047,50.522217,50.640675,51.0377,50.657673
49.766563,49.321804,49.724762,49.64864,49.68743,49.47903,49.46981,49.506134,49.174355,49.31551,49.51788,49.474907,49.6256,49.63177,49.559025,49.52395,49.554634,49.599827,49.789524,49.788845,49.591934,49.858,49.62861,49.473022,49.548256,49.850258,49.934742,49.61498,49.796825,49.693317,49.97978
53.087563,52.896492,53.254257,52.90067,53.566017,53.227234,52.903072,53.00851,53.245266,53.13274,52.910732,53.043346,53.504154,53.472626,53.27012,53.20005,53.436337,53.39167,53.471176,53.165363,53.511642,53.52047,53.416626,53.75879,53.13334,53.12818,54.027405,53.06171,53.45993,53.47487,53.592743
55.96407,55.96152,56.274933,56.224766,56.274284,56.334953,56.51963,56.108955,56.53139,56.620476,56.613422,56.077778,56.261597,56.42045,56.85353,56.36583,56.728157,56.91815,56.768295,56.758286,57.1492,56.86419,56.831802,56.697006,57.064476,56.582848,56.93173,56.510777,56.811882,56.76723,57.02177
38.021873,38.087772,37.65352,38.68395,38.380417,38.160336,38.220165,38.41517,38.200634,38.39163,37.862503,38.25677,38.58771,38.36496,38.411995,38.34891,38.496296,38.697517,38.144802,38.740993,39.025887,38.44244,38.35885,38.26638,38.69637,38.096687,38.771988,38.535625,38.276447,38.66652,38.55075
44.590397,44.492725,44.482437,44.601643,44.446274,44.62898,44.612587,44.661114,44.745014,44.915455,44.961926,44.795464,44.428333,44.78653,44.791832,44.633957,44.61404,45.06021,45.03162,44.81314,44.84119,44.799763,44.74837,44.713127,45.049625,45.123734,44.8532,45.067886,45.10963,44.915554,45.049885
45.23531,45.11637,45.475822,44.78552,45.237923,45.741528,45.142097,45.39568,45.675964,45.175198,45.507263,45.32624,45.299118,45.609894,44.92099,45.266666,45.694736,45.589046,45.561848,45.096134,45.153522,45.52801,45.507584,45.67417,45.543602,45.83145,45.71421,45.27141,45.67529,45.47306,45.27969
39.658028,39.778088,39.543877,39.25426,40.27774,39.677147,39.600853,39.47516,39.732143,39.965893,39.592304,39.784412,40.191624,40.070656,40.141663,40.055576,40.08968,39.862072,40.12256,39.966152,40.006268,39.890705,40.122513,40.34346,39.68745,39.744576,40.23633,39.830128,39.97189,40.189484,40.442265
43.757233,43.08517,43.61537,43.33063,43.795074,43.661427,43.26129,43.418243,43.71442,43.249043,43.44671,43.54432,43.59341,43.76224,43.23737,43.873207,43.64824,44.06199,43.733204,43.33614,44.034462,44.034256,43.45815,43.945724,43.148277,43.34307,44.494026,43.264374,44.149323,43.69391,43.591923
52.364967,52.774452,52.7246,52.633038,52.84346,52.571983,52.682644,52.53991,53.140633,52.98259,53.25744,52.531788,52.6276,52.489765,53.091846,52.944355,53.004436,52.614674,53.073097,53.23115,53.143898,52.869617,53.18798,53.288284,52.84606,53.08457,52.856705,53.176605,53.270374,53.276005,52.96271
51.63446,51.32922,51.398163,51.577717,51.51391,51.79249,51.99823,51.743217,51.442272,52.068962,52.118626,52.04107,51.807217,51.650513,51.85265,51.64598,51.7564,51.93816,51.94016,51.877735,51.81761,51.976055,51.911884,51.89515,52.095695,52.113884,51.875862,52.21603,52.168568,51.952766,52.09786
51.70955,51.49764,51.65413,51.857475,51.77664,51.927204,52.051994,51.866047,51.764584,52.172855,52.5651,51.94842,52.068604,51.624935,52.384068,51.914654,52.060574,51.92951,52.37797,52.149826,51.965946,51.867485,52.294033,52.36876,52.259037,51.986084,52.01375,52.3478,52.522095,52.21815,52.412064
58.024414,57.83062,57.707573,58.10404,58.04975,58.227013,58.18294,58.09744,57.844734,58.07147,57.961773,57.9658,58.322952,57.8643,58.202724,57.986465,57.93714,58.21922,58.083687,58.49461,58.55885,58.362873,58.154182,58.10949,58.55148,58.32585,58.199993,58.262043,58.498634,58.38852,58.410698
47.026512,47.456444,46.906616,47.394257,47.264267,47.21759,47.209488,47.46661,47.487133,47.354248,47.006954,47.02623,47.48684,47.355755,47.36727,47.70224,47.280865,47.511562,47.464085,47.554214,47.628944,47.290802,47.333397,47.637276,47.65957,47.41539,47.371323,47.806942,47.47354,47.515575,47.580544
35.48827,35.93369,36.00009,35.83986,36.02275,35.825233,35.980415,35.693165,35.75167,36.23658,36.107166,36.135784,36.335247,36.058964,36.4764,35.876656,36.081818,36.007957,36.180027,36.35865,36.025803,35.90629,36.44879,36.1707,36.216454,36.180244,36.132267,36.246735,35.870758,36.12743,36.588875
44.182888,44.531452,43.924828,44.431282,44.136658,44.055546,44.278076,44.43286,44.298492,44.348183,44.44877,44.508324,44.431023,44.12414,44.3101,44.35912,44.227924,44.025284,44.16826,44.667145,44.400806,44.543118,44.57673,44.55745,44.663567,44.744904,44.11863,44.83216,44.54127,44.866566,44.511143
47.287094,47.427277,47.269844,47.530178,47.370934,47.360573,47.371437,47.49623,47.588737,47.428963,47.740025,47.508106,47.53643,47.408382,47.327835,47.690975,47.46652,47.25128,47.572834,47.569786,47.492172,47.4553,47.783035,47.834793,47.68628,47.749237,47.487366,47.80331,47.833874,47.922783,47.60297
45.06771,45.657455,44.938866,45.07241,45.464943,44.7205,44.965244,44.76648,44.99745,45.40807,44.76003,45.046288,45.602592,45.26107,45.441143,45.231438,45.252335,45.06293,45.27483,45.691006,45.44515,45.507812,45.238457,45.607834,45.143215,45.241806,45.46244,45.499847,45.666584,45.43768,45.927082
47.631256,47.69614,47.98253,48.037548,47.571068,47.817898,47.94797,48.160534,47.876892,47.699272,47.918175,47.907467,48.030964,48.09688,48.03092,48.29987,47.96808,48.071243,48.17266,47.81231,47.79246,47.93279,48.187695,48.32621,48.33412,48.102386,48.19864,48.405174,47.928265,48.031826,48.351044
55.679996,55.09167,55.090454,55.01757,56.089737,55.518963,55.45852,55.286358,55.394825,55.732685,55.334633,55.6562,55.76371,55.411777,55.43538,55.57273,55.58993,55.958683,55.85575,55.699284,56.008263,55.854313,55.592827,56.05768,55.252132,55.386444,56.286472,55.343357,55.819275,55.594685,55.775375
52.58441,52.82607,52.77999,52.45305,53.437073,52.734848,52.981636,52.20263,52.83126,53.46006,52.9342,52.92737,53.157608,52.742973,53.126095,52.805695,52.92351,53.034637,53.226482,53.23295,53.55069,53.295246,53.359234,53.536316,52.75539,52.809715,53.49612,52.7911,53.451027,53.107838,53.42122
45.518803,45.66556,45.48046,45.02074,45.92131,45.481735,45.3209,45.35489,45.80282,45.526173,45.410614,45.2127,45.684242,45.300343,46.019695,45.478786,45.974323,45.8097,45.892883,45.844322,46.05489,46.20171,45.82141,46.381065,45.50878,45.307396,46.165592,45.394764,46.121895,45.845554,46.01494
51.810688,51.661137,51.94744,52.165924,51.920662,52.02388,52.047615,52.06865,51.924164,51.961346,52.110096,52.0192,52.292786,52.05003,52.42173,51.979668,52.232212,52.21975,52.273052,52.247936,52.32348,52.217934,52.493145,52.401955,52.646294,52.062256,52.51685,52.18642,52.298054,52.427143,52.638268
50.982426,51.188152,51.298264,51.212677,51.12587,51.277325,51.13862,51.429108,51.155422,51.07917,50.731297,51.057053,51.493595,51.46916,51.32981,51.253605,51.135082,51.391644,51.244633,51.109985,51.482925,51.61963,51.515736,51.379128,51.55794,51.292313,51.37911,51.50494,51.015305,51.489174,51.37858
41.68852,41.816677,41.73192,42.00706,41.584038,41.671608,41.759045,42.10283,41.795456,41.68033,41.65483,41.662548,41.85708,41.978638,41.984856,42.34305,41.770542,42.01331,42.018257,41.78752,41.90552,41.916054,41.805798,42.005836,41.93053,41.862343,41.89544,42.47412,41.961945,41.984314,42.08751
54.724823,54.055634,54.13009,54.376923,54.301888,54.57838,54.075684,54.66286,54.315147,54.25066,54.270008,54.71481,54.58317,54.860405,54.20277,54.358944,54.53671,54.51959,54.525326,54.278107,54.35739,54.429817,54.54151,54.326332,54.73291,54.71463,54.643383,54.666763,54.714188,55.039715,54.495537
51.69971,51.200886,51.607773,51.655006,51.615982,51.21805,51.435265,51.400246,51.143112,51.46398,51.50825,52.140568,51.80271,51.799686,51.49438,51.587444,51.592915,51.531326,51.68366,51.58265,51.55508,51.679226,52.08359,51.67433,51.551193,51.603767,52.059227,51.67783,51.555035,51.967793,51.88744
55.544914,55.77019,55.71521,55.970608,55.37722,55.646126,55.97083,56.010277,55.732025,55.73262,56.014874,55.640915,55.630615,55.555252,55.98168,55.693607,56.012596,55.771603,55.95019,56.234882,55.82603,56.01315,56.226307,55.8444,56.57331,56.350838,55.659676,56.332355,55.881516,56.11731,56.103516
54.399876,54.605034,54.403725,54.808094,54.876755,54.494743,55.03719,54.575542,54.515648,54.87876,54.92022,54.480732,54.915997,54.49665,54.79539,55.211918,55.147957,54.51964,54.883858,55.366463,54.95622,54.71068,55.021168,55.01931,54.86693,54.999306,54.8418,55.258972,55.01806,54.98604,55.106083
44.683746,44.71739,45.3264,45.06428,44.751183,44.784805,45.184414,44.853016,44.76948,45.185566,45.59275,45.13255,44.96609,44.898727,45.43342,45.110912,45.247902,44.99805,45.294876,45.206512,44.977207,45.1979,45.350655,45.189537,44.913918,45.211227,45.190388,45.655785,45.345,45.121727,45.315296
44.7246,44.46198,44.56382,44.42841,44.774834,44.662502,44.591698,44.452282,44.478336,44.85872,44.611847,44.84599,44.80758,44.903625,44.299866,44.505066,44.50893,45.11245,44.92102,44.64292,44.773743,45.009304,44.676533,44.770813,44.70383,44.919365,45.131886,44.61208,44.864624,44.52847,44.951084
50.146725,50.341824,50.8235,50.42258,50.539787,50.373375,50.57847,50.334053,50.46675,50.37608,50.29776,50.86899,50.74981,51.1087,50.190147,50.788647,50.92376,50.526276,50.470387,50.586388,50.552822,50.668335,51.218746,50.723892,50.86459,51.065857,51.131752,50.617306,50.176464,50.89728,50.828487
54.969246,54.96357,54.86741,55.393593,55.145752,54.97434,55.07814,55.118652,54.98877,55.204536,54.95469,54.975197,55.310184,55.120247,55.25441,55.115986,55.15729,55.318443,55.27163,55.56877,55.522697,55.28374,55.19044,55.246872,55.49454,55.309578,55.506844,55.467976,55.384842,55.34373,55.56724
44.42256,44.58918,44.62271,44.773945,44.659042,44.81813,44.668995,44.741623,44.528885,45.105797,44.92951,44.74128,45.07597,44.83042,44.90575,44.45676,44.485786,44.886627,44.929348,45.021656,44.671616,44.780117,44.519943,44.818764,44.916496,45.28923,44.85293,45.29811,44.89612,44.601868,45.162266
41.361774,41.67352,41.71801,41.768948,41.712975,41.813396,41.902195,41.79918,41.91153,41.89073,41.98144,41.733932,41.97189,41.877182,42.182304,41.91234,42.03236,41.939774,41.84741,42.098103,42.17661,42.251537,41.988304,42.329147,42.258896,42.19494,42.313644,42.163082,42.222565,42.200813,42.462284
41.174603,41.489536,41.491043,41.22592,40.920586,41.51981,40.858486,41.53216,41.64107,41.2428,40.900673,41.623867,41.485474,42.020264,41.431778,40.959164,41.296844,41.64727,41.077057,41.16906,41.60214,41.881607,41.469048,41.256332,41.884586,41.85515,41.55747,41.674095,41.446373,41.99187,41.424294
46.655872,46.425034,46.242058,46.473778,46.785934,46.396816,46.42694,46.365173,46.38547,46.5416,46.50585,46.515724,46.734375,46.56041,46.735424,46.704994,46.55624,46.70431,46.789932,46.982063,46.939945,46.710945,46.741726,46.65663,46.691856,46.664154,46.79334,46.599255,46.84314,46.921265,47.055565
46.37863,46.4192,46.453476,46.593277,46.339745,46.225853,46.357433,46.3875,46.35205,46.50583,46.66087,46.716732,46.504425,46.533607,46.418404,46.434235,46.506332,46.382004,46.64003,46.6556,46.38156,46.45864,46.83509,46.562134,46.68476,46.79293,46.59344,46.799267,46.672653,46.785664,46.73584
46.513138,45.83418,46.5934,45.96326,46.760483,46.73384,46.742325,46.363983,46.553833,46.45042,47.215935,46.941082,46.410625,46.54511,46.59195,46.945393,46.8658,46.584408,46.883713,46.532784,46.629025,46.700115,47.050213,47.089752,46.48589,46.99124,47.19469,46.442486,47.016956,47.0546,46.929806
42.496754,42.192287,42.423943,42.285484,42.759926,42.38115,42.538208,42.145515,42.311367,42.55259,42.89974,42.49974,42.710743,42.478634,42.24715,42.91353,42.55755,42.49166,42.786297,42.566086,42.480137,42.748344,42.349705,43.129242,42.041714,42.652794,43.149216,42.598175,43.296303,42.418484,43.002037
40.564034,40.62404,40.510605,40.85555,40.402817,40.57169,40.59008,40.880196,40.629948,40.638695,40.79622,40.902744,40.72606,40.850464,40.749214,40.772133,40.830433,40.818142,40.823353,41.016262,40.525368,40.52889,40.78645,40.670715,41.14937,41.226753,40.80043,41.22017,40.762287,40.91253,41.07304
45.099304,45.573837,45.297646,45.274418,45.292313,45.434906,45.473114,45.420776,45.915737,45.77419,45.733253,45.71955,45.42096,45.733875,45.50777,45.640575,45.636616,45.71445,45.582653,45.78348,45.783386,45.708633,45.784847,45.8834,46.064964,46.25878,45.72604,45.95452,45.813763,45.98374,45.86257
61.22094,61.74048,61.2584,61.586514,61.253937,61.360348,61.54747,61.50032,61.604355,61.8818,61.272957,61.212307,61.58818,61.47539,61.837116,61.41453,61.50177,61.83523,61.721436,61.891415,62.05012,61.96178,61.63399,61.769928,62.138634,61.737648,61.560234,62.181297,62.00961,61.760345,61.932327
39.66077,39.07201,38.61257,39.1568,39.28936,39.222458,39.607365,39.28538,38.890133,39.19753,39.744408,39.140884,38.924263,38.538246,38.730198,39.691032,39.045773,39.45766,39.554497,39.69872,39.169395,39.35311,38.67479,39.30462,39.024746,39.63569,39.255924,39.45376,40.16527,38.843105,39.485195
48.675922,48.95072,48.975525,49.130608,49.256966,48.838238,49.289158,48.76641,48.78291,49.57637,49.197582,49.111614,49.3423,49.216015,49.375465,49.232468,48.85656,49.14234,49.366257,49.386196,49.412598,49.290306,49.315826,49.391106,49.234295,49.4122,49.407032,49.545113,49.269947,49.2315,49.83617
54.881077,55.08476,55.024147,55.03113,55.07425,55.200577,55.290062,55.097023,54.840816,55.355713,54.758797,55.304302,55.60794,55.24958,55.156063,54.891247,55.193974,55.3691,55.0877,55.335873,55.39487,55.525047,55.44952,55.265602,55.56662,55.33242,55.382854,55.438175,55.12655,55.23964,55.39642
56.607796,55.975254,56.73549,55.98478,56.805473,56.586327,56.28346,55.959717,56.457687,56.392918,56.97866,56.494946,56.530487,56.234497,56.557484,56.357048,56.673176,56.482956,56.89449,56.650806,56.696655,56.71349,56.81325,56.89882,56.092026,56.511528,57.04307,56.147655,57.303825,56.730354,56.652836
42.282288,42.196095,41.87915,41.64306,41.991264,41.743603,41.603752,41.652145,42.106945,41.79394,42.025135,42.46179,41.838776,41.95589,42.031895,41.733147,42.236004,41.934917,41.87664,42.498356,42.25101,42.39316,42.328552,42.02204,42.141228,42.46315,42.24876,41.87023,42.655308,42.775654,42.276512
54.45208,54.01863,54.3238,54.61063,54.024635,54.563553,54.071,54.612083,54.538403,54.099075,54.649353,54.132774,54.397514,54.500286,54.363113,54.2863,54.382896,54.648464,54.663963,54.508305,54.436325,54.509,54.221977,54.50963,54.92987,54.820457,54.706905,54.635765,55.0478,54.622433,54.727535
52.7735,52.726208,52.65824,53.12512,52.674225,52.837517,52.949074,53.027287,53.27802,53.23158,53.760006,53.078682,52.862522,52.78287,53.64886,52.884655,53.327766,53.205128,53.35837,53.735798,53.375957,53.08897,53.36888,53.332138,53.82181,53.578087,53.18407,53.564297,53.588837,53.655426,53.6198
51.25096,50.86819,50.860542,50.93994,51.678535,51.330784,51.08103,51.221184,51.110382,51.46402,51.287106,50.81267,51.359917,51.149242,51.539444,51.403778,51.29615,51.295673,51.740715,51.257748,51.45225,51.36056,51.02119,51.71131,50.86118,51.10901,51.62007,51.534775,51.86188,51.44114,51.60511
32.579037,32.438942,32.591476,32.66782,32.22062,32.62078,32.52501,32.822224,32.671375,32.42803,32.39824,33.25368,32.52688,33.218456,32.20569,32.976242,32.89976,33.056522,32.51603,32.380123,32.568684,32.59899,32.779873,32.46982,32.85276,32.904335,33.07055,32.99045,32.69961,32.92718,32.591
38.54878,38.952507,38.494133,38.366474,38.9392,38.59122,38.74785,38.580482,38.816814,38.70234,38.729546,38.319855,38.725204,38.79311,38.649773,39.388813,38.81863,38.638096,38.959003,38.935875,38.81768,38.91432,38.709435,39.172066,38.652927,39.119667,38.782436,39.01231,39.113674,38.920822,39.208153
53.976456,53.544064,53.858696,54.325233,54.336876,54.428913,54.24671,54.35799,53.8402,54.25518,54.377785,53.79262,54.54723,53.993114,54.45575,54.11035,54.154015,54.272575,54.540897,54.415424,54.3263,54.127125,54.144302,54.393806,54.419716,54.233604,54.467472,54.440453,54.388638,54.214317,54.60083
48.282284,47.955368,47.982887,48.51543,48.215523,48.451717,48.480408,48.95071,48.046535,48.37801,48.16402,48.150494,48.229572,48.39741,48.617756,48.45624,48.195168,48.57297,48.451885,48.306843,48.576927,48.72992,48.16962,48.217796,48.602047,48.640106,48.402977,49.067196,48.236546,48.65923,48.53731
45.404697,45.474804,45.193108,45.223083,45.162315,45.453663,45.295288,45.629658,45.63823,45.324432,45.302307,45.50471,45.49325,45.697033,45.49725,45.53356,45.673744,45.778847,45.632362,45.45118,45.558987,45.683933,45.80548,45.723984,46.122517,45.68386,45.576878,45.672047,45.61326,45.892666,45.77788
47.377243,47.88167,47.77472,47.89855,47.41897,47.84849,48.215828,48.190872,47.86409,48.1511,47.948124,47.635563,47.874416,48.088306,48.145493,48.052876,48.113884,48.035187,47.960567,47.809437,48.02715,48.563747,48.01986,48.27114,48.480827,48.332237,47.980637,48.80134,48.123196,48.17257,48.342735
53.317806,52.92383,52.997658,52.86533,53.056496,53.509872,53.292507,53.423885,53.24135,53.12546,53.62145,53.055157,52.99249,52.949585,53.086094,52.926605,53.330517,53.328125,53.34088,53.40868,53.26542,53.833786,53.131638,53.4104,53.610405,53.96488,53.3655,53.35744,53.808506,53.47371,53.398148
53.526966,53.591305,54.306793,53.797592,53.618492,53.808674,53.847576,53.653732,53.809048,53.69074,54.15467,54.0347,53.897583,54.056114,53.9924,53.768097,54.00627,53.730293,53.92109,54.071453,53.8344,54.108257,54.31678,54.064964,54.25347,54.59079,54.278717,54.0694,54.102085,54.246323,54.359234
47.322586,47.16783,46.73736,47.355118,46.97281,46.993507,46.885876,47.42499,46.971737,46.92659,46.771286,47.357613,47.227425,47.29359,47.204277,46.980965,46.95739,47.050743,46.874218,47.290653,47.443985,47.613743,47.254745,47.02471,47.61252,47.47235,47.198284,47.465847,47.32718,47.971275,47.416523
52.295853,52.036057,52.421364,52.384163,52.05748,52.383816,52.086067,52.162453,52.263218,52.166374,52.41828,52.490692,52.35919,52.477074,52.13596,52.236603,52.381622,52.341984,52.309464,52.407055,52.414562,52.332287,52.44258,52.146828,52.4255,52.6093,52.52725,52.53093,52.904522,52.68005,52.30307
44.383186,44.11678,43.968437,43.920273,44.237984,44.047344,44.10983,44.061035,43.912613,44.08094,44.435204,44.262016,44.145554,44.229904,44.51601,44.206837,44.420776,43.957676,44.297268,44.69549,44.190193,44.497314,44.308872,44.177353,44.39409,44.88179,44.266773,44.450623,44.710342,44.855595,44.892548
45.451378,45.230953,45.18094,45.172894,45.521385,45.22678,44.98415,45.2096,45.529102,45.61713,45.391068,45.410454,45.38618,45.54171,45.70739,45.098785,45.26705,45.91058,45.73213,45.596603,45.91242,45.90757,45.377075,45.6763,45.50636,45.532524,45.940643,45.439045,45.768784,45.691414,45.887726
51.91045,51.819473,52.051613,52.096622,51.82946,51.891285,52.065437,52.019215,52.01609,51.68694,51.66542,52.14336,52.05741,52.22821,51.89086,52.46895,52.434822,52.321014,52.024418,52.12733,52.388424,52.18098,52.505264,52.116318,52.358437,51.984222,52.49643,52.18881,52.15051,52.397446,52.137493
45.188,45.426643,45.13215,45.2034,45.28282,45.147118,45.280308,45.314137,45.561676,45.51759,45.843468,45.13224,45.290516,45.172596,45.516293,45.598507,45.338802,45.382263,45.80655,45.613358,45.353065,45.501015,45.414223,45.974434,45.521557,45.73651,45.401283,45.81646,45.895576,45.49885,45.845474
44.644543,44.569572,44.95282,44.111317,44.765488,44.810753,44.15854,44.36407,45.035194,44.41794,44.791496,44.77072,44.717823,44.701927,44.61459,44.49374,44.93038,44.777584,44.955616,44.63264,44.64425,44.681885,45.016888,45.145805,44.540344,44.728386,45.147366,44.34459,45.21395,44.91796,44.69903
42.497578,42.591354,42.29181,42.53293,42.022118,42.660187,41.707474,42.797825,42.81121,42.213924,41.920677,42.701656,42.562294,42.746056,42.29171,41.89211,42.39189,42.80526,42.17152,42.44871,42.63334,42.526535,42.36026,42.13147,42.857563,42.64437,42.463863,42.696983,42.593014,42.912327,42.024925
44.194973,43.81915,43.918793,43.9501,44.22197,43.964813,44.415733,44.139755,43.704746,44.26529,44.12466,44.337532,43.941242,44.09158,44.29575,44.35476,44.207874,44.4597,44.362793,44.40026,44.36254,44.469067,44.255035,44.03659,44.117817,44.432373,44.41397,44.489628,44.136948,44.263447,44.513474
36.922688,36.772385,36.585403,36.813454,36.680595,36.407883,36.59608,36.530796,36.84362,36.95738,37.169434,37.33148,36.57203,37.196007,36.69706,36.907368,36.920403,37.176167,37.185432,37.33078,36.78364,36.61349,37.068745,36.6364,37.28143,37.581993,37.08351,37.015884,37.0088,37.1268,37.454372
43.854404,44.278496,43.756706,43.894173,44.08322,43.51866,43.834164,43.565468,43.81736,44.151962,43.686188,43.90024,44.15453,44.11336,43.994587,44.169884,43.949417,44.07618,44.14953,44.404575,44.176807,44.143593,43.98563,44.19281,44.007843,44.17347,44.223248,44.267735,44.340454,44.037125,44.61834
43.761574,43.90904,43.775063,43.159157,43.960815,43.518394,43.412193,43.39647,44.009842,43.60538,43.595955,43.779858,43.759003,43.976166,43.75402,43.981026,44.17583,43.711205,43.88128,43.73599,44.000057,44.21936,44.219826,44.320038,43.601154,43.76895,44.183018,43.651924,44.218834,44.39075,44.010906
52.036987,51.923767,52.061234,52.322227,51.88868,52.150734,51.81997,52.218327,51.81526,52.02483,51.56847,51.92597,52.38888,52.542442,52.155025,51.99292,51.751915,52.436428,52.24474,52.035355,52.24156,52.17123,51.96226,51.830444,52.43716,52.223152,52.23931,52.463142,52.123608,52.15595,52.42278
40.77904,40.94273,40.752052,40.8221,40.79766,40.755947,40.455204,40.618893,40.8426,40.820057,40.688557,40.784397,40.9867,41.055115,40.676487,40.557796,40.713764,40.940277,40.773926,41.081703,41.020382,41.180706,40.642315,40.844902,40.964565,41.25128,41.15482,40.91618,41.329716,41.028713,41.18435
57.002876,56.93653,57.150063,57.267437,57.228256,57.258938,57.672318,57.23738,57.026974,57.517334,57.720394,57.336998,57.30034,57.078243,57.306145,57.28866,57.49876,57.163506,57.489525,57.551746,57.40813,57.479538,57.86913,57.456406,57.685436,57.679153,57.334858,57.65641,57.459766,57.63235,57.515144
54.222668,54.287178,54.59278,54.332104,54.511246,54.199104,54.36161,54.11627,54.4799,54.12786,54.530964,54.32485,54.364742,54.224995,54.7257,54.531864,54.696236,54.22402,54.555035,54.824844,54.84274,54.678425,55.148018,54.78058,54.69789,54.563194,54.78768,54.313255,54.77786,55.087208,54.843422
45.066692,44.648766,44.604218,44.613556,45.123146,44.889694,45.12876,45.039303,44.785557,45.04085,44.850006,45.1163,44.948837,45.192894,44.925137,45.477295,45.35812,45.32027,45.22538,44.961937,45.158585,45.29491,45.095997,45.250626,44.922256,45.07556,45.456047,45.294937,45.14987,45.25049,45.2968
38.46412,38.58942,38.43654,38.90489,38.4116,38.65019,38.381992,38.794113,38.97944,39.00499,39.159077,38.67067,38.64083,38.891647,39.05263,38.506084,38.681362,39.011024,39.04672,38.95025,38.891518,38.71939,38.705738,38.824577,39.238037,39.12078,38.833385,39.24049,39.172325,39.09483,39.155838
44.80646,44.170044,44.919807,44.76944,45.05529,44.988735,45.210873,44.868702,44.748295,45.012035,45.39856,45.17962,44.96024,45.219933,44.933773,45.568775,45.30179,45.30481,45.387005,44.98374,45.01831,44.877026,45.217697,45.176544,44.89269,45.225235,45.582783,45.21563,45.05231,45.05526,45.339565
54.23509,54.369938,54.630524,54.416687,54.803185,54.415424,54.16927,54.076607,54.499836,54.587276,54.554245,54.223816,54.89038,54.73839,54.694378,54.32119,54.37599,54.38062,54.820366,54.71722,54.76595,54.688107,54.82126,54.931007,54.679226,54.757263,54.946903,54.41537,54.833084,54.853672,55.163956
48.168816,48.64061,48.55587,48.554047,47.979492,48.732986,48.457687,48.977222,48.528896,48.1835,48.339756,48.163147,48.6179,48.555878,48.544445,48.503128,48.459263,48.213657,48.321423,48.31761,48.30207,48.845257,48.496925,48.705788,48.994576,48.974632,48.270134,49.154915,48.8019,48.868378,48.60402
49.729618,50.009754,50.493042,49.957584,50.330307,50.116062,50.516357,49.921505,50.27196,50.684067,50.63901,50.550674,50.373913,50.476456,50.67268,50.45852,50.76385,50.443348,50.740353,50.506947,50.400085,50.285187,51.09738,50.78691,50.555283,50.582703,50.76768,50.636585,50.30653,50.54705,50.844067
47.671284,47.446133,47.369713,47.87833,47.66269,47.769028,48.127968,48.102196,47.55837,47.763462,48.026012,47.91361,47.90967,47.576626,48.38535,48.183704,48.09013,47.86282,47.835125,48.355724,48.106174,48.043274,47.925716,48.071487,48.240658,48.195618,48.036846,48.485855,48.119335,48.327145,48.416466
48.486645,48.70439,48.718018,48.451363,48.59574,49.196068,49.201866,49.163334,48.92451,48.957508,48.74311,49.128914,49.012665,48.96197,48.955227,49.09515,49.068516,49.162415,48.897076,48.71799,48.99518,49.112175,49.305676,49.264877,49.406506,49.174026,48.99102,49.335644,48.88137,49.16094,48.967815
47.436665,47.711697,47.6261,47.30421,47.97032,47.535625,47.87108,47.28226,47.43442,48.022156,47.776974,47.86348,48.135773,47.777493,48.170815,47.973106,47.991913,47.56216,47.965126,48.04029,47.824966,47.87398,48.112118,48.33145,47.69527,47.8739,48.093163,48.064022,48.219425,48.04899,48.530354
48.538303,48.174175,48.427345,48.917816,48.500572,48.756584,48.821426,48.85257,48.451103,48.721996,48.993046,48.855637,48.77368,48.398697,48.65995,48.591408,49.081593,48.88225,48.847595,49.031136,48.694157,48.478073,48.91093,48.652084,48.953995,48.73166,48.93364,49.05223,48.900227,48.737953,48.654816
47.452904,47.899166,48.119354,48.03753,47.752594,48.09543,47.990246,47.95839,48.083992,48.056274,47.90031,47.95946,48.251072,48.290363,48.122196,47.908836,47.894848,48.210484,47.934982,48.14188,48.343266,48.339355,48.217243,48.18692,48.58488,48.50582,48.31761,48.30441,48.06574,48.23791,48.406372
33.93133,34.48428,34.464706,34.187916,34.13063,34.585007,34.453316,34.347336,34.64829,34.497646,34.652695,34.466824,34.608192,34.48455,34.470512,34.557133,34.534412,34.61138,34.508003,34.455494,34.400867,34.538895,34.497837,34.960636,34.71852,34.756332,34.699642,34.75125,34.987232,34.424618,34.79992
41.961037,42.174652,41.545815,41.985596,41.806572,41.515217,41.602108,41.747128,41.908047,42.045525,41.72655,42.27534,41.986137,42.23755,42.00901,41.825336,42.03472,42.02494,41.892597,42.42553,42.18144,42.063763,42.167953,41.803642,42.390408,42.365585,42.038506,42.269478,42.16634,42.568115,42.408348
49.850895,50.159687,49.850304,50.12045,50.19316,49.87909,49.946053,49.791332,50.053654,50.196735,49.811176,49.404896,50.263496,49.905964,50.09302,50.295048,49.79774,50.334232,50.279648,50.326168,50.69949,50.44927,49.878803,50.31893,49.936607,49.827377,50.19474,50.285004,50.562088,49.95167,50.298088
53.76249,53.471146,53.725105,53.772915,54.09661,53.734173,53.85096,53.756382,53.732018,54.07685,53.925213,54.08618,53.90977,54.083565,53.847446,53.89775,54.074314,53.970398,54.170864,53.97457,54.03318,53.975643,54.24797,54.13658,53.988064,54.140274,54.451855,54.06132,53.971317,54.257755,54.240673
51.23141,50.983154,50.96633,51.007915,51.313583,51.048088,51.166615,51.093014,51.272957,51.339577,51.344936,51.609562,51.078033,51.272243,51.42506,51.236984,51.255413,51.45824,51.347206,51.685795,51.686836,51.548218,51.499275,51.398743,51.53634,51.833305,51.68338,51.40573,51.464138,51.822346,51.70229
52.957497,53.164825,52.48472,52.962086,52.991447,52.804028,52.858818,52.925983,52.976315,53.185642,52.5993,53.05572,53.283264,53.0726,53.276524,52.843273,53.327705,53.08813,52.960575,53.328094,53.619797,53.417755,53.554314,53.1519,53.5579,52.83796,53.074844,53.26653,53.34534,53.83546,53.26725
47.07877,47.144665,47.132187,46.779175,47.085663,47.38301,47.05864,47.332737,47.397797,47.09722,47.15366,47.11621,47.165653,47.47623,47.11705,47.425396,47.383526,47.24845,47.24305,47.127995,47.22389,47.501625,47.190784,47.439484,47.31381,47.759697,47.330753,47.590805,47.528996,47.61282,47.300266
49.818188,49.796867,49.899162,49.75562,50.01554,50.615128,49.81479,50.589466,50.521652,50.214428,49.84396,50.441444,50.279263,50.684456,50.280228,49.820137,50.41582,50.38134,50.04208,49.854553,50.418842,50.31224,50.60414,50.255028,50.771225,50.545403,50.368248,50.43895,49.86175,51.05679,49.94385
51.65262,51.668346,51.940544,52.320442,51.73941,52.146,52.220448,52.056942,51.807644,52.261368,52.32531,51.993645,52.283363,52.035797,52.31299,51.755047,51.89894,52.11739,51.963444,52.288113,52.47009,52.56194,52.151405,52.086426,52.59831,52.45861,52.2479,52.516594,52.4667,52.394554,52.46907
51.20595,51.33467,50.733147,51.624245,50.99263,51.139027,51.019794,51.254585,51.384964,51.414978,50.872894,51.268204,51.403046,51.293564,51.34247,51.146915,51.106808,51.843365,51.311245,51.70399,51.976112,51.362724,51.233715,51.187965,51.926254,51.216614,51.47371,51.5945,51.817875,51.559093,51.53439
49.180435,48.897373,48.704025,48.86549,49.38188,48.64954,48.795586,48.652256,48.638435,49.022514,48.965313,49.011093,48.987427,48.623474,48.8598,48.88614,48.775967,48.816715,49.148727,49.361225,49.122456,49.15655,48.91535,49.145058,48.54279,49.066307,49.280556,48.967518,49.45047,49.094784,49.25301
45.345192,45.232212,45.07743,45.12016,45.611923,45.333084,45.390015,45.265553,45.337353,45.666058,45.639328,45.347813,45.537197,45.43741,45.459877,45.670742,45.49201,45.543957,45.780445,45.61587,45.54065,45.49867,45.487225,45.729507,45.337105,45.61978,45.570557,45.718643,45.7208,45.57321,45.753685
56.62333,56.723743,56.951683,57.148438,57.049706,57.4297,57.47979,57.370293,57.2058,57.380608,57.5241,57.011185,57.39569,57.017105,57.536896,57.161552,57.398136,57.270496,57.349094,57.4666,57.50382,57.373055,57.580044,57.629906,57.87775,57.580505,57.39943,57.630363,57.32453,57.5402,57.54769
48.309494,48.279694,48.539543,48.375145,48.60504,48.900215,48.56115,48.680435,48.676426,48.99658,48.895653,48.40494,48.89436,48.707706,49.032352,48.246407,48.597485,49.010143,48.956577,48.64843,48.91566,49.16339,48.607224,49.08516,48.92611,48.892746,49.012524,48.940235,48.973675,48.72362,49.064556
40.87864,40.504707,40.479874,40.496162,40.813644,40.8047,40.908073,40.795994,40.502403,40.569878,40.712635,40.860123,40.624184,40.71991,40.725136,41.017635,40.898434,40.861507,40.785515,40.88426,40.937008,41.11227,40.79647,40.824173,40.83535,41.06063,41.09672,40.850327,41.19616,41.12704,41.13608
53.131325,53.52413,53.729073,53.612774,53.3815,53.712917,53.4437,53.645023,53.737934,53.575073,53.34381,53.551327,53.951515,53.861702,53.95251,53.473133,53.704903,53.709568,53.647713,53.60247,53.91361,53.789696,54.103264,53.938133,54.202263,53.689034,53.88324,53.898556,53.72248,54.086357,53.912533
45.331078,45.713608,45.527412,45.65029,45.4803,45.56233,45.7353,45.61439,45.715008,45.840706,45.908043,45.71983,45.95237,45.58293,46.24338,45.698933,45.823933,45.758945,45.87927,46.05182,45.930332,45.916473,46.088882,46.230904,46.254272,45.86593,45.867973,46.113205,46.140358,46.077103,46.3737
46.85222,46.936466,47.56228,46.473877,47.251244,47.387146,47.205196,47.00952,47.036816,46.991478,46.986,47.026417,47.282925,47.171555,47.078327,47.229584,47.077644,47.267616,47.32254,46.840088,47.03627,47.575344,47.201405,47.692345,46.835915,47.366264,47.629223,47.122856,47.28641,46.88805,47.347187
40.762676,40.954823,41.293198,40.92666,41.316826,41.336536,41.465336,41.023563,41.096485,41.155293,41.521984,41.18702,41.494076,41.10048,41.41565,41.613,41.70829,41.12721,41.380695,41.592113,41.165916,41.07839,41.54085,41.659058,41.24823,41.505295,41.577168,41.43865,41.508972,41.286484,41.654446
44.022995,44.250046,44.177994,44.443386,43.883667,44.184742,44.319393,44.54321,44.43185,44.416065,44.332466,44.63004,44.28225,44.74621,44.30861,44.59995,44.812298,44.617157,44.47933,44.484344,44.22735,44.111202,44.68807,44.308662,44.92051,44.778946,44.46375,45.06877,44.25667,44.662254,44.508583
57.62548,57.70726,57.992058,57.60398,58.093437,57.861008,57.572773,57.542747,58.20315,57.973408,58.23902,57.766735,57.984272,57.666676,57.759987,57.64713,57.790028,57.822853,58.252853,57.984253,58.04234,57.99757,58.248646,58.597397,57.86978,58.0683,58.301422,57.72842,58.344505,58.044724,58.00485
50.92067,50.86375,50.56021,50.716866,51.092484,50.806683,51.018166,50.785675,51.10717,51.14435,51.28293,51.098602,51.02713,50.74473,51.04161,51.341198,51.19377,51.067924,51.375694,51.238903,51.227726,50.963223,51.419956,51.629265,51.147926,50.9721,51.230755,51.162724,51.586338,51.363644,51.33436
38.711823,38.243668,38.093292,38.359535,38.347908,37.97316,37.97337,38.14592,38.13204,38.058784,38.219177,38.745483,38.229767,38.647293,37.863705,38.57137,38.24136,38.45084,38.438446,38.503952,38.236034,38.230034,38.318584,38.123474,38.285442,38.692055,38.654648,38.32264,38.597145,38.605667,38.65325
49.980217,49.74946,50.062912,49.982147,49.84725,49.60291,49.749683,49.790314,49.773693,49.889713,50.20219,50.026493,49.8085,50.12888,50.064716,49.93466,50.054832,49.94271,50.400608,50.1053,49.78488,49.945007,50.345417,50.002647,50.16857,50.29801,50.17436,50.18295,50.119583,50.25664,50.465668
51.652706,51.522903,52.056664,51.862896,51.71852,51.790142,52.083546,51.929443,51.858177,51.47812,52.047043,51.673935,51.65996,52.15093,52.071014,52.475132,52.15686,51.871513,52.11299,52.033665,52.01914,52.18497,52.250027,52.19745,52.441364,52.56678,52.389458,52.139244,52.13737,52.416954,52.699726
54.03041,54.09908,53.909355,54.2405,54.128616,54.053146,54.296394,54.105007,53.984608,54.472786,54.500126,54.55765,54.330746,53.857258,54.416924,53.86351,54.121864,53.964146,54.130157,54.693317,54.44968,54.45845,54.5992,54.346428,54.539738,54.637215,54.191505,54.60979,54.55178,54.751846,54.451843
49.200836,49.139904,49.263023,48.852222,48.866684,48.851894,48.61431,48.773296,49.410538,49.069874,49.308723,49.15065,48.85655,49.190956,49.09028,48.649033,49.065456,49.339024,49.442513,48.947174,49.29069,49.732807,49.415802,49.576714,49.356018,49.201782,49.57679,48.945972,49.938797,49.501156,49.47274
52.386288,52.596977,52.714493,52.989735,52.82264,52.73395,52.733715,52.738586,52.806107,52.783016,53.132435,52.554173,52.97196,52.483562,53.010704,52.62801,53.072327,52.535656,52.888187,53.401154,52.95004,52.760033,53.10654,53.07058,53.12703,53.150795,52.995266,53.068333,53.058784,53.131855,53.077248
47.614803,47.38137,47.65232,47.707954,47.743004,47.644073,47.67853,47.69663,47.61794,47.360264,47.796764,47.685337,47.485306,47.542545,47.40887,48.094185,48.002888,47.490417,47.778957,47.87751,47.649975,47.425667,47.94078,47.67575,47.55377,47.90619,47.891174,47.85958,47.937576,48.00729,47.583603
39.129158,39.420067,39.228897,39.122967,39.252785,39.05624,39.356678,39.18354,39.546844,39.564636,39.610588,39.636784,39.26428,39.364376,39.74342,39.61061,39.775528,39.65666,39.69837,39.76144,39.572044,39.402378,39.878136,39.74147,39.650288,39.556145,39.606346,39.753235,39.611958,39.719704,39.808357
45.282314,45.65635,45.48896,45.482147,45.492706,45.516026,45.531075,45.608795,45.60266,45.637875,45.545994,45.7492,45.672718,45.65794,45.765625,45.632214,45.910374,45.54426,45.78484,45.880764,45.48883,45.29104,46.13295,45.704483,46.02678,45.898666,45.576523,45.974377,45.553886,45.96605,45.83696
53.510674,53.392433,53.30931,53.63353,53.701637,53.462048,53.70158,53.66896,53.599403,54.047356,53.97223,53.8839,53.622643,53.565845,54.14721,53.626694,54.010815,53.702686,53.98117,54.063816,53.998848,53.69867,54.280132,53.79545,53.98141,53.816444,53.723648,54.20742,53.784195,54.364437,53.895344
42.54035,42.395157,42.31962,42.296276,42.83683,42.05339,42.540764,41.947483,42.06545,42.777966,42.949158,42.60075,42.608215,42.16896,42.728245,42.612976,42.5368,42.29907,42.858128,42.96703,42.53687,42.679157,42.59929,42.90799,42.036144,42.56884,42.819824,42.6946,43.20628,42.58357,43.163967
45.753345,45.22467,45.830086,45.231354,45.60927,45.74063,45.217487,45.653824,45.566643,45.086502,45.455524,45.688927,45.567387,45.894535,45.4668,45.675716,45.46428,45.783264,45.795696,45.432587,45.385303,45.727745,45.43579,45.790985,45.498997,46.086197,46.189022,45.495987,45.779762,45.678085,45.945457
45.980576,46.381542,45.999443,46.22473,45.876022,46.428238,45.878494,46.494926,46.689762,46.481476,46.32232,45.988094,46.176147,46.43861,46.751198,45.7931,46.034565,46.456223,46.333923,46.293266,46.695255,46.837,46.154808,46.520836,46.999798,46.78189,46.289852,46.78588,46.95117,46.958214,46.69591
36.64976,36.43165,36.88211,36.487774,36.51326,36.83381,36.43121,36.837086,36.476555,36.015774,35.886417,36.633152,36.95412,37.51123,36.14992,36.949226,36.49034,37.02969,36.484585,36.09222,36.565113,37.232925,36.38101,36.82081,36.82766,37.009544,37.469658,36.524437,36.590294,36.63319,37.15831
46.909416,46.635723,47.02069,47.45407,47.46045,47.222473,47.318478,47.315037,47.16026,47.247307,47.364964,47.199978,47.51381,47.32083,47.587948,47.625652,47.317917,47.53689,47.629177,47.502384,47.680843,47.069134,47.711235,47.58152,47.625378,47.202225,47.78539,47.37349,47.047867,47.548714,47.776577
42.603157,42.79962,42.822678,42.370663,42.79756,42.32766,42.673508,42.541733,42.595787,42.589848,42.636112,42.84729,42.634785,43.08913,43.15832,43.166386,43.16901,42.524204,42.816593,43.076244,42.770374,43.028248,43.142567,42.897522,42.780052,43.33114,42.98143,43.168083,42.742588,43.42797,43.42449
50.815315,50.98238,50.659775,51.071552,50.473877,50.45953,50.843304,50.960396,50.916176,50.780277,50.658142,51.018345,50.57819,50.894955,50.708622,51.046925,51.01889,50.994198,50.801598,51.00423,51.200737,51.222683,51.2764,50.81906,51.28223,51.02005,50.887733,51.34816,51.042084,51.412003,50.847614
47.650864,47.674828,47.76278,47.433235,47.998917,47.967243,48.05482,47.916092,47.885296,47.98988,47.7034,48.286785,47.94855,48.276104,47.56749,48.266186,48.243755,48.04177,47.825603,47.932354,48.010223,48.047276,48.269054,47.99037,47.96376,48.4797,48.191753,48.225677,47.596287,48.264477,47.838867
42.503426,42.775673,42.87397,42.770176,42.34867,42.537136,42.3522,42.39591,42.614204,42.437927,42.686146,42.722797,42.74576,42.809185,42.407413,42.565258,42.39582,42.63065,42.649876,42.92303,42.513565,42.572243,42.631668,42.51184,42.8602,43.22673,42.705917,42.818462,43.024925,42.656204,42.935837
45.85976,46.015003,45.749443,45.938824,45.715195,45.32988,45.53013,45.56522,45.60438,45.66133,45.654205,45.657543,45.85307,45.78936,46.06235,45.780224,45.851036,45.732155,45.85501,46.305943,45.97587,46.206264,45.722202,45.9226,45.874454,46.05123,46.08244,46.137672,46.40448,46.096886,46.471493
49.726933,49.553837,49.96602,50.29642,49.653145,50.02239,49.61162,49.94891,49.984196,49.706264,49.936443,50.072876,50.05214,50.080086,49.584927,49.74883,49.576675,50.02515,49.797066,49.908092,50.16294,49.914886,50.00236,49.807518,50.22147,50.19928,50.21937,50.004898,50.159138,50.205734,49.837
48.074654,48.101685,47.918907,48.112812,48.09439,47.942574,47.950798,47.991734,48.00708,48.19798,47.950497,48.483612,48.385746,48.25187,48.028286,48.026283,48.064476,48.1262,48.018387,48.244183,48.35479,48.413338,48.35083,48.32292,48.25057,48.278282,48.428074,48.35305,48.431026,48.55865,48.33557
48.668674,48.41149,48.403313,48.578186,48.512627,48.277164,48.2607,48.445545,48.51903,48.35472,48.826553,48.406193,48.401104,48.310577,48.792645,48.63966,48.549362,48.37775,48.88966,48.708397,48.65087,48.609917,48.802418,48.810585,48.567974,48.50042,48.631268,48.70532,49.199203,49.06089,48.88563
61.66396,61.16693,61.374367,61.74473,61.606476,61.572075,61.33776,61.669952,61.17926,61.28514,61.04909,61.307743,61.83565,61.586456,61.85355,61.41426,61.27639,61.525665,61.498642,61.528767,62.133213,62.084805,61.65545,61.542274,61.721878,61.341118,61.834564,61.672565,61.85785,62.185753,61.825665
45.020515,45.18,45.287773,45.266727,45.288506,45.331676,45.359535,45.44243,45.528522,45.55341,45.526684,45.531036,45.416576,45.51961,45.67436,45.46796,45.76007,45.594208,45.645103,45.525806,45.523483,45.415195,45.81111,45.773003,45.741295,45.602814,45.761314,45.80931,45.488155,45.76426,45.70776
48.524326,48.972404,48.512924,48.33334,48.42682,48.30837,48.57733,48.47759,48.536064,48.673164,48.494217,48.643917,48.406773,48.404667,48.54562,48.621574,48.684563,48.467957,48.60847,48.908035,48.60598,48.851105,48.828094,48.57749,48.60239,48.983704,48.29461,49.10141,48.841965,48.85099,48.56701
48.692085,48.434326,48.468437,48.836662,48.744194,48.630535,48.512634,48.778786,48.645584,48.785393,48.686764,48.272636,48.835716,48.969666,48.966984,48.688187,48.554802,49.1274,49.086086,48.847282,49.12835,49.244183,48.528587,48.949097,49.06971,48.922142,49.178394,48.95402,49.02919,48.90036,49.429653
58.703224,58.360344,58.357002,58.446964,58.494095,58.457294,58.467422,58.594555,58.43263,58.50119,58.686485,58.348904,58.590687,58.395737,58.830914,58.764378,58.531155,58.727802,59.0967,58.792427,58.59639,58.571823,58.646748,58.844437,58.74417,58.66961,58.611244,58.929783,59.016777,58.692924,59.001045
53.68774,53.700096,53.555893,53.442944,53.72039,53.54554,53.5332,53.458183,53.69479,53.599632,53.64605,53.51972,53.53169,53.2789,53.819195,53.447403,53.770187,53.67891,53.770645,54.050243,54.155315,54.064804,54.115128,53.716187,53.801716,53.67724,53.638138,53.62637,54.055813,54.14425,53.653664
44.72054,44.811905,44.874466,44.88422,44.953697,44.571865,44.95089,44.590412,44.685936,44.74869,44.771526,45.124653,45.190365,44.91371,45.00828,45.289833,45.117302,44.850487,44.9368,45.103477,45.197582,45.011856,45.560246,45.22818,44.98381,44.68313,45.24212,44.95882,45.06596,45.3159,45.27816
47.66879,46.86175,47.48993,47.499462,47.62298,47.63789,47.18637,47.52511,47.462563,47.124634,47.5745,47.773197,47.565247,47.703064,47.09475,47.73395,47.5404,47.813538,47.83947,47.548473,47.34822,47.025455,47.498447,47.53827,47.434856,47.742836,48.16186,47.35983,47.64106,47.486088,47.604057
50.66795,50.37353,50.39331,50.407173,50.3431,50.270985,50.43616,50.581497,50.193207,50.13577,50.371284,50.863815,50.549713,50.208317,50.414017,50.532516,50.743484,50.262775,50.52733,50.41074,50.312534,50.56398,51.098637,50.740562,50.508545,50.209488,50.577213,50.618114,50.713497,50.927483,50.43042
52.304184,52.58879,52.52381,52.47477,52.22541,52.420746,52.600826,52.435036,52.379784,52.404922,52.563595,52.372795,52.447483,52.105045,52.52403,52.236507,52.623184,52.410927,52.43459,52.906353,52.64927,52.91383,52.77343,52.548843,52.849518,52.83999,52.443714,52.75695,52.887333,52.68554,52.600407
39.28755,38.991592,39.087303,39.40984,39.197777,39.204605,38.863846,39.059753,39.29907,39.167828,39.366417,39.525455,39.38424,39.727104,39.37767,39.28898,39.198486,39.481197,39.35056,39.555176,39.608543,39.22094,39.387417,39.117203,39.66648,39.66384,39.67218,39.304523,39.715317,39.90079,39.83092
44.134132,44.468037,44.429848,44.22571,44.47142,44.465828,44.461945,44.439846,44.614937,44.542835,44.80862,44.405136,44.548496,44.522507,44.545033,44.748512,44.72548,44.306858,44.70945,44.701508,44.336468,44.42237,44.72282,44.91317,44.62955,45.029755,44.552467,44.91233,44.73439,44.76323,44.8092
47.022438,47.18072,47.15782,47.308414,46.912094,47.27,47.129814,47.40885,47.50527,47.211933,47.4748,47.265953,47.193745,47.21315,47.8291,47.21902,47.55305,47.447197,47.47719,47.637493,47.51125,47.315212,47.60171,47.503334,47.947037,47.576424,47.427444,47.71651,47.738297,47.83704,47.710827
40.983322,40.901665,40.988472,41.053753,40.928047,41.16986,40.943554,41.189476,41.29945,41.05414,41.114403,41.309235,41.148117,41.33651,41.158215,41.036617,41.308212,41.576447,41.191143,41.267326,41.407448,41.38509,41.280132,41.296738,41.5929,41.421715,41.63127,41.236267,41.345753,41.434765,41.42117
55.48634,54.93232,55.23298,55.362816,55.5353,55.648586,55.190903,55.819912,55.30775,55.103302,54.946373,55.207733,55.60534,55.670265,55.68328,55.748714,55.39646,55.65038,55.634094,55.29289,55.650898,55.482536,55.286472,55.599457,55.462944,55.426453,55.86724,55.74816,55.51871,55.795616,55.680477
54.713512,54.20378,53.877213,54.064022,54.47799,54.21581,54.488777,54.38573,53.934006,54.45273,54.074734,54.55008,54.353558,54.27736,54.087364,54.752834,54.065357,54.579582,54.656635,54.236893,54.441086,54.551476,54.3548,54.48063,54.15491,54.310593,54.39236,54.669914,54.64873,54.415882,54.488262
48.094475,48.04376,47.898582,48.450886,48.088356,48.001114,48.077873,48.1598,47.811058,48.122673,47.713116,48.200325,48.370644,48.171974,47.97359,48.167274,48.09062,48.34738,48.00072,48.49287,48.431705,48.26463,47.962765,47.91729,48.165237,48.233208,48.419434,48.540398,48.310085,48.167236,48.2279
34.048176,34.355904,34.638306,33.7575,34.340904,34.447586,34.084866,34.047977,34.422077,34.19485,33.920097,34.372128,34.422997,34.73529,34.147938,34.363785,34.38373,34.630657,34.24613,34.117004,34.452168,34.753296,34.28229,34.523552,34.076042,34.55611,34.859627,34.263668,34.522915,34.304867,34.452965
44.694424,44.772644,45.367393,44.933044,44.505386,45.187225,44.847935,45.11001,45.194164,44.69605,44.859684,45.19015,44.963688,45.76052,44.699688,45.16255,45.011658,45.297215,44.927807,44.682644,44.99084,45.250618,45.194466,44.957245,45.54377,45.73285,45.391483,45.25868,45.019737,45.33472,45.19665
54.639305,54.5571,54.916565,54.612007,54.9309,54.712315,55.154858,54.44528,54.729454,55.206394,55.14613,55.050514,54.9138,54.600235,54.894188,55.013126,55.082954,55.19527,55.22975,55.058327,55.21424,55.14098,55.28299,55.344925,54.721252,54.748474,55.382782,55.05826,55.386578,54.774517,55.058506
54.20797,53.898926,54.2274,54.440125,54.212646,54.104065,54.15318,54.237717,54.046333,54.019974,54.145466,54.25715,54.348797,54.657734,54.364082,54.505848,54.266243,54.35562,54.496006,54.494694,54.4483,54.211544,54.677925,54.12555,54.796482,54.665504,54.52429,54.425274,54.135334,54.75983,54.82907
48.928684,48.777233,49.10264,48.76531,48.802612,49.06241,48.87435,49.051662,48.923195,48.98835,48.87048,49.011402,48.971004,49.343174,48.801796,49.00465,49.01708,49.250328,49.109325,48.7474,48.95456,49.410896,48.859745,49.104195,48.95349,49.36503,49.3621,49.381336,49.28009,49.05176,49.109295
53.12839,52.899097,52.514,53.51247,53.056267,53.01718,53.18736,53.333504,52.872974,53.399826,53.00858,53.40915,53.49086,53.149845,53.388935,53.209423,53.28967,53.356506,53.13875,53.59275,53.65417,53.182365,53.412945,53.019615,53.57717,53.088234,53.19211,53.786057,53.28179,53.71453,53.288296
53.68076,53.998043,54.167747,53.6456,53.937515,53.917828,54.084793,53.76428,54.0253,54.25327,53.979557,54.373653,54.060116,54.214935,54.161777,53.994095,54.019894,54.168568,54.174007,54.19296,54.107483,54.29226,54.30221,54.463257,54.295994,54.67524,54.5157,54.379295,54.306374,54.215885,54.596428
39.29614,39.090775,39.25329,39.351974,39.00862,39.41725,39.46612,39.544804,39.12309,39.305943,39.13676,39.74921,39.38109,39.725204,39.048702,39.48931,39.27794,39.846195,39.27889,39.216793,39.361973,39.68507,39.17946,39.29888,39.6115,39.79377,39.827534,39.747864,39.492233,39.31322,39.61833
46.932045,47.261456,46.91146,47.026875,46.93264,47.042194,46.701443,47.050026,47.335175,47.308914,46.867775,47.49446,47.225487,47.40021,47.3252,46.686157,47.107445,47.264793,46.982273,47.369118,47.53582,47.326015,47.491756,47.04644,47.62674,47.483322,47.179726,47.42141,47.25743,47.873516,47.216393
46.679333,46.570866,46.856873,47.31788,46.659477,46.988377,47.096382,47.147747,46.9107,46.856083,47.0975,47.322685,47.0987,47.23013,47.111423,47.240673,47.166058,47.044224,46.8814,47.157845,47.295273,46.97175,47.51647,46.930855,47.63977,47.312004,47.228302,47.40724,47.04324,47.69088,47.24864
42.461132,42.9637,42.613586,42.744095,42.914925,42.83287,42.627945,42.732338,42.73577,42.978176,42.45509,42.616764,43.299862,42.616936,42.821747,42.453373,42.65208,42.798866,42.678085,42.842537,43.08999,43.25684,42.747566,43.29744,42.737328,42.580666,43.089375,42.96481,43.185215,42.81509,42.916794
40.595085,40.566025,40.310097,40.11328,40.21073,40.592632,40.525257,40.377956,40.519703,40.345123,40.567085,40.849846,40.351944,40.49403,40.072132,40.500973,40.51478,40.63943,40.331326,40.625637,40.583855,40.87681,40.622562,40.449135,40.809208,41.085518,40.51995,40.519924,41.07653,40.82436,40.56301
50.46253,50.427856,50.832924,50.609116,50.984795,50.519203,50.660133,50.45869,50.513054,50.791546,50.614002,50.746403,51.073895,50.97667,50.712482,50.699852,50.828312,50.80724,50.92008,50.79056,50.85897,51.11919,50.970394,51.278847,50.724476,50.894646,51.553818,50.74567,50.771374,50.79631,51.335526
49.949547,49.47886,49.599045,49.72325,50.015076,49.76512,49.429768,49.667336,49.785267,49.616455,49.78612,49.586205,50.073544,49.824764,49.898655,49.853996,49.924465,50.032234,50.190414,49.968487,50.05979,49.880177,49.90725,50.159386,49.83632,49.59311,50.30077,49.66318,50.273594,50.0335,50.19172
46.15854,46.11092,46.57831,46.31083,46.248985,46.42214,46.40605,46.310432,46.421265,46.5908,46.55164,46.790195,46.41721,47.02173,45.98537,46.401794,46.50061,46.60456,46.445473,46.166477,46.5225,46.726494,46.942535,46.310898,46.678146,46.935883,46.665222,46.63568,46.23636,46.815807,46.352196
50.38335,50.509678,49.98809,50.50165,50.62799,50.126026,50.26904,50.200825,50.093082,50.669903,50.068165,50.085217,50.82907,50.435177,50.65829,50.334538,50.06154,50.53118,50.62193,50.684994,50.882175,50.89748,50.322792,50.72976,50.566654,50.315224,50.660286,50.64591,50.851166,50.579456,51.1518
55.172733,55.238567,54.942093,55.570015,55.299034,55.306465,55.224277,55.53646,55.504543,55.223618,55.263947,55.03617,55.39392,55.137978,55.413513,55.626892,55.417522,55.381863,55.510838,55.70563,55.69174,55.20885,55.46279,55.592987,55.719612,55.42418,55.432804,55.731697,55.70058,55.7333,55.483673
41.486294,41.70218,41.664536,41.753838,41.46331,41.22393,41.45931,41.324535,41.48243,41.902462,41.52443,41.85893,41.759155,41.805237,42.01379,41.451633,41.62712,42.082333,41.937447,41.901264,41.94322,41.8426,41.968967,41.700333,41.89308,41.52623,41.97445,41.934296,41.86452,41.735416,42.18325
56.96409,56.80235,56.49121,56.785496,57.060547,56.73458,57.141922,56.764202,56.47681,57.104763,56.804756,56.78416,56.992184,56.524414,56.794918,57.086422,57.04996,56.80797,56.989693,57.147675,57.162712,57.262928,56.917637,57.09931,56.63063,56.78855,57.00864,57.325085,57.543472,57.048412,56.979378
45.629944,45.951897,45.80786,45.6106,45.62046,45.68267,45.5896,45.849552,45.883076,45.712204,45.621456,45.835556,45.65522,45.95992,45.82938,45.511,45.94521,45.92207,45.893845,46.09714,45.752872,45.995213,46.07507,45.786415,46.350582,46.4784,45.912746,46.00401,45.68359,46.088512,46.127594
51.590565,51.7897,51.854355,51.645447,51.895523,51.51983,51.971348,51.571903,51.471554,51.97871,51.80346,51.62786,52.024666,51.90624,52.12314,52.08499,51.877003,51.71625,52.15528,51.900043,51.898018,52.18193,52.183174,52.246597,51.85892,51.904945,52.001713,52.224636,52.049362,52.014507,52.489826
54.13146,54.62631,54.375763,54.275055,54.102623,54.397152,54.00278,54.48367,54.90547,54.451294,54.345783,54.536194,54.45692,54.34311,54.737045,54.112656,54.566654,54.561348,54.56172,54.693848,54.58933,54.38536,54.801704,54.812424,54.960102,54.67222,54.48718,54.814426,54.764267,54.88616,54.481937
43.954002,44.599216,44.315514,43.66964,44.77202,44.33231,44.400265,44.06762,44.538605,44.70739,43.986008,44.44822,44.75995,44.581024,44.925945,44.632545,44.906193,44.591225,44.56596,44.689297,44.809822,44.7278,44.80699,45.177116,44.396706,44.454697,44.98218,44.637894,44.607845,44.747013,44.99782
50.00584,50.138218,49.61618,50.36758,49.89952,50.015537,49.854805,49.99493,50.292618,50.187057,50.266872,50.078205,50.30965,49.945812,50.456955,50.026527,50.11281,50.229946,50.17902,50.761967,50.668518,50.109673,50.246277,50.262955,50.76374,50.279625,50.176178,50.430992,50.950348,50.72677,50.572834
54.114437,54.08413,53.869377,54.23133,54.30625,54.2072,54.23661,54.365463,53.981735,54.065533,53.48579,54.33528,54.667553,54.22449,54.442997,54.315712,54.680225,54.45685,54.080452,54.63542,54.71137,54.33017,54.63948,54.264923,54.589207,53.992683,54.571114,54.45006,54.07331,54.653202,54.339703
54.644073,54.411633,54.679176,54.714867,54.82647,55.15522,54.59937,55.148075,55.17985,54.792725,54.762997,54.78737,54.991486,55.292282,55.08557,55.034206,54.89964,55.158176,55.144283,54.66591,55.245342,54.880413,55.266724,55.144142,55.41956,55.051353,55.140854,55.079193,54.835068,55.567387,55.0334
51.87996,51.686665,51.321945,51.738037,51.906296,51.671318,51.526703,51.81312,51.55041,51.74113,51.376488,51.516014,51.937397,51.89924,51.648113,51.853188,51.661667,51.77637,51.903965,51.789913,51.906513,51.977097,51.551044,51.93416,51.77999,51.826797,52.013306,52.03343,52.196365,52.039177,52.116684
50.308456,50.4039,50.361877,50.491104,50.489723,50.50424,50.570168,50.469185,50.54466,50.95052,50.818176,50.47337,50.749016,50.461456,51.33326,50.450466,50.598022,50.847748,50.991936,50.866062,51.03441,50.850773,50.912205,50.967934,50.986145,50.543236,50.729385,51.01818,51.05145,50.952778,51.182228
46.96054,47.366497,47.54071,47.53985,46.987167,47.177593,47.591084,47.247623,47.279846,47.427513,47.67553,47.514965,47.353554,47.37078,47.694187,47.249584,47.39928,47.351505,47.445824,47.695515,47.58332,47.750584,48.02631,47.53946,48.166985,47.902184,47.49654,47.70908,47.60986,47.82788,48.013855
46.800797,47.399696,47.857643,47.51054,47.467575,47.485382,47.763268,47.346626,47.571507,47.903736,48.019047,47.65229,47.808613,47.661953,48.02642,47.90619,47.97516,47.40857,47.861164,47.865112,47.48499,47.272015,48.08564,48.02173,47.648457,47.935387,47.776382,48.33308,47.727303,47.742805,47.96787
47.57386,47.624218,47.682663,47.296352,47.502525,47.611717,47.714653,47.705563,47.385406,47.40469,47.22235,47.748158,47.755722,47.902386,47.50304,47.930534,47.749393,47.62766,47.602695,47.40612,47.543324,48.02211,47.883675,47.84487,47.721855,47.857475,47.822285,47.92875,47.701954,47.895947,47.870552
43.506855,43.715862,43.055367,43.46327,43.458748,43.055546,43.39005,43.298615,43.541847,43.526207,43.611748,43.63343,43.248775,43.13905,43.355618,43.452133,43.464027,43.38411,43.54384,43.896286,43.71667,43.743504,43.76345,43.77825,43.74056,43.741364,43.58697,43.598446,44.045456,43.9413,43.807594
42.492588,42.2686,42.580017,42.062878,42.603683,42.540337,42.338974,42.432247,42.361042,42.137096,42.19594,42.52609,42.57142,42.782448,42.586693,42.95341,42.434666,42.754654,42.808884,42.506695,42.376755,42.388412,42.445545,42.737152,42.4439,42.828033,42.975525,42.530003,42.58211,42.480366,43.09304
50.57812,50.81414,50.000908,50.70352,50.734848,50.19347,50.615284,50.413826,50.27198,51.040874,50.111584,50.591103,50.96574,50.63806,50.712536,50.7845,50.614777,50.809868,50.675907,51.002754,51.075287,50.93262,50.482815,50.82496,50.600624,50.444603,50.856087,51.217915,51.108562,50.76447,51.08656
49.173054,49.210224,48.85766,49.15435,49.496147,49.206394,49.288372,49.194153,49.134113,49.583466,49.000492,49.202126,49.583836,49.25283,49.63282,49.121326,49.503223,49.656242,49.48073,49.68682,49.818336,49.718327,49.417824,49.632904,49.598305,49.23107,49.78933,49.48049,49.62155,49.529095,49.854397
52.9247,53.29043,52.91571,53.00554,52.92935,52.78876,53.04296,53.058144,53.314484,53.050156,53.27151,52.66488,52.88934,52.747356,53.423218,53.19089,53.219097,53.072697,53.338486,53.51867,53.426674,53.608315,53.296043,53.634644,53.492985,53.392166,53.159073,53.46806,53.69375,53.493137,53.589558
51.851402,52.271378,51.873062,51.82025,51.75792,51.630085,51.825672,51.753113,52.012287,51.7885,51.85273,51.92656,51.804844,51.7057,52.12447,52.092175,52.271595,51.72716,52.02004,52.417248,52.05094,51.946342,52.38554,52.09574,52.19166,52.1491,51.835907,52.304844,52.491863,52.464485,52.160538
56.592785,56.374313,56.156593,56.605324,56.501915,56.517918,56.64374,56.679165,56.374016,56.62853,56.196842,56.755333,56.85144,56.41044,56.57118,56.64592,56.758114,56.850388,56.523163,56.686947,57.06314,56.910107,56.826103,56.774803,56.714653,56.216286,56.850685,56.92178,56.895466,56.89629,56.49757
47.578106,47.53403,47.36413,47.800945,47.8192,47.568058,47.641823,47.602005,47.52587,47.521202,47.732067,47.275074,47.824554,47.251522,47.8527,47.83954,47.542873,47.57256,47.767197,48.091587,48.057484,47.92664,47.569447,48.044365,47.69015,47.676514,47.936203,47.80583,48.306755,47.874203,48.127728
46.728844,46.30941,46.61377,46.243217,46.41018,46.715534,46.533215,46.683846,46.608967,46.44256,46.491596,47.116737,46.554363,46.97513,46.270626,46.66527,46.79329,47.003242,46.639908,46.40826,46.6452,46.926376,46.91665,46.628746,46.82091,46.97142,46.999718,46.681446,46.666557,46.93215,46.580048
46.778347,46.72972,46.72342,46.840076,46.956085,46.988964,46.70906,47.086323,47.06987,46.74141,46.867435,46.87627,47.172436,47.08027,46.78415,47.071705,47.175713,46.950928,46.967636,46.97626,46.999733,47.053658,47.076057,47.34368,47.130627,47.14218,47.30933,47.10142,47.070015,47.294598,47.070854
33.05958,33.20607,32.972847,32.614338,33.11821,32.99817,32.93905,32.79842,33.06854,32.879524,32.96418,32.944447,33.02984,32.956024,32.968674,33.051735,33.012234,33.147285,33.008446,33.068447,33.32233,33.80445,33.000824,33.490585,32.965435,33.174957,33.45874,32.859627,33.76949,33.249454,33.472298
47.484367,46.417324,46.91355,46.793816,47.42804,47.2162,46.887054,47.129387,46.611015,46.533268,46.56053,47.261253,47.12296,47.32019,46.35115,47.172424,46.769566,47.312828,47.068596,46.769474,47.087658,47.332718,46.908127,46.950027,46.78582,47.244987,47.770718,46.56579,46.920753,47.08711,47.136497
43.893112,43.518505,42.992615,44.11444,44.000977,43.75389,43.984257,44.010204,43.556534,43.718315,43.90711,43.620125,44.019833,43.284706,43.84344,44.320034,44.015606,43.89201,43.9946,44.394268,44.13246,43.591877,43.74294,44.046455,43.938393,43.583046,43.99465,44.10301,44.348053,43.988506,44.107933
53.530094,53.288822,53.167,53.3975,53.194885,53.415215,53.035892,53.34208,53.44099,53.26725,53.395668,53.41663,53.3054,53.289597,53.25556,52.98192,53.144867,53.458977,53.487835,53.461895,53.5894,53.60651,53.462994,53.433716,53.781464,53.612183,53.536636,53.36462,54.104652,53.821823,53.557358
52.478382,52.48414,52.158295,52.245544,52.596878,52.62026,52.51339,52.482124,52.5044,52.58345,52.678947,52.121662,52.597744,52.211353,52.68594,52.52046,52.650867,52.504406,52.835533,52.843307,52.668743,52.72642,52.530956,52.92552,52.753014,52.731033,52.57511,52.73645,53.254078,52.748135,52.930775
57.702236,57.39326,57.242607,57.734394,57.701996,57.630383,57.567375,57.95015,57.83643,57.38683,57.808933,57.388004,57.460953,57.401882,57.7079,58.051636,57.83602,57.527615,57.85597,57.979946,57.926186,57.690163,57.770496,57.989395,57.925304,57.982765,57.824295,58.006657,58.130524,58.306736,57.831833
47.990177,47.92938,47.926292,47.891144,47.91474,47.831806,47.86993,48.008488,47.910698,47.71826,47.82873,47.93479,47.99476,48.14406,48.028076,48.178955,48.225193,47.978878,48.069836,48.126446,48.08396,48.27106,48.2584,48.141052,48.239773,48.249023,48.23136,48.188847,48.19205,48.449684,48.353012
41.57558,41.770916,41.9,41.275784,41.7846,41.80131,41.750935,41.63216,41.70485,41.637695,41.556103,41.431942,41.72161,41.919533,41.836414,41.9957,41.62469,42.040714,41.98314,41.80981,41.799118,42.24233,41.439682,42.131424,41.725258,42.300583,42.209507,41.925606,42.11974,41.56238,42.431423
49.057404,49.16819,49.323174,49.88382,49.313965,49.474354,49.07248,49.441494,49.303665,49.27164,49.599586,48.907555,49.850018,49.37713,49.514515,49.17244,49.12055,49.111576,49.422592,49.686905,49.486767,49.393543,49.235508,49.538902,49.69682,49.69725,49.509167,49.69678,49.815235,49.621086,49.792805
33.50903,33.67878,33.572212,34.04477,33.35752,33.72901,33.68201,33.98703,33.823605,33.860493,34.03321,33.933178,33.72058,33.91676,34.04051,33.647713,34.01686,34.116222,33.86421,34.257168,33.84094,33.699905,33.863785,33.542274,34.425163,34.326645,33.837635,34.351925,33.84214,34.037598,34.11189
51.726166,51.054955,51.027,51.147655,51.353325,51.64408,51.29179,51.549034,51.43075,51.286423,51.590157,51.55275,51.434517,51.078594,51.517193,51.27587,51.415894,51.752922,51.653904,51.518665,51.70033,51.714134,51.469345,51.73091,51.632446,51.390854,51.699203,51.40094,52.177284,51.750725,51.554123
45.460655,45.678722,45.82624,46.120914,45.325005,45.497414,45.64098,45.668877,45.487553,45.648705,45.45389,46.028664,45.9968,45.958782,46.061348,45.537792,45.8639,45.980526,45.594894,46.184105,46.006927,45.877117,46.035717,45.529053,46.324554,45.957977,46.068436,46.153664,45.79432,46.026794,46.206436
50.972435,50.826885,50.817192,50.996304,51.05114,51.30165,50.90667,51.39375,51.167572,51.04846,50.61142,50.811554,51.17356,51.274708,51.059204,51.23602,50.79336,51.60515,51.24542,50.90539,51.4601,51.373005,50.74455,51.308647,51.217953,51.166786,51.471893,51.41188,51.25123,51.106655,51.217834
50.550007,50.829147,50.763733,50.745346,50.79641,50.57821,50.221962,50.450798,50.975132,50.700863,50.560863,50.79211,50.855953,50.837963,50.721832,50.65405,50.75014,50.68612,50.862507,50.994316,50.95808,50.47966,51.064877,50.848763,50.783676,50.809998,50.926815,50.83376,51.058945,51.159016,50.76106
61.878494,61.52934,61.55539,61.35884,61.986603,62.221443,61.95977,62.151962,62.05994,62.005913,61.82102,61.867382,61.944298,61.984688,62.553505,62.094353,62.069263,62.101147,62.297436,61.65595,62.466087,62.35471,62.511127,62.54461,62.416424,61.843483,62.147278,62.168854,62.381733,62.892883,62.304176
48.32344,48.020737,47.79535,48.259434,48.242905,48.154263,47.94525,48.263355,48.20607,48.151505,48.467304,48.27389,48.295322,48.18327,48.10637,48.19879,48.262043,48.178707,48.482292,48.561005,48.171116,47.981815,48.393574,48.28195,48.549885,48.577293,48.248974,48.36893,48.486034,48.619385,48.465363
44.761765,44.973606,44.851006,45.141796,44.50965,44.986675,45.013733,45.00743,45.307644,45.275097,45.52944,45.12691,44.819702,45.080284,45.494022,45.00822,45.255035,45.37347,45.19474,45.55183,45.46921,45.20958,45.253292,44.986916,45.770576,45.61364,45.030518,45.688896,45.710606,45.6108,45.435497
49.607777,49.400185,49.52056,49.25868,49.726204,49.864662,49.701004,49.698612,49.90877,49.931763,49.546486,49.86963,49.76152,49.98033,49.92126,49.911217,50.05901,50.496586,49.98773,49.84573,50.265537,50.0575,49.83134,49.990494,49.900078,49.848274,50.3043,49.99732,49.958046,49.918945,49.920433
52.82553,52.54388,52.68405,53.11882,53.0366,52.915108,52.964386,52.91961,53.040245,53.133263,53.38366,53.05638,52.8392,52.865128,53.288425,52.983513,53.05551,53.180412,53.345062,53.520107,53.479702,52.83325,53.509205,52.944313,53.52697,53.321884,53.15143,53.152103,53.122513,53.571667,53.30913
44.111958,44.057472,44.281776,43.820312,44.35102,44.71969,44.27856,44.4534,44.433533,44.19613,44.230392,44.33894,44.413647,44.342175,44.200603,44.365658,44.181847,44.51203,44.343307,44.11667,44.403553,44.63084,44.22599,44.769264,44.33409,44.690186,44.7274,44.370945,44.608448,44.407585,44.42677
34.859077,34.934452,34.856705,34.9753,34.869232,34.431175,34.59565,34.679314,34.732635,34.63137,34.60005,35.04289,34.97624,35.362286,34.628506,35.08976,35.07002,35.031925,34.903843,35.167084,34.8479,34.991894,34.993786,34.857033,35.04336,35.26799,35.390408,34.953648,34.797874,35.048187,35.443645
52.94184,53.28101,53.3479,53.447147,53.116127,53.383434,53.30517,53.423355,53.664223,53.64486,53.12236,53.408176,53.420586,53.87196,53.277912,53.804127,53.462284,53.91011,53.622967,53.34717,53.690987,53.218437,53.49762,53.477127,53.66753,53.605614,53.64989,54.083702,53.47811,53.481598,53.38855
46.803432,46.637226,46.638535,46.903023,46.60116,47.042465,46.91386,47.363365,47.010735,46.896736,46.718876,47.1363,46.740158,47.107414,47.0266,46.977734,47.034176,47.295082,46.808834,46.880203,47.28381,47.34421,46.93058,46.927216,47.320263,47.29326,47.224514,47.49459,47.05511,47.45876,46.945892
46.815796,47.188103,47.350067,46.902004,46.937614,47.06655,46.97518,47.011147,47.5899,47.257317,46.912643,47.414085,47.087948,47.63089,47.28503,47.28548,47.5847,47.756252,47.31027,47.277332,47.584225,47.41192,47.583794,47.421555,47.5455,47.443336,47.74859,47.46531,47.306545,47.504738,47.36558
28.379189,28.587124,28.74396,28.534962,28.079857,28.631607,28.45827,28.772665,28.627808,28.175451,28.289268,28.90477,28.497883,29.109518,28.26079,28.72821,28.482395,29.005764,28.46828,28.427624,28.380337,28.700958,28.58049,28.480112,29.11399,29.228945,28.926096,28.73302,28.455767,28.582867,28.930908
41.654682,41.659363,41.763077,41.750683,41.61306,42.028534,42.101738,41.949215,41.715157,41.770695,41.96038,42.058804,42.000317,42.11417,41.521763,42.19236,41.989292,42.11662,41.930435,42.05272,41.667522,41.80377,41.905094,41.88591,42.329845,42.60444,42.07413,42.19456,41.940346,41.78782,42.23466
56.602097,56.03249,56.061333,56.77128,56.377853,56.31066,56.38808,56.412354,56.14309,56.375866,56.63109,56.63294,56.616764,56.160282,56.689835,56.291283,56.311523,56.549957,56.615665,56.944565,56.86356,56.487896,56.790115,56.40754,56.930042,56.471848,56.618244,56.55021,56.857372,56.935234,56.84049
52.85666,52.89825,53.3891,53.14108,53.20336,53.221767,53.063038,53.162537,53.241856,53.009674,53.46511,52.98209,53.364243,53.37819,53.34438,53.28918,53.24048,53.03461,53.55012,53.31774,53.037876,53.16513,53.482357,53.720078,53.597466,53.785156,53.62697,53.348774,53.37778,53.459534,53.883835
51.958935,51.960762,51.863403,51.962322,52.250153,51.835445,52.281128,51.99118,51.799706,52.533348,52.304787,52.277466,52.176014,52.093018,52.445496,52.163864,52.399548,52.03907,52.479286,52.39235,52.217934,52.19369,52.737473,52.265274,52.260777,52.257935,52.11092,52.62634,52.108036,52.573273,52.46101
37.02636,36.898,36.65341,37.057034,36.572227,36.701817,36.647186,36.981144,36.85006,36.684475,36.875435,36.896523,36.84669,37.006794,36.4344,36.91783,36.92006,37.196163,36.980053,36.9697,36.73619,37.088104,36.588837,36.95276,37.087833,37.158928,37.212254,37.115234,37.36897,36.784657,37.152317
54.19122,54.263245,54.326637,54.631706,54.394302,54.665627,54.672123,54.652657,54.476128,54.564945,54.632954,54.244392,54.698437,54.40474,54.84576,54.80411,54.653004,54.541943,54.615593,54.841408,54.894997,54.620422,54.62706,54.696434,54.827686,54.739265,54.577065,55.121384,54.95192,54.89033,54.759773
53.869072,53.90572,53.884697,53.690166,54.23786,53.9028,53.82647,53.78742,54.325226,54.256233,53.891663,54.063152,53.96725,54.208332,54.155827,54.219612,54.255363,54.347046,54.28208,54.188984,54.59863,54.322803,54.242645,54.481865,53.99675,54.15686,54.62687,54.24928,54.47996,54.491165,54.263382
52.70201,52.423145,52.411224,52.61646,52.178978,52.626804,52.69512,52.77272,52.716713,52.665306,53.17534,52.73735,52.312702,52.529793,52.77808,52.784653,52.823185,52.749355,52.895317,52.842823,52.72333,52.81587,52.794548,52.70469,53.08269,53.14321,52.576046,53.25188,53.431755,53.16714,52.861183
58.754513,58.49785,58.86406,58.65904,59.305107,58.864708,58.845806,58.580612,58.694073,58.837307,58.89344,58.531822,59.281185,58.764614,59.250664,58.89523,59.102608,58.85937,59.257416,59.125595,59.31211,59.234417,59.356564,59.486885,58.960392,58.693733,59.464813,58.698986,59.25279,59.231064,59.48268
50.438663,50.51625,50.642754,50.372196,50.61563,50.437073,50.665287,50.456104,50.44534,50.57414,50.89312,50.52716,50.58049,50.57784,50.8414,51.023476,50.68851,50.32055,50.956024,50.81417,50.489628,50.49383,51.04613,50.797104,50.636967,50.990196,50.441284,51.03311,50.783894,50.984352,50.982414
44.852417,44.749996,44.633186,45.321045,44.457954,44.553368,44.60228,44.934357,44.804462,44.710056,44.99008,45.054077,44.91654,45.137856,44.942913,44.929146,44.85717,44.86693,44.80036,45.180298,45.069286,44.982895,45.06867,44.679962,45.419857,45.265556,44.91142,45.34543,45.1306,45.541763,45.23752
55.03375,55.07563,55.2073,55.368183,55.264442,55.523083,55.270515,55.743835,55.51785,55.500835,54.894283,55.505394,55.656948,55.948006,55.732826,55.728146,55.62689,55.87568,55.696774,55.27634,55.629738,55.136616,55.744427,55.621895,55.915527,55.42434,55.76583,56.033066,55.122295,55.79452,55.630913
47.499496,47.40576,47.283386,47.845512,47.67096,47.55132,47.69679,47.439346,47.821255,47.852654,48.37764,47.83249,47.722668,47.226242,48.132385,47.810757,48.026466,47.788956,48.05795,48.52829,48.088543,47.32037,48.120308,48.013184,48.13538,47.81566,47.94124,47.924335,48.479343,48.15105,48.18346
51.36924,50.791813,51.013847,51.368904,51.131477,51.093506,51.013165,51.22685,51.067184,50.97027,50.985184,51.30097,51.28752,51.579258,51.25788,51.265736,51.23195,51.610935,51.309937,51.35832,51.650608,51.63112,51.267906,51.255554,51.672295,51.439766,51.917652,51.250534,51.545544,51.68603,51.83316
49.25207,49.191097,49.23649,49.13238,49.46734,49.57462,49.385086,49.428513,49.480343,49.49968,49.28686,49.554142,49.480587,49.61904,49.224205,49.325996,49.626324,49.550434,49.37373,49.344658,49.72736,49.83437,49.70914,49.634872,49.646236,49.691643,49.81739,49.515766,49.644188,49.91285,49.450542
38.39594,39.01936,39.004814,38.758564,38.082924,38.659843,38.65545,38.940357,38.980263,38.67276,38.70589,38.95917,38.81665,39.361988,39.037743,38.979984,38.945145,39.066605,38.783386,38.901146,38.64658,38.997112,38.90859,38.882195,39.48827,39.57383,38.86502,39.560837,38.848106,39.050476,39.337677
44.281124,44.22684,44.256523,43.653606,44.01541,43.915585,43.832794,43.836792,44.179634,44.166924,44.31739,44.37155,44.11547,44.364246,44.393303,44.116154,44.31726,44.25531,44.458694,44.19501,44.054054,44.55597,44.261726,44.569565,44.09822,44.477684,44.497936,44.396305,44.89087,44.481976,44.73017
41.47961,41.135704,41.05825,41.860447,41.573425,41.239162,41.509285,41.454697,41.098263,41.5599,41.84944,41.44308,41.652878,41.18854,41.49679,41.624023,41.543613,41.465813,41.734993,41.925774,41.4996,41.37044,41.354416,41.652863,41.419765,41.49227,41.814537,41.836773,41.986588,41.48285,41.928574
51.051838,51.39691,51.457657,50.993145,51.236053,51.38789,51.034763,51.32426,51.67522,51.112156,50.87774,51.242325,51.244728,51.510273,51.144127,51.38047,51.62694,51.428276,51.13629,51.364414,51.62976,51.66496,51.450115,51.47213,51.319847,51.64541,51.632763,51.552715,51.48333,51.715862,51.065975
53.568363,53.47937,53.403152,52.944187,53.949127,53.494164,53.650513,53.362877,53.55794,53.67805,53.33808,53.68464,53.545666,53.68353,53.71787,54.054615,53.85583,53.78779,53.97157,53.77305,53.827328,53.682186,53.919865,54.026398,53.51381,53.806206,54.025375,53.728455,53.805984,53.902626,54.02851
54.194572,54.00686,54.41974,54.13464,54.191803,54.878613,54.68166,54.69343,54.50722,54.245007,54.87427,54.029972,54.26948,54.168335,54.22152,54.547607,54.53881,54.38941,54.46706,54.374447,54.478306,54.928566,54.357086,54.71682,54.620632,55.05175,54.483532,54.7473,54.96165,54.59026,54.350327
52.300186,52.112503,52.252945,52.345913,52.939697,52.451233,52.993595,52.34661,52.239655,52.78533,52.670033,52.744473,52.77142,52.396713,53.146004,53.06051,53.03448,52.61426,52.815735,53.11907,53.138332,52.601955,53.270653,52.89479,52.708412,52.553734,52.973545,52.843445,52.671352,53.14494,53.12589
40.07984,40.578392,40.017593,40.200253,40.16204,40.033794,40.097664,40.316166,40.252216,40.406647,39.930363,40.23751,40.505768,40.30954,40.47844,40.27256,40.439034,40.466896,40.354324,40.530266,40.35973,40.478043,40.294094,40.56224,40.429745,40.29595,40.39438,40.79437,40.44073,40.35975,40.589207
52.629795,52.573254,52.71492,52.981884,52.65435,53.119858,53.3906,53.44684,52.72576,53.04011,53.135284,53.227222,53.010906,52.935413,53.29361,53.2539,53.25164,52.891144,52.993816,53.078266,52.96572,52.96,53.46252,53.02986,53.517155,53.419304,52.843483,53.81828,52.823826,53.537346,53.09457
48.10282,47.88401,47.876144,48.50892,48.286545,48.216732,48.33333,48.12435,48.266697,48.782253,48.70785,48.861984,48.5162,48.354362,48.38856,48.219154,48.240936,48.648167,48.53904,48.688915,48.719067,48.174183,48.65051,48.499886,48.765434,48.548454,48.76174,48.600098,48.695717,48.67151,48.724525
43.56278,43.623554,44.01201,44.065853,43.61064,43.76459,43.9445,43.981236,44.002636,44.085163,44.223557,44.167816,43.763084,44.175526,44.154156,43.985645,44.111916,44.258064,44.149734,44.089,44.074913,44.0668,44.211338,44.052338,44.335808,44.41043,44.359367,44.47895,44.001053,44.203648,44.313496
45.075275,44.74491,44.1799,44.73194,44.336395,44.88634,44.798267,45.180897,44.884888,44.88599,44.88115,45.308464,44.60284,44.78133,44.6001,44.89663,44.77189,45.23874,44.862667,44.843315,44.88431,44.948715,44.711067,44.809204,45.28171,45.1849,44.7771,45.3821,45.441715,45.187363,44.816387
53.641144,53.53788,53.56565,53.877888,53.86081,54.142548,53.790123,54.065228,54.27286,54.219147,54.356083,54.107784,54.168396,53.784492,54.50227,53.42099,54.235836,54.136963,54.1092,54.198483,54.482857,54.310932,54.43284,54.633827,54.705368,54.073685,54.484825,54.125553,54.54426,54.742035,54.34868
47.89711,47.492935,47.88291,47.737194,48.28282,48.12304,48.15624,47.889435,47.84081,48.20933,48.277653,48.265366,48.168747,48.19095,47.925945,48.114372,48.193466,48.16868,48.30033,48.054226,48.121906,48.194862,48.296734,48.394913,48.083958,48.371155,48.65702,48.074192,48.247288,48.25881,48.445873
55.850655,55.446323,55.264908,56.10293,55.700462,55.671,55.45939,55.73883,55.701714,55.755028,55.6637,55.843258,55.985054,55.877605,55.47163,55.846546,55.758198,56.15166,56.083527,56.207928,55.909184,55.201332,55.771133,55.599228,56.19103,55.880226,55.999577,55.965416,56.004417,55.829388,55.94547
48.467056,48.69662,48.73561,48.511375,48.94792,48.87601,49.113956,48.787403,48.641552,49.20242,48.979588,48.83662,49.098873,48.88931,49.19573,48.948315,49.173122,48.78713,49.0155,48.998997,48.97022,49.212585,49.172657,49.29535,48.951668,49.137657,49.07134,49.386047,49.066723,49.164837,49.286465
49.510468,49.7668,49.50775,49.27919,49.34262,49.43027,49.660324,49.617455,49.897217,49.49536,49.229115,49.989594,49.341774,49.847324,49.83065,50.170574,50.042557,50.01652,49.72744,49.808636,50.05901,49.70786,50.318127,49.734978,50.152515,49.819748,49.758717,50.0009,49.738525,50.32069,49.800415
55.17092,55.187588,55.09427,55.093353,55.311646,55.25279,55.077755,55.2464,55.35474,55.4173,55.24965,55.355354,55.47256,55.371872,55.431824,54.96763,55.478104,55.176167,55.370064,55.213905,55.556934,55.779457,55.765697,55.804283,55.61835,55.332436,55.635788,55.436054,55.760635,56.023457,55.55607
52.797806,52.799603,53.144836,52.899105,52.995934,53.15024,53.24415,53.11926,52.957916,53.164963,52.937035,53.29053,53.20245,53.100273,53.26984,53.049934,53.179985,53.430683,53.28684,53.133507,53.309128,53.264732,53.582672,53.301804,53.4308,53.187943,53.423283,53.313286,52.971146,53.208572,53.281956
58.778465,58.830887,58.69046,58.95949,58.794243,59.103584,58.89785,59.026703,59.309128,59.570812,59.421375,59.160896,59.06633,58.90234,59.52385,58.384644,59.04031,59.339863,59.264343,59.313892,59.625454,59.514324,59.414726,59.40148,59.774826,59.328392,59.220085,59.437336,59.648582,59.687275,59.32367
48.056164,48.403915,48.222435,47.859222,48.23178,48.318542,48.24806,48.329853,48.374466,48.37234,48.109684,48.347397,48.25062,48.359776,48.31132,48.03572,48.427082,48.237392,48.155712,48.30091,48.49905,48.960846,48.60217,48.55288,48.550423,48.772087,48.412113,48.546764,48.410606,48.82447,48.380955
47.22903,47.07061,47.330566,47.240772,47.200195,47.237137,47.076927,47.29994,47.19981,46.843277,47.130222,46.998577,47.469032,47.27343,47.147846,47.408062,47.26933,47.221405,47.314133,47.03076,47.337563,47.758347,47.28786,47.82261,47.241467,47.137962,47.783333,47.261772,47.797363,47.452526,47.572716
44.52259,44.430855,44.074303,44.762627,44.576492,44.197052,44.50853,44.29157,44.331203,44.753353,44.601974,44.752827,44.677814,44.492672,44.582874,44.44904,44.74111,44.7585,44.531567,45.247253,45.077393,44.749058,44.809757,44.369026,44.86949,44.7144,44.769005,44.74915,44.774494,44.953003,44.86789
36.986576,37.0418,37.33819,37.298473,36.942513,36.969704,37.010868,37.17972,37.21725,36.781586,37.22031,37.25048,37.111656,37.440628,37.22586,37.7065,37.435246,37.275177,37.313835,37.39988,37.12448,36.92801,37.45256,37.135094,37.338226,37.4815,37.385136,37.498615,37.15928,37.44045,37.45205
48.93519,48.709694,49.00071,48.806843,48.771317,48.988434,48.659424,49.112858,49.167767,48.832413,48.88359,49.239777,48.82696,49.2206,49.086494,48.72032,49.123093,49.32144,49.1061,48.952244,49.146885,49.271442,49.25194,49.137833,49.388874,49.327026,49.485588,49.096188,49.095066,49.453064,49.17979
35.67345,35.65709,35.737186,35.71803,35.448647,35.873486,35.538948,35.930153,35.856277,35.699947,35.59392,36.10066,35.823517,36.35665,35.58646,35.94104,35.809692,36.304165,35.837933,35.80763,35.65686,35.69452,35.519806,35.665718,36.05771,36.398735,36.17169,36.219353,35.880035,35.771954,36.058605
58.973904,58.43469,58.583626,59.030827,58.988716,59.141235,59.265163,59.365803,58.95509,59.115788,58.97027,59.15878,59.101025,59.12501,59.47974,59.487396,59.490314,59.540047,59.394547,59.274952,59.540085,59.011787,59.47479,59.195915,59.582066,59.024574,59.406986,59.574955,59.104618,59.593895,59.33834
50.584667,50.448853,50.29203,50.371796,50.43373,50.836445,50.97973,50.90664,50.768368,50.751957,50.967068,50.723927,50.414326,50.43863,50.778008,50.792328,50.8418,50.887077,50.758377,50.818447,51.000443,51.24639,50.824154,51.038567,51.18118,51.191727,50.8424,51.082375,51.27237,51.153435,50.945694
35.614136,35.738094,35.711964,35.802788,35.2772,35.539764,35.433525,35.58131,35.903774,35.4827,35.331863,36.200466,35.627457,36.388393,35.34031,35.909084,35.59803,36.2442,35.632614,35.585415,35.94493,35.8488,35.87325,35.685234,36.296616,36.078224,36.302853,35.749023,36.023247,36.047012,36.147503
42.73886,42.801456,42.63848,42.95916,42.45495,42.67881,43.10523,42.898384,42.450836,42.76587,42.761936,42.71967,42.91099,42.812645,42.582798,43.26957,42.69961,43.0305,42.88673,42.85192,42.820477,43.093918,42.72991,42.817635,42.978046,42.95764,42.753887,43.37339,43.12178,42.645004,43.07455
41.755066,41.510494,41.598045,42.037853,41.664223,41.63983,41.597958,41.793297,41.609276,41.592575,41.72609,41.99473,41.855354,41.932835,41.408688,42.02294,41.82909,41.884342,41.902046,41.840855,41.668953,41.39511,41.906548,41.662575,41.846985,41.824524,42.02137,41.9811,41.896687,41.883087,41.825653
44.675774,44.96131,45.632896,45.76053,44.61734,45.075157,44.984592,45.308197,45.060276,44.87734,45.056984,45.270195,45.200806,45.70122,45.196823,45.04078,45.191113,45.19298,45.079433,45.284252,45.08325,45.006046,45.555744,44.70481,45.84459,45.765884,45.329586,45.63748,44.81046,45.476307,45.3935
53.15811,53.09548,53.159134,52.888657,52.98874,53.242794,53.108204,53.21097,53.196617,52.97221,53.14644,52.90067,52.9564,52.940704,52.99444,52.916866,53.009033,53.19303,53.179287,53.02774,53.36512,53.959656,53.16891,53.491013,53.336662,53.459778,53.374695,53.188866,53.765553,53.404205,53.27539
52.11873,51.838074,51.840057,52.355988,51.79531,52.027462,51.869232,52.220123,52.437283,52.195915,52.608597,52.298027,52.041626,52.230328,52.66821,52.183453,52.310455,52.52949,52.521095,52.693966,52.57171,52.02732,52.488586,52.164955,52.915546,52.549393,52.261543,52.618767,52.58093,52.85405,52.59278
50.985954,51.187214,51.189163,51.144833,51.015823,51.3187,51.07046,51.51054,51.512547,50.887745,51.048206,51.100796,51.252907,51.153564,51.18322,51.306343,51.516376,51.22499,51.15231,51.26094,51.38286,51.46988,51.519608,51.613617,51.574272,51.40175,51.437145,51.478184,51.396214,51.66707,51.138577
44.55089,44.293526,44.62613,44.45282,44.8824,44.87207,45.094738,44.777576,44.551506,44.855564,44.899555,44.38191,44.759876,44.62242,44.970047,45.18707,44.903057,45.237137,45.266186,44.773273,44.961594,45.093136,44.644997,45.280617,44.69872,44.750786,45.32167,45.007637,45.13936,44.474506,45.315994
47.962887,48.43383,48.76883,48.2116,48.21511,48.30338,48.13107,48.027424,48.725613,48.567978,48.581306,48.674126,48.409958,48.83572,48.591156,48.142616,48.736866,48.463757,48.55528,48.58643,48.544193,48.547092,49.006046,48.675613,48.863705,48.978065,48.863842,48.60587,48.772526,48.962086,48.824436
52.548786,52.29702,52.247147,52.648926,52.72901,52.52549,53.003025,52.85578,52.439133,53.031857,52.956432,52.681763,52.75624,52.707764,53.493164,53.217617,52.816902,52.871357,53.14297,53.003307,53.10546,52.922447,52.984104,53.05854,53.013134,52.89129,52.84449,53.5092,52.902664,53.2701,53.461525
49.012653,49.227016,48.99755,49.440113,48.955437,48.847893,48.70018,49.12818,49.41633,49.16112,49.194237,49.005928,49.180016,49.246674,49.538616,49.014774,49.37567,49.255642,49.341232,49.585693,49.527596,49.279903,49.402435,49.3208,49.617115,49.278954,49.358696,49.5656,49.596016,49.76849,49.522167
41.24348,41.022774,41.239433,41.09408,41.32937,41.097706,41.12925,41.122574,41.102562,41.181824,41.580658,41.5938,41.366898,41.409393,41.06399,41.38246,41.36736,41.09814,41.465446,41.310375,40.947186,41.21971,41.522984,41.576965,41.21284,41.677658,41.617085,41.380962,41.45693,41.50503,41.63794
46.32706,45.528816,45.941444,46.10329,46.148064,46.2606,46.505642,46.37911,45.88148,45.965866,46.57551,46.2578,45.991756,46.14175,45.768047,46.804893,46.264683,46.31824,46.418087,46.087864,46.122242,46.320538,46.203426,46.266563,46.115757,46.52278,46.45712,46.427284,46.44093,46.286964,46.293304
49.356266,49.528408,50.108803,49.79449,49.52758,49.547157,49.664867,49.41359,49.800972,49.762882,49.699852,49.81119,49.935688,50.387463,50.004036,50.043198,49.993496,50.137623,49.932667,49.924793,50.14606,50.027714,50.125175,49.911858,50.12352,50.0887,50.381733,50.088753,49.935272,50.057907,50.388916
43.385612,43.38967,43.178017,43.890125,43.395203,43.501774,43.473694,43.796837,43.666935,43.59319,43.81144,43.330486,43.77841,43.678642,43.858604,43.908337,43.65585,43.670723,43.720592,43.813198,43.866394,43.78753,43.442856,43.987396,43.955696,43.792557,43.8597,44.19928,44.16905,44.019142,44.140354
59.53312,58.81861,59.65618,59.247894,59.4971,59.784122,59.780514,59.57487,59.078705,59.280117,59.322163,59.477684,59.444855,59.74921,59.281494,60.04179,59.52724,59.803024,59.797997,59.295666,59.483246,59.530678,59.45444,59.404907,59.366085,59.822983,59.934788,59.788895,59.680897,59.41647,59.659748
46.77432,46.62688,46.519905,46.273617,47.0446,46.600945,46.474678,46.415833,46.681286,46.697258,46.489548,46.799225,46.904022,46.784966,46.704853,46.908047,46.99034,46.80499,46.894287,46.862907,46.929325,46.857197,46.859642,47.11904,46.427612,46.63958,47.222073,46.70348,47.175327,47.012905,46.976048
57.267555,56.722153,56.946526,56.64887,57.336586,57.061317,57.065952,56.92837,56.787426,57.05942,57.01738,57.12642,56.98524,56.909485,57.242393,56.983406,57.1188,57.08252,57.324608,57.107037,57.36173,57.523926,57.379776,57.279366,56.95141,57.1111,57.416622,57.043663,57.498775,57.54011,57.327744
45.934376,46.250572,46.463806,46.0192,46.133118,46.19209,46.122673,46.08821,46.58694,46.258278,46.68186,46.262077,46.14027,46.306454,46.436245,46.23176,46.50488,46.275013,46.51272,46.554523,46.36054,46.428047,46.773617,46.59735,46.639774,46.848976,46.430862,46.438572,46.50235,46.683826,46.57293
45.94759,45.483974,45.563545,46.443413,45.997124,45.840405,46.596256,45.969433,45.602207,46.574524,46.788433,46.64192,46.14193,45.768066,46.19183,46.172092,46.155857,46.42654,46.421658,46.69909,46.325817,45.95903,46.44603,46.132225,46.536568,46.338623,46.44045,46.529343,46.372932,46.14007,46.648525
51.210484,51.209034,51.464676,51.008266,51.76229,51.37776,51.64882,51.025078,51.499237,51.70542,51.703102,51.480072,51.603943,51.52481,51.70407,51.872906,51.907093,51.687775,51.88301,51.771183,51.870857,51.713215,51.954716,52.0879,51.47231,51.606346,52.078766,51.572212,51.927887,51.73603,52.03071
39.399673,39.019474,39.3976,39.61045,39.36847,39.257862,39.47498,39.553932,39.20234,39.208393,39.381588,39.606537,39.34604,39.973164,39.21305,39.98823,39.591778,39.672573,39.56209,39.450615,39.455757,39.5,39.546967,39.299187,39.60224,39.899986,39.932972,39.75748,39.277893,39.705395,39.855476
45.608383,45.606346,45.2771,45.85879,45.591133,45.63228,45.87756,45.875397,45.812267,45.696644,45.858734,45.530624,45.602997,45.486977,45.996773,45.99855,45.87107,46.108597,45.892105,46.346027,46.257633,46.029087,45.732708,45.947525,46.323013,46.09983,46.00947,46.093292,46.16912,46.0174,46.286465
49.92505,50.037506,50.01017,50.310284,49.931396,50.00832,50.248768,50.221134,50.198463,50.295284,50.02624,50.4216,50.276398,50.50727,50.312943,50.64164,50.317978,50.49331,50.234577,50.334213,50.59787,50.2891,50.49591,50.27407,50.544758,50.372887,50.42622,50.82473,50.307938,50.634384,50.433292
41.950783,41.935215,42.089302,41.813354,41.821968,42.214466,42.168686,42.37171,42.139023,41.898727,42.078735,42.183563,42.024567,42.331993,42.08226,42.363113,42.155495,42.196095,42.060402,41.800335,42.145214,42.66456,42.251537,42.43229,42.352455,42.514046,42.33037,42.465206,42.29539,42.530888,42.322144
52.34697,51.92283,51.58644,52.238335,52.158974,51.788242,51.805233,51.898243,51.85774,52.400646,52.2187,52.289024,52.21489,52.022446,52.17591,51.931286,51.86316,52.21032,52.340633,52.40546,52.445984,52.20312,52.13961,52.04074,52.073196,52.051987,52.148617,52.42159,52.64689,52.508057,52.312077
48.441204,48.104065,48.298874,48.73663,48.09984,48.64406,48.36103,48.79262,48.348072,48.099854,48.75351,48.340374,48.375492,48.193005,48.439415,48.135498,48.326187,48.45014,48.444717,48.782055,48.468704,48.56206,48.46915,48.241577,49.06664,49.02352,48.40927,48.634342,48.69348,48.749866,48.588234
55.36172,55.214138,55.687363,55.394924,55.539772,55.647404,55.744724,55.478016,55.55375,55.450516,55.79095,55.628326,55.809925,55.710682,55.699154,55.893482,55.820362,55.71034,55.814346,55.78214,55.7782,55.80622,56.07192,56.026527,56.003777,55.976173,56.0283,55.719563,55.8071,55.902386,56.098183
49.913357,50.221867,49.909332,50.13248,49.82547,49.81417,49.746216,50.129158,50.161045,49.83178,49.512245,49.776512,50.138477,50.115303,50.198475,50.151375,50.160065,50.20066,49.993023,50.144375,50.465073,50.457485,50.14962,50.26219,50.27729,49.889732,50.231052,50.41388,50.34316,50.44626,50.184734
45.03072,45.304302,44.783165,45.26504,44.883904,44.95139,45.050217,45.37426,44.945183,45.423737,45.153145,45.42382,45.291687,45.24041,45.575153,44.785217,45.12588,45.099163,45.22899,45.521248,45.060394,45.30218,45.324238,45.20018,45.804066,45.729416,45.062325,45.874523,45.264233,45.646442,45.749336
43.63788,43.9309,43.813972,43.71028,43.918175,43.63438,43.64554,43.641514,43.841854,43.93017,43.50613,43.747936,43.993053,44.025192,43.76753,43.74665,44.116375,44.012417,43.81425,43.97122,44.134266,44.379448,43.86617,44.143326,43.767315,43.897575,44.400482,44.036858,44.160736,43.99573,44.08091
44.317673,44.216427,44.254456,43.831833,44.20337,44.016434,44.313034,44.276,44.21944,44.154915,44.434788,44.17872,43.92973,44.339912,44.247524,44.95761,44.42349,44.288822,44.660698,44.186703,44.051697,44.476612,44.273056,44.61862,43.973457,44.649162,44.35966,44.7987,44.593945,44.398693,44.57801
47.29986,47.217823,46.916176,47.257534,47.20526,47.43541,47.164745,47.729046,47.539047,47.38771,47.64307,47.31772,47.368797,47.17601,47.64816,47.089306,47.350967,47.407932,47.537468,47.53102,47.463673,47.67262,47.484985,47.78405,47.913338,47.76091,47.4042,47.712303,47.642952,47.89392,47.666203
48.591824,48.837837,48.704338,48.66388,48.54856,48.69815,48.28356,48.640167,48.806538,48.531796,48.50072,48.65103,48.83703,48.768406,48.687958,48.494392,48.678753,48.55565,48.592197,48.853397,48.825607,48.83298,48.80433,48.716934,48.837696,48.94751,48.703064,48.927696,49.116165,49.158337,48.702526
52.280334,52.251087,52.247,52.47159,51.938347,52.015846,52.361732,52.361202,52.107563,52.21311,52.43136,52.38021,52.16165,52.216095,52.056778,52.594143,52.178806,52.18142,52.409687,52.268524,52.12596,52.47969,52.27816,52.52327,52.326183,52.60829,52.392086,52.92262,52.86452,52.41224,52.506493
48.428303,47.95735,47.985077,48.07103,48.922134,48.282253,48.45793,48.12523,48.056423,48.450943,48.419514,48.44419,48.63782,48.372726,48.411842,48.87371,48.42332,48.466545,48.81665,48.661488,48.55249,48.227734,48.592896,48.770576,48.220753,48.439667,48.856964,48.349144,48.556297,48.544197,48.975334
49.96473,49.869167,49.578117,49.97666,50.07547,49.806435,49.965466,49.877144,49.59295,50.070213,49.737625,49.887478,49.903263,49.80168,50.0183,49.89097,49.938503,50.019737,50.080883,50.43054,50.19629,49.983917,49.96759,49.704178,50.071228,50.200836,50.005943,50.248917,50.165886,50.159336,50.233486
56.692215,56.66382,56.50486,56.675465,57.116455,56.79108,56.76939,56.83676,56.975662,57.09483,56.980793,56.59097,57.02528,56.874043,56.947655,56.97082,57.12042,56.815796,57.25339,56.89017,57.136692,57.096706,57.263206,57.510147,57.04215,56.842194,57.159374,57.09616,57.21118,57.37591,57.154884
52.91551,52.810474,52.984528,52.7084,53.02027,53.222088,52.9655,52.889698,53.128056,53.269634,53.014366,52.981655,53.18541,53.223423,53.008747,53.0717,52.854996,53.5219,53.397408,52.877922,53.349934,53.374496,53.018623,53.45784,53.142597,53.152077,53.473408,53.206432,53.616997,53.03879,53.336033
50.597515,50.906364,51.106445,50.819435,50.82157,51.045315,50.966953,50.946823,50.78555,51.049313,50.63804,51.17696,51.43611,51.340633,51.143257,50.872272,51.127617,50.943302,50.839165,50.88455,51.09273,51.32227,51.39212,51.183525,51.245354,51.151268,51.218338,51.39018,51.00091,51.3848,51.20359
43.295956,43.664703,44.015892,43.318253,43.467545,43.799187,43.945675,43.738895,43.83207,43.566654,43.988255,43.817345,43.815735,43.879047,43.75983,44.004444,44.084312,43.716293,43.887867,43.666096,43.474392,44.035824,44.207336,44.42057,44.157272,44.31398,44.09282,43.994637,43.91237,43.892845,44.24997
41.881195,41.93982,41.784607,42.12816,42.65422,42.38147,42.822613,42.335373,42.058964,42.800835,42.304714,42.3361,42.623405,42.362576,42.632053,42.977455,42.65039,42.711052,42.552994,42.784466,42.76451,42.30802,42.35216,42.645363,42.366653,42.52613,42.768303,42.94443,42.31481,42.354168,42.852207
40.28587,40.56382,40.295967,40.542282,40.11834,39.937374,39.5346,39.99641,40.566654,40.087177,40.001724,40.352573,40.454166,40.78397,40.049377,40.108418,40.326153,40.332413,40.248417,40.367115,40.506107,40.414078,40.48488,40.342865,40.548424,40.325195,40.647503,40.272545,40.806572,40.847404,40.529575
52.43017,52.59272,52.243683,52.67402,52.621597,52.3856,52.64193,52.685326,52.63985,52.853546,52.575806,52.457855,52.594852,52.58963,53.2111,53.135387,52.82955,52.75835,53.041298,53.003693,53.011776,52.47251,52.8999,52.852005,52.852776,52.610657,52.62056,53.384888,52.949577,53.12701,53.046608
54.71985,54.280464,54.44686,54.852695,54.565704,54.547447,54.6139,54.77334,54.661457,54.602806,54.90622,54.6735,54.68422,54.52501,54.76409,54.986702,54.813828,54.935513,55.165413,54.80264,54.800373,54.506966,54.934013,55.02427,54.88337,54.520996,54.997646,54.99527,55.12389,54.861797,54.921944
45.28043,44.61025,44.580566,45.24085,45.057068,44.55382,44.992172,44.68066,44.469624,44.78729,44.954205,45.142548,44.933685,44.77804,44.817463,45.324253,45.063717,45.327614,45.31928,45.552258,45.148544,44.69402,45.01018,44.78602,44.999126,44.854843,45.442627,44.94543,45.403988,44.88587,45.50259
49.23792,49.54771,49.368637,49.3876,49.54966,49.29951,49.51837,49.33621,49.441437,49.608704,49.878517,49.23723,49.45967,49.376556,49.686146,49.79237,49.595543,49.105846,49.792225,49.906494,49.417107,49.421436,49.70146,49.771667,49.584988,50.056732,49.357613,50.022324,49.920662,49.868786,49.969322
46.679123,47.060207,47.029053,46.79785,46.86138,47.284527,47.113537,47.32666,47.069218,46.946568,46.82701,46.88362,47.15172,47.175682,47.128765,47.215282,47.182434,46.93229,46.914852,46.97688,47.10732,47.348564,47.21885,47.19201,47.29055,47.4647,46.946724,47.583164,47.081383,47.461323,47.047493
40.682083,40.73099,40.37342,41.10226,40.613045,40.715096,41.014977,40.970745,40.63396,40.962788,40.807037,40.91377,40.92933,41.038036,40.907196,41.003452,40.91085,41.17393,40.900856,41.250988,41.090034,41.037487,40.831818,40.827644,41.552006,41.332474,41.12559,41.32869,41.08558,41.088524,41.547634
50.47923,50.60265,49.847275,50.58446,50.441185,50.286083,50.45499,50.665394,50.730648,50.717945,50.542187,50.50653,50.22061,50.29894,50.642433,50.62935,50.506012,50.675472,50.60289,51.03788,51.1385,50.683037,50.81445,50.439804,51.02127,50.84745,50.262577,50.996727,50.684196,51.241016,50.5336
51.528683,51.343674,51.953407,51.688084,51.788048,51.828175,52.126316,51.823673,51.714817,51.751335,51.641125,52.124447,51.82789,52.14266,51.701786,52.15424,52.198902,52.23105,51.833347,51.876904,52.21029,52.199234,52.348637,51.94805,52.128094,52.154846,52.517002,51.99404,51.57962,52.09746,52.01179
37.40673,37.42429,37.113586,37.56324,37.4151,37.38239,37.67914,37.432487,37.174255,37.62259,37.34235,37.754616,37.80017,37.53351,37.65193,37.652943,37.620857,37.842236,37.497322,37.842445,37.85174,37.731857,37.67202,37.55999,37.840584,37.488434,37.790474,37.79158,37.79029,37.687622,38.00117
48.258965,48.285427,48.09781,47.958828,48.264305,48.153835,48.023968,48.323837,48.185963,48.069954,48.01115,47.849197,48.028355,48.19228,48.244736,48.51922,48.211773,48.15312,48.422947,48.28537,48.194214,48.377148,47.977486,48.319283,47.96359,48.51722,48.195942,48.682022,48.583366,48.404373,48.34081
58.641476,58.676094,59.024223,58.838703,58.750275,59.14049,58.724033,59.092426,59.33474,58.752758,59.05475,58.510372,58.931328,58.89593,59.592236,59.01003,59.27627,59.091328,59.21031,59.17024,59.358612,59.21487,59.05949,59.498405,59.373573,59.176567,59.39367,59.34675,59.665073,59.501957,59.36957
55.271908,55.401398,54.922493,55.74583,55.119286,55.337685,55.092186,55.507725,55.766655,55.669804,55.46795,55.49465,55.605328,55.395496,56.058292,55.02887,55.574615,55.75542,55.504696,55.97231,56.237713,55.701267,55.80407,55.639374,56.377563,55.468727,55.621315,55.867657,56.08612,56.339325,55.82549
52.914444,52.925957,52.433006,53.442726,52.642036,53.16732,53.09846,53.511257,53.181305,52.971115,52.72712,53.34695,53.353,52.898026,53.13527,53.234875,53.325714,53.47222,52.93349,53.406677,53.554398,52.886642,53.39741,53.15709,53.890728,52.873444,53.160763,53.590813,53.31298,53.546467,52.968594
45.40943,45.459087,45.464935,45.39674,45.442993,45.483334,45.640457,45.44189,45.353733,45.60245,45.63609,45.767826,45.493187,45.503223,45.45528,45.573586,45.646694,45.61946,45.62057,45.91261,45.498974,45.554993,45.663086,45.481804,45.699085,46.11222,45.666985,45.884518,45.741837,45.627895,45.781822
55.38815,55.69943,55.6876,55.25711,55.785324,55.8106,56.09218,55.763382,55.91229,55.960354,56.19357,55.528145,55.692368,55.407104,56.59811,56.29776,56.161613,55.677288,56.232464,56.171932,56.005993,55.900795,56.217613,56.492447,55.96074,56.10479,55.74908,56.465633,56.330555,56.260727,56.305035
54.68544,54.669437,54.71196,54.84093,54.566566,54.476753,54.794373,54.623688,54.6726,54.72827,55.157288,54.98681,54.760395,54.61763,54.909035,54.67513,55.068916,54.62934,54.996964,55.26075,54.72744,54.844364,55.330086,55.06025,55.340405,55.24662,54.998848,55.032234,55.194042,55.2234,55.332817
46.250175,46.078697,45.869514,46.205208,45.948174,46.381844,46.213165,46.479614,45.949055,46.08748,45.799564,46.123516,46.61874,46.383427,46.395138,46.430527,46.254272,46.540337,46.169872,46.185036,46.502956,46.56867,46.131165,46.22602,46.500347,46.068947,46.255634,46.69216,46.561638,46.473072,46.427605
40.005096,40.443184,40.703133,40.16502,40.370094,40.375214,40.5327,40.362263,40.44491,40.180798,40.595676,40.311672,40.491734,40.558533,40.600246,41.02393,40.560863,40.17478,40.618195,40.487823,40.2278,40.420296,40.794357,40.91044,40.532814,40.928833,40.555244,40.773994,40.54505,40.67191,40.962727
43.357975,42.88783,42.846252,42.99313,43.05517,42.873013,42.879955,42.98641,42.846806,42.757427,42.881218,43.27003,42.915894,42.987385,43.182957,43.217846,43.207684,43.21961,43.02689,43.4432,43.370396,43.312153,42.989517,42.923164,42.957253,43.205215,43.438663,43.203617,43.606018,43.494812,43.341656
43.414597,43.136467,43.264923,43.302162,42.750893,43.08415,42.764988,43.26964,43.43121,43.02008,43.385162,43.930996,43.07004,43.697357,42.911457,43.260483,43.326088,43.34461,43.21088,43.169086,43.075405,43.136948,43.46392,43.06064,43.4659,43.742638,43.398445,43.60371,43.63118,43.850765,43.16077
49.539284,49.38784,49.70259,49.617912,49.968834,49.47635,49.753223,49.318237,49.3896,49.784492,49.800762,49.58712,49.937443,49.95364,49.86532,49.69977,49.869625,49.721577,49.954956,49.975468,50.01685,50.20296,50.098274,50.02292,49.961693,49.99752,50.34361,49.641068,49.92617,50.064854,50.56979
45.569923,45.75341,45.624916,44.966026,45.9047,46.191658,45.89761,45.8106,45.80943,45.929005,45.652096,45.71016,46.109653,45.668232,45.717518,45.911457,45.74991,45.88313,45.879696,45.42787,45.78718,46.290188,45.67005,46.620804,45.53798,45.84017,46.05616,45.993477,46.382942,45.732407,45.895153
44.68275,44.820545,44.855637,44.441948,44.929016,44.65451,44.960712,44.55877,44.783928,44.96742,44.584957,44.952778,44.811687,45.036396,45.264194,45.104137,45.09526,45.06969,44.83125,44.927708,45.5105,45.71409,45.11002,45.262474,44.80969,44.923546,45.474464,45.1072,45.409603,45.42685,45.415333
49.654873,49.645054,49.831642,50.04584,49.52056,49.691193,49.845566,49.81384,49.711796,49.83026,49.91969,50.27491,49.933975,50.075047,49.997875,49.97915,49.557465,49.904846,49.922306,49.92,50.008224,49.860527,50.283283,49.912254,50.38613,50.237953,50.00828,50.23825,50.0301,50.34682,50.330616
46.14418,46.574688,46.404358,46.29243,46.136833,46.452953,46.30177,46.456684,46.657143,46.554012,46.573093,46.2966,46.49967,46.696568,46.724163,46.40343,46.6211,46.401054,46.44563,46.546097,46.650528,46.963547,46.582615,46.739456,46.877293,46.972076,46.49403,47.01322,47.017155,47.06092,46.834873
47.854183,48.2021,48.11947,48.204475,48.50357,48.065197,48.53764,48.186558,48.189144,48.447426,48.154575,48.36783,48.387676,47.954235,48.436275,48.58449,48.565205,48.2883,48.351482,48.635124,48.64077,48.379253,48.717194,48.77568,48.212658,48.202263,48.688957,48.6244,48.33168,48.453796,48.440857
41.851765,42.30978,42.55992,42.43856,42.002686,42.13075,42.12397,42.25836,42.601925,42.516785,42.51556,42.838116,42.37791,42.67392,42.500816,42.13523,42.610863,42.50713,42.376858,42.522408,42.460102,42.344368,43.014668,42.449448,42.817154,42.740654,42.613476,42.769863,42.195477,42.81752,42.444763
51.27195,51.508125,51.867622,51.464348,51.504578,51.772156,51.52159,51.633083,51.963432,51.600063,51.772373,51.83908,51.79658,51.964024,51.91346,51.671276,51.95553,51.69697,51.76717,51.751774,51.86767,51.785126,52.330452,52.023926,52.211254,52.110046,51.975475,51.88267,51.78347,52.33243,51.937206
50.76647,50.858315,50.722122,51.15998,50.616386,51.06106,50.941223,51.074726,51.128563,51.31747,50.747433,51.39253,51.035625,51.34741,50.756336,50.692604,50.89847,51.572094,50.77139,51.0877,51.63189,51.4661,51.124447,50.782486,51.621574,51.39782,51.287426,51.419956,51.16618,51.403763,50.904232
52.281487,53.15685,53.052536,52.969345,52.656967,52.67895,52.93886,52.553844,53.407845,53.477493,53.392033,53.29362,53.177578,53.079338,53.359314,52.808865,53.425995,53.047993,53.211285,53.395016,53.34486,53.002266,54.03048,53.559044,53.78379,53.20556,53.161118,53.41608,53.344692,53.59888,53.371094
47.59811,47.370983,47.518784,47.411602,47.356247,47.552017,47.372234,47.49006,47.642868,47.2355,47.680565,47.301136,47.218918,47.487595,47.301018,47.55029,47.321957,47.621128,47.53439,47.567627,47.843826,48.145798,47.41808,47.586388,47.6641,48.029434,47.738964,47.540073,48.15843,47.878357,47.69036
39.16955,39.33429,39.55961,39.38729,39.303062,39.404602,39.729435,39.408627,39.325577,39.50647,39.735752,39.319168,39.45777,39.458385,39.888214,39.78238,39.759804,39.578907,39.666225,39.638783,39.658905,39.913372,39.647423,39.80715,39.621784,39.67655,39.784973,39.942577,40.00217,39.687935,40.069912
55.769886,55.081497,55.475952,55.707176,55.71702,56.10484,55.974083,56.166813,55.78699,55.57832,55.79065,56.11998,55.721577,55.905003,55.76679,56.07925,56.11841,56.073944,55.878696,55.762115,56.14979,55.821396,56.337708,55.859085,56.366352,56.023384,56.204136,55.938744,55.81711,56.51583,55.81296
50.907997,50.873882,51.3425,51.15575,50.993668,51.31559,50.76321,51.08456,51.169933,50.887592,50.761116,51.2897,51.470516,51.572742,51.017624,50.816494,51.140793,51.398476,51.04212,51.2228,51.287067,51.22883,51.241085,51.13616,51.54818,51.535355,51.747375,51.10853,51.201153,51.340496,51.37556
48.253937,48.313988,48.733337,48.401787,48.75255,48.08702,48.43733,48.000828,48.52885,48.656788,48.938828,48.45329,48.641945,48.613415,48.900833,48.791286,48.98805,48.470615,49.14405,48.682674,48.661858,48.60566,49.273834,49.282814,48.511066,48.345886,49.1726,48.578842,48.993088,48.886803,49.266262
44.405212,45.1337,44.703613,44.94138,44.710594,44.228657,44.80431,44.47972,44.340763,44.95921,44.706684,44.75028,45.144333,44.768646,45.261368,44.634274,44.693447,44.338203,44.68799,45.366974,44.868126,45.18113,45.11158,44.977432,45.132652,45.215645,44.729233,45.323433,44.902946,45.190804,45.664864
55.118298,54.9465,54.70401,55.324604,55.154045,55.04514,55.465584,55.29932,54.928158,55.385796,55.237103,55.30057,55.317547,55.160404,55.162273,55.488686,55.153843,55.188812,55.28704,55.290253,55.493984,55.530136,55.409313,55.533165,55.530663,55.377785,55.424828,55.705673,55.599735,55.651833,55.6109
55.222267,55.38143,55.178917,55.395992,55.04064,55.44333,55.328407,55.50995,55.547276,55.336952,55.343613,55.24274,55.32955,55.141693,55.37529,55.203217,55.427208,55.650146,55.495453,55.645332,55.673416,55.569733,55.622856,55.487816,55.99424,55.582565,55.35319,55.6495,55.734474,55.600216,55.39282
49.01957,49.074287,49.248177,48.86158,49.055595,49.357357,48.927616,49.11711,49.23914,48.894848,48.86062,48.968796,49.346035,49.276123,49.385643,48.98589,49.273518,49.368004,49.176216,49.225513,49.4637,49.620163,49.27236,49.43508,49.493954,49.325333,49.570534,49.135242,49.60411,49.486946,49.525745
54.865936,54.856197,54.89308,54.648464,54.967537,55.148792,55.07574,55.05412,55.245003,54.93449,54.927406,54.712788,55.00224,54.821877,55.095154,55.42837,55.259518,55.30535,55.232136,54.944492,55.522858,55.39923,55.31857,55.489822,55.03535,54.763496,55.162666,55.240948,55.481575,55.304817,54.879467
51.96232,52.124966,52.26075,52.165333,52.573257,52.101295,52.3052,51.960007,51.948647,52.44496,52.220703,52.295074,52.61131,52.24107,52.415318,52.408268,52.30122,52.092464,52.608635,52.50724,52.24936,52.019203,52.712345,52.609375,52.21558,52.30623,52.53269,52.4699,52.337223,52.364796,52.72285
50.93019,50.861526,50.91455,51.768196,51.014236,51.282734,51.225754,51.69664,51.493572,51.239872,51.21626,51.67121,51.391445,51.612366,51.384224,51.376495,51.741344,51.541893,51.22102,51.599525,51.753494,51.050186,52.065536,51.169647,52.295616,51.546425,51.559395,51.72201,50.887875,52.194847,51.289894
49.028507,49.19316,49.060028,48.820312,49.27558,49.0772,49.325966,49.105957,49.21204,49.144527,48.802704,49.213055,49.065033,49.073143,49.351185,49.707413,49.25488,49.448227,49.28273,49.342632,49.691254,49.466827,49.435635,49.48797,49.12364,49.197792,49.456924,49.462383,49.407154,49.46308,49.34984
58.977146,59.086372,59.34117,58.727375,59.211403,58.802692,59.172794,58.79229,59.263027,59.151703,59.376144,59.204746,58.864674,58.966835,59.154514,59.50063,59.400036,59.060623,59.589794,59.309006,59.15134,59.212086,59.68902,59.738304,59.021988,59.41873,59.474373,59.36634,59.539673,59.372986,59.407963
45.20443,44.99571,45.31669,44.805977,45.504074,45.215572,45.75887,44.96741,45.176056,45.548656,45.948517,45.50052,45.231636,44.921436,45.2301,45.72937,45.44994,45.463024,45.781635,45.34553,45.3297,45.731915,45.50118,46.240715,44.974373,45.461693,45.981285,45.422783,46.133022,45.121735,45.829407
39.890064,40.122883,39.895454,39.655327,39.943863,39.786934,39.979702,39.52768,39.869946,39.86178,40.235283,40.134254,40.020096,39.696064,39.702778,39.976833,40.064224,39.809757,40.0427,40.359425,39.822456,40.05772,40.205154,40.325203,40.08123,40.37236,40.16085,39.856182,40.627655,40.017467,40.42058
58.15965,58.15215,57.996506,58.77863,58.01924,58.00714,58.315895,58.48863,58.344593,58.8292,58.50423,58.657722,58.51101,58.30073,59.248657,58.116478,58.62997,58.79968,58.869736,58.734028,58.836372,58.37379,59.077618,58.717567,59.23527,58.06794,58.64646,59.086918,58.677822,58.970177,58.964146
53.216793,52.978485,53.270157,52.978653,53.853867,53.423855,53.546875,53.174515,53.023598,53.316498,53.09481,53.248005,53.647152,53.29207,53.59762,53.83823,53.586338,53.33294,53.57626,53.50208,53.716938,53.45842,53.711746,53.715782,53.0625,53.193687,53.798553,53.426697,53.49732,53.641613,53.665905
46.59248,46.986786,46.482124,46.969494,46.496094,46.746418,46.605568,46.928024,47.07779,46.89174,46.739716,47.004173,47.188545,46.972805,47.145634,46.702335,47.11255,47.03252,46.8684,47.172943,47.120487,46.937126,47.247063,47.241684,47.712193,46.961174,47.04828,47.22906,47.258762,47.43585,47.315994
41.83533,41.729015,41.6164,41.36676,42.04792,41.795143,41.92352,41.666626,41.75929,41.930622,42.057655,42.058277,41.88762,41.553055,42.25173,41.715073,42.011127,42.003014,42.094048,42.233013,42.098816,42.288685,42.173546,42.41127,42.06492,42.08956,42.325928,41.7783,42.320454,42.17834,42.535812
50.517307,50.21119,50.196465,50.5024,50.41867,50.548096,50.596848,50.69964,50.57311,50.530403,50.633938,50.394665,50.523884,50.6574,50.581116,51.156513,50.816,50.917248,50.884735,50.70382,50.788864,50.511906,50.587105,50.66674,50.724125,50.6671,50.685333,51.080215,50.857403,50.77692,50.71505
48.11389,47.523052,47.892746,47.578613,47.750954,47.73898,47.628487,47.932983,47.901474,47.757942,47.932053,48.359924,47.779564,48.40823,47.794804,48.169968,48.29806,48.140137,48.186737,47.618507,47.742355,48.04699,48.17579,48.13038,47.862537,48.104736,48.43113,48.202126,48.155205,48.387505,48.095757
40.31518,40.413235,40.31984,40.311836,40.234413,40.803715,40.8866,40.75023,40.816555,40.903893,41.281494,40.94412,40.484768,40.422234,40.671047,40.79363,40.871933,40.885998,40.87599,40.73898,40.54618,40.595222,40.836987,41.043655,41.034225,41.09822,40.663563,41.186256,41.18272,40.779827,40.7825
45.170654,45.465412,45.009598,45.253895,45.2145,45.654705,45.5408,45.79675,45.624783,45.644733,45.52029,45.240173,45.535034,45.2342,45.86021,45.280792,45.716022,45.67374,45.54348,45.60868,45.753242,45.98123,45.53869,45.975243,46.058487,45.635704,45.556927,45.967968,45.972893,45.8482,45.775364
52.052414,51.72111,51.59762,51.63779,51.770203,51.45209,51.74133,51.534584,51.781754,51.57498,52.04986,52.044434,51.550148,51.476242,51.509983,52.17051,52.070446,51.63629,51.958023,51.998894,51.924397,51.864483,52.292786,52.020264,51.66268,51.759735,51.88568,51.854168,52.491314,52.320705,51.743443
38.26274,37.737278,38.371857,38.032463,38.422493,38.55894,38.487522,38.08387,37.73143,38.411537,38.30633,38.587837,38.477947,38.513546,37.875717,38.2751,38.094704,38.604137,38.27817,38.136353,38.29159,38.64084,37.960114,38.14489,37.851707,38.630547,38.88671,38.3452,38.605064,37.971256,38.452766
45.131107,45.375862,45.445625,45.642418,44.90059,45.19825,45.192024,45.459946,44.97511,45.183,45.13661,45.47213,45.315697,45.451843,44.768158,44.872665,45.055466,45.101727,45.03253,45.31822,44.960567,45.488335,45.30294,44.893387,45.560658,45.96576,45.204517,45.728092,45.174507,45.324352,45.19603
57.217575,56.918427,57.326675,57.52387,57.22664,57.277348,57.253895,57.347694,57.266872,57.24577,57.26078,57.702538,57.643772,57.659424,57.277832,57.558628,57.868923,57.44058,57.470795,57.39161,57.518044,57.10945,58.13648,57.368095,57.67132,57.190186,57.664772,57.621117,57.306614,57.932198,57.259594
58.44729,58.446022,58.2051,58.389572,58.61428,58.346336,58.877182,58.52222,58.15581,58.979523,58.60599,58.652454,58.72083,58.162968,58.965103,58.54365,58.59258,58.554016,58.89915,58.719727,58.78353,58.875565,59.05942,59.00482,58.69596,58.369377,58.5603,59.079914,58.848022,58.822548,58.90049
55.790203,55.895,55.57901,55.8581,55.91549,55.92472,55.902397,55.973763,56.117836,55.91143,55.973675,55.969917,56.030354,55.65921,55.96081,55.9007,56.200108,55.911293,56.018795,56.281136,56.259605,56.053677,56.439907,56.376724,56.456493,56.072365,56.111748,56.07194,56.3446,56.49724,56.07728
50.229702,50.25895,50.24613,50.177776,50.336533,50.316837,50.328617,50.484856,50.423687,50.0065,50.296314,50.021885,50.094288,50.140842,50.256733,50.75673,50.245037,50.253014,50.45865,50.470497,50.46565,50.508827,50.36741,50.58983,50.39413,50.756493,50.40299,50.577255,50.55705,50.60034,50.482044
50.98673,50.67553,50.99685,50.510445,51.372185,51.14222,50.853046,50.8037,50.583675,50.86239,50.237732,51.254543,51.336315,51.206585,50.803185,50.863583,50.924446,51.16455,50.911957,50.905487,51.20255,51.168705,51.189438,50.93258,50.715965,50.95672,51.489403,50.759636,50.754066,51.09882,50.984962
46.09957,45.797024,45.60878,46.72635,45.457413,46.18458,45.933285,46.59674,46.152,45.81466,45.94302,46.35373,46.29753,46.23539,46.111534,46.0341,46.26117,46.667873,46.03804,46.388134,46.42265,45.971725,46.291866,45.87036,47.19926,46.14289,46.287037,46.473835,46.28445,46.535698,46.24628
52.847237,52.545753,53.20237,52.621586,53.09617,53.49552,53.23399,53.17528,52.990555,53.29717,53.554466,53.08194,53.21765,53.336582,53.359432,53.011425,52.895367,53.13198,53.40839,52.84582,53.048904,53.636734,53.074665,53.657394,53.29769,53.882126,53.54671,53.442184,53.546032,53.36518,53.749226
51.42144,51.621754,51.359894,51.905247,51.674377,51.37054,51.50815,51.5415,51.56701,51.651543,51.498493,51.598965,51.83766,51.716114,51.97592,51.785126,51.803238,51.52286,51.650826,52.224026,52.111565,51.621254,52.060913,51.620766,52.071667,51.8472,51.72642,52.031464,51.782635,52.355915,52.0552
49.223663,49.498478,49.94684,49.391342,49.75721,49.553276,49.983467,49.16579,49.823166,50.158863,50.5168,50.04001,49.661846,49.662804,50.2974,49.77743,50.141903,49.79164,50.111053,50.40639,50.043373,49.862812,50.454956,50.16877,50.070717,50.432205,50.15798,50.034298,50.178703,50.16128,50.46083
41.549843,41.577797,41.54949,41.852566,41.814995,41.291523,41.53956,41.34938,41.77158,41.99889,42.179447,41.817226,41.5686,41.82867,42.132133,41.845028,41.960358,41.785748,42.05949,42.35683,42.113094,41.695675,42.044388,41.76925,41.88675,42.102097,42.041496,42.079704,42.151123,42.309067,42.3403
55.03886,54.650913,54.82569,55.018936,54.94689,55.192974,54.986168,55.278442,54.92115,55.009857,54.971386,55.253925,55.07734,54.592575,54.82294,54.635796,54.81135,55.334896,55.207325,54.941296,55.13717,55.106842,55.26876,55.22802,55.189224,54.85367,55.2549,55.05159,55.10951,54.975098,54.741364
52.59258,52.369442,52.574013,52.82169,52.32258,52.725872,52.76631,52.978848,52.56185,52.540676,52.708607,52.979294,52.674263,52.752052,52.537304,52.693306,52.619778,52.857407,52.767803,52.6658,52.66549,52.740124,53.05243,52.698914,53.286556,53.070526,52.806656,53.020935,52.64484,52.975006,52.80853
43.80887,44.015755,43.838913,43.70067,43.679375,44.060574,43.959164,44.07262,44.242043,43.932823,44.085598,44.246994,43.77992,43.76739,44.0716,44.027237,44.119793,44.086266,43.938694,44.102703,44.17071,44.18789,44.20351,44.275,44.23698,44.296806,44.078934,44.33698,44.550926,44.433327,43.979145
40.993008,41.01163,40.99788,41.076603,41.286232,40.81583,41.301857,40.81082,40.860256,41.27703,41.290936,40.718246,41.108925,41.13702,41.587864,41.68464,41.25336,41.321903,41.49905,41.584908,41.594604,41.510796,41.109875,41.287727,41.017086,41.245445,41.394363,41.54233,41.63369,41.27847,41.905216
58.03547,57.900272,58.41947,58.207027,57.881584,58.347572,57.956867,58.485962,58.148155,57.771423,57.586643,58.238274,58.244255,58.589817,57.838886,58.184963,58.176613,58.293583,57.989586,57.84057,58.238083,58.40003,58.355785,58.021797,58.367496,58.431633,58.430973,58.472538,57.958263,58.49522,57.862152
39.497356,39.796394,39.478737,39.66234,39.495422,39.303837,39.213486,39.58602,39.65992,39.334995,39.26308,39.720634,39.8333,40.049553,39.35887,39.688457,39.67621,39.550472,39.41342,39.798523,39.64598,39.821045,39.793907,39.67475,39.939037,40.056213,39.812447,39.779003,39.47877,40.068943,39.91322
52.554085,51.58769,51.767746,52.310654,52.21634,52.175167,52.34088,52.237335,51.893925,52.14044,52.619617,52.31553,52.205807,52.053436,52.32368,52.469704,52.257698,52.616146,52.682606,52.607872,52.48376,52.274265,52.310783,52.26935,52.556614,52.370743,52.585518,52.328552,52.75901,52.4417,52.788975
46.8929,46.826458,47.147423,47.42781,47.061844,47.311157,47.3996,47.317883,46.911797,47.350235,47.15805,47.310383,47.496456,47.452003,47.52113,47.256065,47.438377,47.514114,47.238976,47.531803,47.530254,47.36191,47.386353,47.071945,47.627724,47.502846,47.554146,47.754463,47.235565,47.45264,47.590065
43.96581,44.015617,43.836113,43.884853,44.222603,44.18945,44.41721,44.058773,44.051582,44.347282,44.152447,44.13452,44.220825,43.782925,44.099937,44.248985,44.17316,44.532944,44.34518,44.292866,44.535126,44.48018,44.345226,44.540962,44.229744,44.0048,44.419987,44.225906,44.49662,44.05369,44.28734
44.680237,44.300007,44.01155,44.270054,44.510048,44.32238,44.329906,44.508152,44.51572,44.261497,44.544125,44.47116,44.37064,44.475662,44.44668,44.88171,44.747913,44.633377,44.722233,44.7396,44.578724,44.593685,44.429016,44.837845,44.626648,44.742203,44.885014,44.645718,45.070435,44.868862,44.97853
53.029778,52.82087,53.131004,53.10647,53.238632,53.364326,53.41796,53.50935,52.770718,53.22311,53.22651,52.98998,53.460674,53.366436,53.408348,53.44888,53.128323,53.077374,53.372856,53.181442,53.103115,53.490337,53.186707,53.34462,53.284912,53.711624,53.24563,53.84374,53.106937,53.398838,53.599575
45.78119,45.317093,45.08339,46.152084,45.30298,45.45585,45.535156,45.91013,45.21408,45.597073,45.364933,45.804653,45.707745,45.912926,45.30435,45.869884,45.582367,45.998318,45.72015,45.79336,45.597237,45.32287,45.370483,45.129517,45.925327,45.76403,45.708763,46.261692,45.71801,45.667873,45.759632
44.918694,45.161552,45.59694,44.855495,45.283806,45.267166,45.43441,45.11321,45.256344,45.212326,45.31812,45.269222,45.45173,45.249596,45.51658,45.382397,45.739998,45.442005,45.432266,45.41008,45.377693,45.781887,45.673485,45.90223,45.32139,45.44227,45.869755,45.415253,45.476273,45.309444,45.688553
42.066746,42.28059,42.808586,42.128025,42.14186,42.327652,42.391956,42.188168,42.40639,42.015026,42.676453,42.290997,42.40623,42.374092,42.754807,42.885284,42.68443,42.274277,42.651287,42.510506,42.186882,42.35948,42.636795,42.90786,42.401047,42.664078,42.714935,42.692806,42.986305,42.523655,42.98493
43.65441,43.33909,43.472733,43.44064,43.632584,43.75815,43.72715,43.821117,43.551414,43.650078,43.865627,43.683937,43.709442,43.67674,43.5656,43.7878,43.707886,43.76249,43.716785,43.56641,43.722263,44.24419,43.502934,44.07418,43.60128,44.006844,44.078087,43.98628,44.12485,43.85773,43.92213
42.06214,42.40831,42.295326,41.98529,42.42746,42.11124,42.379734,42.005054,42.347664,42.46504,42.662174,42.264366,42.302937,42.374107,42.2935,42.72769,42.57271,42.051292,42.5021,42.520355,42.284855,42.53562,42.50688,42.815437,42.167854,42.809944,42.51596,42.708748,42.894627,42.64314,42.76715
52.01165,51.74838,52.11651,51.907825,52.176865,52.181393,52.46483,52.12867,51.63988,51.893063,52.52271,52.004547,52.173443,51.576805,52.120113,52.20075,52.174175,51.627853,52.245457,52.197296,51.902664,52.33747,52.516705,52.452843,52.075024,52.326683,52.096706,52.227318,52.41367,52.311184,52.322598
48.46012,48.642426,48.73175,48.59947,48.542656,48.69009,48.326454,48.573734,49.042118,48.568413,48.833736,48.602173,48.852814,48.812153,48.8865,48.641212,48.882275,48.81315,48.883343,48.924347,48.91987,48.790737,49.007553,49.09591,49.106785,48.933563,48.997673,48.807693,49.14018,49.12925,49.020676
40.220932,40.40732,40.15084,40.156986,39.81418,39.920773,39.73947,40.125507,40.269405,39.839607,39.63356,40.381874,40.052692,40.873512,39.837536,40.338947,40.24591,40.341362,40.03434,40.13683,40.21801,40.328,40.318394,39.88134,40.58261,40.649376,40.319466,40.390835,40.28984,40.71968,40.402187
44.09802,44.468422,43.993492,43.99626,43.974762,44.12165,44.036392,44.427643,44.24892,43.94124,43.655098,43.90646,44.24003,44.19117,44.121105,44.237183,44.31861,44.379105,44.090446,44.285393,44.293648,44.714493,44.046745,44.441513,44.431755,44.39302,44.311424,44.533688,44.355167,44.283894,44.34777
58.93745,58.72132,58.75992,58.609516,58.93184,58.661575,58.681324,58.6428,58.785416,58.760105,58.85429,58.79921,58.887157,58.88576,58.896313,59.017525,58.736847,58.70887,59.03663,58.89565,59.12821,59.238277,59.172554,59.1633,58.869778,59.03524,58.989494,58.983917,59.29404,59.429565,59.15337
50.97854,51.157978,51.000298,51.39288,51.09169,50.869892,51.203453,50.903824,51.005768,51.32644,51.460094,51.172283,51.322556,50.92497,51.545853,51.147896,51.11043,51.0329,51.276276,51.757,51.523922,51.426235,51.37097,51.467285,51.47822,51.457832,51.37744,51.576115,51.887306,51.579166,51.841866
47.554157,47.69525,47.45273,47.623684,47.66266,47.611168,47.731354,47.50214,47.475815,47.9071,47.548832,47.611263,47.84658,47.5344,47.87415,47.504078,47.797016,47.854496,47.70046,48.006218,48.141624,48.144993,47.80861,47.75351,47.82377,47.652397,47.854843,47.965393,48.209236,47.920586,47.93123
57.34458,57.45919,57.54699,57.38312,57.73252,57.66658,58.006783,57.48658,57.382202,58.0038,57.69692,57.64848,57.856785,57.459007,57.747215,57.679497,57.875134,57.611897,57.746162,57.73717,57.95968,58.127502,58.048462,58.046486,57.645832,57.673462,57.86231,58.057453,58.041676,57.886395,57.78134
48.09754,48.07732,48.001007,48.25586,48.351173,48.46213,48.466152,48.41399,48.43446,48.56884,48.56524,48.40701,48.386086,48.12433,48.511814,48.435028,48.350914,48.56324,48.556126,48.505096,48.78965,48.444305,48.73188,48.63732,48.65593,48.385498,48.447296,48.61219,48.61421,48.72554,48.419674
49.857697,49.557644,49.82486,49.746197,49.831284,50.158104,49.76112,50.281322,49.98933,49.72118,49.8029,49.573997,49.738228,50.133106,49.869408,49.80164,49.82758,50.158115,49.94627,49.80277,50.19472,50.5731,49.76583,49.90973,50.19915,50.49362,50.16561,50.126244,49.9106,50.284325,50.00851
39.584606,39.63413,39.569862,39.274773,39.650414,39.387794,39.647953,39.254734,39.512917,39.746872,39.69157,39.864902,39.515945,39.780243,39.51393,39.659824,39.774323,39.833252,39.750294,39.857777,39.756596,40.077385,39.752426,39.833084,39.692204,40.102432,40.113,39.700153,40.084965,39.793022,40.18289
46.010216,46.02264,45.62635,46.08692,45.951866,45.635075,45.733093,45.95599,46.03027,45.959698,45.847095,46.02264,46.076656,45.97903,46.279354,46.136253,46.281002,46.132286,46.06876,46.418163,46.401714,46.21679,46.155495,46.224648,46.16962,45.942253,46.294186,46.367287,46.413944,46.529823,46.346996
48.144283,47.67858,47.993073,47.431393,48.285484,47.994614,47.74701,47.815643,48.336395,47.932476,48.503582,47.95717,47.922768,48.192783,48.253765,48.476215,48.341915,48.15431,48.765812,47.907383,48.090878,48.064457,48.523697,48.776855,47.991196,48.080315,48.479755,47.92839,48.59792,48.575806,48.53066
35.34379,35.47138,35.25666,35.105457,35.242928,35.373367,35.243294,35.35958,35.486603,35.335827,35.51897,35.50064,35.30178,35.45169,35.43706,35.376884,35.482944,35.43155,35.405434,35.467197,35.462288,35.778336,35.475002,35.61573,35.565804,35.785873,35.54644,35.59002,35.92381,35.82078,35.70814
45.249565,45.34874,45.276047,45.40455,44.796654,45.25369,45.138725,45.503986,45.620594,44.986378,45.37528,45.144485,44.998653,45.561802,45.228214,45.439384,45.466095,45.6062,45.331284,45.577175,45.468887,45.743828,45.19309,45.356003,46.013153,46.130875,45.58175,45.697754,45.825962,45.69146,45.755367
45.156105,45.278976,45.39776,44.878094,45.335648,45.472557,45.30736,45.43895,45.64252,45.102547,45.834396,45.28591,45.04373,45.21713,45.35067,45.58525,45.635937,44.966106,45.503773,45.479603,45.162354,45.41455,45.746346,45.734818,45.50504,46.127655,45.304382,45.558887,45.646324,45.964462,45.462864
56.400307,55.92327,56.422417,56.780384,56.29093,56.783104,56.857853,56.766266,56.28956,56.51312,56.89732,56.59932,56.817184,56.476933,56.86426,56.655613,56.6771,56.843906,56.752975,56.881836,56.83464,56.707016,56.80534,56.65895,57.19666,56.862274,56.853783,56.968674,56.85958,56.801174,57.006042
49.55429,49.59286,50.153236,49.8149,49.60347,49.775246,49.51501,49.710327,49.722015,49.651592,49.688156,49.912895,49.941727,50.157433,49.87575,49.663666,49.927265,49.74293,49.856575,49.686367,49.7428,49.872414,50.111633,49.847107,49.895058,50.00245,50.146885,50.071915,49.97659,50.15111,49.965767
55.545704,55.259457,55.056007,55.605286,55.2902,55.896454,55.25152,55.980736,55.48652,55.408703,55.26388,55.433006,55.935257,55.424736,55.831924,55.210728,55.319347,55.665394,55.538033,55.461983,55.746788,55.725414,55.34912,55.854034,56.03042,55.462074,55.70609,55.892548,56.164074,55.96129,55.760963
41.23411,40.861317,41.328293,41.378803,41.108887,41.62398,41.424706,41.706642,41.240406,41.14828,41.113132,41.330597,41.374348,41.81473,41.233055,41.733925,41.342514,41.9322,41.275784,41.250977,41.608044,41.787903,40.905926,41.242615,41.469967,41.847404,41.918797,41.832916,41.447002,41.35913,41.564053
42.25234,42.005898,42.238564,42.008774,42.35031,42.07692,42.02281,42.10299,42.060383,41.821102,41.96664,41.936485,42.235218,42.435795,42.368057,42.642113,42.28581,42.297585,42.40226,42.223217,42.38359,42.558254,42.13937,42.509903,42.075455,42.303055,42.774208,42.24287,42.604176,42.477737,42.845184
48.05846,48.00298,47.527206,48.169945,48.24079,47.830074,48.292305,48.125557,48.128616,48.299114,48.331036,48.256973,48.16928,47.921574,48.263977,48.678097,48.420654,48.23974,48.440765,48.597725,48.444195,48.058838,48.464035,48.631676,48.3979,48.191162,48.41078,48.56526,48.546947,48.553528,48.601578
40.01477,39.767166,39.626846,39.17197,39.958046,39.463272,39.501316,39.363277,39.424057,39.58267,39.32818,39.462166,39.52078,39.987797,39.353565,40.03489,39.40557,39.87232,39.911762,39.4987,39.729687,40.39285,39.122993,39.94004,39.10748,39.995262,40.229424,39.70012,40.40703,39.59741,40.29714
44.037064,44.205715,44.365044,43.918076,43.888252,44.056904,43.92775,43.94698,44.08223,44.114784,44.442917,44.313797,44.13042,43.988144,44.449028,43.76023,43.99355,43.98955,44.278957,44.243473,44.041016,44.42281,44.436195,44.352432,44.271503,44.47233,44.129692,44.343258,44.67019,44.455235,44.469643
55.833847,56.219494,55.85141,55.84759,56.076897,55.803196,55.47691,56.055206,56.504707,55.88343,55.58034,55.92772,56.221798,56.11247,56.188747,56.017136,56.445507,56.055264,56.143326,56.18457,56.359303,56.11244,56.578598,56.617897,56.315372,55.856125,56.316082,56.1907,56.09896,56.69341,56.028206
40.21725,40.318623,39.90822,40.170612,40.278778,40.57289,40.33872,40.70239,40.579124,40.58798,40.24405,40.291252,40.395847,40.484665,40.606773,40.408413,40.37713,40.84039,40.477962,40.37559,40.817493,40.873493,40.260822,40.706177,40.76771,40.597786,40.61746,40.82498,40.72139,40.738453,40.65346
37.979824,37.5867,38.062225,38.214165,38.052956,38.107662,37.870007,38.113525,37.90315,37.91554,37.715702,38.382168,38.39646,38.666,38.13051,38.227768,38.324375,38.481922,37.908783,38.02803,38.504402,38.383816,38.128307,37.993416,38.090183,38.039597,38.86362,38.26336,38.13049,38.496555,38.295742
47.812176,47.905224,47.811058,48.07609,48.05446,47.863083,48.10547,47.83754,48.179874,48.289116,48.81772,47.99884,48.01241,47.918373,48.1883,48.207844,48.084908,47.91983,48.373074,48.549076,48.245564,48.197807,48.313915,48.51931,48.432922,48.71199,48.229416,48.393524,48.682636,48.505596,48.692078
45.0838,45.069042,45.717903,45.282085,44.75277,45.89183,45.498135,45.963196,45.486164,45.330315,45.614883,45.636814,45.208733,45.81398,45.420704,45.330975,45.207188,45.698673,45.391872,45.12839,45.125446,45.71316,45.190323,45.331497,45.90966,46.552856,45.528843,46.187855,45.46438,45.517498,45.534542
51.931053,52.03001,51.65896,52.50945,52.319855,51.642536,52.289474,51.76182,51.75851,52.37948,52.22194,52.151737,52.482765,51.960186,52.19274,52.407738,52.501892,51.972263,52.353367,52.78505,52.46081,51.90867,52.737236,52.312782,52.411648,51.92311,52.332397,52.423912,52.460735,52.51287,52.63138
43.770077,43.526073,44.041496,43.891106,44.18949,44.27465,43.842613,44.126816,44.088387,43.986645,43.962685,43.95709,44.172665,44.588566,43.751328,44.3577,43.774162,44.288387,44.229805,43.752502,44.075634,44.061825,43.781,44.281883,43.95833,44.550415,44.65053,44.215508,44.024662,44.072926,44.32279
54.124825,53.662308,53.678528,53.69524,53.769783,53.4663,54.236813,53.74159,53.595993,53.961937,54.487385,54.00554,53.44826,53.307465,54.221626,54.43072,54.041676,53.986652,54.49403,54.281376,53.929913,54.017094,54.15301,54.224365,53.772106,53.996696,53.927628,54.426975,54.653824,54.02778,54.361767
48.944473,49.161728,49.17147,48.885338,49.29445,49.11123,49.52858,49.163673,49.22009,49.554478,49.5776,49.39332,49.34966,49.00905,49.748993,49.72772,49.748825,49.14324,49.54957,49.39566,49.358597,49.439148,49.682957,50.02584,49.041294,49.20462,49.49754,49.966774,49.839092,49.62393,49.554005
36.177807,36.68452,36.803253,36.018623,36.3919,36.508923,36.770172,36.422245,36.990036,36.61751,37.150124,36.95472,36.290607,36.550552,36.997234,36.97032,36.957413,36.578823,36.680035,36.881226,36.696133,37.007744,37.012665,37.31919,36.817364,37.4272,36.982643,37.007137,37.183033,37.13644,37.181297
51.511715,51.07835,50.854027,51.599995,51.388,51.259895,51.69793,51.44311,51.251934,51.705273,51.560402,51.778393,51.44885,51.306507,51.77392,51.79768,51.89452,51.93477,51.86948,51.89393,51.953472,51.26942,52.02086,51.50403,51.9444,51.16916,51.71524,51.853138,51.86796,51.91838,51.808186
48.42395,48.41863,48.86125,48.676235,48.689713,48.919342,48.89612,48.710526,48.769672,48.84968,48.885902,48.913006,49.082836,49.024994,48.83561,49.02433,48.859905,49.160583,49.03968,48.8753,48.901154,48.82555,48.952316,49.210785,49.104103,49.122566,49.374084,49.051563,49.00884,48.747013,49.28975
33.889652,34.26364,34.39562,34.02654,34.382217,34.058994,34.48091,33.974007,34.079544,34.85462,34.525883,34.70673,34.378296,34.487602,34.31128,34.258366,34.376217,34.362232,34.32422,34.320194,34.39563,34.81053,34.53658,34.560947,33.99366,34.64447,34.667267,34.76737,34.384724,34.380333,34.54952
46.44453,46.809338,46.339912,46.834236,46.75535,46.324913,46.49677,46.573837,46.651043,47.043266,46.614693,46.74728,46.816147,46.60103,47.230267,46.557594,46.6879,46.722794,46.847084,47.226715,47.145866,46.751965,47.015408,46.806343,46.94132,46.745155,46.72886,47.20109,46.834274,47.213146,47.083065
52.927574,52.75626,52.597916,52.812016,52.737488,52.71249,52.369556,52.767242,52.994953,52.68315,52.557446,53.04475,52.77909,53.10003,52.877174,52.762043,52.743195,53.067135,52.905514,53.14216,53.17851,52.839005,52.93758,52.77221,53.25875,53.26085,53.148544,52.96083,53.170643,53.436077,53.163433
43.068546,42.78452,42.69983,42.725246,43.44497,42.684845,42.98073,42.712967,42.837845,43.124256,42.93987,42.99493,43.16929,43.01258,43.092205,43.645054,43.20543,43.328907,43.529434,43.17529,43.267616,42.998184,43.164104,43.524086,42.594933,42.660355,43.554653,43.114494,43.285824,43.00952,43.46704
40.465595,40.671707,40.70117,40.997414,40.22896,40.56634,40.738834,40.697777,40.650623,41.047207,40.779354,41.113476,40.612534,40.830215,40.99462,40.195072,40.58725,41.436684,40.78735,41.216778,41.12581,41.07953,40.856632,40.399628,41.48503,41.26329,40.995846,41.154842,40.78194,40.75041,41.15204
55.95461,55.55012,55.598564,55.40867,55.90174,55.81778,55.734947,55.726635,55.77168,55.564655,56.09046,55.44454,55.774944,55.599464,55.719143,56.186848,55.920113,55.603374,56.13796,55.801277,55.818237,56.055096,55.905132,56.286446,55.6759,55.941933,55.87479,55.908676,56.518852,56.164795,56.029972
57.198795,56.611603,56.440353,57.139725,57.128586,56.923153,56.96095,56.992542,56.846077,56.89423,57.16251,57.098087,57.129078,56.7636,57.110542,57.215916,56.95136,56.94292,57.246807,57.304226,57.400925,56.95547,57.378906,57.26918,57.372845,56.95616,57.222683,57.05339,57.620438,57.70038,57.41795
42.53401,42.218227,42.93515,42.777935,42.398132,43.013264,42.605495,42.923416,42.5917,42.38581,43.025715,42.768074,42.74423,42.694138,42.770382,42.58554,42.66025,42.841713,42.895054,42.754745,42.45369,42.498425,42.77732,42.612953,42.981647,43.130516,42.875786,42.894417,42.81284,42.69844,42.83978
49.687584,49.740105,50.45986,50.19546,50.119507,50.10643,50.127434,49.900146,50.152313,50.088917,50.391445,50.03849,50.10391,50.2607,50.35857,50.226803,50.400772,50.267834,50.38746,50.5538,50.379627,50.057816,50.532574,50.142998,50.3825,50.594788,50.578148,50.317596,50.187134,50.34124,50.492104
53.64196,53.829723,53.977074,54.007767,53.764435,54.13915,53.93478,54.121937,53.9775,54.14208,53.837303,54.525818,54.30187,54.247658,53.945282,53.77196,54.16991,54.067574,53.88613,54.143307,54.013885,53.824085,54.477753,53.942513,54.460724,54.430077,54.119293,54.486717,53.82027,54.392284,53.881027
61.85152,61.533367,61.899635,62.109623,61.947548,61.89146,61.517097,61.83737,61.739567,61.57842,61.799557,61.78318,62.137337,61.85731,61.611134,61.659412,61.64943,61.585545,62.002155,61.85334,61.910877,61.72898,62.275448,61.947838,62.055264,61.897736,62.033886,61.768898,62.024017,62.27739,61.85572
46.788555,47.0697,46.846275,47.25276,46.94445,46.95094,46.92615,47.040565,47.181713,46.96078,46.732506,47.400387,47.427498,47.22522,46.784042,47.38677,47.22711,47.287064,47.120346,47.28142,47.15917,46.593338,47.478374,47.336098,47.49002,47.03678,47.415367,47.270527,47.119205,47.21526,47.189335
60.378017,60.239273,60.07039,60.765003,60.429962,60.3587,60.35579,60.677814,60.67511,60.441467,60.246883,60.646633,60.760258,60.744453,60.7532,60.833305,60.79749,60.735313,60.72244,60.72237,61.005165,60.404346,61.082935,60.94348,61.270447,60.433144,60.996166,60.850006,60.72989,61.302486,60.96262
35.733944,36.01963,35.82144,35.58875,35.460266,35.618187,35.514236,35.610023,35.783585,35.52026,35.686607,35.83586,35.702908,35.85935,35.859463,35.546818,35.54502,35.907104,35.59283,36.129356,35.937435,36.374287,35.65118,35.74414,36.12361,36.482002,35.912254,35.864223,36.168957,36.024296,36.31586
48.448532,47.900677,48.263084,47.998856,48.066063,48.226036,47.95729,48.1353,48.27335,48.201153,48.439445,48.70804,48.14825,48.552704,48.146816,48.224964,48.501404,48.60902,48.557922,48.280655,48.174675,48.21731,48.4337,48.239807,48.3321,48.57737,48.65834,48.425488,48.67346,48.537746,48.39479
49.119564,49.36585,49.221558,48.810226,49.22403,49.114582,48.84651,49.11972,49.377087,49.11179,48.85669,48.980206,49.34478,49.417244,49.458145,48.999886,49.195034,49.379448,49.330597,49.22307,49.515087,49.92955,49.34756,49.720947,49.481255,49.4291,49.60116,49.240864,49.498245,49.59883,49.72892
27.96706,28.420557,28.09037,28.359028,28.0066,28.16057,28.466242,28.532902,28.156017,28.20222,28.217596,28.216236,28.396671,28.358469,28.507448,28.568935,28.49524,28.496386,28.303574,28.536158,28.284184,28.562689,28.362621,28.492315,28.769058,28.594215,28.415283,28.793705,28.284727,28.36092,28.873428
47.654274,47.6937,47.59423,47.825806,47.220757,47.58654,47.589333,47.791008,47.562485,47.48018,47.595497,47.329937,47.32593,47.520924,47.23786,47.42469,47.465004,47.912525,47.741425,47.779747,47.605003,48.0218,47.349197,47.45092,48.006245,48.143692,47.682747,47.93226,48.063976,47.44114,47.75543
49.652977,49.916412,49.80578,49.849857,49.70572,50.05755,49.659626,50.134575,50.3081,49.909935,49.80279,49.569736,49.83865,49.993767,50.023556,49.783985,50.219757,50.157616,50.045918,49.944866,50.243126,50.23157,50.05689,50.160477,50.33148,50.057045,50.096634,50.27085,50.29466,50.34072,49.891167
53.467148,53.560017,53.295975,53.79389,53.489037,53.53211,53.71525,53.815254,53.83286,53.789566,53.980103,53.519863,53.62806,53.784176,54.015636,54.213978,53.95305,53.549473,53.916927,53.911003,53.988388,53.73011,54.03897,53.983833,54.146076,53.99131,53.61176,54.443443,54.20312,54.527233,54.068462
48.51803,48.47971,48.564026,48.675827,48.878555,48.827892,48.850166,48.839394,48.426254,48.612045,48.432125,48.753212,49.147533,48.940403,48.557205,49.195778,48.880676,48.60343,48.765102,48.683502,48.644783,48.626667,48.869823,49.034164,48.73688,48.85505,49.072403,49.071674,48.7961,48.910423,49.003445
48.597984,48.818466,48.716904,48.70011,48.556366,48.822407,48.59422,48.90877,49.10227,48.78212,48.75744,49.328514,48.848576,48.867455,49.063217,48.52139,49.020752,48.857876,48.625977,49.04736,49.14913,49.07695,49.36283,49.058563,49.401196,49.214516,49.080124,49.088203,49.05893,49.65711,48.919674
34.70535,34.68694,34.89045,34.676003,34.740036,34.66585,34.445374,34.514954,34.660107,34.5174,35.057045,34.74892,34.854805,34.798706,34.380634,34.633247,34.60119,34.617508,34.854435,34.85716,34.426804,34.831947,34.64835,34.9261,34.634598,35.23285,35.036808,34.65823,35.130627,34.665466,35.08154
41.60256,41.52564,41.687897,41.292007,41.54207,41.45817,41.49116,41.269753,41.43227,41.551353,41.655914,42.134956,41.64201,41.79281,41.568077,41.329716,41.934776,41.63147,41.583916,41.83513,41.654545,41.843906,42.257736,41.50779,41.863754,41.952904,41.855976,41.505386,41.719036,42.118553,41.843548
42.085648,42.22945,42.285988,42.219242,41.866257,41.993607,41.901035,42.18539,42.237198,42.12575,42.511074,42.43005,42.199932,42.364487,41.953465,41.9732,42.35305,42.00057,42.312737,42.135178,41.807526,42.236523,42.604744,42.3406,42.45408,42.57585,42.194565,42.485455,42.377285,42.53496,42.267265
44.488293,45.220825,44.993866,45.330074,44.83716,45.47839,45.175972,45.43738,45.638645,45.62255,45.42097,45.254448,45.48043,45.207153,45.627075,44.929802,45.430717,45.452084,45.203564,45.537525,45.663513,45.166607,45.744663,45.355347,46.04359,45.4647,45.02249,45.857414,45.23349,45.724903,45.10386
44.948257,45.18927,45.059822,45.217697,45.25733,45.229046,45.02515,45.29096,45.31598,44.959312,45.07041,44.906322,45.295204,45.10075,45.23498,45.29484,45.26597,45.073086,45.165836,45.46607,45.418118,45.338337,45.262154,45.481453,45.397408,45.468918,45.425705,45.3592,45.465218,45.563465,45.42365
32.39098,32.92331,32.78748,32.90883,32.642933,32.512516,32.941803,32.660244,32.368217,33.01274,32.862328,32.996346,32.956116,32.942978,33.144886,32.815376,32.747803,32.603146,32.762543,33.130173,32.737583,32.89911,33.072857,32.682915,33.028255,33.26586,32.71347,33.39617,32.76281,33.06616,33.402985
50.20286,50.30386,50.390076,50.55818,50.457924,50.16316,50.278484,50.073036,50.124477,50.65642,50.372234,50.313885,50.69902,50.7302,50.624634,50.54641,50.01047,50.475414,50.619156,50.686436,50.7143,50.555504,50.367176,50.401863,50.44596,50.757248,50.5909,50.85795,50.68468,50.575363,51.047894
40.406075,40.359554,40.65045,40.27848,40.61982,40.856552,40.83325,40.52944,40.533752,40.577282,40.431183,40.556816,40.78392,40.816776,40.647156,40.83296,40.804176,41.23057,40.79629,40.660755,40.97584,41.058735,40.72466,40.878593,40.892838,40.76127,41.23308,40.591766,40.872726,40.52882,41.091656
54.94982,54.77392,55.36483,55.252796,55.11946,55.219864,54.925056,55.173836,55.09013,54.938538,54.781796,55.327747,55.55714,55.62061,55.27643,55.151318,55.357998,55.380104,55.252296,55.132324,55.409714,55.165924,55.720894,55.24006,55.540592,55.143776,55.694893,55.234234,54.973732,55.590862,55.362175
45.81565,46.368694,46.132416,46.161777,46.01676,45.789345,45.941143,45.953663,46.395588,46.040924,46.072186,46.27841,46.248814,46.170853,46.337914,46.522293,46.528778,46.106842,46.20682,46.66512,46.28276,45.96853,46.47901,46.564323,46.34474,46.394516,46.451275,46.598843,46.505962,46.524525,46.51277
36.30978,36.336624,36.171494,35.799732,36.303455,36.29929,36.498913,36.334995,36.39538,36.606026,36.706264,36.618,36.314716,36.362854,36.597073,36.400444,36.650738,36.70683,36.64051,36.511276,36.417248,36.96133,36.564495,36.905045,36.562172,36.793198,36.6926,36.664967,36.714977,36.557587,36.89918
40.22806,40.560295,39.82038,40.355648,40.037697,40.295315,40.45787,40.572277,40.472023,40.66465,40.59813,40.36295,40.311253,40.30559,40.734516,40.56963,40.412186,40.53227,40.50693,40.703854,40.64305,40.624065,40.425797,40.542923,40.921753,40.766212,40.113117,41.158234,40.93505,40.882847,40.784454
43.340355,43.517246,43.79377,43.64257,44.03824,43.81077,43.854736,43.70326,43.554245,43.746662,43.612625,43.50453,44.340153,43.70548,44.075657,43.972904,43.916702,43.809963,43.90103,43.836437,43.996506,44.082382,43.929394,44.4787,43.652447,43.534317,44.375393,43.90949,43.89256,43.73854,44.258736
48.302788,48.416973,48.41398,48.65715,48.19364,48.4635,48.483646,48.725834,48.53653,48.48251,48.359863,48.878098,48.560894,48.769897,48.527473,48.603207,48.39157,48.607597,48.42305,48.460854,48.695145,48.738697,48.781815,48.68779,49.00568,48.910233,48.777237,49.006947,48.674587,49.04611,48.772568
47.35823,47.293945,47.664696,47.607517,47.695778,47.520954,47.488846,47.331158,47.403824,47.375744,47.412266,47.64642,47.812206,47.610992,47.786297,47.854298,47.49774,47.67125,47.67282,47.91893,47.881485,47.44518,47.73622,47.7024,47.576237,47.693428,48.064064,47.65155,47.812897,47.747845,48.027546
45.998722,46.24375,46.291,46.198044,46.302826,46.209194,46.225388,46.183384,46.247257,46.416042,46.15944,46.40372,46.62905,46.53126,46.51383,46.33774,46.515175,46.43832,46.403076,46.486645,46.521233,46.471813,46.695553,46.553436,46.53123,46.419785,46.60274,46.604164,46.328182,46.605793,46.63665
45.56922,45.48866,45.64946,45.592754,45.86744,45.958405,45.788387,45.936382,45.833206,45.951378,45.757805,45.899998,45.748737,46.027172,45.91808,45.749264,45.6547,46.096798,45.888935,45.871227,46.166203,46.14255,45.91414,45.85853,46.092278,46.370163,46.118645,46.05172,45.697475,46.17977,46.055653
50.041206,50.40025,50.17592,50.34606,50.374687,50.327343,50.656273,50.487656,50.359768,50.515526,50.424442,50.2249,50.495277,50.177994,50.47671,50.789307,50.816936,50.367687,50.59864,50.69511,50.46726,50.37437,50.69915,50.80806,50.57507,50.503036,50.481976,50.980556,50.63998,50.53873,50.56905
44.662586,44.80264,45.12599,45.10722,44.896614,44.908733,44.62158,44.89926,45.00887,44.83002,44.735626,44.9677,45.333282,45.38232,44.980206,44.99317,45.055153,45.240482,45.17176,45.06762,44.998028,44.796272,45.17608,45.14315,45.24778,45.0801,45.468502,45.110035,44.89176,45.00661,45.324226
49.143867,49.233265,49.142006,48.829483,49.32177,48.903492,48.93806,48.83539,48.763187,49.332077,48.708065,49.021923,49.41649,49.446556,49.292503,48.98666,49.112167,49.21233,49.353146,49.13743,49.284565,49.61089,49.32099,49.1911,48.996864,49.113907,49.28685,49.343,49.232975,49.317516,49.53334
51.271664,51.508392,51.312607,50.936684,51.22567,51.635605,51.301853,51.597504,51.730904,51.434734,51.157986,51.477207,51.2051,51.309002,51.208107,51.22515,51.66932,51.526646,51.207306,51.291782,51.71117,51.974037,51.57477,51.56375,51.43256,51.647995,51.431324,51.75666,51.766037,51.879173,50.86506
39.792114,39.57919,39.413284,40.125355,39.604294,39.534027,39.494453,39.646748,39.640316,39.91153,39.80088,40.07073,39.937622,40.019253,39.980236,39.524826,39.685143,40.252815,40.00274,40.181335,40.13474,39.742794,39.991325,39.601875,40.414177,39.880173,40.117764,39.899445,40.018745,40.11484,40.38905
46.910015,46.503998,46.80124,46.748894,46.845993,47.086502,46.897835,47.26107,46.856567,46.734043,46.40308,47.192772,46.903706,47.635548,46.73053,47.157635,47.176926,47.359062,46.88216,46.619423,47.20423,47.294136,47.26938,46.75818,47.346138,47.25116,47.3844,47.119244,46.54031,47.52357,46.989487
39.606087,40.33536,39.643875,40.27376,39.503265,39.83474,39.83128,40.18991,40.151268,40.16095,39.993744,39.945507,40.265743,39.9155,40.251495,39.873955,40.07384,40.077354,39.91656,40.375828,40.12207,40.106617,40.038006,40.218002,40.580185,40.184067,39.81271,40.764828,40.345806,40.2523,40.22321
41.729324,42.078533,41.928352,41.780193,41.850708,42.005226,41.813362,42.066803,42.224457,41.851692,41.62079,41.8752,42.198944,42.420185,42.201054,42.33243,42.30155,42.35373,42.18607,42.02788,42.123833,42.15461,42.07567,42.517265,42.441917,42.19696,42.525322,42.306328,42.31266,42.23898,42.629784
58.49526,59.043163,58.74726,59.108604,58.62686,58.74983,59.016174,59.008858,59.191284,59.40503,59.548462,58.94681,59.163773,58.827957,59.47297,58.809063,59.125233,58.829834,59.35652,59.302483,59.077316,59.11466,59.658012,59.692833,59.862297,59.33734,58.891876,59.694504,59.404213,59.55554,59.55549
51.736217,51.836983,52.042274,51.444138,52.22087,52.095848,52.20095,51.745335,51.8221,52.30338,51.903942,51.94002,52.26103,52.15234,51.68966,52.05169,52.04019,52.14904,52.15576,51.791946,52.067924,52.654026,51.977753,52.639626,51.76253,52.278885,52.604332,52.164124,52.382477,51.82228,52.31113
46.533176,46.526863,46.144012,46.451454,46.567062,46.26672,46.30449,46.263496,46.728607,46.44047,46.6842,46.555687,46.416603,46.280678,46.50388,46.61936,46.783127,46.52341,46.670315,46.95263,46.899246,46.592533,46.87272,46.87175,46.76613,46.567863,46.816532,46.48681,47.25181,47.09495,46.81052
33.56942,33.42959,33.48636,33.72907,33.865623,33.601166,33.850937,33.690845,33.291485,33.684696,33.813236,33.961403,34.137306,33.887066,33.56086,34.0063,34.005547,33.652393,33.703415,33.917248,33.58406,33.774147,33.895878,33.910217,33.697624,33.92878,34.113853,33.941357,33.65487,33.839542,34.134377
45.54831,45.507656,45.266495,45.40451,45.9999,45.381557,45.67955,45.37533,45.57434,45.89239,46.305733,45.072365,45.523403,44.997543,46.067196,45.91107,45.75328,45.293346,46.043705,46.002117,45.9647,46.074696,45.586918,46.333527,45.1335,45.56845,45.73716,45.998768,46.640812,45.9845,46.06314
48.73275,48.676224,48.91108,49.18215,48.753464,48.329334,48.793785,48.469795,48.699066,48.89378,48.68429,49.20694,48.967617,49.264904,48.96042,49.288296,48.9197,49.20676,49.01145,49.122143,49.425373,48.94722,49.423817,48.7985,49.064,48.77028,49.332405,49.13044,48.950077,49.28246,49.292744
43.46733,43.175148,43.69638,43.546803,43.998283,43.87304,43.847527,43.73588,43.443428,43.594593,43.808594,43.681774,43.93281,43.71122,43.782528,43.96781,44.04387,43.742947,43.94203,43.88334,43.687176,43.601017,43.937675,43.964157,43.64553,43.885338,44.235752,43.796158,43.66489,43.78109,44.02661
58.014565,57.98375,57.99066,58.560993,58.018013,58.53405,58.041386,58.661236,58.42475,58.119835,58.276176,57.9364,58.48551,58.39606,58.277348,58.2938,58.171574,58.17437,58.327717,58.28478,58.41437,58.205433,58.294228,58.430054,58.87348,58.62332,58.27558,58.756004,58.60062,58.804844,58.383335
46.01218,46.173874,46.150757,45.921436,46.158806,46.073837,46.00812,45.93952,46.435684,46.503506,46.41722,46.451202,46.12151,46.254833,46.523487,45.81998,46.582035,46.41578,46.23261,46.61659,46.71783,46.754982,46.597454,46.37702,46.44376,46.582024,46.5659,46.433952,46.632904,46.83827,46.402588
41.817352,42.081078,41.743027,41.692646,41.695404,41.86397,41.763138,41.780937,42.232407,42.153107,42.112385,42.182552,41.849293,41.965355,42.043564,41.673622,41.985523,42.31016,42.058006,42.22556,42.318348,42.302525,42.29803,42.08484,42.469376,42.308212,42.01049,42.09541,42.34289,42.36686,42.159332
57.24087,57.30175,57.32363,57.11033,57.654724,57.15757,57.74594,57.209145,57.467346,57.711884,57.4364,57.701694,57.418125,57.641758,57.768486,57.93443,57.94728,57.624485,57.76999,57.72827,58.013126,57.825676,58.360306,57.94175,57.815777,57.654465,57.914856,57.74679,57.532284,58.190136,57.98994
49.23946,49.203766,49.258026,49.498764,49.377098,49.428654,49.26734,49.636852,49.32338,48.994526,48.976677,49.07897,49.742916,49.533913,49.456615,49.46366,49.377377,49.45821,49.405872,49.28837,49.656303,49.871876,49.587826,49.90792,49.89769,49.35325,49.921265,49.378033,49.510895,49.76005,49.925583
43.149754,43.48876,43.2162,43.390347,43.40429,43.34411,43.388893,43.483776,43.23455,43.494503,43.131386,43.26589,43.41062,43.293972,43.460773,43.404415,43.360245,43.308872,43.303616,43.56457,43.60956,43.61864,43.418198,43.33072,43.334072,43.557457,43.318043,43.89003,43.50177,43.65295,43.36565
40.628162,40.3376,39.96205,40.11261,40.6074,39.944366,40.276947,40.188038,40.059628,40.33718,40.13749,40.259346,40.337997,40.47526,40.415787,40.813145,40.55146,40.679165,40.764973,40.6771,40.48318,40.57443,40.287567,40.52079,40.215847,40.399498,40.720787,40.543766,40.599834,40.416557,41.01203
47.98989,47.945965,47.672417,47.599335,48.452995,47.970303,48.039722,47.861237,47.7292,48.143284,47.716743,47.564354,48.09485,47.657265,48.04852,48.145943,47.747303,48.20497,48.37756,48.171425,48.238846,48.297264,47.711636,48.42447,47.629078,47.926086,48.29914,48.068615,48.35833,47.71168,48.391323
51.27135,50.904354,51.09517,51.463882,51.457626,51.53825,51.711594,51.630466,51.152763,51.723907,51.49273,51.755592,51.665062,51.486076,51.486736,51.527573,51.458614,51.863525,51.694656,51.56404,51.682316,51.45381,51.78063,51.52147,51.801136,51.582306,51.73006,51.819412,51.22697,51.55451,51.62557
46.284424,46.429405,46.228043,46.623775,46.566628,46.33217,46.50108,46.360268,46.35289,46.59873,46.616756,46.31778,46.81818,46.335995,46.838764,46.63414,46.567265,46.55092,46.77236,46.987453,46.759144,46.519,46.68976,46.85798,46.78726,46.531975,46.71948,46.789303,46.906406,46.680634,47.12394
47.1867,47.231796,46.889656,47.16495,47.486603,46.89481,47.223553,46.960995,47.108826,47.456158,47.313694,47.072475,47.269455,46.907394,47.509186,47.375217,47.261597,47.251686,47.453186,47.659325,47.712524,47.644333,47.26932,47.68483,47.057003,47.166763,47.576466,47.504417,47.91293,47.508514,47.71417
46.51866,46.300922,46.343628,47.249172,46.567474,46.67348,46.337154,46.813908,46.381535,46.290245,46.10075,46.4555,46.9645,46.4941,46.436863,46.59964,46.473404,46.973763,46.64642,46.98232,46.85575,46.099854,46.451015,46.29415,46.829563,46.31685,46.91856,46.712093,46.5984,46.414803,46.565407
50.76807,51.278393,50.905502,50.96161,50.993843,50.87439,51.218845,51.068367,51.26696,51.230118,51.127476,50.997982,50.937443,51.048664,51.291927,51.381477,51.15388,51.121136,51.208626,51.514954,51.491947,51.389896,51.520985,51.318077,51.574654,51.6521,50.99784,51.59221,51.17981,51.60583,51.423965
38.101627,38.51839,38.55262,37.605366,38.271095,38.23266,38.53709,38.203075,38.171787,38.46297,38.364124,38.28247,38.25362,38.510925,38.321537,38.590633,38.590652,38.259396,38.443455,38.10859,38.083515,39.05656,38.439865,38.765747,38.024467,38.797447,38.422684,38.82479,38.552998,38.368683,38.62117
48.886612,48.70602,49.07701,49.44759,48.845123,48.467667,49.191353,48.723824,48.5788,48.97797,49.519794,49.32002,48.95837,48.917706,49.25082,49.23185,49.2761,48.86383,49.30751,49.635498,49.03545,48.78793,49.762768,48.858917,49.379055,49.29438,49.136715,49.37036,49.09015,49.407074,49.576946
38.038986,37.809715,37.640633,37.576057,37.898087,37.862534,37.977734,37.921288,37.884235,37.99068,38.04403,38.244926,37.85753,38.01131,37.785706,38.096367,38.121635,38.19093,38.053978,37.89312,37.998528,38.417164,37.963676,38.34285,37.968594,38.19336,38.4132,38.125317,38.489246,38.189713,38.30324
33.9192,33.719944,33.641712,33.939457,33.824203,33.584686,33.927383,33.565945,33.55985,34.21228,34.38406,34.321297,34.04161,33.750565,33.87618,33.864788,33.919186,34.17543,34.228455,34.218533,33.883106,33.83744,34.133224,33.939034,33.86583,33.84838,34.042755,34.106777,34.266636,33.797363,34.225163
44.473347,44.91297,44.697823,44.209827,44.947586,44.819027,44.82023,44.62608,44.86095,44.831886,44.999958,44.794144,44.96498,44.577595,44.979813,44.75538,45.100132,44.367767,44.749897,45.031445,44.826138,45.186405,45.243004,45.42308,44.86849,45.219093,44.86424,44.94592,45.162567,45.352196,45.0867
53.217426,53.29043,52.982925,53.088047,53.177063,53.218636,53.28324,53.364944,53.739273,53.601547,53.41066,53.38737,53.244057,53.428658,53.51354,53.491398,53.76332,53.900917,53.741142,53.519318,53.81545,53.642094,53.800617,53.83465,53.90612,53.413506,53.65129,53.703476,53.709305,53.791683,53.584457
51.687523,51.50004,51.58011,51.78817,51.71502,52.105087,51.859684,52.088768,51.94083,52.056145,52.04348,51.95973,51.925007,52.10911,51.87574,51.780712,51.954197,52.165737,52.054768,51.98933,52.03796,51.984634,52.012966,51.928726,52.450752,52.46399,52.0615,52.27633,51.99511,52.250072,52.088696
36.15059,36.548134,35.89434,36.5405,35.66297,35.79906,36.01275,36.213287,36.241985,35.981857,36.08071,36.49621,35.98372,36.326004,35.819897,36.028236,36.10476,36.273388,35.985416,36.572945,36.225548,36.37662,36.400116,35.997124,37.08216,36.85737,36.214455,36.388012,36.44544,36.61461,36.614647
58.453278,57.921574,57.975258,58.50482,58.900146,58.473618,58.90268,58.50332,57.869217,58.652637,58.723686,58.253025,58.866932,58.038235,58.897366,58.660145,58.54375,58.42065,58.817585,59.05182,58.84696,58.71683,58.71108,58.815605,58.6471,58.552116,58.7368,58.738922,58.672783,58.707153,59.14205
60.70819,60.51657,61.134636,60.74446,61.134148,60.808838,61.02731,60.579685,60.83587,60.999653,61.102993,60.916718,61.147694,60.915897,61.245487,60.979454,61.44753,61.074406,61.43495,61.136166,61.204735,61.144596,61.670338,61.59693,61.151077,60.81894,61.71904,60.898525,61.327896,61.20734,61.527077
56.82491,56.63434,56.30992,56.52493,56.984543,56.647907,56.76237,56.689034,56.62394,56.666416,56.798595,56.87575,56.997543,56.448784,57.013527,57.03451,56.82876,56.470703,56.996216,57.036774,56.943047,56.717926,57.31119,57.33528,56.993324,56.735275,56.85911,56.86221,57.235687,57.441254,57.22001
49.699413,49.331455,49.33203,49.830017,49.05741,49.280106,49.536392,49.511135,49.31732,49.442238,49.4606,49.818512,49.331295,49.626648,49.53855,49.54757,49.46596,50.009346,49.550858,49.81747,49.975113,49.90444,49.642788,49.18862,50.05379,49.76693,49.757874,49.876293,50.002556,49.885326,49.855694
41.19636,41.142536,41.227295,41.222904,41.217346,41.39025,41.430885,41.311478,41.158947,41.150467,41.41696,41.440147,41.34354,41.07659,41.070393,41.465286,41.53185,41.347336,41.303192,41.52837,41.24653,41.30148,41.37582,41.41517,41.291798,41.524452,41.53607,41.504066,41.702347,41.303104,41.327225
41.39435,41.318974,42.03621,41.306618,41.11252,42.09023,41.615562,41.99837,42.13547,41.1119,41.790897,41.64065,41.22057,42.142784,41.309402,41.983,41.78569,42.058083,41.645493,41.309658,41.614002,42.050304,41.67034,41.779404,42.189156,42.64324,42.075447,41.811047,41.829727,41.92792,41.73013
48.323303,48.342735,48.344353,48.10119,48.097298,48.32287,48.066593,48.367645,48.611343,48.06087,48.65742,48.330288,48.287003,48.045116,48.76573,48.424133,48.514175,48.313404,48.74727,48.496254,48.257812,48.23625,48.72593,48.92486,48.651352,48.395584,48.416943,48.53238,49.057945,48.76203,48.70329
54.427055,54.3796,54.214973,54.650955,54.670135,54.042435,54.306892,54.248882,54.405205,54.51375,54.009724,54.7705,54.605206,54.662987,54.331104,54.67967,54.832,54.719902,54.682453,54.80725,54.898582,54.249065,55.19248,54.506668,54.722908,54.212517,54.931057,54.532185,54.339775,54.917633,54.594437
61.764126,61.69667,61.28122,61.803432,61.665863,61.598793,61.675663,61.803253,61.712715,61.91262,61.548763,61.347115,61.804356,61.580444,62.026657,61.783867,61.759815,62.06377,62.142555,61.988365,62.234974,62.03993,61.845543,62.02706,62.16189,61.57463,61.836388,62.169384,62.303104,62.027897,62.111156
53.743675,53.750896,54.51113,53.946026,54.141174,54.33129,53.598907,53.91251,54.054123,53.834293,53.882526,53.474995,54.4632,54.420616,54.446724,53.806953,54.007305,54.062473,54.22897,54.077568,54.22286,54.390312,53.846405,54.33364,54.045853,54.355026,54.64668,54.154392,54.506996,54.20815,54.592552
45.240353,45.342964,45.297592,44.951675,45.51068,45.11858,44.599903,44.990322,45.80224,45.141525,45.171803,45.316242,45.144894,45.469425,45.141964,45.133713,45.38357,45.306793,45.392563,45.335094,45.65356,45.483196,45.647022,45.61148,45.21321,45.426353,45.71461,45.02352,45.593388,45.94764,45.250656
37.399776,37.63448,37.51294,37.5028,37.59336,37.66176,37.66787,37.50959,37.689007,37.752735,37.646595,38.00023,37.81925,37.842014,37.602657,37.583332,37.83748,37.82844,37.46924,37.945015,37.94667,38.066242,37.79885,37.888885,37.98686,38.167473,38.170784,37.818275,38.036915,38.021763,38.06923
44.749474,44.72575,44.914627,44.215164,45.293045,44.916565,44.493366,44.58056,45.031654,44.76434,44.318775,44.846245,45.119858,45.10996,44.667034,44.83116,44.965855,45.181087,45.02519,44.518074,45.168343,45.33444,45.041245,45.61373,44.551426,44.578583,45.789574,44.432064,45.094776,44.9642,45.05497
51.69685,52.344055,52.42888,52.38207,52.14025,52.108246,52.090183,52.07499,52.622078,52.13896,52.106815,52.15433,52.41939,52.352417,52.535988,52.553375,52.522655,52.24002,52.167324,52.728813,52.76564,52.34103,52.567432,52.674324,52.557243,52.56414,52.710632,52.666332,52.650047,52.753277,52.575977
39.48913,39.385017,39.036545,39.51585,39.806137,39.29375,39.713867,39.318043,38.862656,39.761345,39.49868,39.12593,39.76779,39.112377,39.471603,39.699753,39.214558,39.48381,39.665215,39.701725,39.687004,39.92258,39.060085,39.748764,38.97862,39.28836,39.668686,39.829643,40.072796,39.19473,39.932575
55.17236,54.385353,54.863304,55.171158,55.444077,55.20409,55.131676,55.10224,54.56078,55.240807,55.226505,54.782482,55.389317,55.334866,55.193726,55.45509,54.744225,55.24219,55.64979,55.087975,55.18638,55.069244,54.809425,55.17343,54.90138,55.283363,55.470634,55.439682,55.361305,55.072304,55.71206
43.626385,43.80008,43.306183,44.034412,43.70185,43.385406,43.714462,43.62695,43.921806,43.950344,44.166504,43.650818,43.686024,43.514767,44.026375,43.996292,43.719086,43.943798,44.065357,44.43377,44.19902,43.90173,43.740295,44.20565,44.168995,44.098564,44.0779,44.177387,44.526596,44.060184,44.510376
41.542473,41.540962,41.568832,41.985386,41.884544,41.820778,42.090527,42.0094,41.793835,42.01292,42.051155,42.219734,42.140213,41.788055,42.071915,42.018055,42.206707,42.079067,41.9565,42.20862,42.10798,41.95023,42.26752,42.35357,42.27259,42.010315,42.443787,42.21741,41.94138,42.15754,42.298332
39.478596,39.63443,39.18592,39.05069,39.192055,39.07897,39.299057,39.18379,39.387493,39.429466,39.300182,39.197906,39.077465,39.260128,39.60624,39.67149,39.387955,39.686546,39.5909,39.521523,39.71139,39.947773,39.204144,39.569176,39.221024,39.394188,39.434093,39.799015,40.21218,39.542625,39.736004
54.092785,53.874508,53.703484,54.06637,54.055763,53.75358,53.8232,54.01254,54.343864,53.86237,53.8418,54.20589,53.98382,54.08505,54.1183,54.447937,54.521973,54.39131,54.255436,54.342117,54.592274,54.117577,54.471947,54.521057,54.37129,53.88955,54.72332,54.170353,54.52382,54.67972,54.32951
54.109833,53.74109,53.90094,53.59232,53.873688,53.628155,53.459507,53.63277,54.155994,53.5604,53.68974,54.230587,53.508102,54.178936,53.669594,54.103733,54.285763,54.030872,54.033665,53.947735,54.171272,53.9367,54.41426,53.909035,53.949627,54.06337,54.358574,53.792217,54.2939,54.674473,53.882725
51.28644,50.98699,51.039734,51.178726,51.07985,51.527527,51.721497,51.672215,51.25035,51.45736,51.415092,51.57763,51.293346,51.46425,51.519287,51.883495,51.619038,51.668365,51.46136,51.30855,51.639183,51.652855,51.538357,51.50309,51.648182,51.610176,51.492107,52.090317,51.738136,51.83218,51.496128
46.88461,47.07554,46.77864,46.836758,46.91992,47.282326,46.838043,47.167187,47.08025,46.987164,46.862984,46.954964,47.189674,46.837574,47.200203,46.745045,46.844048,47.133316,47.04264,47.286774,47.221523,47.077213,47.10543,47.03933,47.41613,47.302513,46.85753,47.219032,47.239555,47.29205,47.080456
52.486332,52.5792,52.144264,52.90873,52.421852,52.298485,52.746048,52.709602,52.440914,53.129604,53.04382,52.646965,52.62249,52.506374,52.93621,52.61034,52.76606,52.700798,53.04229,53.16326,52.68738,52.583965,52.858463,52.687996,53.14178,53.01087,52.46663,53.49493,52.912514,52.92196,53.093353
48.441063,48.730705,48.60782,48.484734,48.166504,48.585495,48.295166,48.606564,48.906876,48.53097,48.95646,48.430996,48.283386,48.608738,48.71595,48.445534,48.579147,48.431087,48.647835,48.82335,48.622864,48.84493,48.611534,48.61238,48.975433,49.391663,48.377663,49.104214,49.279446,49.175888,48.765907
48.79205,49.04222,49.11712,48.701847,48.845673,48.742886,48.541935,48.59252,49.46581,48.943806,49.09831,49.079773,48.76617,49.089363,49.037407,48.949562,49.271103,49.259758,49.41061,49.187607,49.132305,48.842945,49.494995,49.37513,49.28842,49.146645,49.393787,48.943176,49.477516,49.30864,49.262287
44.995953,44.970245,44.849426,44.773262,44.70398,45.109997,45.219975,45.248356,44.99343,45.17496,45.299244,45.073017,44.89585,45.314156,45.097935,45.236275,45.146545,45.22572,45.164757,45.110844,45.027317,45.601078,44.95711,45.149384,45.461094,45.90648,45.06203,45.73363,45.45134,45.390762,45.5081
43.112396,42.809307,42.530235,42.9321,42.965294,42.812935,42.87578,42.870846,42.92698,42.850506,43.20354,42.70171,42.91469,42.753193,43.15179,43.284935,43.037785,43.182926,43.266193,43.405407,43.301003,43.172333,42.83248,43.200287,43.10466,43.072533,43.18994,43.14116,43.741924,43.21894,43.52398
43.981346,43.929226,43.768562,43.7535,43.67974,44.21386,44.02629,44.41991,44.037437,43.814075,43.93659,44.12895,43.75656,43.73412,43.900036,43.862343,43.940434,44.19811,43.99932,43.971027,43.91643,44.261887,43.95247,44.14811,44.3414,44.424797,44.0487,44.301846,44.25979,44.135944,43.98312
48.729675,48.349434,48.44239,48.635063,48.54995,48.646957,48.315353,48.728622,48.434185,48.418163,48.36669,48.734974,48.850216,48.868824,48.555466,48.339207,48.405476,48.83591,48.618988,48.681114,48.73925,48.977833,48.529934,48.671867,48.967373,48.98197,49.069016,48.658955,48.773262,48.886284,49.047737
43.32431,43.167137,43.21547,43.077137,43.39862,43.25839,43.607273,43.247738,43.32925,43.480324,43.771313,43.277027,43.14427,43.04162,43.46238,43.64183,43.518566,43.62084,43.784348,43.475132,43.577934,43.80979,43.516922,43.91854,43.33671,43.430664,43.75413,43.543835,44.03993,43.414185,43.786003
60.414062,60.458023,60.812943,60.68406,60.87565,61.0205,60.94168,61.040733,60.614933,60.95354,60.697067,60.3977,61.147903,61.065777,60.957108,60.995995,60.71978,60.770206,61.071926,60.615257,60.856674,61.113827,60.887413,61.21888,60.978794,61.15484,60.996975,61.391888,60.745304,60.958397,61.148247
56.148712,56.018547,56.474594,56.615635,56.308838,56.609455,56.212334,56.65948,56.43269,56.155758,56.28481,56.006233,56.707504,56.693073,56.477245,56.39377,56.511223,56.435974,56.58427,56.256973,56.539154,56.618454,56.58213,56.753983,56.871315,56.527435,56.867546,56.616997,56.62195,56.773056,56.74537
49.170227,49.72558,49.523407,49.326653,49.386955,49.288036,49.419823,49.288563,49.48236,49.59556,49.35787,49.61701,49.577126,49.526875,49.77556,49.279835,49.635475,49.326355,49.52217,49.728554,49.71067,49.72295,50.25287,49.6363,49.96424,49.713898,49.419994,49.72364,49.56386,50.120533,49.773987
46.270107,46.52291,46.605377,46.77808,46.532265,46.59103,46.351048,46.815,46.62626,46.40982,46.376858,46.548916,46.863033,46.846092,46.707676,46.464584,46.636078,46.508476,46.51382,46.783524,46.663624,46.755985,46.770027,46.799377,47.04714,47.071075,46.94026,46.899487,46.47081,47.017185,46.96052
50.337593,50.366898,50.65204,50.421043,50.544792,50.735943,50.49108,50.604862,50.868908,50.59159,50.904945,50.776707,50.75232,50.581966,50.946594,50.688965,50.93997,50.58476,50.696796,50.80811,50.884594,50.730076,51.057755,51.05777,50.793434,50.843216,50.90972,50.93305,51.045002,51.24045,50.721596
42.713234,42.93384,42.52378,42.783215,42.974136,42.554688,42.68443,42.558117,42.992397,43.171955,43.08794,43.181927,43.052494,43.045208,43.25499,43.035027,43.133007,42.808544,42.995613,43.345406,43.2508,42.98615,43.236862,43.29521,43.099674,43.16176,43.21258,43.269386,43.493206,43.66472,43.51642
52.910385,52.84592,52.731796,53.162613,53.23796,52.79753,52.699444,52.69596,53.183174,53.173885,53.193645,53.249676,53.435833,53.064777,53.31337,53.012882,53.082092,53.170628,53.346024,53.587723,53.507515,52.871628,53.499016,53.53224,53.44705,53.073578,53.581657,53.035385,53.485725,53.563503,53.658707
68.13569,68.198944,67.97272,68.08718,68.25031,68.2897,68.40272,68.24013,68.13971,68.33227,67.9587,68.31382,68.17456,67.65155,68.117386,68.21891,68.22744,68.1003,68.17892,68.44786,68.70856,68.29321,68.784996,68.199165,68.24701,68.09218,67.92854,68.56377,68.49316,68.68221,67.63555
52.701473,52.53654,52.47962,52.897003,52.986237,52.902412,52.68047,52.810783,52.815395,52.70625,53.019577,52.51888,53.059666,52.657013,52.89395,52.92143,52.943123,52.77697,53.115597,53.353374,52.982403,52.540474,52.99543,52.998657,53.197575,53.100266,52.951992,52.905357,53.106,53.113174,53.18349
52.932934,52.950325,52.743134,53.123104,53.080307,52.826965,53.14946,52.940876,53.155056,53.39225,53.141293,53.11161,53.06561,53.107124,53.188328,53.129383,53.460144,53.484337,53.429367,53.423157,53.620064,53.34165,53.63888,53.356056,53.606037,53.066025,53.464523,53.318428,53.370228,53.49173,53.43567
51.56032,51.344494,51.44023,51.884167,51.333992,51.223843,51.376957,51.553394,51.414875,51.323505,51.426785,51.768578,51.705658,51.80041,51.522038,51.62958,51.908726,51.71691,51.710037,51.817093,51.689854,51.48296,52.197655,51.488335,52.140404,51.55548,51.82883,51.72217,51.480827,52.037178,51.83468
39.17066,39.295654,39.44368,39.16743,39.32081,39.141518,39.117435,39.0628,39.209087,39.445175,39.32099,39.379143,39.302387,39.75736,39.601215,39.22995,39.44299,39.602695,39.609215,39.729256,39.379005,39.43304,39.41703,39.171837,39.566864,39.97116,39.650024,39.585426,39.372223,39.492264,40.009796
41.541363,42.355415,42.29911,41.97928,41.794456,41.871796,42.21742,41.873264,42.043114,42.216675,41.722164,42.343384,42.22734,42.35698,42.456993,42.102253,42.44366,42.202347,41.837784,42.393436,42.4572,42.58906,42.541527,42.22583,42.48281,42.42907,42.415905,42.616444,42.239933,42.511204,42.529346
52.859707,53.015625,53.019592,52.93522,53.11651,52.868248,53.13066,53.126003,53.129196,52.9878,52.93178,53.005013,52.889397,52.91324,53.023876,53.441505,53.377827,53.116825,53.34497,53.220394,53.14857,53.028965,53.492706,53.408974,53.11592,53.151695,53.29716,53.398926,53.07407,53.258488,53.106693
59.512993,59.525043,59.756516,60.02575,59.146034,59.903484,59.573414,60.00159,59.899414,59.483276,59.60415,60.052574,60.00416,59.807716,59.586365,59.37087,59.97443,59.918484,59.67528,59.67127,59.842297,59.72405,60.45747,59.87825,60.692596,59.727203,59.929115,59.908543,59.908047,60.224957,59.585484
43.03162,43.675453,43.669617,43.559246,43.50818,43.60832,43.526073,43.503166,43.666294,43.722298,43.26362,43.244022,43.786396,43.71403,43.912407,43.659466,43.269703,43.783234,43.47565,43.694023,44.146393,44.176167,43.336773,43.918015,43.63536,43.848083,43.941696,44.0605,43.95345,43.68156,44.00606
35.581963,35.446953,35.146965,35.447063,35.224697,35.1713,35.08537,35.31156,35.54944,35.080975,35.499554,35.588554,35.228382,35.275333,35.074947,35.71771,35.40021,35.537384,35.479145,35.599472,35.43697,35.30253,35.323536,35.53904,35.354427,35.48961,35.62901,35.481842,36.109158,35.59565,35.50644
50.41362,50.276535,50.33835,50.702785,50.53634,50.546143,50.849564,50.704464,50.408295,50.86316,50.777508,50.46096,50.747864,50.503963,50.94677,50.764225,50.722954,50.951565,50.940678,50.807182,50.97797,50.976864,50.75227,50.950806,50.90081,50.60025,50.929626,51.118374,50.937695,50.73042,51.076275
48.417458,48.36816,48.490013,48.256237,48.548187,48.573963,48.34306,48.453945,48.18944,48.06704,48.25333,48.28125,48.674137,48.323345,48.449123,48.44851,48.290073,48.217686,48.424408,48.63933,48.39625,48.610653,48.469097,48.566765,48.472214,48.81195,48.55092,48.463062,48.64508,48.619125,48.743443
54.74541,54.54262,54.924828,55.063347,54.96437,54.755825,54.662014,54.7959,54.91844,54.720806,54.882664,55.064743,55.052757,55.02711,55.113686,54.88959,55.179058,54.903725,55.045666,55.2183,55.221687,54.840958,55.49204,55.087624,55.259487,55.009705,55.44112,54.94778,55.020714,55.537136,55.23612
48.868988,49.011562,49.006744,49.006866,48.909286,48.991943,49.297386,49.211254,49.36064,49.19233,49.756245,49.25043,48.874252,48.86087,49.476357,49.223873,49.646244,49.069984,49.39684,49.53753,49.261574,49.329773,49.82906,49.590347,49.720646,49.613983,49.22869,49.55737,49.477768,49.789444,49.465714
46.340965,46.137203,45.96679,46.40008,46.307053,46.240864,46.17603,46.26576,46.371185,46.26658,46.53729,46.329773,46.23794,46.0027,46.375004,46.02493,46.43778,46.434387,46.45198,46.70964,46.679684,46.580803,46.54451,46.564957,46.74899,46.444016,46.71105,46.24256,46.958958,46.76138,46.667862
38.80442,38.79875,39.31492,39.17014,38.71723,38.86073,38.786335,38.85743,38.8923,38.85435,39.172718,38.79846,38.958546,39.28612,38.872047,38.838955,38.789112,39.220036,39.135956,38.96949,38.97463,39.47777,38.77129,39.069542,39.11918,39.466705,39.508995,39.15208,39.369415,38.864143,39.525642
49.6818,50.30431,50.470467,50.031773,49.763756,50.33715,50.074883,50.32603,50.70943,50.13371,50.34714,49.81738,49.937595,50.249386,50.43168,50.206947,50.34571,50.277393,50.31445,50.212585,50.408684,50.564568,50.418777,50.518356,50.660664,50.734978,50.20764,50.708714,50.611893,50.593117,50.27339
47.315872,47.168995,47.33996,47.188297,47.480125,47.344418,47.153378,47.34574,47.243954,47.23066,46.984158,47.196743,47.650745,47.709095,47.488983,47.56082,47.51947,47.618835,47.570705,47.322018,47.555073,47.64614,47.41388,47.64129,47.363026,47.32528,47.871593,47.525276,47.515255,47.551083,47.770126
35.242554,35.496758,35.158348,35.126087,35.2219,35.06006,35.226486,35.15141,35.32835,35.375042,35.4042,35.69214,35.31351,35.33387,35.419823,35.32744,35.631226,35.387596,35.429337,35.624935,35.324337,35.41156,35.730804,35.551594,35.56805,35.550392,35.519753,35.530815,35.658134,35.69899,35.709538
42.276833,42.461487,42.916405,42.39468,42.71895,42.842598,43.075813,42.565983,42.82443,42.742638,43.170216,42.716446,42.702423,42.750996,42.874737,43.025246,43.274834,42.806286,42.907063,42.930622,42.928963,43.09959,43.26957,43.23918,43.03862,43.19117,43.232944,42.87045,43.08599,43.052673,43.191692
45.097904,45.154545,45.379204,45.479836,44.97204,45.41333,45.17762,45.49662,45.401875,45.21093,45.372982,45.316906,45.49943,45.759445,45.354362,45.31359,45.548298,45.525265,45.475143,45.3064,45.28613,45.46225,45.51792,45.50969,45.96169,45.726883,45.691704,45.689976,45.60809,45.64871,45.774662
47.351044,48.158085,47.376953,47.75202,47.429657,47.579052,47.70033,47.867134,47.825302,48.06952,47.52322,47.553486,47.955738,47.742817,48.21679,47.696957,47.80806,47.85584,47.86094,48.10159,47.97794,47.933563,47.947502,47.999397,48.388912,47.95584,47.48042,48.538734,47.973106,48.08607,48.16513
54.789165,54.469326,54.480034,54.54229,55.018044,54.584286,54.794888,54.620003,54.644405,54.777683,55.021442,54.71023,54.593685,54.578365,54.631687,55.069016,54.878277,54.56433,55.011707,55.019703,54.916527,54.851433,55.027412,54.96559,54.625233,55.09236,54.89439,54.953506,55.06036,55.201885,54.907413
40.701008,40.629124,40.511597,40.740696,40.26689,40.553265,40.580013,41.042408,40.70286,40.40725,40.60464,40.772858,40.65899,41.12284,40.417183,41.095848,41.00862,40.80446,40.673424,40.535866,40.511806,40.94657,40.75982,40.77308,41.01874,41.06478,40.812332,41.25974,40.781578,41.080597,40.83341
43.020832,43.371376,43.354095,42.990753,43.520752,43.31473,43.384563,43.086494,43.425346,43.670433,43.50206,43.449905,43.434746,43.128742,43.813538,43.45588,43.651714,43.498005,43.72852,43.681328,43.56929,43.271996,43.761646,43.802635,43.25078,43.300858,43.597828,43.666256,43.770267,43.50716,43.616695
57.54744,57.121124,57.343193,57.354977,57.652794,57.733196,57.34573,57.445644,57.602783,57.3574,57.40216,57.30679,57.63451,57.612137,57.686665,57.491356,57.498436,57.76364,57.660717,57.634163,58.196484,57.99722,57.707222,57.774292,57.89245,57.643684,58.036034,57.365196,58.10237,58.138638,57.91334
53.46572,53.681057,54.257423,53.838505,53.738586,53.68155,53.721268,53.554016,53.64815,53.57426,53.342274,53.751534,53.884327,54.1526,53.85015,53.826565,53.887905,53.874393,53.709763,53.959892,54.12429,54.15897,54.072865,53.752052,53.94756,54.150017,54.36124,53.947098,53.85041,54.0543,54.146866
53.562218,53.63281,53.424095,53.919197,53.609093,53.61199,53.780926,53.867657,53.71309,53.981728,53.959835,53.79141,53.923824,53.714817,54.187195,53.76902,53.697464,53.889626,54.15307,54.082905,53.92191,53.776657,54.082157,54.179085,54.44603,54.041565,53.919525,54.275173,54.068333,54.1315,54.46624
50.780426,50.745674,51.085243,50.83627,51.228333,51.042442,51.274094,50.93175,50.943222,51.46753,51.336937,51.24165,51.160675,51.140156,51.68039,51.13649,51.249146,51.40714,51.68388,51.382137,51.325634,51.04187,51.7571,51.352272,51.457916,51.298004,51.366432,51.381886,51.001125,51.33635,51.68756
42.896667,42.900513,42.911835,42.778275,42.71991,42.638416,42.753883,42.89754,42.740635,42.498474,42.559574,42.92394,42.66283,43.006046,42.621986,43.2695,42.993374,42.705486,42.716976,42.750835,42.865753,43.174194,42.926224,42.869125,42.630146,43.05314,43.034184,43.21371,43.165062,43.271797,42.85888
37.27022,37.42245,37.42227,37.24034,37.079536,37.17827,37.033436,37.39995,37.68264,37.058044,37.46844,37.330902,37.09632,37.58847,37.300426,37.58517,37.62282,37.37813,37.437016,37.291004,37.37986,37.634235,37.591328,37.599762,37.529037,37.664055,37.556644,37.597694,37.73232,37.893707,37.51243
53.483337,52.945637,52.61844,53.0128,53.391083,52.92386,52.89315,53.065304,53.439796,53.301098,53.244984,53.06209,52.712845,53.207523,53.27666,53.52511,53.142803,53.68242,53.66478,53.57031,53.885166,53.3745,53.12821,53.239777,53.26039,53.43467,53.51059,53.352264,53.7472,53.73659,53.507885
42.030712,42.14385,42.46721,42.17785,42.279076,42.247536,42.00661,42.19812,42.425323,42.41032,42.22377,42.512882,42.298073,42.70987,42.324486,42.20914,42.10124,42.470158,42.383827,42.08935,42.480408,42.632275,42.359577,42.598892,42.278225,42.64547,42.882645,42.532063,42.537743,42.61309,42.605225
49.586075,49.66343,49.905678,50.184376,50.115227,50.11643,50.1475,49.91724,49.83431,50.237896,50.144817,49.948753,50.453262,49.947327,50.518906,50.096897,50.17444,50.027126,50.144478,50.34306,50.51952,50.044395,50.443516,50.23668,50.242435,49.90033,50.27242,50.387177,50.324287,50.44419,50.351364
49.716324,49.780003,49.870544,49.95627,49.746803,49.825443,50.128956,49.899345,49.96465,49.95361,50.308453,50.15578,49.768585,50.01835,49.73095,50.344223,50.227394,49.88176,50.09758,50.25851,49.89291,49.7978,50.3323,50.01735,50.302586,50.63472,50.047245,50.417156,50.199398,50.30949,50.167004
53.860527,53.69379,53.530655,54.007233,53.509224,53.858307,53.94816,54.333584,54.03177,53.932945,53.91354,54.390217,53.84792,54.170876,54.13385,54.077972,54.141365,54.281403,54.06468,54.159348,54.10871,53.934784,54.39165,53.998283,54.857285,54.47045,54.072086,54.549,53.86442,54.61099,54.262367
51.188274,50.9464,50.722153,51.374702,50.942802,51.111168,51.124405,51.329014,50.85518,51.032234,50.789036,50.98251,51.351875,51.21077,51.037407,51.235245,51.226467,51.401585,51.09406,51.32708,51.4191,51.45261,50.935005,51.088615,51.447212,51.18431,51.402214,51.557888,51.54425,51.30908,51.39241
37.609406,38.374947,37.86376,38.231667,37.567604,37.788647,37.830547,38.02454,38.5571,38.329967,38.35748,38.19835,37.875168,38.08781,38.647457,37.83971,38.515625,38.31076,38.11879,38.768032,38.5357,38.12862,38.616272,38.039764,38.942295,38.496353,37.943344,38.68425,38.36933,38.815197,38.34328
54.93661,54.711586,55.206993,54.43235,55.230865,54.972095,54.97279,54.61425,55.05279,54.961655,55.289383,54.905716,54.778008,54.571384,55.06874,54.835308,55.2287,55.143486,55.484787,55.156525,55.167553,55.28202,55.465458,55.524292,54.85142,55.02314,55.49962,54.700928,55.483273,55.035797,55.179424
46.502598,46.243298,46.35459,46.76706,46.527687,46.751183,46.659985,46.869537,46.542557,46.506092,46.575825,46.21386,46.63519,46.693398,46.31189,46.97754,46.367233,46.95477,46.865482,46.443035,46.76916,46.815792,46.298428,46.842636,46.765404,46.754265,46.95654,46.895485,46.943478,46.484833,46.86349
54.83788,54.83092,54.048233,54.89997,54.780968,54.304077,54.638294,54.797783,54.40402,54.71309,54.078007,54.83718,54.939762,54.66454,54.847183,54.835762,54.849827,54.72704,54.66802,55.138565,55.160725,54.86855,55.09004,54.720177,55.10619,54.540054,54.765022,55.089294,54.762165,55.35937,55.007965
47.444542,47.45421,47.27945,47.076794,47.40326,47.277237,47.06492,47.36503,47.356853,47.160355,47.114826,46.912914,47.272003,47.390354,47.223843,47.308804,47.242367,47.509014,47.637974,47.410713,47.30418,47.780094,47.053917,47.660812,47.38716,47.721207,47.6526,47.433716,47.748264,47.290154,47.798477
49.661186,49.28788,49.792328,49.47736,49.54444,49.89328,49.593407,49.672924,49.655373,49.523285,49.423885,50.11794,49.90047,50.14616,49.67136,49.701256,49.89514,50.019405,49.584324,49.467102,50.06151,50.148643,50.05069,49.81977,49.93584,49.788506,50.332607,49.739372,50.012035,50.26074,49.83371
38.834446,39.049408,39.237617,39.079674,38.75609,39.236538,39.344357,39.409584,39.306534,39.17872,39.130993,39.56842,39.067013,39.645435,39.483765,39.61321,39.472393,39.581726,39.187164,39.235126,39.379333,39.37386,39.462395,39.25392,39.70801,39.76892,39.501564,39.875523,39.25381,39.661545,39.56948
43.43248,43.388283,43.549316,43.40534,43.58429,43.659966,43.779774,43.614048,43.46596,43.962837,43.97607,44.022205,43.59547,43.795326,43.51042,43.612934,43.736332,43.532345,43.675793,43.5433,43.60233,43.884354,43.98932,43.67446,43.62988,44.116356,43.6792,44.104057,43.763847,44.072372,43.627834
51.9556,52.031265,51.74346,51.678978,52.05284,52.242943,52.16616,52.178722,52.18943,52.275204,52.12494,52.330353,52.31104,52.107986,52.058296,51.976517,52.593666,52.17849,52.181477,52.193752,52.19065,52.376057,52.613888,52.572296,52.588135,52.339546,52.302113,52.338238,52.397633,52.60462,52.22522
46.356358,46.456547,46.447327,46.64384,46.053146,46.440296,46.115868,46.72615,46.395725,46.293823,45.896523,46.476788,46.43772,46.916298,46.31136,46.129993,46.31283,46.716167,46.285458,46.34282,46.560375,46.825428,46.362766,46.137276,46.904648,46.856506,46.633125,46.849915,46.40706,46.750454,46.53072
43.55224,43.251335,42.78763,42.92598,43.10675,43.65253,43.174576,43.598244,43.456177,42.991104,43.043713,43.105705,43.192383,43.16581,43.13015,43.48582,43.161495,43.67751,43.24194,43.233364,43.65633,43.810913,42.890377,43.46206,43.498215,43.47396,43.382664,43.41391,44.115543,43.59294,43.33454
50.490406,50.654552,50.650597,50.51938,50.457024,50.401443,50.568592,50.596237,50.53285,50.666092,50.722942,50.56705,50.58482,50.729126,51.06337,50.73441,50.628574,50.77521,51.06749,51.050404,50.568405,50.6162,50.866966,50.720863,51.072968,51.21823,50.616558,51.137653,50.663128,50.798637,51.30714
41.756683,42.28822,42.071373,41.97577,41.94581,42.039474,42.072205,41.94016,42.119644,42.198265,41.929802,42.14201,42.3323,42.192013,42.428898,42.140842,42.113556,42.20978,42.068245,42.336056,42.42993,42.4401,42.287457,42.40731,42.408836,42.3133,42.31378,42.46646,42.554745,42.42492,42.59547
53.37159,53.184795,52.869156,53.536896,53.37419,53.314598,53.41555,53.414516,53.199383,53.464928,53.51545,53.167976,53.575268,53.018818,53.685123,53.43167,53.239243,53.57782,53.713093,53.899796,53.740734,53.40834,53.44564,53.59014,53.81784,53.426888,53.4295,53.672134,53.845505,53.552784,53.890873
42.936478,43.06656,42.77424,43.40077,42.488876,42.90308,43.075665,43.338173,43.23958,42.967403,43.2794,42.994576,42.868587,43.033066,43.087006,43.31573,43.418427,43.342903,43.126217,43.401985,43.22225,43.24952,43.050896,43.151108,43.658302,43.40782,43.176144,43.75861,43.65757,43.37241,43.309875
51.57059,51.84958,51.32998,51.498886,51.62268,51.635784,51.632355,51.793682,51.819443,51.782425,51.433907,51.636208,51.683247,51.72136,52.118732,51.876102,51.641132,51.959858,51.899387,52.139805,52.139065,51.788647,51.97982,51.755714,52.280533,52.08796,51.542526,52.145176,51.748863,52.20863,52.085945
43.341198,42.986435,43.3536,43.544006,43.172096,43.17216,43.18843,43.49466,43.063087,42.84099,43.340126,43.134247,43.13256,43.35162,42.985638,43.37027,43.49184,43.27359,43.50725,43.30274,43.052784,43.281754,43.547325,43.15618,43.515873,43.496918,43.509083,43.33846,43.210484,43.43002,43.425877
40.268745,40.313286,40.29061,40.6479,39.899582,40.49771,40.30374,40.844143,40.53046,40.66254,40.36073,40.96192,40.471813,41.031612,40.51238,40.49128,40.248013,40.91327,40.454586,40.22751,40.535732,40.56512,40.449677,40.33319,40.942997,40.90767,40.564903,41.291187,40.495197,40.83904,40.573532
56.013714,56.315105,56.54364,55.919533,56.53232,56.838818,56.575336,56.57784,56.302025,56.48877,56.059856,56.177975,56.679916,56.462864,56.434925,56.12284,56.208687,56.30422,56.306904,56.112114,56.58802,57.233444,56.51955,56.92405,56.57184,56.865265,56.705193,56.602962,56.51584,56.636528,56.598675
59.912533,60.059128,59.973427,60.02479,60.572586,60.13058,60.416306,59.997547,60.053047,60.578644,60.395878,60.19964,60.67842,59.89819,60.5222,60.309204,60.47081,60.040375,60.595398,60.572,60.406876,60.25809,60.75125,61.04335,60.315292,60.15551,60.583084,60.508312,60.64167,60.472816,60.715073
54.412224,53.947277,54.06057,53.940315,54.55072,54.239372,54.534428,54.380276,54.232475,54.319714,54.693943,54.44547,54.210163,54.243362,54.542984,54.758846,54.41654,54.204544,54.65577,54.400238,54.514896,54.78738,54.714153,54.969215,54.44337,54.77546,54.69488,54.57098,54.710743,55.0024,54.91955
53.34454,52.91773,52.812057,53.218285,52.879997,53.14981,53.173244,53.39619,53.35571,53.041813,53.524693,52.921562,52.674843,52.754723,53.13688,53.27153,53.305702,53.54003,53.51299,53.433815,53.541836,53.443275,53.276825,53.18927,53.55994,53.32644,53.154335,53.43514,53.777252,53.48347,53.119637
46.964836,47.21432,47.1382,47.414948,47.263878,47.24189,47.168167,47.365868,47.23054,47.40568,47.238434,47.01606,47.515953,47.46125,47.455,47.404186,47.0976,47.25715,47.392635,47.401257,47.49433,47.465546,47.275017,47.45659,47.46086,47.584328,47.344646,47.813602,47.405308,47.56557,47.622356
49.38214,49.37733,49.667503,49.530766,49.347412,49.369087,49.240837,49.10465,49.31095,49.40661,49.5068,49.51269,49.501846,49.4961,48.909763,49.054615,49.05469,49.577843,49.602295,49.533123,49.383797,49.594566,49.48683,49.43676,49.602036,49.87329,49.786884,49.287086,49.816833,49.223164,49.67241
42.53223,42.50706,42.538383,42.31721,42.56807,42.259663,42.29253,42.256054,42.39181,42.211605,42.312813,42.52696,42.743298,42.83715,42.32529,43.125122,42.63512,42.639927,42.846264,42.653904,42.29171,42.241146,42.599915,42.775757,42.42541,42.67077,42.854168,42.626373,42.69253,42.445335,43.03278
45.558178,45.799362,45.77569,46.092125,45.56521,45.759438,46.144413,45.9146,45.744312,46.04235,45.854843,46.309803,46.14324,46.193172,45.82922,46.200275,46.027206,46.119,45.934002,45.989834,46.006943,45.92512,46.366024,46.06864,46.47964,46.153473,46.15674,46.430763,45.98223,46.150684,46.29054
42.230194,41.987434,42.3804,42.616978,42.08255,42.595028,42.44587,42.61059,41.96884,42.294247,42.31935,42.447308,42.44009,42.290287,42.393063,42.32701,41.992085,42.621346,42.357876,42.406788,42.400978,42.358532,42.092285,42.0129,42.378674,42.591507,42.422153,42.849743,42.51812,42.199005,42.371788
49.649662,49.792847,49.433823,49.903244,49.35885,49.72008,49.356964,50.066666,50.124493,49.676136,49.77793,49.807224,49.736504,49.98933,49.82865,49.807117,49.894615,49.78336,49.84645,49.834255,49.84852,49.656986,50.0188,49.8693,50.381157,50.087692,49.645878,50.329456,50.063477,50.50804,49.80529
46.97168,47.118767,47.056976,47.52689,46.6388,46.801105,47.14563,47.09393,46.9424,46.86643,47.237064,47.3422,47.036118,47.150444,47.105877,47.199764,47.286995,46.91704,46.944107,47.574387,47.17186,47.199585,47.47057,46.943604,47.74848,47.677467,47.16865,47.57139,47.50088,47.69417,47.530537
54.35721,54.279907,54.118233,54.046597,54.531776,54.302864,54.3539,54.2987,54.641056,54.26254,54.686485,54.37756,54.20495,54.034252,54.461838,54.77078,54.67624,54.23588,54.573,54.839027,54.650757,54.45801,54.679028,54.897903,54.431152,54.7827,54.589474,54.587456,54.988976,54.968212,54.57243
55.860153,55.576603,55.533897,55.619007,55.45263,55.623104,55.59048,55.638702,55.52529,55.616314,55.68163,55.75779,55.774216,55.69475,55.871326,55.62122,55.758102,55.92714,55.959152,55.96573,55.775326,55.91355,55.74947,55.851105,56.109886,55.957474,55.95573,55.97804,56.37929,55.932495,56.25322
43.52678,43.73446,42.93464,43.16474,43.134743,43.241367,43.250057,43.428974,43.40372,43.51286,43.308064,43.50265,43.37306,43.333,43.79676,43.263844,43.382416,43.419914,43.262753,43.719116,43.802753,44.110317,43.404686,43.509552,43.75231,43.745323,43.229816,43.930874,44.150238,44.156708,43.79416
40.169495,40.538956,40.181007,40.867737,40.196747,40.34739,40.816154,40.710728,40.363968,40.90366,40.83398,40.5733,40.51117,40.705624,40.59756,40.89169,40.391075,40.556087,40.58339,40.817924,40.671814,40.639194,40.621826,40.378555,40.99684,41.18528,40.229828,41.496777,40.589348,40.860577,40.87142
31.58675,31.836042,31.886292,31.772728,31.840134,31.38766,31.579884,31.516474,31.434906,31.793882,31.640089,31.753086,31.926777,31.907196,31.645678,31.813822,31.79409,31.773985,31.829891,31.907364,31.56199,31.9712,31.517742,31.908222,31.290642,31.915342,32.203533,32.08824,31.916052,31.48304,32.142727
45.222775,45.074383,45.780113,45.092384,45.118713,45.39779,45.005287,45.211514,45.668213,44.933605,45.795746,45.55946,45.198486,45.51412,45.09945,45.197414,45.424496,45.29294,45.48128,45.19471,45.194946,45.566147,45.831944,45.71408,45.602207,45.901184,45.775845,45.119682,45.654606,45.760963,45.484043
54.77303,54.999134,55.20524,55.347103,55.091743,55.164356,55.73844,55.216473,55.17364,55.661644,55.532024,55.492264,55.29598,55.244144,55.675426,55.68187,55.62649,55.38261,55.353107,55.65815,55.787094,55.452164,55.842773,55.415123,55.57395,55.554955,55.41112,56.1039,55.480125,55.774952,55.47213
45.15592,45.09819,44.964783,45.180836,44.887985,44.950455,44.576134,44.977863,45.449074,45.036755,45.627033,45.048225,44.945824,45.176052,45.143078,44.831303,44.986862,45.075294,45.36214,45.38715,45.162415,45.299545,45.06465,45.408966,45.543713,45.744034,45.36643,45.238564,46.002853,45.64462,45.667477
43.029625,43.269814,43.384598,42.92267,43.11991,42.85185,42.987988,42.731472,43.266693,43.40481,43.545216,43.122013,42.995747,43.506588,43.775948,43.27927,43.279465,43.277355,43.669746,43.487522,43.38895,43.491623,43.50121,43.406,43.39249,43.704956,43.405277,43.542324,43.78547,43.69172,44.07011
37.2159,36.835464,36.988136,36.99983,37.4833,37.32604,37.261303,37.333565,37.100727,37.378174,37.468094,37.394318,37.47923,37.348213,37.640907,37.459625,37.515007,37.641495,37.63804,37.573196,37.329742,37.311295,37.211937,37.611595,37.271484,37.52031,37.825172,37.543034,37.399693,37.333664,37.878334
52.324234,52.28928,52.341927,52.647522,52.44066,52.7914,52.657322,52.754578,52.712357,52.71172,52.81217,52.80374,52.81366,52.68357,53.16963,52.768383,52.74184,52.809135,52.719822,53.107407,53.05469,52.553013,52.92272,52.758415,53.292423,53.116318,52.782806,53.15742,52.908764,53.27211,53.076473
46.668205,46.47122,46.962395,46.43312,46.803856,47.032795,46.63781,46.740456,46.518063,46.48763,46.776634,46.663452,47.108128,46.78523,46.452168,46.735973,46.612804,46.54066,46.882126,46.332787,46.353382,46.939644,46.69484,47.277115,46.483044,46.863007,47.131767,46.73691,47.224308,46.650425,46.934464
50.282463,50.329544,50.250656,50.241245,50.421318,50.221947,49.986553,50.055042,50.340717,50.316895,50.25797,50.333355,50.525116,50.325962,50.385376,49.975166,50.557632,50.330795,50.47299,50.670296,50.569633,50.41649,50.799034,50.4105,50.590538,50.359886,50.530674,50.237915,50.63386,50.771805,50.508274
54.851593,55.286644,54.77092,55.542095,55.254097,54.919426,54.992367,55.163357,55.473377,55.404675,55.20755,54.84065,55.51777,55.22939,55.9083,55.339584,55.631557,55.286774,55.617695,55.89233,55.822525,55.072365,55.85494,55.65325,56.059113,55.110733,55.36843,55.636463,55.523273,55.983013,55.90224
42.61098,42.171482,42.56433,42.459053,42.790306,42.56818,42.41395,42.60575,42.526093,42.19564,42.740135,42.49912,42.60166,42.45517,42.989006,42.81854,42.97014,42.62882,42.9496,42.88963,42.615726,42.523785,42.74679,43.029457,42.59923,42.650536,43.258343,42.558376,43.006897,42.903797,43.201313
47.99291,47.627686,48.0485,47.473267,48.104362,47.8722,47.64175,47.742214,48.055775,47.7565,47.81503,48.031906,47.938557,48.226234,47.796604,48.183376,48.080166,48.19143,48.197292,47.65539,48.113422,48.31003,48.11944,48.451637,47.64744,47.912903,48.65314,47.835064,48.28486,48.20581,48.126312
48.631542,49.07032,48.75438,49.29766,48.21608,48.802868,48.637447,49.098026,49.35547,49.013123,49.025658,49.395466,48.914097,49.35966,49.262302,48.47527,49.206497,49.183594,48.776688,49.432064,49.31781,49.16002,49.494125,48.855698,50.34542,49.749985,49.076057,49.49521,49.22716,49.94557,49.40598
35.56288,35.40794,35.896378,35.47604,35.82245,35.63295,35.857147,35.473072,35.665466,35.750782,36.003174,35.96926,35.7169,35.67707,35.615696,36.02643,36.01413,36.11809,36.04371,35.7775,35.782955,35.90151,35.91975,36.19404,35.437325,35.719772,36.470615,35.748943,36.06914,35.505104,35.99928
55.39168,55.409695,56.004173,55.45485,55.654922,55.566532,55.375095,55.38314,55.653767,55.664986,55.836514,55.806335,55.77406,55.873753,55.89879,55.40662,55.724037,55.502686,55.94408,55.678417,55.653633,55.682095,56.34302,55.8761,55.840496,55.95114,55.891632,55.744568,55.69208,56.153427,55.929523
47.53074,47.101562,47.35824,47.021523,47.6454,47.66973,47.681408,47.655727,47.186134,47.611362,47.143044,47.471848,47.63856,47.95978,47.589096,47.88016,47.475555,48.008816,47.804504,47.134945,47.737938,48.08484,47.510895,47.71663,47.466652,47.608627,47.927433,47.808716,47.44878,47.61364,47.89733
36.83268,36.897045,36.89804,36.975338,36.869392,36.704098,36.61522,36.68607,36.65899,36.7848,36.687458,36.98564,37.261932,37.26883,36.94319,36.805943,36.76577,37.109882,37.04553,37.10744,36.86952,37.02267,36.88028,37.044403,37.190697,37.16929,37.41417,36.92157,37.11917,36.91218,37.71775
38.011837,38.02064,37.857018,37.63289,38.20073,38.023884,37.978542,38.20765,38.28432,38.057938,37.91578,38.009422,37.988605,38.32636,38.353638,38.617523,38.511295,38.491665,38.430954,38.15656,38.275005,38.268913,38.16061,38.518486,38.086525,38.221703,38.5096,38.442505,38.22562,38.379642,38.472466
49.781216,49.815666,50.13691,49.60582,49.610962,50.175972,49.822067,50.096687,50.19745,49.781578,49.947853,50.01088,49.873165,50.122345,49.940125,49.975624,50.27906,50.156307,50.111996,49.713314,49.93605,50.13015,50.354465,50.174072,50.23971,50.139656,50.08491,50.220654,50.226032,50.30517,49.830135
40.50969,41.3605,40.98857,40.636406,40.826164,40.89908,40.96008,40.759163,41.227283,41.32458,40.760345,41.317772,41.16132,41.36215,41.04686,41.06063,41.061222,41.20586,40.998337,41.087482,41.20151,41.194267,41.424873,41.332016,41.398136,41.418396,41.141426,41.395733,41.133186,41.310207,41.3247
42.669342,42.7757,43.02923,42.761543,42.719475,43.062458,42.615154,42.838272,43.046112,42.588173,42.952385,42.913677,42.949306,42.988792,42.6862,42.98386,42.692543,42.849068,42.869816,42.911785,42.805496,42.82081,42.787785,43.07646,42.952324,43.411926,43.13365,43.006744,43.33645,43.026512,43.04502
31.573235,31.6578,31.261978,31.43936,31.244787,31.579481,31.384207,31.792793,31.714567,31.567745,31.282236,31.77296,31.543526,32.02084,31.576649,31.853912,31.439392,32.120914,31.48505,31.520344,31.8752,32.020767,31.261074,31.570549,31.801334,31.95296,31.7723,32.09546,31.877449,31.866943,31.83852
46.09104,46.49178,46.886505,46.26447,46.199303,46.63438,46.253048,46.551105,46.984863,46.458138,46.599464,46.872913,46.414265,47.005886,46.1336,46.487347,46.78126,46.497818,46.46911,46.230118,46.340122,46.58787,46.9575,46.792564,46.75916,47.18566,46.828358,46.839733,46.601353,46.966312,46.313923
51.268734,51.502808,50.997864,51.626736,51.48484,51.22435,51.979126,51.550606,51.41089,52.05004,51.90917,51.792618,51.60516,51.51319,51.961617,52.014698,52.018387,51.481037,51.787277,52.101124,51.845226,51.627853,52.121395,51.916763,52.10165,51.9347,51.598984,52.43773,51.929947,52.259495,52.18195
50.673664,50.713142,51.09001,50.77983,50.796783,50.985626,51.009377,50.847145,50.97242,51.0422,50.92009,50.841274,50.98118,51.37963,51.00017,51.18156,51.217556,51.26494,51.10211,50.929325,51.261467,51.42377,51.10151,51.123154,51.158413,51.31276,51.39879,51.358513,51.282673,51.218834,51.286915
51.067757,51.194603,51.364685,51.102615,51.449272,51.280155,51.169823,51.189102,51.167618,51.225037,50.910957,51.207478,51.566113,51.40328,51.498497,51.49888,51.215267,51.262825,51.467934,51.185913,51.411327,51.42892,51.36443,51.840225,51.162342,51.240395,51.825073,51.522617,51.70962,51.47277,51.76231
53.549034,53.73352,53.55385,53.785374,53.55078,53.4567,53.908627,53.663494,53.924057,53.795563,53.78363,54.00647,53.77401,53.91695,53.931152,54.139263,54.168617,54.053085,53.912945,54.222717,54.202045,54.033546,54.315907,54.22268,54.518574,54.162613,54.27081,54.138893,54.1258,54.323338,54.432896
56.86363,56.643784,56.976524,56.90664,56.91517,57.1161,56.711075,57.064713,57.36417,56.989563,57.427864,56.94596,56.92201,57.13104,56.92649,57.08576,57.027935,57.107777,57.47044,57.008717,56.99198,56.81831,57.24893,57.380074,57.313385,57.464783,57.244164,57.245594,57.361485,57.357468,57.13917
54.818455,54.630585,54.84909,54.948475,54.923737,55.11486,54.960052,55.013317,54.93587,55.09253,54.697205,55.17198,55.20794,55.222363,55.044373,55.126026,55.388165,55.31917,55.047585,55.016384,55.413864,55.00015,55.370365,54.95157,55.126984,54.809334,55.306137,55.37183,55.162167,55.41314,54.83003
45.548416,45.62745,45.282784,45.591286,45.442276,45.3288,45.5234,45.475735,45.42517,45.66925,46.037743,45.452354,45.46961,45.219105,45.77213,45.492985,45.516796,45.35854,45.86724,46.003235,45.502872,45.62465,45.71197,45.723564,45.81742,45.942947,45.365562,45.961376,46.15878,45.86307,46.027004
43.377304,43.133106,43.066124,42.871227,43.44902,43.388126,43.311913,43.300392,43.428223,43.382195,43.730003,43.30298,43.167545,43.05831,43.63594,43.38378,43.434345,43.44601,43.71989,43.45309,43.54265,43.666374,43.570698,43.842766,43.43263,43.502373,43.557064,43.389294,43.951305,43.75947,43.732227
49.19215,49.22668,48.794373,49.227585,49.094597,49.405716,49.269917,49.642895,49.467686,49.287586,49.223225,49.250046,49.3397,49.366074,49.34884,49.31713,49.40867,49.491245,49.282036,49.462032,49.608753,49.723648,49.36532,49.609894,49.99189,49.76364,49.476494,49.69659,49.62231,49.863007,49.627377
50.44374,50.14024,49.999496,49.953747,50.31067,50.204994,50.348194,50.303684,50.347282,50.368294,50.420265,50.352207,50.060013,50.18714,50.456657,50.459328,50.495846,50.653984,50.65109,50.505714,50.61557,50.748077,50.45683,50.666092,50.50855,50.552055,50.664383,50.52299,50.840633,50.6512,50.710323
52.367626,52.335274,52.511696,52.90505,52.3552,52.77012,52.8694,52.94807,52.538673,52.83317,52.83935,52.687748,52.797886,52.7149,53.041927,52.86439,52.50262,52.96788,52.907795,52.905483,52.876244,52.701275,52.707428,52.7735,53.209557,53.11315,52.780426,53.42655,52.85081,52.82822,53.12537
51.990715,51.46188,51.96022,52.154663,51.878357,52.18274,52.47785,52.280804,51.737923,52.146515,52.67645,51.76005,51.957153,51.964336,52.048748,52.335167,52.07356,52.222385,52.42161,52.07473,52.08558,52.566963,51.896534,52.29165,52.224167,52.551674,52.33549,52.62382,52.593285,52.037445,52.503845
39.684475,39.975864,39.692673,39.56703,39.52085,39.343693,39.47956,39.31506,39.844234,39.799797,40.004776,39.91493,39.631874,39.53312,39.90747,39.560135,39.952885,39.829803,39.831097,40.271854,39.849167,40.05026,39.7496,40.062477,39.779896,40.053047,40.07076,39.980408,40.635193,39.918884,40.221313
48.184044,47.820362,48.089455,48.020638,48.224808,48.386917,48.24829,48.51319,48.386147,48.126762,48.658722,48.096466,48.045982,48.396492,48.318367,48.56375,48.45629,48.208576,48.564857,48.09379,48.30045,48.525936,48.537395,48.622658,48.52684,48.70643,48.452446,48.537476,48.528908,48.898396,48.53001
52.354164,52.46736,52.71959,52.54672,52.256035,52.570156,52.2337,52.618195,53.032513,52.486153,52.592083,53.01539,52.605053,53.09577,52.853836,52.725025,52.93582,52.764076,52.691925,52.68669,52.83634,52.49131,53.225903,52.7751,53.18611,53.003746,52.9129,53.000805,52.806633,53.468277,52.777138
35.441246,34.944008,35.28356,35.027775,35.76922,35.51407,35.44845,35.165524,34.961998,35.339607,35.20065,35.372665,35.84138,35.679092,35.362907,35.874275,35.424946,35.829235,35.684593,35.328945,35.537003,35.590065,35.20066,35.687202,34.987766,35.236515,36.10536,35.31703,35.674915,35.155727,35.963753
47.092537,47.145447,47.413834,46.793777,47.0914,47.11782,46.957344,46.69726,47.308167,47.20791,47.336365,47.57924,47.184845,47.431404,47.204006,47.01569,47.432526,47.18374,47.147575,47.30757,47.475372,47.58537,47.697594,47.30448,47.2663,47.54426,47.52597,47.17949,47.804222,47.842052,47.359325
53.323368,53.194443,52.916428,53.452087,53.07434,53.013924,53.20567,53.442772,53.129475,53.136864,53.463764,53.182503,53.145634,52.94588,53.480717,53.254078,53.43975,53.082165,53.439728,53.710506,53.292492,53.34531,53.498943,53.373024,53.677185,53.554344,53.200394,53.731007,53.662193,53.7746,53.594135
37.774662,38.40431,37.219666,38.109116,37.957558,37.72771,38.175472,38.06754,37.9888,38.702663,37.77373,37.878006,38.131516,37.810726,38.268333,37.94756,38.11151,38.50389,38.094387,38.477882,38.656467,38.595173,37.889317,38.308525,38.376423,37.9103,38.105343,38.725517,38.50879,38.119877,38.408463
56.816456,56.396477,57.1783,56.59095,57.19191,56.97573,56.94482,56.68544,56.438927,56.75703,56.728725,56.809204,57.389,57.122147,57.03484,57.060963,56.92162,56.87851,57.14401,56.702236,57.01643,57.308384,57.255814,57.303123,56.680874,56.803604,57.456158,56.86415,56.975105,57.042934,57.330418
49.112663,48.838123,49.005836,49.44749,48.95269,48.797684,49.001858,48.945724,48.73774,48.758106,49.21586,49.191998,49.112247,48.85162,48.761486,49.213135,49.067295,48.875237,49.10872,49.440224,48.94538,48.876682,49.12711,49.042618,49.07887,49.28334,49.342323,49.251442,49.53078,49.14774,49.299664
49.460354,49.002415,49.331177,49.52871,49.586853,49.509277,49.412197,49.422535,49.392067,49.30514,49.41289,49.504963,49.658516,49.510967,49.56471,49.824547,49.539955,49.71524,49.551907,49.620037,49.986713,49.680763,49.51782,49.71885,49.413986,49.395126,50.09538,49.593937,49.970688,49.822334,49.736233
41.714188,42.23985,41.57527,41.517784,41.50631,41.42021,41.492016,41.450787,41.75455,41.90876,41.691383,41.836113,41.494,41.771748,41.463737,41.558296,41.439987,41.591503,41.699085,41.8985,41.708294,42.052814,41.700596,41.66307,41.809376,42.33792,41.468487,42.103863,42.31016,42.024693,41.91033
37.633705,37.79265,37.11904,36.938236,37.510353,37.095795,37.07339,37.295845,37.765522,37.16664,37.60843,37.38263,37.164948,37.391506,37.55521,37.820457,37.722202,37.15478,37.53369,37.76424,37.50747,37.823067,37.542027,37.96495,37.42403,37.936638,37.52105,37.605118,38.203564,38.246628,37.936016
40.65564,40.814194,41.158234,40.849377,40.892853,41.11163,41.109135,40.937798,41.348255,41.084606,41.55868,41.30378,40.79442,41.138214,41.03608,41.397808,41.30376,41.110542,41.165436,41.26258,41.176956,40.96392,41.404026,41.21411,41.205364,41.710358,41.27759,41.404278,41.37001,41.469242,41.141407
57.67118,56.88133,56.990562,57.412827,57.256737,57.419376,57.279663,57.52499,56.939713,57.207916,56.994225,57.573822,57.46318,57.47807,57.129486,57.38604,56.985497,57.73767,57.475254,57.294464,57.56196,57.4817,57.268585,57.12979,57.559116,57.445198,57.589966,57.52086,57.52238,57.51109,57.49544
48.542156,48.801697,48.742165,48.405025,48.587456,48.56747,48.85917,48.56962,48.81694,49.042805,48.967083,49.029926,48.539158,48.78911,48.774654,48.80513,48.60825,48.958824,48.931705,48.965893,48.87558,49.170406,48.865685,49.071823,48.948257,49.51558,48.979168,49.211075,49.096947,48.898056,49.18487
41.886574,41.522617,41.308754,41.725697,41.55152,41.482327,41.37209,41.834312,41.87303,41.42949,41.957176,41.73665,41.373558,41.76537,41.399174,42.103985,41.6602,41.844692,41.9385,41.96454,41.601616,41.535564,41.44545,41.75643,41.813164,42.31205,41.87273,42.012047,42.068466,41.95105,41.954754
45.716835,45.5452,45.085022,45.28788,45.78232,45.233902,45.089123,45.16516,45.60355,45.74369,45.41616,45.764618,45.82084,45.63373,45.630913,45.384758,45.429417,45.830746,45.781532,45.71628,46.002106,45.91263,45.675163,46.075645,45.57719,45.372833,46.08772,45.42763,46.166344,45.95569,46.07501
52.810356,52.671608,53.045006,53.074993,53.218803,53.265457,53.387833,53.229534,53.260937,53.463226,53.68774,52.98577,53.19897,53.19713,53.69956,53.47079,53.266685,53.46204,53.771217,53.328297,53.505714,53.33449,53.48622,53.797203,53.612705,53.49739,53.623367,53.60835,53.529385,53.48157,53.89102
42.340614,42.76164,42.01658,42.535786,42.484634,42.317978,42.62628,42.49212,42.6735,42.835056,42.462574,42.497253,42.623108,42.512394,42.63449,42.803185,42.7117,42.829357,42.567474,42.982265,43.110855,42.971355,42.63064,42.872795,42.912766,42.7248,42.719685,43.031345,43.02695,42.90746,42.928677
46.143574,46.36532,46.651367,46.277054,46.188072,46.804066,46.60923,46.73488,46.745502,46.54728,46.743366,46.770035,46.58124,46.69103,46.387558,46.5973,46.723454,46.586414,46.445747,46.383152,46.42983,46.853867,46.600166,46.991882,46.761276,47.179024,46.87606,47.067894,46.92845,46.768658,46.577015
58.42925,58.27509,58.246254,58.125614,58.194313,58.56919,57.776344,58.589497,58.39411,57.87478,57.8583,57.838116,58.264572,58.10986,58.10117,57.92656,58.204124,58.197567,58.23763,58.199276,58.351692,58.54839,58.107265,58.20253,58.22531,58.367188,58.154488,58.4197,58.636723,58.579586,57.818634
48.7174,48.58824,49.26377,49.032825,48.852127,49.10036,49.01588,48.898956,49.2079,48.77548,49.159462,48.981987,49.04728,49.08386,49.25176,49.134106,49.007957,49.52365,49.29046,49.14333,49.51699,49.33131,49.38096,49.470345,49.565952,49.18799,49.78643,48.88414,49.38985,49.193348,49.609406
58.33043,58.746723,58.614105,58.609077,58.510406,58.42838,58.61315,58.528526,58.597675,58.63296,58.430157,58.819996,58.9238,58.633533,58.816525,58.597145,58.92216,58.35301,58.585155,58.81533,58.81595,58.83189,59.382423,59.06443,59.077568,58.706177,58.78997,58.980896,58.88468,59.30722,58.895493
48.780556,48.6766,48.615532,48.67483,48.89334,48.610382,48.54115,48.684826,48.90087,48.80345,48.886642,48.973072,48.644535,48.676933,48.890697,48.71264,48.71884,48.92841,49.10175,49.12516,48.9768,48.740303,49.07217,49.012512,48.994873,49.107376,49.092793,48.849277,49.01452,49.135788,49.111294
50.275314,50.273754,50.467575,50.71457,50.513977,50.739388,50.778465,50.69669,50.59205,50.612938,51.02174,50.812786,50.747204,50.335297,50.62166,50.498085,50.82914,50.561474,50.694523,51.055206,50.658012,50.485775,51.059868,50.869774,51.16918,51.09195,50.86295,50.82119,50.794018,50.895264,50.83662
49.034554,48.973312,49.082222,48.94107,49.05622,48.891182,49.122715,48.919945,48.88744,48.96258,48.868996,49.061638,49.074505,48.64643,49.359486,49.1184,49.217575,49.33844,49.165672,49.34689,49.532684,49.499138,49.302715,49.30384,48.917294,48.72921,49.41633,49.20697,49.483612,49.14398,49.173466
52.007122,51.711433,51.42891,51.48967,52.053444,51.64676,51.503986,51.583965,51.844257,51.79353,51.970146,51.43189,51.74667,51.593605,51.984222,52.088913,51.679726,51.72919,52.14963,52.0244,52.132133,52.093372,51.601177,52.227646,51.481907,51.87371,51.9423,51.998665,52.715057,52.21402,52.180676
49.7485,49.5078,49.925995,49.95436,49.87671,49.95917,49.967514,50.006855,50.09284,49.948536,50.00064,50.229626,50.002697,50.000496,50.384624,49.91989,50.236618,50.447422,50.07095,50.17991,50.625305,50.416412,50.462353,50.323982,50.438858,50.007454,50.698692,50.077984,50.146343,50.501,50.317837
52.526974,51.80498,52.421745,52.58453,51.944427,52.187283,51.9034,52.303177,51.96152,51.66875,51.97187,52.53875,52.192223,52.624992,51.721,52.030952,52.003716,52.44379,52.149822,52.165836,52.287865,52.418278,52.407505,51.72171,52.59277,52.603905,52.62349,52.08398,52.2254,52.54991,52.269894
42.574516,42.936012,42.876015,42.671467,42.50933,42.652603,42.635593,42.889248,42.86271,42.482662,42.70767,42.742085,42.658005,42.88166,42.81488,42.628,43.09423,42.631824,42.66902,42.971428,42.773563,43.17625,43.257526,42.803734,43.294323,43.315155,42.77011,42.983418,42.71391,43.345642,42.956097
40.02565,40.01457,39.96634,40.452908,40.191597,40.165966,40.256367,40.20019,39.87002,40.434277,40.075314,40.46837,40.533493,40.419098,40.301567,39.88666,40.31787,40.5623,40.175056,40.67464,40.529446,40.42488,40.41285,39.96521,40.721874,40.522926,40.56573,40.4454,40.088425,40.39454,40.628067
46.338345,46.396595,46.22329,46.29989,46.48004,46.22376,46.60912,46.247368,46.22496,46.702316,46.50967,46.693787,46.43203,46.415356,46.681458,46.783726,46.35932,46.47484,46.68707,46.604584,46.689323,46.536057,46.779682,46.65779,46.482048,46.56984,46.54019,46.884747,46.861507,46.829372,46.885868
50.416283,50.2729,50.75865,50.260963,50.592728,50.44574,50.329872,50.22489,50.20741,50.39796,50.702686,50.34961,50.631424,50.445847,50.333115,50.214314,50.447926,50.293423,50.734486,50.535324,50.225113,50.72537,50.60734,50.7026,50.30651,50.832253,50.75443,50.467113,50.74661,50.422264,50.76061
50.71929,50.954716,50.62243,50.635826,50.642776,51.03323,51.174507,51.248493,50.924423,51.01354,51.02959,50.629128,50.742275,50.51914,51.076233,50.952217,50.818558,50.96399,51.053844,50.909893,50.993168,51.514885,50.823357,51.43103,51.229645,51.300804,50.847904,51.515614,51.46577,51.052784,51.173027
52.789234,52.416546,52.538376,53.33819,52.900833,52.870567,52.513905,53.081318,52.797565,52.460037,52.60688,52.341774,53.060207,52.760662,52.66068,52.915714,52.76678,52.925243,52.920372,52.973232,53.191055,52.824387,52.721195,52.921806,53.01417,52.64292,53.228367,52.88697,53.061005,53.044525,52.88646
56.20513,55.49654,55.84121,56.05308,56.202293,56.047184,55.96057,55.93045,55.57187,55.868042,56.326233,55.902203,56.115414,55.656902,56.02041,55.73862,55.99276,55.76711,56.182915,56.27669,56.149918,56.216644,56.26397,55.949844,55.99444,56.093216,56.116222,55.939823,56.40631,56.400723,56.1373
48.012295,48.24353,48.492218,48.06138,48.038643,48.034206,47.91925,47.94603,48.478977,48.02321,47.8049,48.71959,48.47248,48.7459,48.357426,48.381084,48.66432,48.56581,48.307346,48.210583,48.56318,48.273647,49.12063,48.55452,48.68114,48.073654,48.822533,48.200237,48.324806,48.834133,48.495888
54.350334,53.599724,54.349213,54.010017,54.17547,54.465466,54.203533,54.31966,54.527767,54.129093,54.449497,54.692734,54.106934,54.656784,54.278065,54.55603,54.734165,54.884468,54.647022,54.164497,54.639885,54.38725,54.83248,54.475677,54.617126,54.453064,55.00652,54.295727,54.55667,54.838627,54.374855
48.46858,48.304222,48.017464,48.597385,48.041046,48.380985,48.500385,48.728855,48.509804,48.548325,49.012524,48.646214,48.351887,48.296486,48.430973,48.325336,48.55693,48.59482,48.69385,48.766705,48.373936,48.62537,48.617992,48.723366,49.219986,49.06613,48.50756,48.948334,48.94488,48.80172,48.86376
50.937847,50.18672,50.540573,50.450535,50.99337,50.78376,50.85859,50.796604,50.74491,50.510754,51.39656,50.96713,50.548813,50.569824,50.222584,51.028107,50.958736,50.58934,51.09862,50.746872,50.51895,50.878147,51.071743,51.374306,50.806355,51.31819,51.329338,50.569065,51.170864,51.089867,51.038925
53.845367,54.125916,53.86312,53.981106,54.046394,54.157825,54.025463,54.1088,54.34004,54.299805,53.884678,54.095997,54.269733,54.333538,54.32331,54.5199,54.31652,54.445908,54.42838,54.3637,54.471172,53.81162,54.479095,54.246162,54.502296,54.209312,54.108097,54.63869,54.289574,54.491066,54.24391
47.020557,46.910057,47.144844,47.3161,47.08503,47.589554,47.33067,47.365746,47.21313,47.42234,47.310753,47.18211,47.5422,47.330055,47.457188,46.959946,47.163357,47.809494,47.394268,47.378128,47.73021,47.72911,47.292755,47.410866,47.841858,47.450867,47.678864,47.432076,47.626354,47.33845,47.64097
56.12284,56.489388,56.767845,56.23686,56.580826,56.636646,56.39365,56.562603,56.81331,56.495094,56.467926,56.467896,56.74459,56.643684,56.716297,56.65921,56.733353,56.46369,56.79306,56.496162,56.550873,56.576904,57.002487,57.234116,56.7185,56.784576,56.891125,56.827797,56.673798,56.86556,56.746037
45.883656,46.033653,45.885468,45.754097,46.207245,45.990425,46.017284,45.750954,45.87166,46.08579,45.679264,46.010983,46.269978,46.124004,46.391804,45.987988,45.98627,46.37705,46.220234,46.457375,46.509426,46.309887,46.307816,46.195595,46.45695,46.23266,46.416367,45.96237,46.2025,46.256752,46.777885
43.507996,43.629562,43.632538,43.653893,43.915672,43.697,43.685688,43.605984,43.967915,44.213417,43.9592,43.613403,43.888393,44.31238,44.150097,44.106277,44.0148,44.167606,44.164963,44.016125,44.26951,44.141796,43.78108,44.1398,43.94288,44.196083,44.314262,44.320034,44.240982,44.19239,44.47952
48.005733,47.61596,47.8431,48.098255,47.692528,48.18751,48.15715,48.487442,48.044487,48.274883,48.389965,48.388096,47.8178,48.195415,48.4454,47.976494,48.064213,48.36592,48.149536,48.040695,48.3825,48.557446,48.20537,48.016182,48.50309,48.58056,48.193207,48.799683,48.307705,48.736122,48.217392
53.565853,53.741016,53.957603,54.09402,53.536446,53.863487,53.54115,54.05357,54.051777,53.84152,53.760605,54.030315,53.895954,53.995026,53.986393,53.479073,53.81672,54.09421,54.036823,53.982563,53.93738,53.72399,54.25819,53.895958,54.4913,54.162315,54.06067,54.194553,53.777477,54.156975,53.93294
38.59292,38.72346,38.69371,38.49948,38.66581,38.3842,38.669533,38.301765,38.255898,38.656876,38.359734,38.69187,38.8829,38.713978,38.886242,38.64605,38.67376,38.878872,38.649693,38.915375,39.0061,39.241623,38.811623,38.684067,38.611927,38.602318,38.960197,38.7529,38.90772,38.735207,39.164627
35.951332,36.00596,35.550156,35.40203,35.546673,35.567856,35.44711,35.762417,36.17778,35.387486,35.629955,35.631203,35.51189,36.00486,35.513805,36.28731,36.065563,36.086113,35.896473,35.696617,35.913174,36.261013,35.68763,36.238518,35.89509,35.950935,36.127518,35.869427,36.510906,36.137096,36.092773
52.68655,52.966747,53.12227,53.624306,52.343254,53.348198,53.296368,53.713634,53.454044,52.974895,53.555134,53.063797,52.99403,53.300003,53.27695,53.144333,53.147995,53.351204,53.26692,53.39984,53.180943,53.19774,53.498734,53.204376,54.61345,54.160202,53.09255,53.81803,53.248196,53.61363,53.607597
41.992146,42.517212,42.286316,42.073303,42.263397,42.272594,42.11587,42.189556,42.324677,42.130333,41.810406,41.625496,42.457775,42.32798,42.425854,42.449326,42.145096,42.495674,42.288986,42.43332,42.69037,42.828453,42.050797,42.49038,42.29657,42.365967,42.385075,42.487675,42.55058,42.243786,42.59827
47.55268,48.08666,48.101997,48.15789,47.929413,47.798645,47.940174,47.65765,48.04461,48.21839,48.062576,47.768127,48.264675,48.275913,48.223804,48.21395,48.17414,48.0385,48.12282,48.412506,48.374107,48.194935,48.167957,48.202545,48.21031,48.311646,48.270473,48.512875,48.487408,48.27675,48.522434
56.006927,55.489437,55.15251,55.47014,55.68798,55.592285,55.474205,55.98854,55.56491,55.78248,55.238144,55.714447,55.501686,55.72698,55.95513,55.4255,55.430862,56.25903,56.068115,55.64645,56.094997,56.18027,55.761154,55.75521,56.119976,55.709145,55.905296,55.881195,55.722828,56.07842,56.037968
47.75954,47.870525,47.898643,47.989655,47.850357,47.75846,47.814102,47.882862,48.25081,48.236717,47.972744,48.360096,48.085003,48.58532,48.353622,48.27249,48.177273,48.473797,48.30144,48.178135,48.44271,48.09172,48.464634,48.30172,48.55292,48.311806,48.51998,48.457302,48.15626,48.6076,48.61673
60.030075,59.951923,60.08764,59.70005,60.02948,60.495102,60.18293,60.284367,60.231224,60.175457,59.937225,60.12545,60.32386,60.35758,60.36379,60.008667,60.23744,60.353622,60.173035,59.976418,60.612305,60.891823,60.54673,60.489502,60.672436,60.4256,60.367115,60.35388,60.490334,60.81241,60.34093
44.58517,44.82019,45.105576,45.185837,44.626244,45.01607,45.105556,45.15647,44.95665,45.069283,44.98977,45.35036,45.153587,45.49896,44.645683,45.12194,44.961525,45.171825,44.868805,44.921646,44.95602,45.19263,45.165154,45.03031,45.43812,45.70301,45.310223,45.566456,44.85947,45.145035,45.157314
57.943336,58.069344,57.798477,57.444225,57.920044,58.332253,57.917072,58.18275,58.36213,58.063477,58.181065,58.017136,57.98243,57.66528,58.320354,57.84898,57.945854,58.061947,58.341255,58.12103,58.13827,58.138985,58.410793,58.5642,58.50325,58.377487,57.838898,58.232834,58.52127,58.503445,58.121155
46.550438,46.291023,46.504677,46.744934,46.061783,46.292175,46.060486,46.525085,46.573517,46.043476,46.449085,46.679264,46.38707,46.97277,46.169827,46.612484,46.491127,46.559204,46.41076,46.514725,46.490784,46.577526,46.53347,46.340034,46.88808,47.03238,46.818737,46.710705,46.804417,47.013405,46.73778
49.94938,49.657036,49.722878,50.136898,49.739746,49.874054,49.776634,49.93388,49.740364,49.6131,49.910496,49.910915,50.156242,49.951904,49.65813,49.929897,50.008915,49.9442,49.888405,50.147514,49.98275,50.032448,49.978138,49.969597,50.260876,50.129967,50.22287,50.016964,50.310444,50.15553,50.179054
52.20369,52.447464,52.545937,52.21276,52.729355,52.866608,52.598057,52.888233,52.782593,52.68301,52.26465,52.414715,52.83454,52.808033,52.87316,52.896526,53.027683,52.805798,52.86152,52.51512,52.75129,52.643673,52.915394,53.098694,52.732655,52.658257,52.89026,53.092068,52.47502,52.884663,52.64749
50.670025,50.40451,50.558205,50.56053,50.610657,51.012375,50.78201,51.13347,51.14498,50.856712,51.14585,50.907948,50.441475,50.923252,50.908245,50.81994,51.084904,51.02805,50.92287,50.85427,51.14285,51.16974,51.113472,50.918243,51.306522,51.460426,50.97176,51.209755,50.987026,51.58342,50.790928
48.77003,48.220005,48.207794,48.277893,48.463585,48.7129,48.319397,48.725166,48.3276,48.310688,48.126225,48.728012,48.74605,48.516144,48.322044,48.406616,48.563038,48.86862,48.599796,48.29357,48.58935,48.68642,48.601254,48.621613,48.56744,48.229065,48.793655,48.513584,48.75371,48.667812,48.393867
53.73687,54.075146,54.27526,53.841846,54.413612,54.148766,54.42203,54.043655,54.125034,54.22089,53.99395,54.04248,54.17547,54.162846,54.148987,54.4559,54.337936,54.059715,54.236164,54.27855,54.424988,54.543953,54.5317,54.64837,54.177753,54.564903,54.61083,54.393383,54.239964,54.424484,54.45902
59.743423,59.94593,59.772423,60.10563,59.846382,59.653934,59.673954,59.834133,59.934727,59.883163,59.790108,59.806393,60.046875,59.90468,59.953754,59.957283,59.72354,59.7655,60.130657,60.11961,60.084034,59.83145,60.28729,60.17254,60.293495,60.064163,59.95406,60.21542,60.158512,60.33762,60.22332
58.344696,58.07806,58.577095,58.89075,58.424675,58.47777,58.81979,58.4897,58.424786,58.515274,58.964046,58.703068,58.629333,58.39234,58.867832,58.831444,59.022476,58.708176,58.892757,59.1849,58.86757,58.314342,59.244087,58.623215,59.120483,58.753403,58.89524,58.9036,58.838524,58.94093,58.939835
57.466957,57.03388,57.076225,56.957695,57.27281,57.439053,56.31368,57.425705,57.660873,56.762596,56.37543,57.273872,57.219463,57.72675,57.144054,56.894653,57.120094,57.55169,57.132595,56.975773,57.77301,57.492325,57.326492,57.16823,57.47147,57.266327,57.680187,56.98948,57.331085,58.118587,56.99813
46.6553,46.656467,46.547905,46.77959,46.528145,46.650776,46.503174,46.74933,46.85558,46.76628,46.444714,47.09367,46.867397,46.97042,47.12005,46.637177,46.93098,47.249245,46.75728,47.09833,47.28186,46.94122,47.015247,46.778,47.276752,46.859467,47.189056,47.040558,46.992245,47.270443,47.096012
66.91616,66.4396,66.81057,67.23027,66.93202,67.17407,67.14885,67.336914,66.830376,67.05,66.898834,67.30012,67.291595,67.11914,67.12602,66.937096,67.15582,67.2701,67.16177,67.170555,67.38796,67.0661,67.66916,67.02077,67.71813,67.17506,67.28806,67.35318,66.77662,67.56134,67.071976
41.826588,41.98871,42.24415,42.176548,42.387756,42.529552,42.58583,42.242393,42.288383,42.54292,42.670074,42.486317,42.713005,42.481556,42.650784,42.61085,42.63085,42.420467,42.525227,42.589752,42.596386,42.222042,43.02542,42.578148,42.77738,42.5801,42.465225,42.60085,42.281124,42.76425,42.690643
42.45079,42.246384,41.999847,42.438618,42.28421,42.17568,42.13891,42.338673,42.3069,42.354305,42.043976,42.65957,42.35701,42.495815,42.374577,42.295902,42.326286,42.794308,42.329735,42.582367,42.916065,42.62335,42.584393,42.16738,42.64839,42.335632,42.623367,42.463383,42.469025,42.829643,42.47124
35.369698,35.28769,35.269203,35.471092,35.316414,35.729645,35.350945,35.564438,35.353302,35.649178,35.70021,35.74282,35.744213,35.482796,35.618267,35.13235,35.228325,35.645008,35.44346,35.5733,35.57663,35.68982,35.318886,35.51908,35.650997,35.79429,35.62875,35.791122,35.977043,35.67139,35.71413
58.032124,57.825542,57.534172,57.8904,57.77368,57.738434,57.806263,58.000553,57.76922,58.01188,57.68305,57.931965,57.98973,57.856308,58.096348,57.73586,57.869038,58.275364,58.103634,58.20786,58.25194,58.34079,57.95134,58.056725,58.319653,58.070076,58.13274,58.288803,58.21343,58.16114,58.28721
42.182247,42.159115,41.595795,41.702374,41.978233,41.791134,41.73809,42.077744,42.157055,42.052437,41.64201,42.191887,41.844936,42.200737,41.869946,42.029793,42.35866,42.457993,42.09595,42.222248,42.21797,42.380486,41.9621,42.13054,42.142624,42.262657,42.37884,42.294556,42.260555,42.310024,42.160267
47.027546,46.845222,47.117607,46.975605,47.121758,47.42438,47.270493,47.228912,46.892654,47.292316,47.051933,47.38963,47.62128,47.453293,47.571995,47.060307,47.24254,47.51782,47.215366,47.315235,47.468796,47.607994,47.330032,47.29541,47.545498,47.4712,47.571075,47.48792,47.323593,47.461758,47.69234
49.535294,49.205063,48.908707,49.385166,49.215446,49.00803,48.966854,49.310467,49.11486,49.16086,49.285522,49.12356,49.098316,49.187042,49.261215,49.277027,49.148296,49.26455,49.511753,49.534748,49.330135,49.370415,49.126194,49.192863,49.3402,49.511505,49.28832,49.590057,49.768967,49.60557,49.567986
37.93147,37.34723,37.77009,37.68196,37.69831,37.931458,37.83051,38.05299,37.578686,37.51307,37.841293,38.20741,37.882988,38.208317,37.31251,38.153854,38.288685,38.054916,37.910282,37.662228,37.396572,37.748875,37.857674,37.81534,37.80698,38.174927,38.33351,38.034542,37.81028,37.84102,37.87865
42.494873,43.086666,42.186905,42.563324,42.283104,42.196194,42.334618,42.452553,42.884686,42.746582,42.686256,42.561802,42.432774,42.318794,42.802883,42.40383,42.825996,42.749294,42.760014,43.240417,42.782352,42.75718,42.7063,42.88971,43.130592,42.899147,42.580273,43.009666,43.32185,42.908398,43.03639
43.76259,43.843338,43.789986,44.046555,43.992226,43.722862,43.935993,43.776173,43.91719,44.210976,44.127644,44.181072,44.26588,44.26371,44.46629,44.026936,44.25143,44.138615,44.16062,44.382782,44.40008,44.297466,44.420467,44.338913,44.468925,44.209152,44.493298,44.30483,44.32609,44.599525,44.810913
37.10939,36.9989,37.2388,36.57066,37.132225,37.125874,37.259033,36.915382,36.94412,37.16816,37.278732,37.314796,37.18486,37.25415,37.123146,37.53401,37.050285,37.459415,37.560352,36.93528,36.98093,37.337193,37.263447,37.54918,36.936733,37.272537,37.416393,37.262234,37.455,36.940224,37.59303
43.861465,43.768425,43.29844,43.817387,44.037514,44.103714,43.96122,44.271057,43.967827,43.96754,43.962585,43.767536,44.135048,43.85588,43.980293,44.229202,43.867046,43.995262,43.965477,44.10465,44.184456,44.252987,43.65781,44.42601,44.146492,44.309586,44.16209,44.365486,44.372387,44.293762,44.32233
59.33207,58.608467,58.949623,58.782078,59.52082,59.07998,58.97919,58.78353,59.057877,59.23221,59.07837,59.324123,59.17699,59.40327,59.368465,59.44337,59.419403,59.421673,59.54028,59.292675,59.71668,59.26393,59.50675,59.333054,59.01038,59.08568,59.79731,59.142735,59.683838,59.802956,59.51917
40.659645,40.776592,40.87845,40.606018,40.450294,40.575203,40.695354,40.584705,40.634403,40.704056,41.03263,40.905655,40.629856,40.707714,40.637447,40.599014,40.69609,40.68416,40.85946,40.710087,40.56943,41.09867,40.975002,40.941338,40.873306,41.095215,40.845848,40.943157,41.224827,40.90164,41.034824
40.538834,40.177307,40.11985,40.087597,40.594543,40.356277,40.130047,40.24395,40.33101,40.01287,40.240574,40.582695,40.480606,40.59225,40.249237,40.869606,40.67011,40.234406,40.33963,40.496445,40.48135,40.345898,40.471935,40.57222,40.195667,40.55526,40.813526,40.374233,40.919785,41.022232,40.665825
49.65076,49.28782,49.237503,49.494976,49.26123,49.494522,49.41439,49.736206,49.668316,49.3342,49.84464,49.42746,49.18684,49.230156,49.503883,49.462357,49.605957,49.6768,49.71551,49.630672,49.710674,49.928127,49.592068,49.776726,49.865486,49.77601,49.70695,49.71784,50.158905,49.93687,49.659443
48.40722,48.4971,48.529114,48.31366,48.554337,48.71234,48.57912,48.784046,48.669373,48.480602,48.57151,48.60777,48.53164,48.489506,48.53102,48.721252,48.529495,48.57692,48.637623,48.6373,48.6259,48.747528,48.739098,48.820847,48.676792,49.04451,48.623722,48.902863,48.613583,48.839905,48.561462
42.67975,42.56841,42.53193,42.51726,42.251877,42.357544,42.133915,42.46085,42.405556,42.059647,42.14267,42.659737,42.733044,42.81556,42.418156,42.297375,42.540154,42.61242,42.42822,42.434357,42.52837,43.05029,42.61714,42.797745,42.93473,42.622337,43.088154,42.393795,43.075485,42.900333,43.121822
35.09065,35.27205,34.852028,35.001125,34.92585,34.961388,35.03617,34.94469,35.145477,35.238976,35.19887,35.301018,35.19414,35.426094,34.934803,35.272205,35.112473,35.47902,35.27292,35.381527,35.1867,35.319706,35.10455,35.230247,35.523323,35.640846,35.31817,35.36974,35.54865,35.225334,35.688786
46.15841,46.08385,46.04129,46.336475,46.270813,46.515724,46.212925,46.435684,46.301067,46.51348,46.65368,46.46574,46.68336,46.27236,46.73548,46.121456,46.280773,46.35195,46.61717,46.474773,46.447086,46.213524,46.761494,46.600143,46.828754,46.40689,46.310993,46.6069,46.635868,46.825794,46.66444
46.13348,46.128292,46.515205,46.237244,46.509224,46.181507,46.61962,46.226456,46.304787,46.610435,46.5689,46.593357,46.457375,46.801346,46.543026,46.908627,46.619946,46.7148,46.845642,46.533573,46.493958,46.6033,46.715855,46.906105,46.55253,46.874588,47.11666,46.794693,46.488213,46.502403,47.19721
48.976788,49.3631,48.981262,49.04575,49.14424,48.971096,49.54151,49.03081,49.304523,49.55523,49.59054,48.88022,49.093266,48.80414,49.848404,49.389595,49.570293,49.495365,49.619213,49.86525,49.79004,49.867126,49.494553,49.81862,49.66179,49.42327,49.43246,49.70127,50.02382,49.482964,49.981506
45.68715,45.895985,45.49115,46.115025,45.418526,45.765953,46.178226,46.174725,45.679737,46.229084,45.746807,46.1629,46.01173,45.93162,46.02408,45.899902,45.89703,46.451096,45.969902,46.13632,46.120792,46.1862,45.989643,45.908752,46.57633,46.12358,45.960712,46.680824,45.964516,45.90375,46.23017
50.783016,50.95741,50.74787,50.925747,50.87496,50.71534,51.043076,50.782276,51.053986,51.21319,51.473064,51.092327,50.934654,50.738434,51.411606,51.07435,51.11595,51.0318,51.33596,51.623257,51.22816,51.014572,51.40608,51.345108,51.464878,51.441063,51.062584,51.409794,51.472443,51.404255,51.5991
45.123215,45.18931,45.423737,45.547356,45.64688,45.379585,45.56806,45.391438,45.365498,45.695984,45.576252,45.532223,45.78596,45.523216,45.86025,45.51325,45.8576,45.85301,45.89393,45.98399,45.691265,45.402775,45.872356,45.842506,45.84222,45.60141,46.109432,45.71723,45.425125,45.48557,46.116184
43.98591,43.959396,43.74997,44.146133,43.8826,43.95566,43.80603,44.07879,44.006172,44.167423,44.34415,44.03405,44.099808,43.98407,44.08902,43.812187,43.654938,44.046513,44.215546,44.191574,44.049194,44.248573,43.851562,44.292465,44.299114,44.492386,44.157906,44.398014,44.594982,44.248062,44.509636
42.716667,42.99544,43.264687,42.550224,43.018692,43.141468,43.03644,42.77642,42.916187,42.749733,42.959618,42.76936,43.033783,42.993507,42.95935,43.396614,43.131012,42.898376,43.10805,43.17095,42.866737,42.938282,43.030766,43.10634,42.79154,43.430786,43.055195,43.18658,43.3021,42.94441,43.18982
39.525604,39.30131,39.32685,39.184536,39.47966,39.618248,39.445236,39.621716,39.58191,39.34232,39.78242,39.380333,39.291138,39.414978,39.49018,39.6823,39.734653,39.724483,39.833042,39.731194,39.409092,39.54185,39.449398,39.677017,39.64004,39.985405,39.704174,39.664024,39.842907,39.593548,39.78888
43.390865,43.560497,43.5026,42.995167,43.502464,43.304962,43.30248,43.253445,43.46993,43.3291,43.78091,43.291775,43.246155,43.241764,43.563538,43.452206,43.3095,43.09171,43.55301,43.649136,43.425007,43.910564,43.566204,43.754204,43.322746,44.07482,43.3635,43.5955,43.87817,43.85619,43.779236
37.452915,37.52878,37.2595,37.956844,37.475937,37.634186,37.69833,37.828346,37.613064,37.711845,37.7455,37.48242,37.70486,37.762383,37.82187,38.06047,37.71561,37.94246,37.799652,38.066746,37.945923,37.572086,37.533737,37.542015,38.043095,37.965736,37.69804,38.255222,37.94404,37.87625,38.04979
46.690674,46.223297,46.11937,45.939198,46.550865,46.35106,46.319813,46.45044,46.574516,46.31955,46.578945,46.405067,46.29957,46.332268,46.254414,46.956516,46.72004,46.753967,46.85244,46.419647,46.46821,46.67167,46.32897,47.044556,46.12496,46.45877,46.876263,46.615093,47.04885,46.507267,46.592163
49.621193,50.188004,50.155396,50.50678,49.798935,50.007378,49.817448,50.18881,50.353237,49.98144,49.752113,49.716854,50.212242,50.49701,50.427315,50.36789,50.04623,50.287888,50.13802,50.439228,50.523396,50.09675,50.041096,50.136627,50.66048,50.52395,50.343372,50.736485,50.344864,50.472504,50.59367
41.32467,41.52615,41.5727,41.9143,41.0298,41.350536,42.156384,41.93433,41.327374,41.799454,41.778187,41.760185,41.40366,41.967567,41.965393,42.208538,41.78742,41.95315,41.795532,41.749973,41.713535,42.035603,41.834324,41.56601,42.269226,42.23342,41.677605,42.720802,41.668205,41.893063,42.308884
50.34563,50.17515,50.533005,50.310577,50.487663,50.472633,50.315464,50.214615,50.30784,50.657936,50.55684,50.63269,50.517193,50.612843,50.799107,50.14863,50.2287,50.65375,50.71348,50.610046,50.77111,50.710045,50.715458,50.477577,50.673367,50.799232,50.778263,50.578606,50.765865,50.817287,50.936436
42.38304,43.08372,42.65164,42.410633,42.716507,42.429684,42.38351,42.470253,43.16429,42.708187,42.619442,42.955402,42.760674,42.78544,42.734493,42.719223,43.212173,42.597576,42.619553,43.137043,42.88826,42.850815,43.182545,43.243385,42.9346,43.107033,43.06623,42.910553,43.022854,43.31534,42.915375
53.139492,53.006462,53.20166,53.01975,53.115128,53.297237,52.984028,53.004166,53.328,53.101147,53.260574,53.215454,53.2784,53.033264,53.15093,52.893116,53.2823,53.475796,53.42492,53.36601,53.439445,53.356228,53.484653,53.502716,53.510246,53.23713,53.61205,53.02681,53.77212,53.34393,53.36087
52.361137,52.009796,52.054657,52.692905,52.513847,52.692875,52.24443,52.88351,52.417152,52.014954,52.177063,52.018215,52.87555,52.4168,52.16447,52.72358,52.422264,52.38791,52.41011,52.299484,52.630646,52.50023,52.364155,52.80294,52.580513,52.25135,52.73622,52.573727,52.597626,52.72703,52.373657
54.11488,53.588493,54.243515,54.38914,54.06598,54.03678,54.05875,54.395435,54.02485,54.09131,54.523132,54.398865,54.17533,54.22536,54.381367,54.361668,54.437927,54.16132,54.603092,54.165787,53.98133,53.891136,54.591885,54.36841,54.190205,54.226433,54.49306,54.703938,54.18555,54.51173,54.280945
44.834145,45.32481,45.198586,45.532127,44.938942,44.96323,45.27675,45.193867,45.190796,45.296894,45.452553,45.307537,45.284546,45.031284,45.53167,45.19492,45.315006,45.192154,45.33296,45.810184,45.332817,45.149254,45.649296,45.31858,45.77242,45.605972,45.20352,45.74175,45.36545,45.478428,45.62569
45.119984,45.68165,45.43512,45.186733,45.35634,45.007084,45.2077,44.852554,45.31883,45.539608,45.38063,45.517906,45.584885,45.433807,45.38323,45.316902,45.49081,45.15317,45.35965,45.717854,45.446682,45.62563,45.6491,45.69639,45.34475,45.67621,45.567932,45.64367,45.91895,45.657898,45.787605
50.557034,50.189137,50.170387,50.352135,50.48262,50.41751,50.431633,50.572174,50.52092,50.45743,50.69099,50.908207,50.456657,50.526836,50.65057,50.784416,50.88711,50.51996,50.698814,50.768246,50.59731,50.34085,50.935894,50.701813,50.732544,50.771843,50.744576,50.861988,50.80786,51.190964,50.713203
43.976135,43.793133,43.822273,44.566235,43.738914,44.126183,44.130856,44.53906,43.99589,44.027424,43.855614,44.371243,44.172207,44.662952,44.10484,44.125248,44.7432,44.512756,43.946823,44.458935,44.415386,44.203133,44.480526,43.56202,44.993683,44.552467,44.37001,44.672756,43.797157,44.769478,44.216736
57.095493,56.9185,57.253517,57.328228,57.08767,56.99212,57.14489,57.034653,57.001007,57.20704,57.0104,56.87963,57.209503,57.421547,57.386974,57.354237,57.372623,57.62073,57.509747,57.492065,57.644585,57.45729,57.347122,57.015182,57.39608,57.255325,57.485977,57.554707,57.33715,57.309853,57.51825
53.86376,53.70064,53.93615,54.20461,54.03012,53.886547,53.879272,53.882587,53.47944,53.524662,53.798786,53.59809,54.24037,53.727013,53.55267,53.91931,53.73211,53.583652,53.883354,54.17789,53.826138,53.99565,53.864517,53.97587,53.927452,54.176857,54.155067,53.922836,54.137253,53.8698,54.174335
41.864708,42.70027,42.2433,42.345795,42.05504,41.99965,42.61109,42.333847,42.53926,42.571453,42.96294,42.638885,42.179,42.093586,42.589417,42.46237,43.016647,41.85158,42.323383,42.9468,42.246258,42.474026,43.12354,42.801537,42.915195,43.082565,42.21606,43.10779,42.73101,43.108326,42.68766
52.225075,52.496403,52.617485,52.324684,52.505547,52.400303,52.197094,52.444588,52.751453,52.338547,52.00761,52.5003,52.548435,52.9595,52.718742,52.78435,52.695206,52.63743,52.588554,52.529705,52.91006,52.592907,53.01117,52.676186,52.77275,52.65818,52.82552,52.733303,52.43076,53.16799,52.70261
42.19699,42.183163,42.146652,41.916977,42.17961,42.03384,42.13809,41.951862,42.20323,42.066814,42.566017,42.477116,42.166893,42.23483,42.077076,42.402767,42.52096,41.941742,42.253605,42.485165,42.02739,42.38052,42.356144,42.645355,42.25301,42.841568,42.618427,42.378117,42.962883,42.6494,42.74671
40.992687,41.235046,41.067924,41.120117,41.18882,41.06323,41.14657,41.064816,41.23701,41.26224,41.024345,41.56911,41.27749,41.525288,40.70552,41.398094,41.585476,41.306187,41.105885,41.406517,41.203148,41.165916,41.40227,41.263718,41.29691,41.636887,41.616135,41.475704,41.31951,41.41211,41.250477
43.060856,43.2435,43.054985,42.697857,42.59729,43.582317,42.638935,43.494316,43.47147,42.732708,42.52348,42.9386,43.005817,43.44932,42.668724,42.631687,42.79312,43.542107,42.80925,42.742977,43.159298,43.775112,42.62388,43.063965,43.61043,43.778503,43.22558,43.170662,43.402905,43.227535,42.969425
49.38723,48.909306,49.298294,49.29494,49.773422,49.576023,49.36269,49.35226,49.230495,49.463833,49.295948,49.643803,49.67439,49.768555,48.86537,49.645096,49.48447,49.516922,49.46869,49.29669,49.55256,49.432144,49.51982,49.45334,49.121067,49.61431,49.950264,49.46674,49.418854,49.60691,49.286808
54.11515,53.56226,53.560783,53.791214,53.851166,53.99528,53.730434,54.10615,53.768166,53.777073,53.94943,53.84051,53.782692,53.87382,53.42638,53.940178,53.84718,53.931778,54.11619,53.798233,53.73789,53.872074,53.80352,53.832108,53.880768,54.177376,53.89017,54.137814,54.172726,54.058517,53.720715
52.372265,52.550034,52.58853,52.279743,52.598618,52.678505,52.255623,52.468395,52.98727,52.82117,52.585083,52.562473,52.61617,52.905285,52.909725,52.521156,52.772774,52.93189,52.89028,52.821068,52.999767,52.74839,52.79712,52.832397,52.870247,52.998177,52.899914,52.923622,52.96273,53.073124,52.845505
43.752026,43.35819,43.55333,43.839573,43.45587,43.70829,43.724045,43.57099,43.08156,43.603092,43.833897,43.724174,44.05406,43.807304,43.550377,43.56692,43.379158,43.799774,43.701973,43.920475,43.568195,43.959316,43.331146,43.53611,43.903522,44.181,43.916973,43.92419,44.182,43.52992,44.340065
47.684074,47.579353,47.61364,47.69456,47.59075,47.63697,47.634914,47.953983,47.812622,47.517082,47.834187,47.816704,47.78526,47.720802,47.932186,47.905575,47.839256,47.921337,48.004704,47.967846,47.759632,47.818703,48.04932,48.108917,48.196136,48.063065,47.97599,48.003212,47.74667,48.033207,48.15176
56.020233,55.705715,56.1336,55.843338,56.01188,55.863403,56.231117,55.893894,55.718098,55.960503,55.953545,56.02943,56.112057,56.11458,56.08063,56.37902,56.118168,56.31204,56.328545,56.043365,56.238525,56.496483,56.3028,56.33983,56.05227,56.098076,56.492264,56.2573,56.23147,56.073605,56.466732
40.373363,40.35503,39.809967,40.617676,40.405975,40.47132,40.618076,40.645733,40.253456,40.81864,40.30559,40.556667,40.796406,40.660267,40.61989,40.7793,40.357677,40.91573,40.431805,40.82796,40.929924,40.82306,40.003754,40.588585,40.719475,40.80487,40.798912,41.218052,40.93715,40.618538,41.03813
48.60367,48.57867,48.51342,48.726128,48.532776,48.652603,48.30935,48.701992,48.850407,48.44468,48.33906,48.63522,48.856655,48.99644,48.91607,48.93422,48.846916,49.041035,48.879078,48.9279,49.035664,48.475483,48.95067,48.675476,49.15042,48.68759,48.886765,48.88807,48.840096,49.144047,48.96773
44.04405,44.2048,44.385353,44.61861,44.59279,44.407967,44.54111,44.157455,44.47027,44.764153,44.646706,44.577156,44.844543,44.568768,44.638767,44.559074,44.85732,44.703903,44.553154,44.91897,45.019825,44.60915,44.829098,44.77767,44.659462,44.491066,45.105583,44.696877,44.87734,44.754692,44.845737
39.20377,39.022686,39.683266,39.324387,39.427315,39.579983,39.22702,39.138386,39.457436,39.42414,39.791676,39.553406,39.441875,39.62116,39.371704,39.27175,39.30535,39.609093,39.53379,39.534863,39.53901,39.62722,39.241608,39.589424,39.340897,39.99829,40.13243,39.434277,40.054203,39.479965,39.84236
46.588264,46.24395,46.328804,46.615044,46.422073,46.553997,46.75095,46.625713,46.28832,46.476646,46.921112,46.636253,46.605556,46.242893,46.483627,46.674408,46.634247,46.49315,46.635902,46.67181,46.584915,46.868725,46.61322,46.8743,46.635376,46.69686,46.819633,46.846924,47.260357,46.76345,46.829838
59.214058,58.95917,59.15226,59.456306,59.219315,59.201862,59.478302,59.210358,58.699005,59.08162,59.180336,58.86055,59.66015,59.12851,59.284454,59.379482,59.147884,59.17405,59.434807,59.380444,59.40145,59.66605,59.39151,59.52372,59.562645,59.23401,59.493195,59.429626,59.693607,59.312454,59.870384
50.973446,50.985523,50.918686,51.11291,51.312813,50.939373,50.91164,50.764935,51.194668,51.494778,51.30536,51.44982,51.32748,51.661583,51.31188,50.989773,51.102196,51.284134,51.264645,51.75662,51.660286,51.32646,51.53077,51.091835,51.72171,52.010025,51.498436,51.315033,51.207592,51.885098,51.841545
42.926586,42.505676,42.661232,42.167152,43.39865,42.59564,42.26156,42.08045,42.540573,42.7102,42.634388,42.409737,42.94458,42.843258,42.666977,42.668102,42.746765,42.865086,43.218685,42.847443,42.840557,42.980515,42.48606,43.216232,42.12705,42.644463,43.567966,42.238033,43.445946,42.63298,43.427418
36.390026,36.031834,36.472656,36.3646,36.51442,36.48574,36.850395,36.354073,35.88741,36.189995,36.145233,36.9096,36.627476,36.644722,36.169323,36.967762,36.677975,36.721687,36.284843,36.5623,36.58704,36.605522,36.620792,36.314796,36.35917,36.614082,37.083183,36.499138,36.44672,36.443745,36.73918
53.855988,53.64031,53.64023,53.529892,53.962074,53.71046,53.905247,53.738247,54.03555,53.984062,54.070114,53.923286,53.583282,53.49898,54.305706,54.054714,54.350765,54.164352,54.248558,54.27578,54.37281,54.140182,54.205067,54.368332,53.895134,53.842445,54.364883,54.127003,54.562397,54.319557,54.1491
49.36815,49.24895,49.64576,49.668697,49.622345,49.782806,50.333023,49.730164,49.453716,50.089462,50.04139,50.258533,49.87823,49.724663,49.840935,49.90499,50.172253,50.12871,49.969315,49.991318,49.920925,49.82536,50.412907,49.96872,50.227493,50.00309,50.194855,50.153275,49.70409,49.847218,50.06747
34.80666,35.297745,34.856445,34.67785,34.799606,34.830368,34.629406,34.85364,35.426826,34.960857,35.054478,35.238518,34.91343,35.253925,34.77862,35.147892,35.603092,34.997,34.940414,35.277405,34.913174,34.937195,35.208763,35.18622,35.12572,35.480103,35.12882,35.34665,35.40423,35.478516,34.995068
26.653824,27.209661,26.619846,26.494556,26.412498,26.441118,26.69069,26.749758,26.715738,26.686132,26.368732,26.830837,26.738258,26.950642,26.642885,26.882803,26.976677,27.060158,26.603249,26.779915,26.756264,27.421848,26.658012,26.958754,26.860863,26.93477,26.941658,27.146347,27.01021,26.764637,27.086718
46.14848,46.241314,45.92688,46.04281,46.76172,46.120747,46.17895,46.010056,45.958454,46.24837,45.53883,45.94111,46.710064,46.44464,45.96541,46.80027,46.221,46.23313,46.238968,46.201572,46.600533,46.51927,46.061134,46.65159,45.7208,45.95627,46.749905,46.36232,46.54945,46.300003,46.513245
47.388237,47.415215,47.621002,47.26244,47.34423,47.64017,47.686325,47.624035,47.567596,47.561573,47.64178,47.755493,47.7065,47.966934,47.80148,47.79293,47.836628,47.711895,47.654846,47.5199,47.71751,48.090137,47.988926,47.91426,48.03734,48.052452,47.85762,47.976013,47.81502,48.137344,48.072784
54.35744,54.24507,54.513138,54.76587,54.732246,54.760227,55.10735,54.801674,54.527763,54.95801,55.06094,54.935913,54.92837,54.567463,54.884853,55.15147,55.056404,54.580208,54.941784,54.74754,54.83997,54.611305,55.26736,55.230194,54.82237,54.67546,55.00327,55.318798,55.07986,55.143257,54.884144
42.318073,42.2724,42.258247,42.672012,42.36669,42.355614,42.414715,42.234913,42.330444,42.40248,42.32751,42.56563,42.77793,42.427216,42.57995,42.604084,42.564575,42.82499,42.40612,42.899963,43.009937,42.62059,42.492844,42.56234,42.644314,42.330704,42.98495,42.603798,43.032604,42.61055,42.84298
41.474133,41.091934,41.40426,41.174458,41.385803,41.601368,41.18237,41.428967,41.341602,41.126755,41.429794,41.583405,41.512592,41.455177,41.23654,41.351524,41.430935,41.594696,41.552856,41.38145,41.265236,41.411537,41.371754,41.594803,41.4173,41.635895,41.86607,41.33279,41.77832,41.449944,41.60663
56.2838,56.066097,55.74649,56.311333,56.04888,55.897263,56.064346,56.01889,56.068653,56.177498,56.19843,56.14923,56.175907,56.068386,56.22846,56.266235,56.311623,56.386047,56.452835,56.719204,56.516273,56.111225,56.471886,56.08854,56.64941,56.277817,56.195606,56.41224,56.595306,56.552044,56.505737
37.85651,38.178806,38.227203,37.504395,37.853928,38.164673,37.84344,37.846153,38.35457,37.81608,37.973686,38.11769,37.845444,38.60952,37.713352,38.39922,38.111977,37.983906,37.90709,37.81429,38.07876,38.42034,38.115242,38.1877,38.127655,38.822243,38.24365,38.189384,38.595013,38.61243,38.2532
47.086376,47.137016,47.513863,47.528877,47.46373,47.246525,47.148247,46.97707,47.19593,47.807804,47.332436,47.59018,47.779854,47.753674,47.352997,46.911694,47.15813,47.729927,47.50728,47.49142,47.752842,47.710217,47.515488,47.429436,47.425163,47.503044,47.99273,47.496315,47.51503,47.378483,47.713905
58.134644,57.786602,57.528854,57.651035,58.102646,58.270317,57.946487,58.320107,58.293488,58.072002,58.094814,57.97325,57.990467,57.906708,58.1303,57.98304,58.28915,58.23172,58.204784,58.176014,58.452293,58.495766,58.22706,58.459137,58.429775,58.33693,58.251953,58.250572,58.482807,58.71324,58.097214
57.144093,56.561203,56.417953,56.936497,57.100227,57.14489,57.402603,57.29687,56.75415,57.39212,57.46895,57.079025,57.085415,56.55603,56.914906,56.958706,57.105774,57.23704,57.37663,57.156075,57.169567,57.445393,57.091526,57.484283,57.211575,57.15071,57.25191,57.42688,57.523872,57.100784,57.16565
43.20094,43.11515,42.92147,42.847847,42.940506,43.000313,42.618195,42.823696,43.11483,42.893753,43.081203,43.09043,42.958817,43.141335,42.92002,42.94632,42.808903,43.090195,43.094215,43.29853,43.095898,43.21232,42.73571,43.050804,43.0816,43.634186,43.233746,43.145683,43.84818,43.321598,43.422962
43.966812,43.891754,43.92784,43.92388,43.948006,44.009,44.162354,44.20395,44.037937,43.84167,44.684807,44.08623,43.99614,43.86272,44.17936,44.34348,44.43998,43.646667,44.22767,44.32842,43.790108,44.134823,44.442795,44.49447,44.34378,44.65236,44.07872,44.437508,44.46874,44.62832,44.46921
40.451645,40.4075,40.39486,40.263012,40.66947,40.64381,40.677242,40.390167,40.420803,40.738586,40.70151,40.983555,40.797077,40.61657,40.778286,40.5738,40.817486,40.666656,40.64589,40.82631,40.74402,40.77006,40.87907,40.899666,40.75859,40.852966,41.02649,40.723125,41.07383,40.973866,41.088497
45.08777,45.307823,45.612892,45.575424,45.04316,45.404236,45.421406,45.421524,45.521378,45.163677,45.517483,45.346447,45.35573,45.476913,45.335983,45.73926,45.63238,45.569427,45.471836,45.668003,45.51765,45.32064,45.675407,45.33909,45.72697,45.75309,45.493164,45.792603,45.59411,45.548492,45.44239
49.255962,49.348965,49.41687,49.633266,49.2583,49.623615,49.75398,49.7663,49.397545,49.559525,49.575214,49.509747,49.69995,49.50451,49.834583,49.858387,49.526142,49.72155,49.7101,49.710148,49.634888,49.589718,49.573784,49.796364,49.915066,49.820946,49.68214,50.212826,49.863205,49.64518,49.97004
39.77341,39.732456,39.422318,39.66235,39.776665,39.756195,40.143948,39.951763,39.86419,40.105984,40.415436,39.731903,39.645317,39.538788,40.22805,40.085873,40.064255,40.08595,40.18239,40.211887,40.212845,40.37347,40.07957,40.199966,40.175865,40.140213,39.846596,40.312603,40.30775,40.22617,40.292206
58.864292,58.703476,58.443512,59.082012,58.75737,58.50696,58.79306,58.71079,58.687607,58.828785,59.08407,58.548264,58.87846,58.28703,58.889374,58.760174,59.03139,58.812885,59.25715,59.26086,58.99705,58.830063,59.191265,59.20466,59.18421,58.55893,58.94817,58.98704,59.50931,59.00474,59.158295
42.278534,42.424324,42.441704,42.527718,42.70546,42.6451,42.081135,42.499687,42.73059,42.39897,42.218678,42.3314,42.689472,42.63406,42.267796,42.458626,42.20495,42.656982,42.502377,42.54928,42.83749,42.540573,42.381516,42.64897,42.44047,42.661407,42.866714,42.471706,42.623604,42.638306,42.46254
47.538105,47.284126,47.632874,47.392868,47.460907,47.2861,47.300114,47.062298,47.259804,47.278522,47.625935,47.430767,47.521862,47.401085,47.403667,47.449368,47.542503,47.522793,47.709854,47.688805,47.503883,47.673363,47.537903,47.658012,47.352196,47.563957,47.94399,47.3993,48.182426,47.487606,47.90886
41.182587,40.896893,41.22319,41.203617,41.08001,41.117435,41.463375,41.20311,40.997448,41.20497,41.37794,41.59332,41.285435,41.580353,40.794018,41.59042,41.46004,41.584377,41.40344,41.19314,41.110626,41.47766,41.3975,41.43949,41.43079,41.65084,41.84322,41.46538,41.37124,41.17274,41.64835
44.07557,43.910168,43.43036,43.883213,44.195168,43.79574,44.016068,43.999146,43.854458,44.078217,44.018536,44.129982,44.00271,43.785664,43.97658,44.021225,43.91033,44.06167,44.08198,44.344524,44.294796,44.3713,44.07801,44.334007,44.204025,44.28827,44.314217,44.09861,44.306988,44.370296,44.475914
43.570698,43.887478,44.408974,44.039043,43.82866,44.188606,44.251686,44.16457,44.09044,43.960625,43.952084,44.23888,44.281506,44.293995,44.276585,44.35881,44.48867,44.260742,43.95618,44.13555,44.29805,44.342274,44.468548,44.295692,44.2678,44.283424,44.504498,44.558,44.079693,44.32364,44.1736
52.409748,51.98348,52.558296,52.17744,52.68161,52.5795,52.579372,52.378357,52.145374,52.244865,52.320713,52.429718,52.583008,52.489758,52.414536,52.646503,52.563503,52.581646,52.627502,52.48386,52.659687,52.701427,52.798344,52.55311,52.401264,52.562866,52.86842,52.373287,52.412907,52.6135,52.631638
53.254253,53.2543,53.142105,53.16168,53.590088,53.326523,53.66519,53.22286,53.199413,53.512012,53.87066,53.304306,53.61387,53.026554,53.680965,53.671375,53.721886,53.12236,53.66084,54.008278,53.474483,53.51529,53.71183,53.914894,53.53353,53.812996,53.51178,53.75487,53.95002,53.732475,53.97172
49.36109,49.625565,49.622223,49.26519,49.6903,49.55725,49.80829,49.34085,49.538624,49.757496,49.460396,49.493183,49.768173,49.590137,49.77071,49.947845,49.57506,49.83026,49.830418,49.650387,49.969494,50.121975,49.696915,50.260323,49.591198,49.668907,50.11066,49.85675,50.259533,49.640034,50.194546
57.237595,56.875084,57.200203,57.002705,57.268364,57.251907,57.277473,57.07811,57.139748,57.097466,57.4864,56.95233,57.138626,56.79548,56.82795,57.391792,57.1948,57.34275,57.63933,57.219864,57.221157,57.296013,57.32497,57.580154,57.01648,57.173836,57.425056,57.189804,57.720875,56.97378,57.13335
40.446915,40.38036,40.20903,40.28124,40.468033,40.49218,40.509647,40.542774,40.456898,40.54345,40.560905,40.23117,40.286007,40.458996,40.338028,40.759434,40.60563,40.54827,40.573402,40.39225,40.64802,40.96281,40.222805,40.71898,40.260277,40.65754,40.704235,40.896965,41.181816,40.704792,40.59959
54.880665,54.98756,55.132317,54.97411,54.88555,54.79668,54.767952,54.923767,55.21949,54.888565,54.93423,54.96959,54.983185,55.349613,54.975334,55.184666,55.196716,55.14011,55.281918,55.09258,55.131058,55.198563,55.356483,55.35988,55.37444,55.380882,55.4331,55.258762,55.272945,55.405857,55.414753
46.88215,47.15261,46.962715,46.684925,47.523453,47.105164,47.044888,46.85003,47.329895,47.281197,46.94944,47.07146,47.367416,47.084938,47.432175,47.494404,47.14966,47.392788,47.434544,47.460938,47.63611,47.223557,47.335835,47.7781,47.06821,47.16973,47.597218,47.204685,47.46399,47.330326,47.591785
41.863903,41.738808,42.03958,41.997284,41.820953,42.00799,42.05803,42.182278,42.336514,42.02585,41.99559,42.24502,42.048214,42.619305,42.218685,42.672394,42.470978,42.831448,42.42739,41.98135,42.367474,42.264076,42.22378,42.57872,42.48071,42.207,42.942757,42.471024,42.36293,42.27316,42.659485
42.48871,42.441025,42.627464,42.518578,43.253326,42.77577,43.06465,42.4767,42.611965,43.214447,42.662025,42.942757,43.210052,43.112965,42.880775,43.210236,42.988426,43.292248,43.03478,42.928986,43.383415,43.20285,43.000706,43.325638,42.683266,42.776627,43.68719,42.91978,42.94973,42.84268,43.38747
38.429043,38.94182,38.431877,38.61012,38.552162,38.57163,38.68425,38.710335,38.74628,39.017525,39.099514,38.59807,38.79989,38.654606,39.140762,38.507584,38.80582,38.7024,38.943626,39.242832,38.711838,38.977905,38.84357,39.005188,39.291885,39.38304,38.60861,39.24927,39.036842,39.01512,39.422176
48.446682,48.686523,48.561783,48.42855,48.566223,48.78492,48.93047,48.860973,48.74919,48.91656,48.66102,48.577282,48.75389,49.06386,49.014748,49.13297,49.01028,48.94949,48.90401,48.78057,48.987316,49.163982,48.918095,48.976494,49.123817,49.18466,48.815067,49.41301,48.941555,49.167747,49.16643
49.01723,48.947735,48.83413,48.747974,49.08879,48.70839,48.826393,48.928715,48.691956,48.704464,48.557625,48.855145,49.06058,49.095264,49.19051,49.116283,49.293743,48.83641,48.99363,49.19107,49.091927,49.350063,49.19665,49.12365,49.025524,49.11332,49.260517,49.16776,49.08277,49.487656,49.445194
43.907913,43.924576,44.083755,43.943535,43.847107,44.116688,43.54323,44.12396,44.096886,43.78588,43.87916,43.865047,44.09116,44.425297,43.967747,43.700867,43.874157,44.034195,44.002033,43.951283,43.976444,44.349728,43.890003,44.042572,44.324303,44.61537,44.274128,44.16105,44.19195,44.37508,44.334297
51.575275,51.554897,51.59536,51.971268,51.842934,51.71794,51.62634,51.937412,51.656353,51.605904,51.61296,51.848423,52.170578,51.922234,51.932686,51.88652,52.006134,51.600883,51.808697,52.053825,51.83489,51.64765,52.140877,52.03676,52.146576,51.983055,52.109398,52.09555,51.742706,52.3074,52.14756
53.54854,53.247913,53.432976,53.79619,53.569183,53.570293,53.704597,53.566532,53.336216,53.437134,53.733067,53.707714,53.85846,53.52857,53.57056,53.908413,53.75965,53.57707,53.725636,54.005314,53.728794,53.419807,53.926937,53.635162,53.8779,53.796516,53.78906,53.85358,53.862038,53.89056,53.8773
39.701035,39.664284,39.802414,39.908924,40.145325,39.256023,39.52961,39.4152,39.524605,39.931602,39.874016,39.611122,40.050476,40.237347,39.977222,40.17568,39.809464,39.93039,40.45608,40.0738,39.717697,39.638027,39.91277,40.102234,39.667397,39.91497,40.3316,40.00318,39.781013,39.733345,40.757538
60.186375,60.475483,60.36199,60.339317,60.240402,60.477695,60.46135,60.588078,60.550655,60.68983,60.659893,60.4202,60.416702,60.365692,60.70407,60.584938,60.141537,60.29279,60.718174,60.529972,60.477684,60.48717,60.606194,60.790176,60.71638,61.02546,60.212173,61.24228,60.85295,60.843452,60.664276
50.741,51.021236,50.989548,51.310394,51.019897,50.872337,51.734352,51.168125,51.073975,51.795776,51.393723,51.527187,51.137745,51.15663,51.82433,51.630905,51.767307,51.58941,51.48138,51.680252,51.827225,51.336567,52.0419,51.27881,51.615547,51.17354,51.278477,52.12811,51.150528,51.696514,51.425915
50.08365,50.22541,50.605835,50.005833,50.128006,50.238583,50.206715,49.986774,50.4572,50.177006,50.66822,50.221325,50.209473,50.24466,50.231007,50.35177,50.462284,50.329613,50.519073,50.537144,50.272152,50.534245,50.46132,50.66851,50.36587,50.841743,50.615425,50.436974,50.878414,50.35289,50.599297
39.167572,39.395626,39.066345,38.89932,39.407555,39.30201,39.559822,39.226948,39.34147,39.556396,39.546093,39.788277,39.327324,39.266376,39.640896,39.291336,39.649544,39.365597,39.269375,39.850853,39.64975,39.853794,39.757103,39.690315,39.760998,40.041206,39.649227,39.5764,39.688046,39.98494,39.91735
40.749744,40.81971,40.32988,40.3487,40.593094,40.502575,40.870235,40.728935,40.878143,40.884064,41.080738,40.97183,40.4579,40.574875,40.84272,41.538948,40.983585,40.78987,41.08909,40.79968,40.779594,40.65358,41.06325,41.137115,40.629276,40.800316,40.52708,41.394737,41.321766,41.187447,40.826687
61.78492,61.368507,61.175354,61.44424,62.18779,61.63134,61.84741,61.609077,61.54572,62.091076,61.346336,61.62596,61.985146,61.632557,62.456226,61.745235,62.02159,62.2797,62.078865,62.142757,62.75863,62.4835,61.982273,62.32779,61.975533,61.410835,62.575207,61.869755,62.243324,62.27653,62.500713
52.51097,52.899807,53.004784,52.84192,53.310364,53.05282,53.02201,52.597668,53.268192,53.36252,53.306187,52.850742,53.287468,52.701405,53.10872,53.002132,53.410847,53.0042,53.135803,53.48134,53.598217,53.17986,53.430386,53.55291,52.867565,52.965385,53.39959,53.158646,53.57266,53.265377,52.944267
54.893986,54.82384,54.853714,54.698166,54.76847,55.075726,54.81756,55.144848,55.290234,54.76569,54.992233,54.91766,54.848347,54.96096,54.682312,55.278015,55.12682,55.10334,55.137627,54.87624,55.007668,55.01456,55.136448,55.311005,55.109577,55.22802,55.06494,55.272053,55.287,55.249283,54.766056
52.424282,52.194397,52.600365,52.443512,52.44922,52.524956,52.265926,52.329937,52.65918,52.48965,52.62549,52.521545,52.60572,52.868828,52.53749,52.505966,52.621395,52.827614,52.820717,52.548016,52.77594,52.76233,52.705585,52.84121,52.832447,52.795578,53.15677,52.572945,53.046,52.843906,52.997524
48.877625,48.690006,49.03121,49.02548,49.142365,48.734467,48.829826,48.824295,48.906254,48.832527,49.090664,49.170536,49.016426,49.290462,48.804928,49.58504,49.25019,48.774338,49.21145,49.140095,48.908195,48.56986,49.409786,49.0214,48.795086,49.26342,49.227936,49.30426,48.96755,49.432503,49.093548
58.929424,59.001827,59.02957,59.519066,59.284798,59.181732,59.290604,59.173763,59.205475,59.301647,59.1582,59.194252,59.548954,59.077526,59.354046,59.295868,59.58091,59.348946,59.418194,59.71179,59.637325,59.093384,59.694614,59.557602,59.694107,59.1558,59.69378,59.48008,59.571575,59.526997,59.51577
38.353954,38.630413,38.407944,37.891266,38.571854,38.58547,38.698498,38.45754,38.51131,39.030827,38.19095,39.07253,38.732983,39.219856,38.448513,38.87361,39.01632,38.95976,38.49948,38.389736,38.733284,39.047054,38.74491,38.714676,38.42732,38.892487,38.886963,39.173855,38.604675,38.87015,38.624226
49.04962,49.278347,49.300537,49.219578,49.311386,49.042614,49.210487,49.10435,49.662003,49.4247,49.613274,49.417885,49.23042,49.492985,49.465363,49.559837,49.888073,49.289375,49.471935,49.611656,49.773247,49.56496,50.13692,49.62123,49.614338,49.54158,49.52828,49.60186,49.533527,50.182884,49.4299
60.618717,60.234673,60.8526,61.264206,60.524292,60.572445,60.33239,60.660934,60.712692,60.907513,61.242905,60.901474,60.732044,61.05895,60.85053,60.347248,60.7717,60.780903,61.143654,61.121437,60.77425,60.36093,61.16389,60.355667,61.222145,61.287003,60.861652,61.180916,60.780277,61.230804,60.899895
48.0881,48.29554,48.186783,48.617744,47.893364,48.05225,47.908688,48.29448,48.193607,48.12396,48.050964,48.44305,48.27257,48.452396,48.058517,48.16485,48.01055,48.244102,48.23686,48.50195,48.14576,47.884373,48.32941,47.924965,48.6421,48.719093,48.17791,48.700504,48.266335,48.46719,48.34249
52.330997,52.413235,52.35177,52.61316,52.554718,52.43816,52.478443,52.41262,52.473057,52.51271,52.725452,52.374134,52.811047,52.340782,53.065964,52.62703,52.670013,52.522717,52.891785,53.136074,52.78192,52.359547,52.974865,52.82862,53.04653,52.6687,52.629997,52.770416,52.877357,52.92089,53.174133
52.066784,51.7845,51.837753,52.02277,52.05539,52.21512,52.247635,52.355774,52.355473,52.18774,52.62319,52.28112,52.2736,52.407078,52.758213,52.609253,52.587914,52.248245,52.45894,52.405205,52.50877,52.48869,52.596626,52.81562,52.862984,52.673668,52.59116,52.68969,52.754288,53.142365,52.990692
41.351357,41.339764,41.335068,41.52793,41.83178,41.56982,41.65402,41.485016,41.352768,41.92888,41.779785,41.426098,41.975742,41.642715,42.294857,41.75678,41.83685,41.7212,42.019646,41.897617,41.883125,41.70209,41.775272,42.020187,41.693146,41.502937,41.963852,42.015644,42.033367,41.897705,42.374752
56.598995,56.27494,56.60138,56.90502,56.75628,56.42347,56.50414,56.59513,56.317196,56.331936,56.352566,56.396725,57.006474,56.994408,56.87122,56.973804,56.672626,56.62627,56.79585,56.87525,56.921883,56.89067,56.733692,56.894646,56.910538,56.823692,57.282196,56.84899,56.844448,57.058002,57.483727
49.06491,49.279545,48.80642,48.801285,49.17752,48.985085,48.447033,48.88482,49.34415,49.027832,48.8346,48.88968,49.38373,49.19127,49.1053,48.78819,49.004837,49.14223,49.332287,49.20639,49.204216,49.174976,49.210785,49.583008,49.37811,49.123405,49.310257,48.962715,49.5355,49.422646,49.485966
50.79742,50.32431,50.6969,50.353622,50.94998,50.801407,51.128952,50.879868,50.552937,50.582634,50.686947,51.056824,50.700768,50.786118,50.59048,51.3069,51.28294,50.867302,50.87432,50.666256,50.89983,51.134647,51.289513,51.13652,50.68309,50.872025,51.307377,50.898354,50.792656,51.159298,50.831158
45.76748,45.58888,45.796837,45.270733,46.076828,45.99848,45.87159,45.88662,45.91405,45.982964,45.859417,46.220078,45.900986,45.971424,46.08528,46.012142,46.073044,46.12531,46.11999,45.874126,45.999424,46.061974,46.164303,46.324654,45.817387,46.158157,46.355373,46.06147,45.951675,46.19188,46.116863
49.625187,49.335995,49.236664,49.28039,49.693687,49.333508,49.59772,49.396915,49.13564,49.808968,49.637688,49.757034,49.613194,49.473892,49.75495,49.54147,49.4444,49.646137,49.89771,49.796097,49.606056,49.675312,49.77326,49.631477,49.554893,49.764435,49.615105,49.84703,49.64609,49.735435,49.990166
53.269535,53.378693,53.61696,53.417053,53.416107,53.738506,54.01053,53.868,53.827682,53.69236,53.915363,53.55546,53.44295,53.519432,54.024647,54.084183,54.11022,53.97114,53.99824,53.911484,53.848732,53.850437,53.953194,54.170013,54.1282,54.11245,54.00169,54.261517,53.954998,53.8703,54.060154
41.296284,41.7679,41.55461,41.555172,41.63421,41.301662,41.381897,41.31738,41.807648,41.80563,41.633366,41.783836,41.60676,41.60857,41.96809,41.411053,41.881237,41.760525,41.759766,42.14054,42.028946,41.694878,42.210056,41.76361,41.969284,41.775185,41.84567,41.7583,41.722767,42.10996,41.93579
54.325962,54.05675,54.06343,54.54285,54.55153,54.614246,54.719234,54.66633,54.22844,54.463394,54.527916,54.45972,54.729836,54.198082,54.591457,54.473186,54.839943,54.40452,54.52492,54.694862,54.79775,54.641228,55.018387,54.723694,54.91517,54.380127,54.68637,54.64953,54.683586,55.019226,54.609364
45.17648,45.0478,45.061142,44.907417,45.32189,45.303146,45.567165,45.26764,45.140285,45.318485,45.242928,45.104248,45.34215,45.38338,45.08166,45.914776,45.486977,45.680824,45.61104,45.244473,45.350296,45.57784,45.18272,45.74656,45.2418,45.448174,45.717342,45.596832,45.626923,45.084263,45.694206
52.441597,51.874527,51.963806,52.19564,52.475754,52.122456,51.690212,52.093502,52.144173,52.045795,51.868977,52.28285,52.3255,52.50737,52.03216,51.98524,51.864708,52.457024,52.281696,52.342014,52.70665,52.470043,52.309895,52.04042,52.328518,52.404907,52.609596,51.947582,52.159817,52.7047,52.376118
42.992188,43.069542,42.84765,42.792942,42.69786,43.335938,43.139374,43.38485,43.264755,43.18955,43.089718,43.27888,42.993736,43.38852,42.9047,43.053787,43.2388,43.436176,42.9762,43.019466,43.242615,43.683475,43.076527,43.14353,43.597336,43.783043,43.17342,43.594208,43.409283,43.49735,43.13552
35.19914,34.989357,35.044945,34.66573,35.112087,35.305023,35.087288,35.242847,35.189415,35.0469,34.901356,35.054832,35.03428,35.515354,34.863827,35.611443,35.163105,35.675446,35.25967,34.82444,35.2696,35.686653,34.684074,35.371906,34.8508,35.40211,35.632828,35.407185,35.568687,35.06709,35.309372
46.975983,47.246708,47.321587,47.386395,47.230484,46.9584,47.2996,46.984035,47.02644,47.596107,47.51537,47.64391,47.528976,47.340836,47.407257,46.98434,47.299057,47.15796,47.396957,47.5847,47.271015,47.49301,47.705406,47.60177,47.563877,47.669716,47.664146,47.61214,47.541008,47.52635,47.88566
44.67669,44.84702,44.720543,44.532055,44.83171,44.650723,44.46223,44.591785,44.5859,44.59345,44.11796,44.35742,44.819862,44.69958,44.421528,44.74352,44.275127,44.91062,44.711967,44.570694,44.925354,45.237118,44.222187,44.95646,44.268475,44.668755,45.084606,44.797832,45.134567,44.425472,44.82537
48.987244,49.160492,49.304237,48.867836,49.358177,49.122967,49.480377,48.935772,49.05297,49.44068,49.315105,48.959637,49.41051,49.220882,49.590282,49.54891,49.35571,49.508392,49.764072,49.396572,49.38951,49.6413,49.37595,49.93319,49.302498,49.347008,49.749107,49.495968,49.773205,49.08414,50.113194
40.53974,40.71995,40.585136,40.512867,40.882416,40.90694,40.90946,40.819504,40.969536,41.025913,40.74976,41.09904,40.9783,41.007156,41.409485,41.1261,41.237316,41.124317,40.979504,41.025513,41.3352,40.997314,41.32497,41.26062,41.19432,40.879013,41.250446,41.185074,41.174828,41.51468,41.319168
55.72711,55.883358,55.81746,56.22838,55.60002,55.794643,55.83826,56.114697,56.07651,55.868675,55.81846,56.05125,55.835587,56.181953,55.933334,55.88921,56.110283,56.09393,56.00266,56.25034,56.207993,55.965767,56.501904,55.79679,56.83254,56.452805,56.00843,56.331596,55.837627,56.567394,56.12806
45.251045,45.102932,44.933304,44.867954,44.86223,44.796886,44.710968,44.965935,45.100746,44.714005,44.864853,45.16101,44.909565,45.363205,44.790257,45.178574,45.10469,45.05151,44.961773,45.021065,45.20362,45.55465,45.21143,45.083183,45.217506,45.405838,45.23247,45.12842,45.426975,45.68439,45.256516
43.110203,43.36703,43.19187,43.278954,43.166443,42.898613,43.324825,43.169224,43.12208,43.261944,43.486877,43.429222,43.380314,43.30715,43.424194,43.6948,43.50786,43.205257,43.57931,43.775135,43.01806,43.051785,43.555798,43.55716,43.523907,43.770805,43.37287,43.812244,43.410503,43.391663,43.9261
49.97892,49.85163,49.396484,50.047577,50.03454,49.590034,49.665447,49.79893,49.811493,50.046944,49.85683,49.946106,49.87415,49.988907,49.74799,49.994152,49.700172,49.869038,50.002457,50.248955,50.25736,49.943626,50.031654,49.75387,50.04122,50.210373,49.868843,50.191135,50.0669,50.45224,50.07537
38.203842,38.421806,38.497925,38.04927,38.130753,38.495907,38.41953,38.539707,38.63403,38.53167,38.30276,38.593246,38.34693,38.812798,38.738,38.771503,38.487976,38.959732,38.50436,38.314888,38.74986,38.970455,38.389874,38.67875,38.523975,38.798286,38.72885,39.04927,38.712402,38.689766,38.69892
51.908737,51.66878,51.47428,52.091812,52.04738,51.707844,52.017242,51.991756,51.786846,52.093807,51.962708,52.099068,52.00591,51.81012,52.19357,52.16238,52.076256,52.205807,52.268158,52.431576,52.31142,51.85675,52.28475,52.113968,52.300438,52.009544,52.240383,52.298588,52.038662,52.289093,52.371555
46.231476,46.272892,46.353455,46.853916,46.134613,46.475834,46.683167,46.63245,46.510925,46.77263,46.744762,46.93586,46.820667,46.713882,46.652428,46.637535,46.645435,46.95872,46.705433,46.652466,46.78302,46.585415,46.97833,46.795364,47.21276,46.615746,46.864265,47.06401,46.770317,46.78216,46.892918
47.599712,47.6172,48.247833,47.740265,47.78724,48.106243,47.50283,47.84756,48.09571,47.883003,47.895626,47.812225,48.010212,48.418854,47.873856,47.73977,47.77281,48.18845,48.046486,47.805843,47.995304,48.09578,47.813946,47.930534,47.959564,48.470184,48.29699,48.134792,47.967937,48.002632,48.02293
47.97541,48.070263,48.152702,48.56933,47.894753,48.302334,48.235935,48.61414,48.547558,48.194508,48.73593,47.977367,48.116856,48.26608,48.475407,48.481194,48.605927,48.282223,48.556515,48.43646,48.33275,48.277733,48.510326,48.547844,48.87479,48.645332,48.344067,48.89795,48.726673,48.76938,48.525566
36.71665,37.421494,37.237305,37.173756,37.055252,37.11609,37.2038,37.02962,37.27585,37.40649,36.975048,37.246597,37.563923,37.4596,37.68302,37.449802,37.29547,37.50524,37.284912,37.428696,37.593464,37.400124,37.426693,37.59202,37.514946,37.240173,37.532658,37.69223,37.576878,37.41127,37.814487
57.497227,56.933823,57.121628,57.074413,57.299683,57.355015,57.44638,57.574547,57.343914,57.376003,57.643826,57.254536,56.999836,57.34595,57.49714,57.733337,57.321327,57.69938,57.927555,57.443943,57.396805,57.57588,57.240105,57.68213,57.540604,57.954285,57.660004,57.845776,57.757294,57.521072,57.85948
39.40428,39.546375,39.33898,39.404484,38.863495,39.50028,39.691666,39.755825,39.414745,39.5929,39.848827,39.60074,39.29576,39.304577,39.465923,39.299816,39.37067,39.803837,39.577755,39.542408,39.391678,40.040646,39.504566,39.535416,40.019447,40.026688,39.260838,40.05565,39.811096,39.466835,39.662117
50.812386,50.974445,51.088753,50.616512,51.22988,50.980663,51.417427,50.838806,50.91303,51.296963,50.975933,51.164303,50.936295,50.85255,51.025726,51.10243,51.048992,51.27113,51.206207,51.12372,51.484787,51.670895,51.572376,51.376633,51.071884,51.219032,51.345936,51.11857,51.090492,51.172962,51.18868
37.41534,37.479713,37.50325,37.50013,37.56395,37.39245,37.487816,37.48808,37.700264,37.843594,37.668682,37.631393,37.5057,38.040344,37.638992,37.848053,37.551617,38.016052,37.813976,37.589428,37.955387,38.07428,37.570156,37.807938,37.650215,37.9582,38.052135,37.988297,37.826015,37.842438,38.047176
55.71938,55.23249,55.86799,55.98079,55.48487,56.111534,55.79813,56.17948,56.00269,55.57794,56.10697,55.950546,55.741386,56.101665,55.40574,55.90263,55.89501,56.161095,56.094597,55.657673,55.766136,55.76805,56.14126,55.92395,56.505966,56.37599,56.20815,55.98406,55.868355,56.05837,55.846794
27.241104,27.83721,27.612543,27.169302,27.08958,27.435337,27.108501,27.465044,27.59037,27.376068,26.768377,27.695667,27.550728,28.125534,27.142534,27.25941,27.336903,27.859003,27.124733,27.032593,27.537285,28.190006,27.338398,27.51288,27.599491,27.741594,27.816734,27.648502,27.544092,27.575962,27.565907
43.078896,42.693855,42.747757,42.345814,42.867844,42.947956,42.356937,42.789726,43.147472,42.749542,42.88839,42.773903,42.612488,42.96162,42.749207,42.6702,42.81291,43.134983,43.06408,42.529453,43.100086,43.468533,42.712578,43.210922,42.651215,42.90902,43.286724,42.745983,43.64009,43.25399,42.894333
34.24065,34.336205,34.014587,34.308605,33.724724,34.388367,34.07122,34.714714,34.43078,33.955685,34.016792,34.06037,34.139668,34.59884,34.261337,34.34649,33.982132,34.769386,34.237213,34.17995,34.420853,34.80591,33.883266,34.281677,34.983,34.82955,34.38685,34.633965,34.566486,34.468903,34.753395
48.17742,47.96715,48.020905,47.916317,48.555588,47.778687,47.630463,47.787422,48.31057,47.834644,47.860844,48.078274,48.140713,48.42997,48.333237,48.523895,48.305496,48.1879,48.42404,48.412407,48.559963,48.170193,48.41524,48.585197,48.092453,48.213066,48.90509,47.928486,48.44047,48.79319,48.80685
44.107872,43.964207,43.978996,43.890133,44.261726,44.43933,44.54613,44.538544,44.241215,44.291176,44.33836,44.420437,44.24094,44.52435,44.571804,44.90718,44.662094,44.386463,44.419632,44.32341,44.44873,44.426636,44.59359,44.510063,44.55649,44.73472,44.426987,44.84776,44.3674,44.92758,44.63438
51.105392,50.811863,50.788162,51.058056,50.685463,50.87504,50.789967,51.158333,50.857548,50.789795,51.144997,51.12432,50.78288,50.941986,50.789703,50.72445,50.8029,50.965706,51.131985,51.13499,50.80594,51.023342,51.177307,50.817734,51.488026,51.571213,50.886135,51.186424,51.05886,51.316013,51.153305
53.090744,52.91776,52.738724,52.90928,53.07309,53.180008,52.48824,52.956463,53.003822,52.827595,52.80807,52.53656,53.001797,52.852146,52.650112,52.616756,52.380905,52.991383,52.924744,53.25347,53.208088,53.25924,52.275463,52.830605,52.870754,53.581123,53.032894,53.022293,53.559685,53.006207,52.993156
46.975273,46.91471,46.437584,46.789986,46.944542,46.562656,46.570107,46.81705,46.88062,46.65618,46.864925,46.6241,46.880207,46.73116,47.166264,47.278076,46.95285,46.75149,47.154617,47.30254,46.979004,46.803986,46.819897,47.24337,46.936607,47.014214,46.988853,47.189373,47.48114,47.32078,47.47594
34.193027,34.422024,34.674744,34.26057,34.083755,35.00773,34.520477,34.712353,34.89335,34.67786,35.03347,34.682743,34.603333,34.780838,34.702145,34.425755,34.67593,35.00029,34.702168,34.55831,34.495934,34.793472,34.46309,34.835724,35.0384,35.269146,34.785763,35.001057,35.114727,34.610886,34.841568
42.91649,43.80421,43.241074,42.95561,43.41288,43.05657,43.15816,43.120193,43.761944,43.558582,43.16801,43.06421,43.326504,43.421616,43.805305,43.653095,43.842327,43.414474,43.610817,43.717033,43.706585,43.510704,43.772408,43.886932,43.50903,43.439713,43.438046,43.809555,43.65859,43.828545,43.715187
53.757614,53.714752,53.785072,53.716248,54.064545,54.164314,53.97354,53.782207,54.222015,54.094406,54.307777,54.033092,54.16523,53.95779,54.110207,54.0913,54.162754,54.17299,54.364555,54.28702,54.269897,53.905983,54.398006,54.560318,54.499794,54.305115,54.422493,53.990475,54.613056,54.36473,54.504078
48.55817,48.809654,48.316948,48.429386,48.6763,48.463497,48.744724,48.629147,48.739662,48.933228,48.893925,48.88,48.519253,48.57227,49.06779,48.639946,49.13302,48.556026,48.83541,49.219913,48.918167,48.899994,49.286514,48.887924,49.196873,49.194443,48.656715,49.126354,49.001957,49.512096,49.10511
44.705143,45.269844,44.889412,45.34618,44.843414,44.99892,45.094616,45.110462,44.941086,45.44646,44.84188,44.92087,45.33561,45.12608,45.33038,44.854527,44.89752,45.39172,45.098213,45.459156,45.454765,45.387463,45.000134,45.010902,45.512745,45.316307,45.075542,45.72976,45.270473,45.081383,45.420376
40.135998,40.394524,40.34427,40.096775,40.351807,40.36693,40.14999,40.06588,40.731426,40.746624,40.72394,40.32736,40.355274,40.803562,40.909557,40.387135,40.424915,40.747246,40.774956,40.651596,40.87274,40.75656,40.55422,40.70459,40.81787,40.93103,40.732883,40.66775,41.068947,40.95015,41.1842
28.069084,28.196222,27.413643,28.17548,27.7216,27.286654,27.387953,27.677977,27.86973,27.555975,27.75819,28.163132,27.716154,27.940592,27.510555,28.060358,27.830696,27.747324,27.636425,28.401697,27.949081,27.78275,27.774242,27.619139,27.95665,28.225105,27.936104,28.013977,28.323444,28.370544,28.15288
56.15405,56.151634,55.756584,55.948223,56.14335,55.937546,56.198437,56.02916,56.052307,56.25893,56.049553,55.870342,56.160828,55.982327,56.355762,56.50275,56.138126,56.40521,56.56022,56.478798,56.43718,56.33918,56.1297,56.53363,56.337593,56.23828,56.288902,56.552902,56.73605,56.237785,56.71503
49.140965,49.157265,49.28839,48.734264,49.346863,49.42814,49.066402,49.19039,49.613754,49.17938,49.338467,49.07486,49.181473,49.204193,49.375164,49.19034,49.656162,49.365166,49.404224,49.277225,49.56987,49.839783,49.427807,49.881897,49.28269,49.458794,49.790123,49.271885,49.96244,49.7193,49.419
35.131683,35.854134,35.176704,34.86056,35.487778,35.181503,34.949356,35.012863,35.43095,35.503376,34.728992,35.332138,35.5936,35.774883,35.533367,35.420166,35.291862,35.340343,35.144333,35.534393,35.628426,35.81276,35.024364,35.643723,35.15465,35.748028,35.658855,35.71833,35.906036,35.732464,35.905758
44.609814,44.663258,44.876175,44.242218,44.99843,44.975334,44.770844,44.716637,45.151196,44.862038,44.7663,44.68885,44.86883,45.13011,45.38696,45.211304,45.166622,45.344578,45.268063,44.92491,45.308388,45.23002,45.051704,45.516823,45.052788,45.04358,45.54896,44.951145,45.289394,45.20545,45.56059
46.612328,46.79432,46.46415,46.386566,46.467422,46.40511,46.22737,46.646286,46.950527,46.33626,46.486393,46.36704,46.488865,46.670383,46.849865,47.018906,46.73965,46.73164,46.946514,46.74424,46.710503,46.65176,46.70231,47.076424,46.811325,46.745262,46.73999,46.92884,47.121048,47.01879,47.02013
45.78209,45.324978,45.54249,45.377003,45.689636,45.462257,45.753693,45.333935,45.279636,45.67858,46.00222,45.523018,45.527718,45.52263,45.601776,45.71348,45.527035,45.956017,46.23667,45.797775,45.54743,45.927185,45.576572,45.968666,45.705223,45.93003,46.110043,45.596577,46.2456,45.36816,46.473377
52.27036,52.663837,52.07293,52.531643,52.611588,52.092648,52.194218,52.19828,52.33496,52.6653,52.328197,52.260395,52.87649,52.449383,53.054104,52.489017,52.369583,52.15324,52.568916,52.984993,52.86342,52.637444,52.64212,52.858597,52.68788,52.557907,52.510666,52.930775,53.004284,53.134487,53.227737
50.981064,50.890717,50.92592,50.627174,51.317863,50.92145,50.72977,50.52633,50.963673,51.01567,51.023373,50.70684,51.197407,50.793873,51.35888,51.054783,51.014828,51.035816,51.433537,51.236843,51.325413,51.11168,51.12325,51.52722,50.770775,50.761223,51.394104,50.89512,51.838406,51.198532,51.52382
45.571384,45.419514,45.57277,45.375416,45.466568,45.459232,45.715755,45.421196,45.45361,45.60921,45.906174,45.75942,45.519306,45.534744,45.773624,45.864937,45.6727,45.74659,45.85562,45.837128,45.668705,45.84995,45.70594,45.884857,45.66412,45.97448,45.89868,45.935112,46.18678,45.764763,46.1355
54.33517,54.547142,54.37661,54.7317,54.521797,54.96195,54.693665,54.772343,55.103718,55.049862,55.149788,54.71134,54.76217,54.537132,55.18383,54.31063,55.009583,54.856686,54.829514,55.19424,55.356274,54.952843,55.25726,54.990356,55.62765,55.09018,54.815434,55.046677,55.35217,55.55968,54.94448
44.01953,44.303333,44.306328,44.026196,43.99359,44.338413,44.202744,44.361187,44.238472,43.90569,43.66715,44.171646,44.33024,44.43851,44.389862,44.557426,44.287224,44.489433,44.173943,44.213264,44.452953,44.471275,44.354847,44.353455,44.521122,44.375816,44.432987,44.527065,44.379852,44.466503,44.490063
44.708076,45.17713,45.03292,45.062317,44.90026,44.773563,44.76699,44.888508,45.161324,44.92011,44.821106,45.11069,45.089844,45.36228,44.92968,45.146156,45.029472,45.002018,45.035133,45.27139,45.1151,44.979607,45.376934,45.11174,45.44892,45.532944,45.1898,45.25988,44.97375,45.42556,45.37697
46.22048,46.005627,46.179016,45.939575,45.997063,45.905487,45.89458,46.15219,45.761215,45.92641,45.769676,45.999123,46.131493,46.429516,46.13961,46.071175,46.01581,46.293953,46.394104,45.88391,45.92045,46.511353,46.095543,46.204422,46.153015,46.245453,46.402573,46.324486,46.14841,46.13108,46.604935
44.06488,44.040085,44.109146,43.640152,44.183075,43.77918,44.29521,43.651447,43.927814,44.272808,44.560333,43.96753,43.985455,43.870617,44.340633,44.61968,44.353817,44.130424,44.63464,44.227753,44.089314,44.4609,44.154762,44.827873,43.684814,44.1192,44.501293,44.45034,45.10874,44.066074,44.791203
40.306458,40.595478,40.562996,40.061707,40.35956,40.389187,40.3759,40.159874,40.300007,40.407043,40.29892,40.333603,40.27039,40.429817,40.273987,40.357952,40.265324,40.417915,40.346874,40.49845,40.475586,40.990845,40.136333,40.508804,40.199406,40.9599,40.662586,40.632393,41.070942,40.42364,40.71857
48.2148,48.351383,48.489304,47.969532,48.460648,48.641144,48.86633,48.43743,48.343006,48.47372,48.4469,48.517212,48.464233,48.198437,48.406086,48.609486,49.045635,48.565342,48.53531,48.57181,48.573334,48.773365,49.013313,48.729355,48.54206,48.53003,48.618946,48.637745,48.644047,48.590675,48.359554
46.6495,46.718372,46.985718,46.728897,46.960968,46.792572,46.961346,46.753628,46.71243,46.85173,46.868034,47.146088,47.078796,47.162876,46.6825,47.22136,47.137585,46.90553,47.141125,47.019733,46.668434,46.61149,47.400482,47.04223,47.03755,47.26072,47.160576,47.08866,46.67041,46.973614,47.1729
53.912174,53.63221,53.683937,53.75277,54.18544,53.672073,53.45313,53.541203,53.816433,53.661163,53.83151,53.541748,54.106857,53.828808,53.808613,53.873238,53.77243,53.80564,54.138237,54.122547,54.116615,54.003437,53.95405,54.249153,53.819607,53.889122,54.294136,53.62965,54.252293,54.120136,54.309536
42.630074,42.631138,42.612923,41.99555,42.408936,42.52387,42.400898,42.46001,42.73838,42.21292,42.46336,42.722538,42.395138,42.58261,42.210854,42.795387,42.746616,42.688747,42.602654,42.436127,42.461037,42.91771,42.65476,42.996857,42.48829,42.85057,42.91096,42.546425,43.077744,42.714268,42.650833
41.1171,40.99888,41.42711,41.383343,41.073715,41.096973,41.378414,41.212357,40.981815,41.194466,41.440067,41.56026,41.12365,41.321056,41.023876,41.32179,41.248535,41.383984,41.318836,41.402027,41.193306,41.36891,41.48799,41.072968,41.323524,41.71115,41.49652,41.53067,41.196754,41.2654,41.37756
35.894955,36.09807,36.392014,35.728493,36.266266,36.257294,36.525818,36.00912,36.392097,36.140865,36.449707,36.278687,36.16368,36.28276,36.23432,36.842827,36.708122,36.47393,36.325905,36.361748,36.45425,36.735294,36.37936,36.929123,36.159706,36.62628,36.97997,36.37626,36.808548,36.329494,36.733833
46.183765,46.16365,46.453804,45.990665,46.841713,46.750153,46.915062,46.538326,46.16904,46.604557,46.087296,46.31915,46.932663,46.40495,46.921276,46.90365,46.644333,46.971756,46.652386,46.583122,47.007687,47.04934,46.58442,46.98677,46.284126,46.308876,47.025417,46.736732,46.395405,46.32486,46.83164
47.3328,46.909378,46.938698,47.194126,47.26573,47.3814,47.298416,47.453976,47.41819,47.388496,47.881847,47.235535,47.217903,47.075497,47.744904,47.43181,47.312412,47.557457,47.763443,47.547688,47.60729,47.535355,47.409893,47.768433,47.648453,47.557137,47.549004,47.608055,47.943012,47.736553,47.824783
44.832417,44.391327,44.283142,44.48156,44.58745,44.74796,44.107857,44.72698,44.766064,44.3557,44.570427,44.567543,44.754814,44.58555,44.542957,44.298508,44.542545,44.946117,44.856056,44.63463,44.710926,44.777637,44.509087,44.968803,44.91946,44.630775,45.073376,44.407215,45.167416,44.82265,44.911556
46.315205,46.523033,46.24675,46.51485,46.099373,46.47349,46.18007,46.629288,46.890415,46.25378,46.83103,46.239784,46.111397,46.191624,46.262524,46.252327,46.39431,46.294308,46.383553,46.646946,46.60185,46.807068,46.442272,46.694084,46.9119,47.085625,46.426067,46.699776,47.16325,47.00308,46.46322
47.31416,47.141754,47.439987,46.716816,47.429688,47.63939,47.37014,47.555317,47.279194,47.061916,47.0962,47.28142,47.39152,47.482063,46.9382,47.546867,47.665344,47.31178,47.39973,46.87003,47.091866,47.74448,47.50974,47.7406,47.11004,47.507973,47.636353,47.420433,47.40802,47.471626,47.157883
48.071186,47.805187,48.228294,47.84028,47.786453,48.099915,47.75597,47.966072,47.949368,47.559204,48.116264,47.948708,47.915817,47.907616,47.815655,47.90538,47.99003,47.862095,48.046654,47.865356,47.91039,48.202293,48.228027,47.999016,47.971703,48.142387,48.02635,47.96071,48.442932,48.299736,47.881664
49.152084,49.395454,49.042244,49.169163,49.145676,49.249268,49.597355,49.463043,49.21625,49.472218,49.378605,49.151108,49.2061,49.16802,49.76571,49.474915,49.55617,49.398243,49.55837,49.6264,49.569256,49.704193,49.68245,49.52408,49.86602,49.62922,49.207714,49.896076,49.652157,49.782364,49.80696
51.627434,51.021774,50.68222,51.510567,51.654976,51.41218,52.005306,51.589756,50.99744,51.71783,51.74948,51.336296,51.420372,51.15682,51.459324,52.047886,51.620434,51.639034,51.82103,51.8422,51.817497,51.66409,51.465176,51.600166,51.614853,51.58841,51.602818,51.951412,52.024254,51.703842,51.92592
51.95825,52.048206,52.212486,52.3922,52.22677,52.64231,52.440117,52.51641,52.32162,52.37103,52.57281,51.995163,52.5141,52.187683,52.705204,52.26455,52.27157,52.338142,52.44008,52.656315,52.58737,52.590603,52.23994,52.65661,52.817017,52.884262,52.571243,52.776157,52.86983,52.59972,52.85687
61.92665,61.779934,61.637405,61.459686,62.254593,61.877964,61.811234,61.674316,61.723064,62.264957,61.94999,61.62373,61.941063,61.541862,61.98902,61.74015,61.559933,61.765568,62.24255,61.92779,62.19368,62.29455,61.927357,62.250954,61.496483,61.904877,61.845642,62.133068,62.43072,62.10502,61.92753
48.85223,48.81652,48.770172,48.81641,48.68306,48.812172,48.636932,48.83688,49.06221,48.910316,48.49692,48.995914,48.90808,49.434505,48.79469,48.932953,48.987774,49.391308,48.8867,48.786686,49.446342,49.456303,49.056335,48.94654,49.264435,49.02366,49.359207,49.102486,49.220535,49.4095,49.089813
50.73709,50.700012,50.475464,51.001785,50.955086,50.90692,50.73797,50.94258,50.745113,50.97855,50.59915,50.801258,51.39381,51.215427,51.191395,50.955593,50.8371,51.098164,50.989246,51.21213,51.291546,51.024464,50.91788,51.071167,51.408447,51.121147,51.229755,51.233917,51.0672,51.31546,51.56313
45.03919,44.50468,44.116898,44.610897,44.55918,44.771374,44.33745,44.89807,44.73738,44.74838,44.6775,44.660175,44.659286,44.868397,44.648815,44.608208,44.52212,45.251614,44.968548,44.838055,44.890682,44.9653,44.172363,44.703766,44.96177,45.055557,44.95399,45.00884,45.338676,44.867252,45.065765
50.09637,50.411064,50.318657,50.656338,50.402946,50.346367,50.39939,50.292496,50.281456,50.767742,50.253918,50.66272,50.803303,50.756374,50.645588,50.426533,50.405663,50.436665,50.355026,50.733902,50.880833,50.522274,50.788395,50.33156,50.73422,50.683434,50.535324,50.996185,50.57617,50.99569,50.68258
39.41689,38.961197,39.5458,39.24764,39.69075,39.31628,39.543144,39.179073,38.877804,39.289257,39.130383,39.595665,39.641872,39.44702,39.38066,39.54798,39.643562,39.867096,39.612843,39.52746,39.546173,39.677914,39.479786,39.562096,39.058224,39.194977,40.310303,39.276962,39.452213,39.077583,39.820103
46.23352,46.179905,46.441284,46.503315,46.11149,46.306446,46.298435,46.551437,46.61119,46.355038,46.414867,46.876637,46.375813,46.734623,46.539356,46.576416,46.74718,46.760307,46.559277,46.422,46.64022,46.428535,47.043087,46.569405,46.907074,46.54239,46.81482,46.774605,46.42383,46.986103,46.53407
55.322678,55.25476,55.65709,55.685467,55.53376,55.347954,55.38838,55.389847,55.14394,55.53003,55.40668,55.41786,55.7405,55.573627,55.86882,55.31081,55.48262,55.411575,55.652443,55.727066,55.722767,55.70102,55.8391,55.457077,55.59394,55.578835,55.704056,55.832695,55.55233,55.843407,55.830833
39.736862,40.39437,40.15763,39.241283,40.063217,40.207493,39.581863,39.716404,40.449642,40.086437,39.641914,39.889877,40.363674,40.39694,39.920883,39.60975,40.025578,40.33168,40.009266,39.86505,40.209908,40.836857,39.955433,40.789894,40.187916,40.388184,40.614407,39.82905,40.560547,40.09554,40.454826
44.10564,44.306866,44.25956,44.461823,44.348846,44.28953,44.190624,44.327072,44.586334,44.500175,44.52654,44.63765,44.65143,44.80729,44.377144,44.57727,44.572777,44.54609,44.640327,44.67314,44.386047,44.1626,44.653893,44.778923,44.88293,44.921463,44.86935,44.728474,44.58494,44.713856,44.973614
55.535137,55.80938,55.89981,55.599297,55.566994,55.97778,55.6326,56.01408,56.17103,55.8724,55.659737,55.961544,55.841618,56.296852,56.08392,55.729443,56.020214,56.007774,55.94559,55.79645,56.03482,56.09588,56.29079,56.09108,56.54195,56.428528,56.062595,56.275448,55.93788,56.546066,56.113415
47.634583,47.18734,47.283585,47.515842,47.63916,47.772804,47.85678,47.951126,47.606472,47.588467,47.68687,48.140717,47.835423,47.92173,47.871643,48.34648,48.001926,47.94726,47.80735,47.82852,47.873817,47.572613,47.99971,47.948357,48.024216,47.989273,48.07678,48.16155,47.73523,48.254112,48.051506
44.118065,44.2712,44.343002,44.171925,43.888947,44.28592,43.96136,44.40413,44.571983,43.862633,44.331947,44.4944,44.151447,44.337063,44.23429,44.391132,44.446278,44.135136,44.257458,44.23586,44.163933,44.119526,44.74693,44.428535,44.63805,44.570282,44.251064,44.49123,44.530945,44.893993,44.211647
50.782608,50.89681,50.617752,51.01797,51.08654,50.81052,50.94281,50.758064,50.71081,51.048084,50.702126,50.595085,51.212116,50.759094,50.807667,51.143127,50.81394,50.973103,50.902172,51.248966,51.40766,51.244045,50.75267,51.046898,50.722504,50.86818,51.069317,51.265995,51.369396,50.964096,51.02084
56.54227,56.4044,56.718864,56.12306,56.663734,56.77558,56.881115,56.7547,56.651474,56.475616,56.52899,56.364166,56.63696,56.725952,56.58897,57.193726,57.09503,56.88748,57.066383,56.42989,56.632183,57.011265,56.918583,57.300964,56.72018,56.744095,57.0939,56.891804,56.93778,56.690876,56.931995
53.998276,54.39098,54.43667,54.27427,54.296608,54.1792,54.076843,54.17482,54.58722,54.151,54.17309,54.329525,54.52513,54.4951,54.4583,54.52692,54.545567,54.28291,54.48896,54.61799,54.486256,54.21705,54.835876,54.789375,54.73196,54.60807,54.686317,54.509014,54.522587,54.778725,54.725693
42.149925,42.423798,42.59449,42.62108,42.26053,42.89435,42.67795,43.005104,42.680386,42.43806,42.641014,42.342884,42.62914,42.618607,42.74326,42.855824,42.65044,42.68952,42.58376,42.674164,42.59957,42.64624,42.476,42.69761,42.904827,43.103203,42.597435,43.249638,42.701717,42.70862,42.68579
46.059525,45.90001,45.96904,45.994595,46.305504,45.96272,46.267197,45.96977,46.01059,46.14001,46.326477,46.135033,46.156414,46.04599,46.24016,46.70764,46.111843,46.226776,46.509857,46.32003,46.318295,46.185123,46.300343,46.612953,46.066643,46.260437,46.522297,46.36058,46.577396,46.291943,46.692177
40.304485,40.43861,40.945602,40.6577,40.776802,41.090073,41.025566,40.67323,40.727932,41.20104,40.974236,41.123055,41.270737,41.33349,40.87598,40.869778,40.799805,41.370773,41.09009,40.842846,40.9331,40.892506,41.025387,41.119797,41.245358,41.31437,41.44312,41.078823,40.827908,40.66615,41.436485
53.26293,53.105488,52.545197,53.317898,53.20172,52.86118,52.725525,53.061367,53.40592,53.269035,53.377354,53.32343,53.411667,52.872364,53.47374,52.95975,53.36918,53.143684,53.43446,53.50125,53.63403,53.203796,53.72997,53.80677,53.600536,52.744576,53.445587,53.23473,53.96097,54.016506,53.480564
55.804577,55.93892,55.687363,56.162617,55.717445,56.139946,56.06278,56.33114,56.207966,56.14945,55.819878,56.197502,56.18083,55.95112,56.675495,55.818993,56.387253,56.45848,56.040764,56.46712,56.79283,56.32748,56.686665,56.114563,57.013695,56.020782,56.13715,56.497936,56.20532,56.841644,56.195187
53.658405,53.85841,54.29029,54.2262,53.768776,54.380768,54.5647,54.461475,54.13459,54.27885,54.412323,54.349567,54.076912,54.107292,54.175385,54.211006,54.39736,54.205807,54.111526,54.269234,54.224545,54.35025,54.531155,54.226837,54.619465,54.79721,54.256523,54.883785,54.20546,54.423954,54.08495
45.309765,45.42535,44.95929,44.964527,45.166275,45.009636,44.642902,44.78021,45.622066,45.074284,45.35508,44.88312,45.086227,44.942837,45.395702,45.162422,45.1032,45.44992,45.543087,45.718773,45.663204,45.313065,45.174862,45.501045,45.370316,45.271492,45.299496,45.07021,46.204857,45.506165,45.598133
47.791267,47.53588,47.793747,47.79011,47.917435,47.9009,47.691887,47.929955,47.79909,47.674416,47.631348,47.77869,48.075253,48.138874,47.78851,48.210785,47.73918,48.146057,48.10484,47.76394,47.944534,47.929333,47.73197,48.21357,47.870396,47.996185,48.42096,48.04344,48.056297,47.880054,48.269375
44.77388,44.96693,45.018845,44.60748,44.87535,44.968044,44.570972,44.76707,45.062775,44.936527,44.62461,45.037823,45.055813,45.40273,44.84051,44.74672,44.90266,45.16654,44.952263,44.893253,45.061237,45.26769,44.951775,45.091675,45.103867,45.387886,45.365597,45.03621,45.18503,45.191906,45.240967
44.95129,45.22999,45.264565,45.17537,44.726646,45.03032,44.43643,45.006542,45.309208,45.04267,44.88983,45.374275,45.156086,45.490604,44.682934,44.568188,45.090755,45.039116,44.865612,44.944035,45.006683,45.196983,45.155224,44.93213,45.1446,45.39772,45.23046,45.370857,45.435238,45.48023,44.761974
38.241543,38.490395,38.89071,38.706623,38.36077,38.68712,38.665184,38.872265,38.60066,38.41536,38.547424,38.68463,38.73563,39.037247,38.586384,39.074707,38.89483,38.65588,38.50424,38.61835,38.506702,38.75223,38.60872,38.69448,38.657116,39.16897,38.936504,39.307247,38.592846,38.788918,38.76302
63.582134,62.873898,63.297226,63.875168,63.58751,63.547268,63.699066,63.63229,63.29619,63.437378,63.613354,63.42269,63.629143,63.517365,63.354275,63.985596,63.594597,63.76182,63.909092,63.625114,63.865623,63.473675,63.75035,63.687378,63.752815,63.47219,64.011154,63.776386,63.915237,63.74748,63.755272
55.571766,55.438755,55.310455,55.682262,55.57656,55.244617,55.01788,55.446835,55.536556,55.60964,55.5601,55.429756,55.73739,55.823177,55.50627,55.342663,55.407963,55.44224,55.854862,55.61227,55.595917,55.59074,55.775223,55.71508,55.78847,55.714767,55.660168,55.761505,55.722507,56.036823,55.872143
47.042385,47.430935,47.784325,46.985424,47.45098,47.59541,47.28486,47.425198,47.539246,47.637943,47.42388,47.06992,47.47302,47.73481,47.50148,47.084713,47.48724,47.52783,47.711433,47.168777,47.365013,48.05588,47.535374,47.830383,47.4794,47.898163,47.712345,47.69855,47.49155,47.46282,47.66237
52.927013,52.77074,53.211082,53.121044,53.177246,53.22069,53.401215,53.204224,53.203865,53.44964,53.51007,53.41228,53.20782,53.215687,53.47179,53.198727,53.552692,53.370502,53.375935,53.270947,53.640144,53.66136,53.798065,53.551155,53.448418,53.33857,53.6584,53.556934,53.448566,53.755795,53.364655
47.201756,47.579556,47.31302,47.362255,47.37774,47.358917,47.708588,47.563,47.424114,47.534595,47.386917,47.380806,47.536457,47.4821,48.042137,47.844673,47.857586,47.561256,47.657253,47.908302,47.76599,47.726414,47.876038,47.783836,47.984123,47.7827,47.581722,48.078346,47.71017,47.965595,48.108223
42.690853,42.44892,43.66912,43.02121,42.731743,42.84169,42.868034,42.789635,42.75219,42.65572,43.006577,43.456573,42.949905,43.900387,42.597706,43.29309,43.21833,43.09028,43.039173,42.806065,42.619396,42.8425,43.356266,42.680367,43.03069,43.75682,43.623604,43.200325,42.55973,43.11346,43.257877
41.067726,41.169056,41.200478,41.12405,40.965958,40.98757,40.40835,40.92602,40.892372,40.778976,40.34339,41.190998,41.53093,41.677383,40.459877,40.82497,40.896492,41.18758,40.881744,40.933254,40.826332,41.01399,40.830658,40.811813,40.921444,41.20883,41.374428,41.097996,41.003567,40.934086,41.01258
40.27539,40.536655,40.38009,40.250572,40.110825,40.28038,40.013153,40.224823,40.541054,40.316063,40.429604,40.51178,40.280083,40.469086,40.177074,40.270275,40.239826,40.506523,40.47571,40.575554,40.3025,40.260445,40.44833,40.258034,40.546135,40.839676,40.276447,40.581326,40.625305,40.492996,40.400978
49.234043,48.968876,49.012833,49.10771,49.450996,49.478397,49.6603,49.59622,49.0857,49.605675,49.31113,49.59413,49.41682,49.42456,49.3753,49.497574,49.465054,49.558983,49.478127,49.326946,49.531883,49.677536,49.5862,49.534912,49.5127,49.653465,49.619072,49.798336,49.278564,49.655437,49.519657
48.658836,48.50503,48.301247,49.15611,48.657784,48.28947,48.496696,48.648785,48.51495,48.638336,48.827023,48.422626,48.73197,48.735992,48.916016,48.866585,48.83557,48.628494,48.945957,49.20248,48.979126,48.631187,48.923878,48.610107,49.095837,48.805748,48.771866,49.059414,48.953068,49.240917,49.224396
41.46728,41.48501,41.6494,41.41954,41.673332,41.43961,41.12407,41.16286,41.419865,41.446228,41.35475,41.484283,41.96014,41.882404,41.789837,41.539516,41.304337,41.66541,41.759018,41.642334,41.695824,41.706272,41.47381,41.878807,41.510216,41.63056,42.097496,41.5102,42.065018,41.680717,42.32434
49.31844,49.435646,49.54567,49.509235,49.563675,49.221344,49.38168,49.386787,49.27053,49.33392,49.212605,49.385094,49.665234,49.824738,49.68215,49.819805,49.52768,49.386806,49.603973,49.702267,49.63523,49.62959,49.78583,49.564865,49.635773,49.805885,49.706085,49.818443,49.398804,49.908974,50.025906
38.855034,39.42894,39.47512,38.623005,39.446053,39.36039,38.986534,38.85794,39.583256,39.22324,39.187332,38.889465,39.42815,39.285534,39.32874,39.16232,39.269634,39.35765,39.315865,39.355434,39.54643,39.857883,39.209362,39.9377,39.121193,39.565376,39.759388,39.091225,39.78942,39.28755,39.652542
42.709167,43.234596,42.831184,42.458515,42.895126,42.666447,42.7222,42.55072,42.9722,42.809357,42.521904,42.97211,43.033142,42.940884,42.834606,43.10744,43.097687,42.94745,42.911816,43.14209,42.983917,43.00858,43.112362,43.271507,42.911835,43.03495,43.12628,43.008255,43.25904,43.04838,43.20748
50.983135,50.81933,51.745132,51.55716,51.290833,51.35529,51.313107,50.978497,51.181942,51.496376,51.64578,51.663155,51.483986,51.61109,51.17513,51.27997,51.24723,51.454914,51.417976,51.47532,51.532803,51.318478,51.537403,51.249863,51.25063,51.764656,51.91997,51.57638,51.62326,51.412624,51.46264
51.671185,51.46675,51.611084,51.45781,51.027412,51.654106,51.21226,51.638477,51.66114,50.925144,51.288166,51.669464,51.339596,51.462273,51.0048,51.359604,51.434532,51.671978,51.330097,51.45,51.50289,51.756428,51.490963,51.460648,51.81964,51.867157,51.717407,51.485546,52.087738,51.718906,51.31451
47.446865,47.46293,47.53858,47.29261,47.737076,47.74234,47.756252,47.397903,47.834557,47.98169,48.183952,48.2031,47.675102,47.55419,47.887062,47.50177,47.961243,47.650356,47.77469,47.977947,47.995747,47.914276,48.287354,48.155212,47.985607,48.122818,48.092163,47.780582,48.32872,48.38258,48.009018
44.572483,44.756325,44.703377,44.376442,44.51703,44.632473,44.494183,44.571186,45.091137,44.78291,44.860786,44.95376,44.691612,45.000206,44.61877,44.90048,44.858208,45.046696,44.96153,44.7546,44.76035,44.908173,44.821087,45.266357,44.948093,45.187744,45.184128,44.99992,45.269215,44.926693,45.09807
51.128506,50.75326,51.23706,51.286774,51.185432,51.152428,51.298542,51.174698,50.978737,51.34834,51.394695,51.496746,51.316322,51.219208,51.37256,51.08552,51.566574,51.46254,51.525143,51.292515,51.400433,51.345306,51.81694,51.344574,51.423443,51.08026,51.667862,51.407055,51.36252,51.501194,51.37985
40.11429,40.42001,39.6437,40.09346,40.233017,39.73471,39.735535,39.858612,40.24726,40.34792,39.975567,40.042995,40.27685,40.100266,40.341164,39.969635,40.108242,40.35214,40.360603,40.5168,40.593258,40.38564,40.333237,40.43924,40.404026,39.98233,40.296085,40.20191,40.576145,40.520805,40.617638
57.252304,57.23219,58.019432,57.38112,57.720673,58.068634,57.833435,57.687656,57.730938,57.99791,57.791943,57.724,58.012066,57.95085,58.05097,57.60813,57.90355,58.062077,58.12324,57.468124,57.94424,57.95987,58.251274,58.20038,57.95695,57.747017,58.216724,57.972675,57.82122,57.86545,57.927834
44.969463,45.1953,45.121674,45.410484,45.421898,45.3397,45.63852,45.461136,45.29201,45.49825,45.610374,45.11577,45.404713,45.295597,45.78047,45.93028,45.47138,45.373898,45.65636,45.847538,45.597073,45.27159,45.514194,45.598274,45.660847,45.83851,45.414055,46.00477,45.51202,45.64576,45.93925
41.957314,42.135784,42.412735,42.434032,42.17605,42.736404,42.889896,42.65455,42.49797,42.603992,42.663036,42.68944,42.693996,42.690342,42.555756,42.92976,42.872166,42.76212,42.38451,42.569447,42.72639,42.725582,42.65076,42.793274,42.860188,42.90721,42.89508,43.138283,42.76901,42.721622,42.722553
60.4788,60.792397,60.50186,60.87261,60.776375,60.643326,60.4714,60.66193,61.280926,61.098988,61.07048,60.344315,60.859966,60.651585,61.55704,60.605396,60.997776,60.928364,61.218216,61.330418,61.61014,61.078342,61.31514,61.318626,61.47892,60.81021,60.92142,61.14525,61.449585,61.638515,61.273754
39.137474,39.237625,38.611732,38.61033,38.630013,39.169758,38.712833,39.08872,39.021072,38.892876,38.72554,39.023914,38.880028,38.948673,38.5016,38.57275,38.86274,39.120487,38.672333,38.93947,38.983692,39.55585,38.56831,38.83915,39.116436,39.44011,38.85123,39.172504,39.660522,39.15831,38.79351
50.993042,50.845707,51.27455,51.14648,51.387886,51.417107,50.92176,51.159283,51.49195,51.163204,51.21233,51.373093,51.372467,51.503574,51.177628,51.054108,51.46704,51.38072,51.24419,51.413143,51.628914,51.33959,51.561943,51.41194,51.483376,51.60553,51.884518,51.163754,51.380375,51.78705,51.31075
51.2672,51.560326,51.08159,51.233257,51.48365,51.286877,51.246613,51.306175,51.47457,51.442215,51.125957,51.345062,51.574284,51.27493,51.415657,51.427864,51.442993,51.426212,51.412487,51.758133,51.73565,51.582397,51.561455,51.69596,51.575245,51.552048,51.523617,51.625328,51.715836,51.73482,51.575016
48.44771,48.54298,48.83493,48.74202,48.534035,48.676914,48.801285,48.856518,48.45986,48.660576,48.437733,48.98683,48.92465,48.991943,48.896034,48.728275,48.957123,48.88188,48.77873,48.832005,48.70676,48.784218,49.1946,48.716507,49.151894,48.996727,48.99451,49.129723,48.417133,48.959347,49.021675
46.43,46.2349,45.93923,46.459644,46.77742,46.454754,46.925514,46.660038,46.537933,47.047306,46.955143,46.638767,46.411404,46.51064,47.164845,46.938362,46.904655,46.928936,47.02652,47.154373,47.16352,46.79464,46.92834,46.871254,47.089397,46.98889,46.890476,47.113773,46.818523,47.196102,47.316887
42.214207,42.78848,42.338326,42.422695,42.113457,42.057766,41.94284,42.36112,42.738026,42.461327,42.027596,42.587612,42.199306,42.63065,42.51695,42.243893,42.534782,42.658775,42.37139,42.699566,42.732117,42.509594,42.707806,42.24012,42.728645,42.650925,42.391693,42.843647,42.422497,42.91265,42.353577
38.36294,38.42266,38.699623,38.175777,38.184593,38.36046,38.26939,38.26949,38.527058,38.294262,38.630253,38.69101,38.19612,38.3782,38.335556,37.95055,38.629467,38.685635,38.432156,38.653847,38.44982,38.99509,38.607357,38.54908,38.656406,38.980644,38.907974,38.361446,38.795895,38.53124,38.652294
51.008904,51.210514,51.19066,51.22658,51.041023,50.773174,51.07424,50.903378,50.723656,51.301796,51.03317,51.14619,51.226166,51.174,51.22685,51.14099,50.993404,50.976307,51.273026,51.3386,51.118305,51.21696,51.308205,50.980583,51.005203,51.302826,50.998455,51.70252,51.2875,51.262707,51.343727
36.341812,36.48052,36.23864,36.69963,36.668358,36.52731,36.868904,36.573433,36.51153,37.061653,36.935738,37.020844,36.77279,36.560223,36.590244,36.802963,36.75612,36.714706,36.618332,36.89142,36.886982,36.794605,36.771988,36.92154,36.660885,36.854355,36.960766,37.14193,37.034534,36.89331,36.86212
52.74299,52.47121,53.220184,52.828316,53.07303,53.26499,52.88053,53.074936,52.95655,52.567867,53.001106,52.48289,53.150566,52.973225,53.019394,53.057884,52.820965,53.051453,53.202225,52.88089,53.100464,53.318897,52.95758,53.434097,53.06745,53.24485,53.513622,52.872704,53.138657,52.98665,53.34411
41.388096,41.147156,41.41468,41.220623,41.22412,41.462093,41.24476,41.314316,41.32951,41.226257,41.46407,41.54828,41.332382,41.61444,41.060204,41.43731,41.326515,41.623188,41.35845,41.493504,41.407593,41.611107,41.209118,41.24164,41.39487,42.002518,41.673096,41.541077,41.667892,41.454453,41.50049
58.139328,58.101246,58.257935,57.74532,58.640396,58.582806,58.66037,58.33286,58.24439,58.502655,58.261646,58.280025,58.667553,58.219933,58.886852,58.481934,58.736332,58.434174,58.52103,58.506718,58.856083,59.01517,58.867573,59.02307,58.5032,58.413254,58.754288,58.566193,58.643715,58.86505,58.752148
45.774307,45.79632,46.237732,45.877617,46.38276,45.77072,46.184475,45.533314,45.70331,46.314728,46.21671,46.153297,46.293526,46.116478,46.282166,46.13028,46.16465,46.1236,46.389618,46.332577,46.280434,46.31989,46.497,46.415627,45.89019,46.14435,46.64677,46.10807,46.1883,46.0986,46.69513
46.87399,46.878082,46.817062,46.452423,46.572266,46.818466,46.364906,46.796764,47.176216,46.526577,46.886353,46.990746,46.486217,46.949295,46.709484,46.764927,46.969868,46.795242,46.834187,47.00274,46.79342,46.853558,46.979954,46.76567,47.0375,47.5157,46.810146,46.98797,47.211216,47.43242,46.785984
58.87556,58.361572,59.045746,59.02967,59.17798,59.425632,59.084423,59.45319,59.23723,58.67724,58.96054,58.91294,59.204132,59.45329,59.26686,59.746788,59.196373,59.2724,59.2184,59.055424,59.516685,59.199707,59.22421,59.454613,59.42339,59.532913,59.736885,59.350483,59.10232,59.707058,59.443016
49.38137,49.23479,49.664726,49.364063,49.326347,49.394783,49.456013,49.599884,49.600967,49.30917,49.262096,49.814766,49.613018,50.016056,49.96667,49.782978,49.98937,49.863163,49.635452,49.385704,49.93619,50.050266,50.22712,49.947037,50.015045,49.51573,50.209442,49.75402,49.58033,50.299816,50.02884
41.37261,41.323742,41.549484,41.27525,41.301125,41.28198,41.498646,41.41246,41.51318,41.555717,41.354866,42.17993,41.48051,42.0599,41.484142,41.697895,41.858143,41.898693,41.48435,41.44452,41.71305,41.925896,41.957363,41.711617,41.768467,41.85573,42.17701,41.812836,41.546223,41.995296,41.862106
46.92492,46.41821,46.75171,46.93651,47.015823,46.847763,46.820107,47.002586,46.674137,46.656467,46.773052,46.98893,46.900116,47.093105,46.895035,47.37784,46.998215,46.98751,47.19989,46.841362,46.903122,46.641884,47.072075,47.00628,46.867386,46.908783,47.352764,47.10034,47.016705,47.206493,47.21412
52.38082,52.38565,52.022797,52.64806,52.1501,52.09683,52.016075,52.426502,52.435356,52.389492,52.25511,52.203526,52.31211,52.371017,52.11646,52.211422,52.01652,52.562065,52.541904,52.459885,52.54196,52.58496,52.18384,52.531624,52.68407,52.56932,52.5564,52.67763,52.810535,52.492535,52.61198
53.842346,53.576782,53.95675,54.052727,54.03237,53.893177,54.00603,53.874958,53.897083,53.998528,54.311752,54.063725,54.087208,54.091732,53.94542,54.29041,53.984913,53.84758,54.156822,54.023975,54.213097,54.13606,54.374607,54.251503,54.032837,54.227425,54.259804,54.267574,54.297314,54.500214,54.2099
51.598145,52.34598,52.37906,51.899017,51.80484,51.73461,51.74544,51.6523,52.177597,51.95067,51.836193,52.046745,52.19154,52.09611,52.455044,51.870037,52.36248,51.809956,52.09967,52.248386,52.175167,52.138256,52.79819,52.401512,52.37599,52.02929,52.170227,52.257504,52.402885,52.594254,52.37756
44.588123,44.529934,44.53177,44.515957,44.52465,44.56445,44.5405,44.532288,44.37917,44.60567,44.351955,44.703255,44.64378,44.720413,44.323807,44.507366,44.432716,44.79256,44.533382,44.575916,44.786232,45.02954,44.570934,44.506287,44.582287,44.812164,44.811203,44.773872,44.81735,44.68987,44.650852
49.365303,48.568592,48.732315,48.878677,49.319084,48.88502,49.321968,48.900803,48.606144,48.86043,49.27055,49.26527,49.081936,48.851097,48.752388,49.32902,49.27672,49.15495,49.166042,49.423813,49.2846,49.52196,49.305866,49.21412,49.04534,49.31308,49.564873,48.891613,49.313488,49.287544,49.436047
52.101955,51.61203,51.520264,52.092102,51.89216,51.950146,51.833626,52.204132,52.038887,51.982376,52.1126,52.148212,51.9804,51.839123,52.455265,51.957256,52.107224,52.306465,52.14836,52.38605,52.536583,52.2328,52.138912,52.158195,52.4095,52.08593,52.321945,52.343693,52.449825,52.65642,52.311382
36.912865,36.51144,36.558067,36.942696,36.261883,36.849804,36.372364,37.129185,37.04746,36.34645,37.04865,36.891808,36.601955,37.09724,36.758762,37.020077,36.885834,37.034885,36.813072,36.87312,36.73506,36.80532,36.47254,36.769867,37.21473,37.38687,37.05497,37.213757,37.413464,37.28207,37.100506
57.11024,57.357346,57.471443,57.368866,57.052338,57.43493,57.268642,57.348965,57.331444,57.361233,57.153618,57.66311,57.384,57.39645,57.089542,56.83461,57.346764,57.365932,57.163177,57.548958,57.44308,57.52339,57.746883,57.1531,57.86332,57.923088,57.41295,57.58548,57.398853,57.66676,57.19607
47.687836,47.975704,47.949783,47.78301,47.97101,47.791687,47.626026,47.827545,48.07901,47.968555,47.672462,47.51307,48.01857,48.182205,48.19618,48.040688,47.988632,48.081238,48.109406,47.94566,48.37585,48.3797,48.075764,48.170563,47.93636,47.916954,48.11287,48.237534,48.114265,48.311333,48.147606
42.73787,42.85918,42.55581,42.88638,42.515816,42.928204,42.83625,43.234535,43.215725,42.862125,42.877224,42.992294,42.783463,42.99051,42.90647,43.05736,43.288982,43.326134,42.934505,43.09082,43.144306,43.083195,43.037155,43.062294,43.473488,43.207718,43.08422,43.409065,43.13625,43.289013,42.949314
53.09438,53.00477,53.22696,53.25719,52.854393,53.44745,53.56104,53.65546,53.487347,53.400364,53.523613,53.43519,53.200077,53.670303,53.54197,53.853012,53.685974,53.760357,53.667583,53.269543,53.43593,53.448963,53.590317,53.62953,53.97066,53.796005,53.58916,54.126923,53.68175,53.725407,53.71244
52.80542,52.9919,53.094933,53.16355,52.944496,52.92907,53.15872,52.999966,53.080826,53.095356,53.229042,53.20595,53.045437,52.9339,52.9416,53.098423,53.108818,53.085033,53.23907,53.3272,53.164345,53.095623,53.54502,53.309906,53.44477,53.41555,53.268814,53.311775,53.236935,53.263477,53.254032
45.117245,45.345707,45.65825,45.330357,45.580627,45.4711,45.685757,45.182186,45.089336,45.814873,45.517212,45.52814,45.79416,45.452877,45.576588,45.223034,45.360764,45.593628,45.592976,45.626114,45.628864,45.932304,45.64639,45.693367,45.431557,45.696266,45.839447,45.688385,45.64149,45.308075,45.874752
47.351616,47.530163,47.440117,47.843723,47.35688,47.94565,47.869877,48.05138,47.90617,47.841805,47.909874,47.57405,47.619747,47.793804,47.79916,48.049995,48.031815,47.96381,47.74162,48.07367,47.962376,47.70814,47.593735,47.650337,48.1693,48.34922,47.720833,48.583668,48.097504,48.026997,47.756382
43.11794,43.283302,43.937683,43.4395,43.1659,43.705276,43.62169,43.7806,43.683052,43.081497,43.611225,43.525963,43.48279,43.600082,43.628796,43.864254,43.72411,43.538116,43.569057,43.249275,43.437706,43.786057,43.844944,44.094727,43.805084,43.802086,44.0122,43.812786,43.81348,43.775806,43.79169
56.128906,56.270958,56.015015,55.799778,56.263794,56.107445,56.247177,56.019794,56.051353,56.221336,55.91071,56.005947,56.15739,55.840515,56.18089,56.08422,56.163773,56.2913,56.35286,56.408524,56.42951,56.60063,56.32765,56.511253,56.271526,56.285896,56.3539,56.265408,56.60375,56.227314,56.423855
42.04719,41.796616,41.953415,42.181396,42.023018,42.423508,42.67399,42.43268,42.024456,42.307827,42.400356,42.412895,42.26313,42.15918,42.162117,42.598694,42.41026,42.74853,42.35868,42.43106,42.395626,42.37769,42.19039,42.350502,42.530495,42.55986,42.60411,42.67779,42.483524,42.10643,42.499763
46.076958,46.14581,46.044624,46.40339,46.251183,46.093155,46.304306,46.42781,46.382427,46.3145,46.4821,46.21994,46.573914,46.49478,46.69362,46.832043,46.78025,46.451,46.655487,46.64937,46.4334,46.33124,46.58042,46.916237,46.730927,46.486626,46.73884,46.882362,46.568073,46.70241,47.024746
45.18052,45.382828,45.02246,45.193104,44.875404,45.099518,45.070293,45.41085,45.26658,44.961273,45.06058,45.280426,45.09946,45.158253,44.916767,45.235767,45.275154,45.248417,45.195465,45.37849,45.070442,45.245502,45.370262,45.203926,45.616634,45.6213,45.092262,45.524902,45.299717,45.415455,45.20329
45.30769,45.499126,45.856216,45.255955,45.53557,45.795486,45.36756,45.627617,45.960075,45.442894,45.399178,45.720837,45.681015,46.254696,45.535854,45.77047,46.141712,45.825356,45.620678,45.582195,45.73473,45.783558,45.993977,45.77278,45.92028,46.156616,46.092693,45.799175,45.587543,46.13653,45.708702
57.864227,57.60251,58.1504,57.808598,58.34568,58.17049,57.96545,57.821144,58.175743,58.116505,58.26417,58.128834,58.32777,58.138252,58.362213,58.025047,58.030468,58.203552,58.322517,58.243156,58.604855,58.456062,58.506226,58.65963,58.26595,58.3292,58.75691,57.95943,58.402058,58.566944,58.566673
52.60421,52.727192,53.039253,52.613014,52.760567,52.65977,52.508854,52.61552,52.805363,52.377445,52.77815,52.66176,52.822845,52.685307,52.90654,52.62387,52.990147,52.466835,52.752083,53.09593,52.837772,53.027527,53.208073,52.993958,52.9394,53.167793,52.99787,52.75856,52.946865,53.265247,53.005424
50.09368,49.891685,50.13465,50.398052,50.04489,50.884247,50.416565,50.894836,50.782177,50.311157,50.473324,50.545723,50.47515,50.597916,50.380566,50.481853,50.572166,50.920193,50.44314,50.310085,50.783035,50.50437,50.686134,50.649918,51.231525,50.73748,50.756725,50.69575,50.510162,50.885056,50.36882
48.309902,47.67785,47.912903,48.23131,48.075287,48.439243,48.27007,48.588516,48.43757,48.442352,48.90046,48.63602,48.156837,48.51042,48.392513,48.608715,48.43783,48.62724,48.702736,48.319027,48.29638,48.178135,48.317307,48.564987,48.645695,48.860336,48.642357,48.893707,48.765465,48.756298,48.62563
38.13888,38.064976,38.062477,37.364014,38.151154,37.84349,38.046112,37.75536,37.77074,37.82692,37.758385,38.207096,37.871086,38.02591,37.753796,38.44179,37.94595,38.1132,38.101093,37.90754,37.93727,38.396816,37.973587,38.260796,37.485916,38.22267,38.313644,38.05171,38.309204,37.950825,38.23685
45.73081,45.49936,45.54653,45.063244,45.749893,45.35038,45.2857,45.380142,45.458153,45.236496,45.28782,45.623245,45.42397,45.701923,45.33288,45.846226,45.621998,45.502808,45.76137,45.44892,45.455414,45.680622,45.77353,45.75882,45.27222,45.705437,45.82656,45.472466,45.684948,45.84807,45.73837
51.867718,51.64985,51.877853,51.876007,52.13109,52.118454,52.13586,52.249973,51.816353,51.99093,51.96436,51.921616,52.20095,52.27658,52.084995,52.54532,51.990814,52.02999,52.393204,51.8396,51.912792,51.97635,52.15508,52.425003,52.129047,52.293617,52.293427,52.47588,52.04604,52.234253,52.480175
51.19661,50.717358,50.791122,50.936592,50.621483,51.09499,50.936485,51.267647,50.986225,50.88368,51.190056,51.277863,50.711193,50.982437,51.076534,50.744137,50.995472,51.293175,51.15213,51.11469,51.11041,51.331482,51.170517,50.921318,51.62545,51.546837,51.138657,51.26279,51.41477,51.50236,51.246258
49.998367,49.870518,49.790497,49.846333,49.90397,49.755737,49.79733,49.781788,49.493397,49.8396,49.62336,49.761578,49.982204,49.805298,49.706875,49.71,49.634064,49.929024,50.06917,49.860954,49.913242,50.186134,49.97047,49.87867,49.89094,49.845528,49.95057,49.942196,50.15124,49.88268,50.091465
51.70768,51.781403,51.55094,52.118317,51.850235,51.47966,52.03204,51.72089,51.66981,52.154884,52.18516,51.921917,51.935726,51.625645,51.93966,52.130516,52.034565,51.838814,52.273773,52.248184,52.032326,51.667534,52.50023,52.02774,52.114986,51.757477,51.76253,52.328075,52.05727,52.142124,52.07675
38.819805,38.62788,38.55052,39.35201,38.816895,38.719692,39.508507,39.096745,38.424744,39.111877,39.391098,39.052036,39.18202,38.919533,39.13121,39.569008,39.119354,39.164726,39.35627,39.36505,38.90081,38.8974,39.156086,39.1922,39.45954,39.19761,39.19437,39.589123,39.154793,38.922607,39.857372
35.028313,35.53191,35.43939,35.09717,35.280197,35.148445,35.098953,35.07283,35.43539,35.32163,35.359623,35.151318,35.369324,35.572147,35.3627,35.519703,35.39161,35.22008,35.37041,35.3799,35.31998,35.686646,35.195152,35.748016,35.18212,35.737804,35.65863,35.66701,35.92015,35.52471,35.829002
48.82747,48.681793,49.029716,48.47156,48.620293,49.089714,49.262886,49.227554,48.748096,48.840134,48.96411,49.133453,48.68237,49.005302,49.321022,49.096657,49.138374,49.12289,48.986664,48.938038,49.046387,49.490616,49.345787,48.8659,49.28976,49.53775,48.86448,49.475872,48.807854,49.41793,49.104748
47.47929,47.48239,47.375015,47.651073,47.57399,47.542896,47.28545,47.69238,47.87997,47.420948,47.642464,47.352127,47.70406,47.726376,47.849365,47.621918,47.855446,47.790928,47.8673,47.926754,47.902912,47.761135,47.85312,48.010582,48.219734,47.849358,48.017742,47.691936,47.90439,48.121647,48.16073
44.105015,43.82138,43.15583,43.692097,43.953316,43.73083,43.875446,44.034435,43.884354,43.837692,43.543808,44.065865,43.795403,43.945206,43.640545,44.38605,44.344383,44.309723,44.038437,44.189342,44.14996,43.845753,44.00304,43.937706,44.10724,43.922783,44.130947,44.149834,44.07213,44.23833,43.99335
57.76842,57.56129,57.86754,58.06286,57.746994,57.94054,58.040485,58.112835,57.908344,57.926025,58.167885,57.984375,57.859364,57.842224,58.07453,57.994995,58.181,58.019535,58.2119,58.087563,58.14241,57.929016,58.598465,57.9728,58.429455,58.08014,57.95813,58.30379,57.956093,58.430058,57.9365
42.573166,42.45387,42.453186,42.333145,42.15204,42.178474,41.84618,42.27644,42.57271,42.403713,42.243034,42.66858,42.337093,43.052864,42.19447,42.127155,42.22003,42.82029,42.525043,42.217598,42.534424,42.987713,42.324497,42.50054,42.647335,42.83911,42.940308,42.53375,42.85884,42.75544,42.822502
42.58664,42.53223,42.19751,42.412586,42.290947,42.541553,42.187103,42.59404,42.637905,42.25308,42.550472,42.46621,42.55563,42.345715,42.263313,42.222775,42.519226,42.442425,42.401173,42.460594,42.602005,42.955254,42.581623,42.81739,42.794937,42.58338,42.625484,42.469704,43.175915,42.964405,42.546597
48.070995,48.10651,48.392326,48.107468,48.19026,48.235435,48.16382,48.19774,48.298836,48.14422,47.892155,48.434452,48.355087,48.475838,48.169685,48.30641,48.566067,48.57343,48.269005,48.184193,48.543472,48.572735,48.6225,48.492737,48.357224,48.197342,48.842216,48.353443,48.392452,48.497677,48.29388
38.162796,38.827435,39.036583,38.51616,38.366516,38.881958,39.35728,38.92747,38.95407,38.84296,39.278446,38.81062,38.520515,38.830215,38.841072,39.332474,39.288113,38.824196,38.920628,38.924885,38.665497,38.99112,39.35857,39.069702,39.30393,39.600662,38.70234,39.469067,38.82192,38.990143,39.01094
55.26905,55.1753,55.322945,55.140484,55.431984,55.572044,55.51549,55.29264,55.53588,55.659283,55.485847,55.733013,55.602077,55.737072,55.35004,55.50182,55.79452,55.762215,55.50418,55.681705,55.840427,55.745018,55.81557,55.611977,55.805546,55.93122,55.868813,55.689075,55.717377,55.88568,55.61005
43.518253,43.173786,43.191322,43.33728,43.64994,42.989815,43.329784,43.06993,43.32488,43.4486,43.672607,43.860455,43.393684,43.55722,43.31766,43.833393,43.80191,43.49071,43.792973,43.760757,43.467182,43.22967,43.877834,43.74167,43.398884,43.575836,44.019783,43.481133,43.77686,43.821377,43.949406
50.79263,50.679752,50.51349,50.97395,50.45262,50.526196,50.55736,50.972397,50.82393,50.47045,50.742954,50.86415,50.51644,50.701073,50.675804,50.731804,50.950504,50.735237,50.75176,51.03975,50.856903,50.85813,51.045948,50.728592,51.27304,51.13186,50.869106,51.06867,50.971046,51.35334,50.87329
44.59298,45.02284,44.756622,44.395496,44.923836,44.64818,44.630943,44.679867,44.814526,44.961926,44.57057,44.551594,44.91218,45.055805,44.85115,44.980373,44.96011,44.764565,44.981796,44.80561,44.846203,45.128525,44.925026,45.077713,44.6446,45.020714,44.814533,45.227463,44.8916,45.03609,44.994183
45.74077,45.80876,45.768196,45.454735,45.675842,45.94018,45.695583,45.969555,45.947803,45.85368,45.399704,46.002533,45.806072,46.370388,46.00615,46.11724,45.909378,46.093723,45.791912,45.55514,46.20555,46.28802,46.018665,45.874504,45.955162,46.06604,45.97401,46.334297,46.01558,46.520466,45.900963
44.596992,44.833447,44.87468,44.283234,44.57263,44.75414,45.03921,44.79084,44.98398,44.862064,45.14227,44.951973,44.469368,44.612946,44.87463,44.963383,45.197052,44.918835,45.029274,44.82301,44.764103,45.304344,45.14674,45.431007,44.97856,45.246223,45.105778,45.167328,45.369446,45.02946,45.087055
46.639183,46.329674,47.143433,46.31839,46.755188,46.62804,46.44057,46.315437,46.30768,46.232098,46.409817,46.7053,46.64492,46.861717,45.92398,46.622913,46.540035,46.531162,46.687828,46.212467,46.31738,46.818882,46.780064,46.641144,46.10154,46.766167,47.117043,46.315315,46.68706,46.45384,46.511448
54.503124,54.749332,54.88372,54.74012,54.648262,54.83397,54.721375,54.82328,54.73074,55.057808,54.98062,54.707516,54.80878,54.884018,54.630203,54.697468,54.730232,54.645374,55.125526,54.725365,54.461388,54.614876,54.950848,54.862717,54.849197,55.244118,54.625885,55.405743,54.957535,54.821373,54.757706
51.38436,51.07298,51.720497,51.501163,51.691483,51.82514,51.445026,51.58797,51.55138,51.242878,51.402744,51.40224,51.92296,51.92265,51.13214,51.811188,51.78176,51.86593,51.716927,51.613903,51.558716,51.55415,51.503242,51.808067,51.63933,51.92485,52.314884,51.51988,51.57031,51.394497,51.75809
50.747402,50.658012,50.504234,50.55223,50.853523,51.082195,51.128742,51.07114,51.161358,51.216167,51.166485,50.719402,50.73673,50.889957,51.06846,51.212997,51.256268,51.32478,51.202816,50.97207,51.460316,51.43497,51.134083,51.277008,51.227734,51.125114,51.05149,51.386528,51.370384,51.384964,50.999554
52.36347,51.942146,52.068497,52.13177,52.52015,52.420433,52.276066,52.54092,52.478275,52.21518,52.140507,52.479183,52.524506,52.668827,52.26021,52.8606,52.872997,52.685516,52.56728,52.363224,52.61545,52.42166,52.64698,52.77366,52.49044,52.39756,52.98448,52.56448,52.42226,52.811043,52.489517
37.5281,37.71197,37.889023,37.618378,37.661522,38.07166,38.02606,37.93219,37.934536,37.693577,37.946667,37.95046,37.899883,37.825836,37.63301,38.13429,38.03471,37.902355,37.66462,37.7606,37.939022,38.250187,37.874893,38.262604,37.86807,38.17856,38.235886,38.11776,38.343723,38.010437,37.89984
36.89241,36.829338,37.19497,36.64327,37.185753,37.05893,37.287663,36.713573,37.026157,37.269,37.28858,37.46519,36.947536,37.25294,37.23553,37.280937,37.28414,37.532574,37.393337,37.254322,37.41551,37.30018,37.619667,37.206444,37.212242,37.374344,37.568043,37.043606,37.247597,37.295967,37.531345
44.55867,45.03409,45.18271,44.963844,45.093475,44.66599,45.125324,44.45809,45.088264,45.108692,45.45041,45.29589,45.128105,44.85825,45.204193,45.22696,45.459213,44.87379,45.119637,45.795918,45.2464,44.961094,45.662678,45.438416,45.20435,45.478592,45.469006,45.17686,45.398655,45.342953,45.558914
56.201237,55.572506,56.117622,56.110992,56.01422,56.202404,55.454292,55.806053,56.05302,55.801727,55.947887,56.10293,56.131218,56.120846,55.795895,55.51639,55.97595,56.40404,56.19225,56.25623,56.34649,55.89603,56.148567,55.63613,56.141766,56.065712,56.39861,55.72553,56.366848,56.211823,55.82301
44.68937,44.775646,44.51783,45.077892,44.69757,44.475918,44.75896,44.60988,44.729424,44.955616,45.016506,44.953293,45.085247,44.991604,45.068447,44.878235,45.10736,45.069065,45.16712,45.43861,44.96503,44.75263,45.14851,45.106598,45.55645,45.12259,45.272606,45.100037,45.2513,45.10062,45.78131
40.01336,40.136543,40.135017,40.348988,40.01326,40.258503,39.86009,40.397804,40.161243,39.957047,39.988445,40.261333,40.377113,40.575672,39.902687,40.28285,40.13035,39.888565,39.919636,39.991062,40.075016,40.21271,40.163513,40.11525,40.20343,40.532234,40.2284,40.62065,40.350365,40.711933,40.09749
61.418304,61.519203,61.32557,61.36871,61.546303,61.676495,61.890385,61.831005,61.65603,62.040146,61.39875,61.981606,61.808773,61.615788,62.159946,61.73657,61.899223,61.963467,61.761314,61.750687,62.21168,62.08164,62.193184,62.108307,62.06962,61.646835,61.873287,62.336082,61.850914,62.26594,61.816147
58.266968,57.646008,58.210663,58.033447,58.38369,58.43839,58.434998,58.143696,57.916424,58.28236,58.15289,58.36842,58.490055,58.178146,58.295383,58.343388,58.234856,58.627174,58.385925,58.268845,58.6843,58.731533,58.21466,58.562996,58.08776,58.21872,58.979942,58.364056,58.78825,58.27023,58.50958
50.44101,49.995842,50.267242,49.97061,50.41713,50.584766,50.432323,50.53762,50.68845,50.44335,50.478313,50.614994,50.37243,50.714176,50.69281,50.74399,50.86018,50.953106,50.644073,50.3519,50.948963,51.07472,50.613255,51.022705,50.644016,50.642136,51.219578,50.68316,50.99948,51.039516,50.81597
40.805923,41.05314,40.951324,41.195583,40.34754,40.65802,40.70485,40.99013,40.987335,40.74311,40.904186,40.793026,40.64954,41.140896,40.855343,41.030518,40.829132,41.066265,40.855568,41.02537,41.07431,41.276752,40.83755,40.65943,41.233322,41.357315,40.83026,41.496582,41.28697,41.230156,41.06078
53.702705,53.45165,53.972534,53.830162,53.76671,53.85321,53.874245,53.872658,53.724968,53.741314,53.806797,53.806667,53.85383,54.03813,53.741924,54.015186,53.817436,54.029907,54.12272,53.604336,53.97603,54.072556,54.199753,54.06064,54.02462,53.914436,54.230972,53.99535,53.948914,54.03894,54.044827
47.964294,47.694195,47.829247,47.728466,48.00734,47.866425,48.122902,47.769676,47.77379,48.144966,48.462757,48.275368,47.949524,47.72435,48.004833,47.9966,48.215214,47.95111,48.221848,48.24156,48.01841,48.11332,48.404945,48.19104,47.962067,48.192406,48.12458,48.18855,48.38986,48.264275,48.148304
52.433285,52.28218,52.338493,52.42122,52.484756,52.644608,52.685326,52.601162,52.584023,52.84878,52.66237,52.72477,52.520763,52.725243,52.854336,52.648743,52.64665,52.971073,52.85542,52.741703,52.99555,52.828632,52.834793,52.72699,53.03601,52.93402,52.87883,52.986237,52.918236,53.01214,52.98937
37.18483,37.34505,36.588295,36.86805,36.848213,37.122986,36.951084,37.215775,37.3701,37.00347,36.9366,37.204414,37.09943,36.92852,37.414196,37.149284,37.320335,37.568787,37.16204,37.48792,37.528336,37.402817,37.1699,37.420456,37.685085,37.1529,37.26929,37.29236,37.844475,37.541317,37.513367
40.27904,40.11195,40.780754,40.807266,40.47856,40.927193,41.072998,40.74615,40.245396,40.843395,41.027508,40.633312,40.81496,40.974697,40.29413,40.878784,40.456734,40.889626,40.763927,40.543682,40.5073,40.90873,40.34531,40.631706,40.733788,41.38363,41.057003,41.176483,40.83173,40.29567,41.032288
51.272846,50.83271,50.872284,50.759724,50.777435,51.056625,50.712223,51.144478,51.003193,50.727947,50.82146,51.071964,50.71081,51.220688,50.461456,50.88117,50.971306,51.090332,50.976044,50.687977,50.99747,51.428875,51.034317,50.825577,51.089874,51.351906,51.06757,51.078854,51.311897,51.44208,50.758785
49.465866,49.48769,49.8648,49.405098,49.75444,49.488304,49.75457,49.309063,49.45056,50.030552,49.764748,50.078156,49.7395,49.805836,49.285065,49.566784,49.5602,49.98047,50.02543,49.678722,49.529037,49.751457,49.939724,49.904076,49.536324,50.026566,50.144234,49.811714,49.626778,49.306877,49.86414
39.342266,39.698204,39.41279,39.459435,39.68589,39.68053,39.96882,39.497173,39.23049,40.01762,39.498486,39.963566,39.991047,39.760918,39.601555,39.593437,39.567772,39.714214,39.40785,40.021465,39.829628,40.067245,39.608093,39.635223,39.800556,40.287483,39.82675,40.099213,39.786137,39.718327,40.08015
49.778114,49.710205,50.157173,49.985844,49.80336,49.858887,49.560146,49.922604,50.28615,50.012577,50.37152,50.078342,50.048935,50.596817,50.528854,49.816326,50.316525,50.18795,50.353733,50.30177,50.209835,50.157616,50.578606,50.121696,50.72843,50.662254,50.34394,50.283237,49.986885,50.805218,50.642746
42.913895,43.485313,43.211983,42.73781,43.044914,43.06616,43.3089,43.09517,43.128544,43.350544,42.825344,43.621716,43.213314,43.605934,43.133663,43.292957,43.361366,43.12415,42.94843,43.140602,43.275547,43.76318,43.57936,43.372284,43.41134,43.808044,43.34074,43.674576,43.27497,43.748783,43.465977
56.403004,56.577877,56.37361,56.42776,56.633698,56.51063,56.08142,56.583195,56.96641,56.48063,56.30008,56.475204,56.654274,56.82603,56.53011,56.711727,56.580055,56.49911,56.629536,56.615055,56.90856,56.59683,56.845238,56.87789,56.75445,56.805557,56.71358,56.815144,56.740402,57.291306,56.556618
45.57594,45.784904,45.740974,45.67799,45.265358,45.795498,46.080685,46.05818,45.682655,45.90933,45.87818,45.788826,45.545364,45.81312,45.78385,46.03653,45.92621,45.98876,45.86429,45.714626,45.724827,46.178318,45.783157,45.799583,46.005398,46.229637,45.64811,46.65817,46.103218,45.86908,45.82672
55.828083,55.76212,56.066315,56.041893,55.650284,56.134403,56.346832,56.23844,55.78253,55.706097,55.97843,56.228764,56.10031,55.75821,56.030846,56.170128,56.191635,56.056664,56.029488,56.161327,56.025932,56.024254,56.631622,56.08702,56.573635,56.188377,56.017857,56.304577,56.02626,56.242214,56.050594
50.182266,50.184803,50.735794,50.27148,50.50769,50.542187,50.276455,50.322365,50.315125,50.209785,50.279022,50.270702,50.561268,50.32116,50.25882,49.9064,50.70701,50.380493,50.386524,50.43723,50.546135,50.842907,50.883255,50.512947,50.464287,50.433533,50.810223,50.182816,50.379112,50.573135,50.257034
51.801655,51.81426,51.94986,52.041008,51.37494,52.19789,51.813614,52.36659,52.119747,51.616257,51.579014,51.99757,52.03947,52.31336,52.020218,51.817642,52.00321,52.299942,51.735546,51.82017,52.299156,52.529934,52.131084,51.9926,52.813805,52.325974,52.220886,52.2934,52.171524,52.537773,52.11628
43.75266,43.691895,43.483986,43.8857,43.99398,43.965157,44.020317,43.83622,43.764297,44.042385,44.161354,43.752987,44.017338,43.54245,43.95179,43.733517,43.81292,44.028805,44.087948,44.25746,44.19275,44.17021,43.935764,44.246925,44.252758,44.09636,44.206352,43.919582,44.466885,44.00526,44.40505
42.92752,42.69593,42.699623,43.19592,42.88806,42.867203,43.270855,42.94956,42.75674,43.124893,43.454807,43.287037,43.061806,42.744747,43.27089,43.272575,43.216324,43.203663,43.309975,43.516438,43.171684,42.855946,43.325256,43.15853,43.35084,43.130486,43.251495,43.392387,43.50447,43.212807,43.52686
48.811638,48.8769,48.659157,48.443268,48.954987,49.033455,48.730473,49.18388,49.005028,48.81807,48.469604,48.910213,49.00579,49.27628,49.172012,48.99317,49.072075,49.024246,48.98119,48.877724,49.030483,49.27472,49.03271,49.292732,49.308098,49.39585,49.234055,49.235603,48.9327,49.51454,49.38546
46.381264,46.310436,46.79985,46.503727,46.482613,46.791267,46.808056,46.79508,46.941986,46.46149,46.910736,46.813488,46.68886,46.89388,46.77867,47.26004,47.272827,47.094666,47.012196,46.86948,46.73194,46.569057,47.10515,47.13939,47.132435,47.070335,47.25778,46.98318,46.815895,46.87252,47.049915
53.0029,52.75724,52.79557,52.97626,53.10443,53.18577,52.894844,53.09862,53.183216,52.974392,52.930912,52.73029,53.088493,53.02738,53.304897,52.93174,52.864292,53.645916,53.33605,53.460598,53.685627,53.45324,52.967293,53.252632,53.62383,53.402016,53.546143,52.999397,53.327972,53.21249,53.623703
44.632984,44.39039,44.316734,44.960026,43.9853,44.45108,44.319675,44.897152,44.52251,44.21919,44.43433,44.63444,44.29106,44.847546,44.3121,44.42492,44.488514,44.752518,44.317818,44.68749,44.722713,44.94268,44.41008,44.122925,45.212624,45.20771,44.680862,44.965843,44.78439,45.08254,44.716736
51.123302,51.47234,51.33982,51.53463,51.49547,51.639454,51.57163,51.79019,51.89346,51.726017,51.78908,51.108852,51.663277,51.437317,51.833057,51.78788,52.012997,51.68402,51.935287,51.758034,51.80879,51.5965,51.941425,52.08442,51.95214,51.584076,51.58841,52.108547,51.75798,51.878693,51.628
41.33577,41.781006,41.398407,41.716217,41.357742,41.21841,41.7314,41.328247,41.493217,41.86505,41.777836,41.823826,41.56326,41.429836,41.908516,41.65865,41.59092,41.771492,41.722534,42.2349,41.86255,41.738644,41.75461,41.77369,42.010933,42.008194,41.786423,42.10709,42.16177,41.761505,42.29889
43.477997,43.701626,43.302902,43.637787,43.550613,43.494377,42.992023,43.617054,43.628418,43.37903,43.126083,43.251057,43.71788,43.55336,43.37029,43.207336,43.404922,43.517002,43.456142,43.65619,43.66313,43.732395,43.283978,43.65452,43.591663,43.617493,43.740345,43.65707,43.884346,43.736652,43.593834
52.2481,51.592133,50.97532,51.784492,52.002502,51.741844,52.140453,52.01712,51.584393,52.056477,51.67747,52.371494,51.985107,51.868874,52.034504,52.250874,51.948315,52.449535,52.10101,52.36014,52.46725,52.128456,52.099094,52.02224,52.462795,52.04418,52.264877,52.15611,52.17381,52.408344,52.531155
38.04129,38.31611,37.920258,38.14365,37.715393,38.05514,38.03618,38.28414,37.971466,37.916336,37.883957,38.1875,38.29965,38.349792,38.141846,38.44216,38.32384,38.227177,38.13722,38.395226,37.84649,37.9325,38.016796,38.046127,38.499218,38.532288,38.042213,38.75012,38.39212,38.215595,38.522137
57.806973,58.01665,58.436165,57.95121,58.23185,58.14745,57.94519,58.049763,58.528934,58.146935,58.292698,58.415882,58.263977,58.22104,58.31622,58.065823,58.69046,57.96406,58.26933,58.252598,58.33815,58.28506,58.94351,58.81298,58.32359,58.36612,58.719517,58.33502,58.45926,58.88866,58.188396
42.908554,43.21752,42.948494,43.08714,42.988235,42.840225,43.09188,43.02556,43.1939,43.202606,43.08932,43.291782,43.179497,43.30914,43.319416,43.29475,43.47477,43.258713,43.170162,43.475735,43.413433,43.411312,43.505302,43.38942,43.541386,43.426712,43.42901,43.522762,43.384686,43.639717,43.60509
43.29444,43.267643,43.298668,43.087494,43.131958,43.545914,43.379395,43.59366,43.36035,43.20371,43.23356,43.541515,43.351795,43.51384,43.107994,43.357285,43.32227,43.425396,43.130825,43.109776,43.474804,44.016205,43.450634,43.51622,43.543083,43.78929,43.52068,43.610653,43.57239,43.77126,43.317924
38.280087,38.2238,38.269547,38.37982,38.356567,38.450466,38.11461,38.546722,38.525013,38.16981,38.4936,38.430058,38.32659,38.477066,38.303017,38.460632,38.37768,38.36968,38.375,38.55872,38.394638,38.419933,38.265846,38.502968,38.47544,38.94657,38.684456,38.618607,38.64138,38.734966,38.573265
48.15281,47.71884,47.91941,47.937847,48.005493,48.145206,48.07916,47.999805,47.62779,48.11322,48.24516,47.974495,48.099464,47.82049,47.828323,47.696846,47.636642,48.27751,48.316494,48.101715,47.946743,48.39248,47.75061,48.100258,48.058224,48.380028,48.274746,48.106133,48.487232,47.704414,48.37772
50.452713,50.32679,50.33265,50.496548,50.99263,50.35279,50.29081,50.31119,50.339832,50.43933,50.239834,50.268806,50.94047,50.684566,50.451683,50.99985,50.492596,50.40968,50.76851,50.639347,50.706642,50.44578,50.52377,50.952576,50.175755,50.4029,51.00745,50.632782,50.777355,50.69844,50.928936
40.40122,40.4145,40.317467,40.39872,40.341965,40.471756,40.688828,40.510094,40.50745,40.579865,40.664577,40.864662,40.314903,40.553055,40.305595,40.660934,40.601593,40.706467,40.60648,40.5594,40.651268,40.689735,40.92001,40.61239,40.904327,40.875458,40.70212,40.704365,40.789204,40.87169,40.711212
37.517384,37.74405,37.82354,37.87135,37.436752,37.870384,37.714336,37.906143,38.214073,37.64567,37.96509,37.67346,37.753662,38.102547,37.622253,38.103863,38.075336,38.26259,37.9702,37.84526,37.93654,38.05172,37.75767,38.243813,38.323746,38.22541,38.387375,38.07561,38.38443,37.89015,38.228603
52.714252,52.91433,53.094887,52.686253,52.93168,53.16334,53.067368,53.133804,53.51572,53.17349,53.271534,53.15818,52.88069,53.120308,53.149906,53.243843,53.22435,53.198048,53.129772,53.01695,53.42581,53.579845,53.31294,53.689835,53.23997,53.582092,53.471783,53.498512,53.51144,53.59979,53.14099
50.763523,50.6789,50.841194,50.533367,51.29873,51.03703,50.462914,50.64267,50.97506,50.772335,50.427494,50.960102,51.39666,51.10355,51.081593,50.75697,50.988113,51.085274,50.96583,51.114,51.30901,50.979538,51.077103,51.328354,50.91814,50.893906,51.646595,50.638424,51.1141,51.246834,51.27613
52.059258,52.014862,52.121895,52.170967,52.03412,52.1339,52.017883,52.255993,52.209255,52.29209,52.07305,52.440643,52.36652,52.479107,52.24385,52.040134,52.16638,52.383667,52.2548,52.090153,52.44522,52.571568,52.54307,52.42713,52.534687,52.360725,52.51119,52.508045,52.297882,52.66799,52.37171
46.395763,46.352734,46.793144,46.595768,46.427643,46.587418,46.190315,46.49143,46.425713,46.49879,46.669804,46.5188,46.93117,47.09005,46.775295,46.41866,46.497787,46.454475,46.746273,46.502663,46.402763,46.682358,46.65891,46.677895,46.76086,46.98802,46.80714,46.897522,46.81402,46.922756,47.101906
44.37684,44.615177,44.53499,44.558147,44.785774,44.437214,44.816593,44.546516,44.323772,44.61145,44.789486,44.335487,44.851658,44.389706,44.98935,44.908184,44.60451,44.39525,44.86191,45.020027,44.630527,44.901814,44.691982,45.18869,44.69884,44.962082,44.863903,44.984886,44.96527,44.713394,45.45931
45.732536,45.97215,46.17121,45.75616,46.35401,46.00987,46.025414,45.80545,46.16897,46.140182,45.88845,46.22425,46.409683,46.2452,46.472794,46.40698,46.512894,46.28926,46.297108,46.385544,46.430527,46.120922,46.51302,46.66475,46.062473,46.07794,46.780468,46.240604,46.278706,46.369854,46.568924
50.579987,51.2092,51.141594,50.83393,50.97232,51.14801,51.247936,50.963947,51.30436,51.38696,51.20891,50.83559,51.08793,51.28392,51.31101,51.397484,51.25335,51.20674,51.399273,51.28921,51.32618,51.224735,51.43902,51.396484,51.51394,51.62181,51.078377,51.65354,51.4067,51.374886,51.481915
46.781124,46.982887,47.360382,46.99048,47.26465,47.01458,47.22583,46.97081,47.222404,47.084187,47.422176,47.098938,47.162983,46.858955,47.247837,47.36605,47.577644,47.138134,47.42082,47.48182,47.25227,47.130814,47.73195,47.5739,47.077965,47.198357,47.455933,47.275364,47.183773,47.234005,47.20037
44.28764,43.985085,44.072647,43.439857,44.365692,44.406338,44.240974,44.074406,44.268326,44.402378,44.383667,44.54514,44.210316,44.14596,44.37485,44.202923,44.514343,44.534798,44.58625,44.0618,44.30772,44.608593,44.452366,44.914658,44.116764,44.23255,44.806183,44.22391,44.978386,44.46769,44.55396
40.926888,40.84265,40.762497,40.586044,40.75714,40.779263,40.5805,40.791004,40.970154,40.471313,41.05323,40.535522,40.4983,40.53628,40.740643,41.0947,40.793438,40.874027,41.1454,41.099052,40.700638,40.76264,40.59978,40.998016,40.714497,41.214516,40.876255,40.93724,41.454132,40.817783,41.04589
50.281834,49.99993,49.959785,50.43351,49.928978,49.90229,49.693745,50.109203,50.277935,49.91628,50.321358,50.31494,50.128338,50.374092,50.176945,49.923897,50.344654,50.191082,50.336086,50.48535,50.299614,50.16429,50.601307,50.168083,50.880157,50.49256,50.454605,50.17627,50.562458,50.914097,50.61794
54.23725,54.13287,54.087822,54.617653,54.272865,54.32691,54.65164,54.644566,54.489563,54.431465,54.473026,54.27293,54.339096,54.27017,54.61343,54.891262,54.893394,54.722977,54.6151,54.742775,54.951035,54.62138,54.74956,54.678436,54.814774,54.385376,54.71554,54.977474,54.75518,54.85124,54.564533
49.455044,49.167625,49.310448,49.698242,49.56848,49.34094,49.638996,49.59311,49.327724,49.800385,49.60693,49.841988,49.46832,49.56171,49.75644,49.62165,49.494667,49.889015,49.79942,49.836063,49.901962,49.65305,49.763515,49.54036,49.723797,49.77378,49.919403,49.99658,49.541237,49.802696,49.865196
43.932014,43.87403,43.717636,44.378143,43.547768,43.978973,43.862083,44.151665,43.861683,43.69544,43.920494,43.84303,43.947212,43.872017,43.90588,44.023277,43.808662,44.048443,43.858696,44.18381,44.20919,44.041855,43.889366,43.698944,44.38821,44.132057,43.879547,44.331673,44.478355,44.286785,44.061245
51.8883,51.967113,52.19612,52.242065,51.856926,52.408714,52.22534,52.406143,52.375347,52.143745,52.13578,52.324787,52.319435,52.383698,52.50229,51.92782,52.523846,52.58429,52.165203,52.42155,52.697598,52.65485,52.752163,52.324455,53.15952,52.56369,52.58045,52.418034,52.308643,52.81021,52.488224
43.219196,43.33277,43.281677,43.058918,43.154373,43.383194,43.03759,43.382565,43.822773,43.39523,43.601707,43.368946,43.0151,43.616074,43.28122,43.559555,43.168472,43.59287,43.715237,43.23376,43.370163,43.378834,43.324303,43.689247,43.580505,43.976982,43.526955,43.686787,43.85655,43.681374,43.623714
56.742386,55.851337,56.30265,56.34913,56.655273,56.700485,56.611076,56.451622,56.515743,56.47555,57.00705,56.65817,56.50098,56.322098,56.554974,56.671814,56.908882,56.932823,56.987926,56.8534,56.86695,56.633266,56.796238,56.848938,56.72705,56.64881,57.164646,56.459377,57.241333,56.813698,56.823437
48.268288,48.20465,48.596985,48.289406,48.294968,48.96923,48.30243,48.714897,48.99051,48.52347,48.75962,48.691277,48.627045,48.787315,48.657867,48.451153,48.552357,48.926956,48.808075,48.35847,48.677498,48.5748,48.76705,49.000954,49.05635,48.91385,48.95872,48.71,48.96318,48.898132,48.71619
47.62409,47.08966,47.38446,47.39171,47.767723,47.60138,47.76709,47.455578,47.45323,47.84449,47.829967,47.909782,47.61096,47.71648,47.65104,47.72248,47.874325,48.053818,47.972248,47.715504,47.967014,47.879852,47.966415,47.86268,47.75712,47.697426,48.255524,47.6693,47.952023,47.890823,48.009293
39.59394,39.72633,39.74543,39.222157,40.018158,39.661476,39.449852,39.260128,39.52357,39.750904,39.664677,39.805325,39.992702,39.622646,39.802895,39.43161,39.67104,39.559067,39.794018,39.876965,39.70857,39.91599,39.824253,40.0739,39.39678,39.82168,40.073162,39.550568,40.144524,39.826794,40.095486
45.631218,45.749966,45.588585,45.70755,45.275322,45.612762,45.49446,45.836197,45.563946,45.46883,45.56838,45.669567,45.611908,45.761406,45.357,45.384567,45.62026,45.61187,45.365467,45.883644,45.61525,46.160763,45.5119,45.395058,45.973866,46.426826,45.571392,46.08121,45.78872,45.921688,45.657673
41.806583,41.84013,41.4252,42.016724,41.914276,41.683502,42.092678,41.954487,41.48085,41.896896,42.03329,42.09156,41.99228,41.71526,41.86755,42.20949,41.993595,41.536797,41.90253,42.346638,41.74415,41.661972,42.121758,41.88266,42.093727,42.309845,41.76385,42.386513,42.042027,42.27913,42.272053
43.4917,43.188328,44.1203,43.56187,44.223442,44.13014,44.05767,43.669983,43.8365,43.93681,44.382446,43.967052,44.02173,44.19947,43.90205,44.16647,44.16627,43.91116,44.193226,43.87469,43.94558,44.024258,44.188465,44.42228,43.86213,44.45244,44.776344,43.85375,44.130154,44.134064,44.483906
58.99969,58.92232,58.840454,58.806427,59.047028,58.748146,58.816513,58.982006,59.149727,58.83731,59.40303,58.74032,58.849144,58.626785,59.268833,59.053078,59.31132,58.77444,59.510826,59.442394,58.945,58.97416,59.51715,59.527084,59.335217,59.3079,59.02675,59.1746,59.32554,59.477962,59.394444
37.230465,37.46895,37.065056,37.48351,37.339386,37.168297,37.581738,37.390095,37.25065,37.660606,37.439243,37.54486,37.361725,37.566742,37.262226,37.71619,37.576775,37.398502,37.351513,37.54873,37.63199,37.731308,37.57877,37.420822,37.51223,37.693222,37.476925,37.973957,37.68876,37.838234,37.61382
48.0516,48.605774,48.74984,48.139786,48.35498,48.171925,48.578457,48.038548,48.596806,48.63799,48.50226,48.67434,48.43178,48.52214,48.75561,48.45099,48.63167,48.74682,48.622814,48.83395,48.844315,49.031635,48.991013,48.992332,48.843346,48.930565,49.02083,48.63429,48.754284,48.66419,49.129173
42.643673,42.8251,42.951515,42.52789,42.924377,43.087025,43.322536,43.105522,42.86056,42.977097,42.77949,42.905113,43.038082,43.13528,42.88871,43.587986,43.15668,43.123028,42.912407,42.755962,43.089375,43.568584,42.86987,43.452797,42.77021,43.283028,43.352543,43.5353,43.18357,43.01262,43.16519
37.571625,37.30352,37.5198,37.21741,37.82921,37.954777,37.57962,37.799625,37.530228,37.572987,37.57206,37.688957,37.866783,37.867825,37.768337,37.892994,37.65659,37.796925,37.747734,37.51896,37.66592,37.859013,37.45919,37.950714,37.447605,37.93412,38.060986,37.87816,37.861145,37.833427,37.953022
40.736248,40.947987,40.883133,41.01747,40.813454,40.624363,40.97372,40.789627,40.943058,41.193336,41.010353,41.36313,40.91003,41.509495,40.94996,41.34394,41.15864,41.181652,41.13182,41.197674,41.110645,40.93684,41.385067,40.894836,41.317936,41.496353,41.19229,41.495537,40.959103,41.412067,41.414413
39.52146,39.494854,39.383842,39.94583,39.52607,39.711285,39.999054,39.714005,39.47113,40.049587,40.00614,39.901024,39.97637,39.910976,40.011,39.896427,39.912983,40.190445,40.004242,40.25131,39.932007,39.732395,39.795975,39.75071,40.382454,40.156006,40.04647,40.275543,40.118343,39.812973,40.537075
39.307552,39.484978,39.14511,39.101654,39.306847,39.116455,39.3387,39.26776,39.33216,39.292885,39.372143,39.262478,39.204903,39.424473,39.35878,39.735504,39.491596,39.483513,39.681026,39.604187,39.27243,39.411377,39.434372,39.609093,39.571163,39.771942,39.492947,39.633118,39.667805,39.477818,39.9495
39.812237,39.773396,39.981453,39.951244,39.614098,40.18633,39.495674,40.342144,40.432796,39.614944,39.7022,39.894745,39.87294,40.58893,39.892967,39.968716,40.08176,40.533237,39.956352,39.89819,40.190327,40.250397,39.81189,39.97245,40.549244,40.572006,40.474545,40.183216,39.981148,40.34096,40.147278
45.87375,45.91797,45.567535,45.6409,45.615143,45.477814,45.502117,45.801003,45.969994,45.774063,45.643726,45.894436,45.565815,45.904324,45.849964,45.69642,45.69967,46.171898,46.032772,45.91956,46.04086,46.224552,45.971302,46.036682,46.226917,46.0943,46.055725,45.95555,46.01349,46.143936,46.2174
48.218033,47.76188,47.779663,48.462223,48.03723,48.171844,48.194958,48.304523,47.63466,47.979946,47.977715,48.34637,48.48915,47.957874,47.90749,48.098316,48.230846,48.156616,48.108387,48.196766,48.128765,48.051888,48.281418,48.104843,48.2853,47.855103,48.38319,48.331333,48.461628,48.262848,48.16581
53.318947,53.387505,54.0785,53.478725,53.279648,53.734024,53.700993,53.64242,53.688343,53.47699,53.79524,53.796658,53.388462,53.774757,53.757763,53.539234,53.773823,53.72863,53.720436,53.711212,53.7349,53.863445,54.24213,53.51436,54.108692,54.2825,53.727932,53.896202,53.578773,54.053486,53.695667
52.62366,52.85132,52.96447,52.82593,52.788048,52.80952,52.812122,52.779324,52.838306,52.952244,53.0526,52.41053,52.897575,52.952877,52.994286,52.898552,52.765606,52.792835,53.17832,52.96064,52.950645,53.22323,52.956894,53.114807,53.072823,53.295067,52.89213,53.26819,53.258907,53.059086,53.303253
41.849464,42.043304,41.824753,41.949898,41.746025,41.69112,41.91459,41.808353,41.91065,41.91331,42.106094,41.88419,42.00399,42.02827,42.200706,42.2328,42.126118,42.059296,42.167892,42.368183,42.05107,42.12951,42.052933,42.19216,42.299065,42.319214,42.12562,42.36953,42.491413,42.213158,42.651398
51.547176,51.495567,51.426888,51.469822,51.83438,51.795326,51.726658,51.7695,51.582497,51.87827,51.469368,51.552925,51.869614,51.699646,51.90839,51.638275,51.96898,51.8942,51.81473,51.813015,52.073875,52.12042,51.822147,51.95883,51.800938,51.705513,52.04145,52.016586,51.960377,52.016663,51.88997
51.131485,50.79106,50.621346,50.318027,51.23017,51.20329,51.454266,51.109715,50.572956,51.063213,50.7366,50.833748,51.12833,50.684227,50.799706,51.23637,51.05389,51.400066,51.180508,51.060833,51.112682,51.717773,50.718597,51.438858,50.81542,51.187286,51.344383,51.168903,51.27557,50.62442,51.268204
49.683014,49.769997,49.348648,49.904175,50.122475,49.78364,50.332657,49.82818,49.949886,50.628937,50.25243,50.02009,49.969566,49.76262,50.681084,50.36531,50.14058,50.35659,50.426464,50.520977,50.78615,50.121635,50.408955,50.373024,50.36523,49.95302,50.17512,50.577442,50.468864,50.50819,50.614643
45.21598,45.54905,45.54728,45.155483,45.105995,45.435356,45.146664,45.509007,45.727814,45.287514,45.458824,45.39835,45.46884,45.523933,45.55243,45.23759,45.74192,45.560745,45.575775,45.460632,45.353413,45.7176,45.74793,45.84356,45.849415,45.726654,45.598946,45.678093,45.690804,45.719475,45.61613
43.284187,43.059616,42.546127,42.64495,42.959465,43.001293,42.95681,43.029495,43.17445,42.99096,43.005558,43.239826,42.986187,42.84067,42.880478,42.906048,43.411026,43.43648,43.19375,43.118233,43.31791,43.556828,43.35864,43.504227,43.43167,42.91523,43.413773,42.88952,43.72045,43.415752,43.235775
44.04706,44.177864,44.328926,44.349545,44.1567,44.164215,44.34186,44.306103,44.290215,44.2973,44.682953,44.40663,44.235558,44.468475,44.81513,44.574017,44.38027,44.16287,44.468037,44.70075,44.42479,44.430958,44.59805,44.491043,44.7352,45.059685,44.473465,44.868923,44.62556,44.96349,45.052326
61.584476,61.543083,61.95658,61.79931,61.450302,61.548553,61.62156,61.54182,61.611473,61.787487,61.731464,62.003048,61.819378,62.070118,61.621445,61.48959,61.82882,61.775,61.873016,61.748894,61.76318,61.978268,62.241165,61.814926,62.178684,62.133003,62.08528,62.021152,61.965652,62.11145,62.026
41.029015,40.64019,41.32505,41.155083,40.844757,41.191467,41.25595,41.332798,41.157417,41.045593,41.34205,41.484627,41.264584,42.056656,41.449535,41.580784,41.578686,41.82883,41.53242,41.166283,41.233433,41.478268,41.49055,41.405487,41.986797,41.86149,42.0151,41.53428,41.15355,41.542248,42.178062
38.67821,38.483696,38.120094,38.38196,38.534958,38.562656,38.39788,38.602863,38.635906,38.59682,38.633995,38.36759,38.63269,38.293316,38.605988,38.521984,38.53934,39.066116,38.939148,38.596073,38.784554,38.937355,38.355534,39.13884,38.666676,38.300964,38.980747,38.589336,39.336033,38.460873,38.952854
47.374016,47.350533,47.547882,47.68118,47.76065,47.071594,47.315166,47.182545,47.11045,47.422672,47.26977,47.495342,47.791424,47.44708,47.524754,47.592533,47.665264,47.374172,47.725048,47.725304,47.500427,47.374855,47.764572,47.768112,47.185783,47.176575,48.04749,47.595745,47.661312,47.50796,47.865192
52.87563,52.925667,52.32804,52.939125,52.95739,52.96017,52.81901,52.954323,53.013542,53.166214,53.185272,52.740387,53.04128,52.725685,53.389484,52.817783,53.076916,52.74679,53.00373,53.49186,53.415047,53.21471,52.99267,53.199234,53.39196,53.303795,52.926,53.421986,53.854675,53.79547,53.41477
51.07844,50.44271,51.18183,50.967033,50.937172,50.960613,50.833256,50.881077,50.85599,50.654694,51.173756,51.254265,50.7324,51.21212,50.71248,51.024265,50.74825,51.0614,51.160877,50.93965,51.027878,51.090916,51.229027,50.880997,51.135098,51.569954,51.457726,50.857117,51.144638,51.345375,51.263577
43.73187,43.635136,43.699753,43.714596,43.828552,43.559555,43.602814,43.41365,43.54302,43.54743,43.67584,44.033237,44.176155,43.68318,43.89369,43.76772,43.856792,44.00514,44.022568,44.265923,43.807053,43.545322,44.116642,44.080063,44.067913,43.74376,44.307278,43.549324,44.010662,43.727173,44.460693
43.305466,43.332478,43.94362,43.641945,43.476288,43.662575,43.8504,43.678123,43.431026,43.522976,43.63633,43.68998,43.772938,44.085575,43.742004,44.09423,43.89018,43.833805,43.828976,43.620415,43.60413,43.76517,43.925224,43.7659,43.878624,44.041626,44.081486,44.077023,43.60569,43.750103,44.14084
40.91687,40.97393,40.66838,40.701218,40.88363,40.74902,40.982872,40.868813,40.521408,40.6054,40.473335,40.94086,40.9262,40.71564,40.67858,41.165054,41.157837,40.808445,40.719105,41.139812,40.859386,41.042126,40.903877,40.85894,40.747017,40.97487,41.00618,41.11349,41.134823,40.989624,40.9809
47.7511,47.885204,47.774094,48.301285,47.73284,48.010277,47.929962,48.21067,48.322346,48.181408,48.194374,48.24228,48.125767,48.337612,48.07812,48.19186,48.275772,48.343353,48.177483,48.30329,48.313244,47.93737,48.368725,48.169746,48.735348,48.437325,48.264725,48.595085,48.2292,48.549114,48.25515
43.580856,43.745155,44.080513,43.422375,43.87297,44.004143,43.49319,43.68935,44.349926,43.662167,44.031456,43.911682,43.59505,43.78305,43.878525,43.724926,44.25839,43.87477,43.90776,44.050465,44.06975,43.86897,44.264225,44.034065,43.837925,44.198143,44.15006,43.77778,44.176346,44.361626,43.621616
51.013195,51.311054,51.387764,51.108543,51.377472,51.61436,51.32555,51.33267,51.72761,51.90288,51.57136,51.171867,51.56953,51.539658,52.01656,51.1717,51.430645,51.849705,51.740757,51.48125,52.052013,52.06624,51.55904,51.96633,51.755867,51.5944,51.776737,51.82545,52.005535,51.781006,51.846497
37.41826,37.101646,37.036423,37.04044,37.104385,36.969467,36.77336,37.229404,37.234703,36.896576,37.097057,37.344982,37.103924,37.424015,36.782776,37.200794,36.98146,37.476753,37.338203,37.02349,37.088566,37.54604,37.0528,37.46129,37.22221,37.466614,37.659054,37.11139,37.38245,37.265686,37.496742
40.330494,40.35683,39.757942,40.51848,40.063744,40.003796,39.914604,40.43071,40.212437,40.453667,39.88299,40.447304,40.43311,40.52833,40.520485,40.105686,40.155148,40.73723,40.260563,40.5628,40.69493,40.58955,40.0818,40.176926,40.62628,40.35411,40.48644,40.824295,40.48636,40.634476,40.638966
47.97702,47.697044,47.4394,47.852505,48.007072,47.57544,47.526623,47.589935,47.818474,47.876286,48.03614,47.82488,47.89249,47.688293,47.93411,47.76034,47.870193,48.021248,48.236214,48.416946,48.03309,47.77242,47.84656,48.100716,48.039234,48.04796,48.259495,47.844852,48.428215,48.04078,48.45452
48.738483,48.56197,48.153778,48.127594,48.47782,48.507977,48.29112,48.577286,48.840584,48.528915,48.5485,48.637226,48.48043,48.50055,48.55333,48.42001,48.852676,48.905586,48.835728,48.593483,48.85334,48.949345,49.023224,48.951874,48.992958,48.502632,48.712666,48.495617,48.965775,49.098568,48.653236
50.77664,51.42647,51.028954,50.778175,51.09803,50.41962,50.62683,50.390793,51.30584,51.06283,50.884766,50.86889,50.98353,50.975887,50.853893,51.191727,51.338142,50.74563,51.190628,51.125004,51.247574,51.169247,51.58976,51.615875,50.816532,50.752884,51.227592,51.08047,51.66476,51.475033,51.117016
47.391846,47.268005,47.374863,47.55852,47.39277,47.66808,47.677124,47.617085,47.371223,47.42738,47.29167,47.528786,47.655396,47.672424,47.402153,47.830433,47.57888,47.956017,47.693413,47.635864,47.694565,47.531227,47.535034,47.603203,47.90307,47.72522,47.940685,47.7698,47.799683,47.487583,47.893723
54.729027,53.95758,54.11055,54.58922,54.880386,54.63004,54.568283,54.631657,53.97409,54.52152,54.213715,54.44323,54.82175,54.45001,54.506092,54.512592,54.402153,54.675945,54.62879,54.548653,54.974323,54.8672,54.54729,54.47505,54.39669,54.258057,54.899048,54.571396,54.678482,54.79569,54.641914
43.21768,43.221146,43.44719,42.923386,43.470795,43.227165,42.978825,43.129898,43.05262,42.896122,42.87677,43.05031,43.457523,43.250946,42.994896,43.195896,43.18406,43.05904,43.23317,42.99186,43.174927,43.670883,43.33307,43.579063,42.825375,43.141373,43.58572,43.066605,43.378952,43.300514,43.27456
48.673553,48.965164,48.848984,48.809227,49.121925,48.867126,49.136223,48.837807,49.034412,49.19762,48.663544,49.220337,49.125374,49.07343,49.28366,49.195488,49.419327,49.39984,49.108723,49.450794,49.56913,49.166576,49.51649,49.267143,49.331875,49.080887,49.518864,49.25358,49.031944,49.33997,49.355732
47.883106,47.403847,47.79593,47.742405,47.785614,47.731983,47.614227,47.82686,47.96078,47.426395,47.928417,47.948376,47.71562,48.049816,47.893925,48.01382,48.22668,48.03182,47.95919,48.0383,48.12002,48.104015,48.20213,48.048065,48.201313,48.167183,48.480827,47.761692,48.071552,48.473415,48.245586
45.015926,45.167416,45.097153,45.029503,45.121063,45.033962,44.84179,44.939545,45.113934,45.059505,45.015778,45.01368,45.2467,45.117863,45.133957,45.012856,44.85057,45.218864,45.291775,45.26687,45.264847,45.272953,45.16622,45.321785,45.23109,45.297523,45.307407,45.161037,45.455673,45.214252,45.46523
55.157127,55.447678,55.67588,55.614014,55.232132,55.47802,55.463688,55.669247,55.88937,55.22314,55.537304,55.526382,55.64136,55.84956,55.829666,55.78106,55.993008,55.591084,55.584103,55.8377,55.84509,55.781532,56.2188,55.977592,56.454796,56.08233,55.948593,55.854305,55.62569,56.3141,56.06295
54.558506,54.013824,54.080406,54.558968,54.9263,54.701077,54.620342,54.609573,54.373623,54.468742,54.706013,54.28628,54.68008,54.127342,54.687325,54.671707,54.669296,54.53117,54.690525,55.040085,55.047825,54.689774,54.57253,54.779037,54.580627,54.64061,54.933243,54.591698,55.002953,54.93771,54.786804
45.990406,45.90159,46.272247,46.03501,45.954514,46.3004,46.280434,46.257793,46.39271,46.130917,46.7214,46.435234,46.207474,46.311485,46.353485,46.515293,46.506935,46.207,46.352016,46.193863,46.272465,46.449448,46.607124,46.72258,46.50653,46.63022,46.548214,46.59065,46.77048,46.77017,46.526806
36.264572,36.62787,36.941956,36.48694,36.144165,36.452354,36.185047,36.37454,36.76323,36.15538,36.247902,36.638027,36.510696,37.133953,36.270535,36.591953,36.709896,36.736164,36.367237,36.402225,36.577595,36.88768,36.64128,36.619087,36.806526,36.969696,37.09721,36.61018,36.861965,36.8025,36.820618
54.133606,53.62718,54.028824,54.174385,54.15988,54.27899,54.244072,54.113155,53.974243,54.190037,54.215816,54.429344,54.23953,54.39368,54.095276,54.280823,54.40951,54.470062,54.230587,54.510376,54.536877,54.210037,54.425434,53.88642,54.43894,54.589897,54.522995,54.39967,54.274193,54.559303,54.27864
48.110836,47.839867,47.95965,47.813976,47.804825,48.2476,47.923615,48.342007,48.268234,47.801403,48.315758,48.00275,47.938267,48.14347,47.959854,48.235584,48.359306,48.24862,48.388412,48.05252,47.84397,48.095257,48.147358,48.36113,48.437252,48.53576,48.23878,48.34103,48.46169,48.310764,48.249577
57.311447,56.73346,56.856537,57.09606,57.218468,57.395718,57.09635,57.350044,57.19048,56.90089,57.36892,56.952393,57.23033,57.178925,56.99787,57.56262,56.92139,57.244965,57.53268,57.214207,57.244278,57.14799,57.089874,57.513893,57.481834,57.622047,57.407356,57.276848,57.694077,57.45627,57.587757
48.427864,48.22466,48.633797,48.14631,48.31069,48.547623,48.073505,48.460026,48.614902,48.237736,48.43195,48.603996,48.479958,48.915817,48.51734,48.294025,48.532047,48.655186,48.76011,48.23061,48.391624,48.61361,48.88219,48.711044,48.902195,48.810226,48.853554,48.406063,48.590847,48.928413,48.841053
51.72585,51.700302,51.746925,51.552383,51.882874,51.68566,52.023468,51.912422,51.553303,52.059235,51.651657,51.84957,51.98911,52.012173,52.54398,52.025333,52.109432,52.072243,52.15793,51.959015,52.144535,52.40954,52.212334,52.21228,52.058414,51.927002,52.152298,52.427605,51.906025,52.2737,52.512238
40.21841,40.60999,40.32422,40.287846,40.39994,40.394394,40.470005,40.484394,40.53234,40.50541,40.19137,40.436485,40.783855,40.984863,40.572754,40.98605,40.829952,40.69637,40.657215,40.491325,40.53692,40.656624,40.652756,40.973,40.836353,40.689247,40.87192,40.934303,40.751904,40.75686,41.133442
44.596275,44.650826,44.433388,44.56417,44.81849,44.58092,44.449554,44.614773,44.828438,44.74686,44.77302,44.811523,45.046856,44.84415,45.21495,44.545986,45.145832,44.7991,44.812996,45.22562,45.10311,45.060158,45.144135,45.160423,45.227554,44.953682,45.17509,44.826527,45.00155,45.443523,45.37937
47.372784,47.073887,46.301117,47.55914,47.10784,47.14381,47.38251,47.646397,46.95388,47.445477,47.185085,46.766983,47.270943,47.12543,47.095066,47.710155,47.05253,47.587475,47.58062,47.37114,47.380913,47.38192,46.57465,47.415375,47.471127,47.290512,47.282597,48.022648,47.903896,47.13562,47.70988
48.770462,48.82767,48.631996,48.393887,48.53739,48.75819,48.775475,48.956852,48.992085,48.575577,48.497623,48.869133,48.581192,48.89338,48.80593,49.022816,48.95708,49.1455,48.85175,48.778885,49.05595,49.3067,49.02968,49.12597,49.240788,49.12683,49.061375,49.019344,49.026585,49.20943,49.049103
46.296124,46.419815,46.693024,46.45517,46.676163,46.494278,46.97271,46.479843,46.38569,46.84724,46.519726,46.82271,46.807823,46.815735,46.710953,46.74751,46.984188,46.884235,46.704353,46.650627,46.98549,47.258427,47.190353,46.99891,46.826954,46.688553,47.219276,46.860832,46.62975,46.858467,47.022793
54.456856,54.01553,54.44995,54.303654,54.711174,54.618065,54.62841,54.512463,54.267178,54.39186,54.94663,54.316406,54.5927,54.267685,54.557327,55.023746,54.7386,54.212353,54.90161,54.64489,54.291595,54.277863,54.571262,54.883194,54.15175,54.724945,54.67335,54.90374,55.005955,54.65136,54.698326
47.586964,47.410263,47.53061,47.766163,47.61915,47.88458,47.78674,48.010246,47.7301,47.45883,47.74637,47.34667,47.834812,47.737762,47.718,48.011086,47.88205,47.92658,47.95153,47.72556,47.86537,47.984085,47.78572,48.1288,48.166943,47.865494,48.089146,47.910816,48.03856,47.901134,48.12723
46.647835,46.95993,47.538498,46.9685,46.89779,47.216343,47.23702,47.034084,47.113102,47.401634,47.35046,47.194397,47.195446,47.253662,47.488422,46.700356,47.165737,47.478333,47.32368,47.24404,47.363136,47.68295,47.576485,47.27128,47.555874,47.58647,47.40837,47.425392,47.07264,47.197636,47.443306
50.163708,49.993793,49.88404,50.211613,50.585815,50.002758,50.438515,50.184612,49.605377,50.528408,49.85666,50.550064,50.547016,50.415356,50.425495,50.429737,50.177235,50.237953,50.2906,50.532627,50.486977,50.383816,50.451637,50.20021,50.188812,50.453117,50.532196,50.704227,49.990078,50.56146,50.721626
51.088375,51.32849,51.06395,50.9252,51.55172,50.8493,50.87727,50.74295,51.278427,51.223072,51.056786,50.80694,51.164223,50.98168,51.381405,51.30362,51.082188,51.17041,51.63945,51.510056,51.5075,51.263187,51.354393,51.719833,51.054417,51.127922,51.51606,51.119503,51.729214,51.366116,51.727673
55.893944,55.56956,55.814995,55.805515,56.278206,55.87896,55.804733,55.979023,55.74816,55.743008,55.730003,55.70007,56.08549,55.974644,55.82614,56.409653,56.096024,55.732716,56.249203,55.81411,55.924633,55.749252,56.208675,56.23169,55.598476,55.755524,56.17178,56.130024,55.94007,56.227383,55.93311
53.03471,53.28029,53.12877,53.26111,53.419495,53.195995,53.264557,53.30368,53.373077,53.583225,53.24575,53.12505,53.397644,53.337852,53.619564,53.4248,53.360294,53.305218,53.509624,53.41648,53.709003,53.675503,53.46952,53.796448,53.389946,53.417694,53.61231,53.83146,53.746223,53.77287,53.665684
41.254425,41.592155,41.333443,41.45369,41.26464,41.086636,41.422195,41.11725,41.488636,41.44855,41.31143,41.410126,41.45049,41.477608,41.323864,41.770973,41.68002,41.7089,41.520645,41.631058,41.836693,41.72339,41.736244,41.66545,41.567448,41.27546,41.717068,41.640354,41.95104,41.612133,41.675896
40.75577,41.04976,40.87114,40.849945,40.8106,40.746414,40.794373,40.93152,41.20758,41.033226,41.227974,40.81602,40.70922,40.978245,40.923378,41.176723,41.145103,41.06637,41.229553,41.1982,40.964302,41.021328,41.01591,41.15129,41.024612,41.397675,40.995316,41.43423,41.24817,41.128128,41.10282
57.17942,57.0143,57.550804,57.14341,57.67576,57.79718,57.731853,57.53351,57.384003,57.586987,57.43757,57.665623,57.76976,57.512173,57.25331,57.394264,58.00829,57.537384,57.45766,57.40238,57.659924,57.900036,57.962227,57.922577,57.5072,57.639145,58.112892,57.601986,57.543987,57.73749,57.333523
41.10097,41.199944,40.91082,41.47305,41.071297,41.474106,41.641544,41.74298,41.269016,41.46748,41.56267,41.38308,41.32988,40.8941,41.41995,41.49905,41.541344,41.382656,41.232098,41.527252,41.553154,41.556038,41.37499,41.490623,41.483353,41.396553,41.241486,42.06296,41.7608,41.601463,41.146244
44.943104,45.130398,44.743553,45.166348,45.030556,44.838943,44.84892,45.020905,45.029423,45.202934,44.823322,45.031338,45.191944,45.066456,45.15985,45.016655,44.917835,45.13558,44.936035,45.24594,45.554092,45.548203,44.97118,45.219124,45.054394,45.09307,45.27328,45.483597,45.491432,45.464226,45.23451
44.796402,44.283867,44.52807,45.106407,44.820053,45.003746,44.98213,45.055096,44.43312,44.651268,44.88423,44.6406,44.916664,44.55938,44.658543,44.779907,44.636642,45.018604,44.85059,44.978725,45.0676,45.072113,44.663105,44.745056,45.00258,44.926865,45.14119,44.89513,45.045807,44.793472,44.99406
39.374428,39.356583,39.21295,39.172863,39.245544,39.301357,39.04072,39.314774,39.442493,38.77536,39.041107,39.27033,39.17042,39.220047,39.094585,39.62551,39.386353,39.396603,39.253864,39.549763,39.376015,39.30963,39.105026,39.459755,39.29266,39.58924,39.691517,39.31169,39.891815,39.481888,39.505486
42.69371,42.488888,42.4999,42.725014,42.432724,42.84941,42.73529,42.990227,42.770706,42.388332,42.151638,42.86799,42.719376,43.013527,42.56397,43.239754,42.986877,43.434826,42.721813,42.720997,43.10761,42.741634,42.811813,42.610268,43.11252,42.657272,43.129997,42.958824,42.788006,42.88107,42.73531
51.22172,51.39306,51.402336,51.269,51.456123,51.205097,51.280273,51.355255,51.248924,51.085217,51.089775,50.87513,51.271263,51.351593,51.463417,51.840645,51.35931,51.064323,51.365097,51.5181,51.523746,51.69259,51.17517,51.555046,51.072662,51.697823,51.511272,51.83576,51.768322,51.68784,51.65202
46.911423,47.17344,46.620064,46.94142,46.924744,46.532192,46.512398,46.91669,46.95306,46.757404,46.666897,46.760815,46.776867,46.88005,47.026993,47.05288,46.81146,46.63124,46.988922,47.202168,47.0089,46.89269,47.023056,46.968628,46.986042,47.167015,46.772358,47.29287,47.13964,47.500893,47.155132
54.702892,54.387962,55.000885,54.678265,54.563416,54.624187,54.99663,54.710682,54.648727,54.755924,55.27282,54.885212,54.569313,54.59724,55.091377,54.988705,55.068253,54.9873,55.126255,55.121937,54.908077,55.09629,55.101154,54.9731,54.87207,55.17887,55.087307,55.244026,55.12173,54.93673,55.10358
47.898415,48.438713,48.354584,47.93281,47.938866,48.087563,48.00702,48.15299,48.59908,48.167805,48.228096,47.86954,48.0932,48.395412,48.437225,48.32656,48.510105,48.41116,48.51293,48.363186,48.338356,48.54513,48.487724,48.620346,48.643955,48.611694,48.33148,48.587765,48.5342,48.495506,48.59225
49.861214,50.17238,49.985847,49.804153,50.212364,50.416557,50.291447,50.33047,50.48,50.429527,50.50698,50.217308,50.161938,50.04257,50.223167,50.36936,50.404644,50.020123,50.289963,50.291054,50.270905,50.339214,50.40405,50.7265,50.28785,50.72799,50.21035,50.746803,50.670734,50.67397,50.17158
52.238544,52.425,52.30124,52.41957,52.400482,52.5341,52.41094,52.58833,52.71787,52.798916,52.275944,52.838467,52.696613,52.797615,52.651745,52.439056,52.48845,52.928593,52.651684,52.507404,52.91499,52.74143,52.847935,52.93212,53.04154,52.711555,52.972984,52.88413,52.68663,52.932655,52.81699
45.65125,45.495792,45.938416,45.332386,45.829224,45.787647,45.765343,45.308025,45.712322,45.707108,46.001656,45.73847,45.671,45.686123,45.727974,45.98565,45.866302,45.922596,46.00975,45.91176,45.994255,45.898468,45.99412,45.85961,45.517746,45.90995,46.0181,45.703953,46.279842,45.84333,45.891495
49.290363,49.830082,49.60919,49.65177,49.2155,49.27208,49.614586,49.593662,49.721756,49.81472,49.60215,49.47733,49.23452,49.60704,49.83051,49.43315,49.910072,49.79451,49.69484,49.995037,49.90251,50.094917,49.89068,49.54901,50.090313,50.091454,49.610996,50.255188,49.81419,49.962986,49.814102
43.452637,43.731056,42.965775,43.608097,43.275627,43.370045,43.69001,43.72274,43.578403,43.595406,43.705235,43.698277,43.4648,43.31838,43.84267,43.995632,43.81189,43.60399,43.76872,44.206543,43.602978,43.178165,43.851124,43.627533,44.210457,43.958885,43.26453,44.23462,43.91705,44.00921,43.989174
52.21394,51.971798,52.315887,51.93807,51.841682,51.980263,51.745186,51.982132,52.257175,51.7337,52.382614,52.204983,51.835472,52.10967,52.164776,52.01804,52.02152,52.079346,52.407272,52.175858,52.000683,52.22592,52.3651,52.36203,52.404537,52.60289,52.374165,52.11096,52.708664,52.52967,52.532917
50.53014,50.42418,50.69004,50.793743,50.456642,50.711525,50.98429,50.835747,50.727005,50.545025,50.847984,50.870014,50.670467,50.75193,50.446556,51.04609,51.343033,51.00701,50.740246,51.103355,50.83711,50.849888,51.035156,50.801064,51.163475,51.193054,51.15619,51.079,50.860004,50.87088,50.80991
53.660595,53.29681,53.6037,53.56091,53.640915,53.6888,53.523678,53.560574,53.535957,53.352932,53.87234,53.588745,53.671066,53.472168,53.783176,53.695847,53.738113,53.444096,53.80784,53.84603,53.752403,53.6837,53.95219,53.823013,53.79767,53.840446,53.83635,53.68023,54.19157,54.16276,53.927334
42.24618,42.33857,42.599373,42.76157,42.191025,42.46074,42.518894,42.436596,42.419907,42.806747,43.029945,43.06475,42.671764,42.712803,42.580418,42.329132,42.45173,42.60921,42.675198,42.767708,42.416298,42.393177,42.863182,42.501213,42.9559,43.111732,42.660957,43.032845,42.76206,42.749424,42.863796
47.725224,47.69905,47.395447,47.150806,47.720184,47.85969,47.739006,47.772186,47.991043,47.826416,47.892956,47.784904,47.480324,47.511494,47.953342,47.939373,47.853195,47.8296,47.862255,47.808525,48.123344,48.151325,47.90862,48.130592,47.779163,47.998825,47.75283,48.055603,48.418507,48.363926,47.788
48.101654,47.80048,48.412697,47.990078,48.70687,48.398914,48.46905,48.337906,47.968502,48.131924,48.129402,48.10058,48.588608,48.30823,48.30994,48.776817,48.421963,48.3999,48.588657,48.208572,48.346615,48.443188,48.48309,48.71991,47.90202,48.22303,48.81326,48.378178,48.028656,48.162205,48.488625
50.378483,50.415047,50.654648,50.711254,50.553604,50.87297,51.049587,51.097336,50.896088,50.876793,50.982883,50.85659,50.766636,51.10872,50.805412,51.37542,51.131523,50.94447,51.00454,50.68912,50.828217,50.828167,51.142113,51.155647,51.215027,51.266487,51.02885,51.50729,50.77825,51.190784,51.009983
42.35154,42.434464,42.815247,42.92257,42.7517,42.75628,42.964424,42.642002,42.69773,42.843147,42.980656,43.05707,42.987144,43.071705,42.603363,42.99449,43.103302,42.942,42.781113,43.14288,42.9772,42.751575,43.239647,42.79361,43.17407,43.298927,43.244904,42.995163,42.65761,43.012608,43.070904
43.057724,42.725956,42.766426,42.915127,42.84478,42.864872,42.527157,42.895153,42.831806,42.777885,42.739742,43.040928,43.09837,43.211582,43.049416,42.73459,42.858845,43.162937,42.87542,43.032585,43.245472,43.39617,42.806995,42.938217,43.061855,43.115868,43.37858,43.04081,43.344574,43.372585,43.31308
44.125195,44.917706,44.43319,44.67956,44.222557,44.73527,44.698547,44.918407,44.995697,44.788887,44.341038,44.48997,44.578735,44.735676,44.888893,44.725468,44.63235,44.951534,44.41348,44.88854,45.238316,45.160843,44.62984,44.77395,45.292015,45.15473,44.65134,45.379353,44.92813,45.085747,44.795204
44.59657,44.29409,44.496002,44.489594,44.885704,45.061607,45.091145,44.820705,44.501583,45.19632,44.89062,45.041485,45.085728,45.135654,44.96719,44.8992,44.804256,45.115734,44.8196,44.77943,45.188473,45.37831,44.779423,44.994644,44.946316,45.242867,45.271126,45.227158,45.06801,45.138386,45.275856
44.859188,45.32239,45.276016,45.046577,44.62961,44.91564,44.961338,45.054005,45.09716,44.803177,44.96472,45.060436,45.136444,44.938934,45.0069,44.84653,45.28696,45.09635,44.96738,45.27152,45.021313,45.465725,45.37925,45.241745,45.43965,45.291336,45.124413,45.29907,45.3065,45.160076,45.15435
45.780132,45.49842,45.727173,45.578503,45.687622,45.774284,45.53443,45.713142,45.508816,45.645794,45.659035,45.869923,45.808132,45.856537,45.594276,45.726376,45.424866,45.745693,45.717323,45.608482,45.725296,46.016724,45.487488,45.771584,45.457203,46.046463,45.98213,46.00933,46.121746,45.869553,45.84992
48.8469,49.69423,49.388016,49.44742,49.261795,49.195885,49.500908,49.222504,49.516106,49.75967,49.455288,49.37884,49.689297,49.356014,50.20027,49.357193,49.640972,49.430145,49.540985,50.003323,49.906303,49.709877,50.00453,49.87828,50.070137,49.649918,49.528442,50.004555,49.78289,49.95624,50.120678
46.21137,46.198235,46.4272,46.47997,45.949265,46.385624,46.615417,46.8071,46.456,46.555428,46.780567,46.556744,46.08758,46.68039,46.390316,46.436558,46.60656,46.668385,46.487133,46.467888,46.428387,47.00758,46.52471,46.400085,46.93035,47.333015,46.55481,47.208786,46.40858,46.75329,46.60013
53.19795,53.2518,53.249832,52.96487,53.484825,53.115826,53.52134,53.130264,53.390656,53.558125,53.658104,53.292526,52.973755,53.017662,53.73196,53.655216,53.62168,53.299297,53.743294,53.640297,53.686703,53.605267,53.809517,53.76455,53.26857,53.53237,53.49995,53.728287,53.885136,53.84405,53.643944
60.41079,60.22064,60.069336,60.17266,60.77887,60.248974,60.52493,60.347843,60.01454,60.51155,60.269176,60.373253,60.677807,60.08242,60.801548,60.492924,60.449833,60.210117,60.696896,60.708767,60.627216,60.6079,60.805134,60.90544,60.427822,60.35373,60.62585,60.643486,60.626812,60.81352,60.90992
35.163376,35.547016,35.27642,35.417862,35.371685,35.199905,35.39907,35.12938,35.683456,35.733658,35.47983,35.50975,35.53544,35.683567,35.723675,35.596054,35.560543,35.98068,35.59106,35.7205,36.161186,36.04092,35.646507,35.913643,35.830376,35.516785,36.065247,35.64122,36.0803,35.794167,36.148083
42.16305,42.506805,42.332146,42.22072,42.382225,42.24974,42.43942,42.28398,42.394848,42.505,42.12328,42.629074,42.69247,42.77564,42.554455,42.938255,42.782436,42.64328,42.565506,42.56036,42.55509,42.39702,42.757233,42.738426,42.55061,42.47696,42.740967,42.887753,42.58226,42.674274,42.82477
53.41268,53.518547,53.65496,53.509167,53.597168,53.708733,53.30543,53.542553,53.95984,53.546703,53.459614,53.50674,53.681843,53.67599,53.767815,53.638573,53.591774,53.961536,53.88422,53.766808,54.04362,53.63524,53.846813,53.930313,53.896015,53.694283,53.991234,53.693954,53.980175,53.8909,53.779385
42.587505,42.770676,42.411674,42.512066,42.547646,42.750053,42.517433,42.86176,42.758266,43.02885,42.467968,42.82542,42.84933,42.92697,42.98233,42.537716,42.89992,43.093163,42.852554,42.735546,42.869205,42.97954,42.647896,42.91047,42.910217,42.800888,42.935116,43.308823,43.08709,42.96318,42.93013
44.667366,45.05826,44.849434,44.715164,44.956985,44.982826,44.794994,45.096836,45.50208,44.971035,44.866863,44.83026,45.063206,45.49336,45.288254,45.340305,45.42014,45.26859,45.247295,45.058235,45.400295,45.283203,45.555195,45.5288,45.686825,45.313095,45.3127,45.248352,45.033512,45.75275,45.484436
52.918777,52.584045,52.966934,52.963432,52.994896,53.041386,53.07555,52.963905,52.88126,53.08811,53.34877,53.40458,53.14446,52.993896,52.834538,52.94011,53.349438,53.10381,53.31151,53.17528,52.89465,52.824688,53.5823,53.201393,53.286533,53.243797,53.359253,53.1481,53.132256,53.212933,53.10537
41.3564,41.838856,41.86062,42.09258,41.560043,41.58284,41.79886,41.924652,41.745605,41.700558,41.759663,41.79624,41.915176,41.94961,41.94161,42.208115,41.950714,41.65606,41.843307,42.00243,41.731293,41.58745,42.1098,41.893257,42.03656,42.069405,41.81198,42.474796,41.723846,42.07444,42.04359
42.837784,42.871002,42.82789,42.906788,42.795776,42.647575,42.85162,42.92667,42.77155,42.687607,42.587925,42.930664,42.692562,42.953186,42.82559,43.04464,43.10726,43.04003,42.823246,43.1302,43.143497,43.203426,43.084,42.731018,42.99813,43.12104,43.1153,43.14917,42.874054,43.210796,42.98238
37.847893,38.008606,38.195053,38.064995,38.082787,38.112465,38.330776,38.11982,37.71627,38.088768,38.065666,38.28877,38.50488,38.351364,37.959236,38.158936,38.294697,38.09868,38.04216,38.21102,37.95244,38.441246,38.36537,38.253525,38.31573,38.53208,38.42256,38.366913,37.966995,38.12978,38.515297
35.36629,34.854496,34.77279,35.05232,35.264946,35.3928,35.465973,35.554077,35.039646,35.202415,35.450756,35.47857,35.10923,35.219803,34.981274,35.616528,35.28813,35.516033,35.38446,35.295067,35.156776,35.388428,34.99847,35.391785,35.287617,35.74742,35.594635,35.552643,35.52628,35.307262,35.536274
49.18513,49.731907,49.28981,49.382347,48.84291,49.19049,49.51907,49.42025,49.694195,49.559414,49.677135,49.650517,49.121696,49.43783,49.386784,49.340816,49.645397,49.434032,49.443153,49.58781,49.62442,49.84301,50.183754,49.551857,50.327057,49.95324,49.161922,49.891026,49.806084,50.157234,49.5718
56.889854,56.653046,56.767235,57.591072,56.78437,56.845474,56.841232,56.961357,56.98655,57.18814,57.011013,57.07404,57.179188,57.300343,57.069138,56.61556,57.108974,57.51153,57.108326,57.486565,57.723812,57.31933,57.399704,56.758186,57.90346,57.224625,57.445328,57.205284,57.14237,57.518,57.35361
40.67524,40.30548,40.437492,40.17854,40.756866,40.717724,40.885075,40.472534,40.534874,40.80309,41.126698,41.177322,40.72923,40.704395,40.583828,40.931435,41.05607,40.8802,41.01165,40.834427,40.58209,40.63206,41.132904,41.020752,40.8266,41.009476,41.052162,40.71712,41.01475,40.89945,41.07919
42.660282,42.40019,43.368027,42.785378,43.041016,43.319397,42.64466,42.96612,43.06102,42.865055,42.947536,43.079727,43.152897,43.689518,42.743965,42.94648,42.755486,43.21105,43.116215,42.496082,42.987907,43.071613,43.06162,43.071312,42.93641,43.419037,43.606567,42.938194,42.823215,43.148697,43.08153
48.549023,48.682552,48.912544,48.93035,48.76834,48.987717,48.86426,48.88158,49.350216,49.07637,49.450027,48.82531,48.96722,49.107094,49.580208,49.372025,49.353756,49.20437,49.416332,49.34018,49.304073,48.784466,49.263386,49.418274,49.43022,49.280228,49.299847,49.510857,49.61258,49.487797,49.552208
40.0211,40.321583,39.87268,40.11087,40.080048,40.05787,39.82989,40.185036,40.369354,40.118633,40.02579,40.28111,40.104683,40.101337,40.14234,40.016266,40.35051,40.129177,39.97034,40.530083,40.411526,40.27509,40.25072,40.162018,40.30593,40.469154,40.235004,40.45037,40.45714,40.696156,40.094635
53.12447,52.95068,53.165306,53.205418,52.87008,53.17199,53.062496,53.179134,53.221146,53.17552,53.226933,53.5276,53.34315,53.496986,53.42999,53.053925,53.278564,53.588173,53.41162,53.379467,53.407764,53.370495,53.59293,53.37126,53.950317,53.56923,53.62673,53.419235,53.498,53.62586,53.771248
40.17943,40.176136,39.978256,40.337254,40.089226,40.38166,40.424908,40.64091,40.38639,40.496704,40.65032,40.638775,40.280754,40.482323,40.452744,40.66666,40.63095,40.45012,40.5274,40.517612,40.240425,40.14858,40.50503,40.449837,40.723858,40.850044,40.360825,41.085354,40.59359,40.780388,40.576164
60.626945,60.882683,60.993584,61.113533,61.15355,60.849686,60.96302,60.849865,61.277103,61.060272,61.172085,60.64012,61.067913,60.853172,61.719902,61.190525,61.18559,61.007523,61.432354,61.515656,61.715714,61.171116,61.694534,61.608566,61.578457,61.083176,61.375576,61.219353,61.4452,61.73636,61.677902
47.837532,48.022057,48.235374,48.213078,48.042557,48.176437,48.05285,48.111565,48.424946,48.359047,48.30297,48.914585,48.369522,48.63278,48.082302,48.150764,48.4598,48.287148,48.16373,48.342976,48.372593,48.006626,49.004982,48.246902,48.7152,48.66651,48.47711,48.478527,48.055172,48.8889,48.17262
47.623882,47.440628,47.50992,47.495518,47.526443,47.75393,47.47078,47.822453,47.61816,47.518677,47.597275,47.321552,47.592598,47.464653,47.7301,47.625027,47.465,47.907814,47.915504,47.602367,47.74111,47.862244,47.457314,47.814552,47.64726,47.676003,47.734222,47.89102,47.97315,47.605743,47.72851
50.222336,50.235107,50.082893,50.266064,50.275246,49.96862,50.215996,50.108704,50.211445,50.473373,50.467373,50.500286,50.417118,50.341,50.28477,50.583664,50.338543,50.32376,50.66469,50.482174,50.32585,50.09241,50.793385,50.492355,50.402054,50.343895,50.252647,50.67609,50.411278,50.577965,50.494884
42.393913,42.25052,42.487885,42.832577,42.010956,42.562435,42.8214,42.64582,42.506306,42.6547,42.957306,42.876156,42.504704,42.836514,42.662235,42.739525,42.758686,43.090527,42.627014,42.923485,42.849846,42.890354,42.658123,42.45266,43.299633,43.241028,42.921185,43.15596,43.023666,42.82228,43.100384
46.550755,46.78311,46.342995,46.36644,46.34523,46.779583,46.664024,46.673294,46.533024,46.58288,46.59896,46.363472,46.762016,46.434177,46.705044,46.676502,46.450943,46.6661,46.634373,46.83087,46.690357,46.996113,46.353798,46.836853,46.906563,47.03469,46.45762,47.055416,47.37082,46.709003,46.9973
51.931995,51.67989,52.017334,51.56655,51.981567,52.191544,52.295757,52.067635,51.800438,52.10124,51.95468,52.405533,52.02861,52.15068,52.222622,52.1077,52.167698,52.27876,52.212627,51.946487,52.177143,52.344013,52.52887,52.214226,52.32238,52.327934,52.336884,52.25683,52.10138,52.402134,52.33432
47.697365,47.47925,48.01017,48.12494,48.037865,48.180668,47.95569,48.099247,47.953213,47.845108,48.25968,47.794235,48.22572,48.2628,47.9284,48.51803,48.038685,48.053535,48.445957,48.05753,47.780468,47.46916,48.01595,48.2648,48.166927,48.391754,48.37506,48.32309,48.135193,47.98108,48.44368
49.89354,49.89531,50.333176,49.91053,50.021385,50.322342,50.135506,50.26916,50.252487,50.390747,50.31727,50.30911,50.139824,50.440613,50.53799,50.07347,50.257046,50.4881,50.517086,50.130802,50.24986,50.385345,50.417625,50.415848,50.46361,50.64109,50.503113,50.653793,50.304127,50.438717,50.50633
36.780804,36.765938,36.77153,36.419704,36.647514,36.69832,36.70201,36.46158,36.714634,36.659164,36.947273,36.75741,36.627647,36.823093,36.698143,36.852505,36.662327,36.948223,36.90627,36.904762,36.82023,37.2304,36.577034,37.013695,36.821682,37.28914,37.155823,36.78861,37.568455,36.824062,37.41375
42.96107,43.4635,43.035988,43.163044,42.98629,42.75601,42.923775,42.88626,43.40665,43.430294,43.447716,43.28163,42.93449,43.390205,43.331432,43.208176,43.333622,43.101143,43.318253,43.687782,43.320206,43.278965,43.357746,43.252716,43.51453,43.926758,43.22908,43.738697,43.72309,43.770687,43.69619
51.10677,50.772793,50.92933,51.171047,51.000107,51.56709,50.949516,51.495564,51.376667,51.060238,51.07495,51.24104,51.321774,51.42047,51.20077,51.135586,51.36843,51.48275,51.136406,51.19378,51.52723,51.326836,51.15867,51.23764,51.580395,51.449295,51.55645,51.489075,51.600933,51.73279,51.162483
50.682312,50.838333,51.516647,51.122658,50.635284,51.308613,51.340084,51.38077,51.024433,51.234943,50.962215,51.599712,51.376373,51.58447,51.382923,51.13541,51.564182,51.478065,51.153114,50.8524,51.19533,51.345837,51.863197,51.16864,51.601463,51.199753,51.383793,51.8088,50.891212,51.465042,51.060448
51.187904,51.58056,51.413033,51.295464,51.16195,51.623264,51.586563,51.599934,51.848293,51.711864,51.667088,51.827995,51.53357,51.745987,52.076805,51.33723,52.021873,51.718864,51.51904,51.953724,51.9587,51.98327,52.16754,51.811028,52.569992,52.256317,51.738796,52.0226,51.92874,52.46269,52.064587
46.431118,46.729218,46.057526,46.419773,46.49195,46.250317,46.444454,46.596523,46.58228,46.572144,46.12136,46.580906,46.74588,46.543705,46.70592,46.841522,46.873196,46.64313,46.583008,46.669724,46.827065,46.79414,46.78811,47.1009,46.759285,46.31047,46.82201,46.979927,46.93281,47.00566,46.87656
38.76031,38.9228,38.749603,38.580006,38.568687,38.492176,38.450836,38.47455,38.873688,38.66717,38.706505,38.86169,38.60253,38.89081,38.706608,38.906723,38.66262,39.025604,38.948814,38.93093,38.822227,38.88352,38.64826,38.93911,38.785084,39.06933,39.079704,38.936707,39.397423,38.834324,39.21112
52.838554,52.99336,52.713455,52.637924,52.831352,52.425858,52.927658,52.69267,52.738747,52.81851,52.59664,52.74963,52.64238,52.781994,53.14878,53.069492,53.019066,53.049007,53.12489,53.251534,53.18521,53.32226,53.1706,53.136314,53.187183,53.107918,53.139767,53.120388,53.12554,53.172535,53.53156
36.365646,36.280296,36.51686,36.204548,36.440903,36.240288,36.221363,36.1367,36.51426,36.363552,36.81865,36.69136,36.30995,36.519436,36.311924,36.467426,36.704414,36.52304,36.65306,36.676994,36.342213,36.487278,36.634644,36.67733,36.38832,36.866234,36.922565,36.438538,36.821053,36.61291,36.77987
39.994568,40.54247,40.379753,40.183365,39.901115,40.112686,40.092026,40.312412,40.31532,40.097923,40.064674,39.962425,40.108562,40.302444,40.174435,40.341652,40.14018,40.395004,40.444294,40.271515,40.038357,40.34998,40.153458,40.379044,40.44805,40.610252,40.21871,40.66864,40.441067,40.067863,40.5128
44.704033,44.615788,44.638435,45.02966,44.535202,44.823883,44.716545,44.85532,45.088097,44.831505,45.16508,45.03493,44.685387,44.717056,44.789547,44.8061,44.99874,45.059574,44.79393,45.123726,45.301205,45.004765,45.08166,44.831856,45.171505,45.03984,45.02766,45.11596,45.385498,45.360115,44.725136
42.28718,42.888035,42.650024,42.39241,42.916718,42.621662,42.58255,42.442886,42.684875,42.909187,42.262157,43.132282,43.14065,43.13448,42.54228,42.607597,43.00051,42.656338,42.462822,43.02487,42.832935,42.79796,43.129498,42.854065,42.87363,43.219788,43.076317,42.890667,42.448204,43.084682,42.9082
48.109974,47.68248,47.961594,47.83889,48.2128,48.090927,47.92246,47.840897,47.8372,47.998577,48.18923,48.15961,48.075344,47.845074,48.070305,47.736122,48.1214,48.100124,48.110744,48.354088,48.290333,48.341347,48.160107,48.068283,47.966793,48.261635,48.442,47.941936,48.46567,48.315163,48.2075
49.057983,49.155235,49.501022,49.546154,49.272255,49.225296,49.547684,49.10174,49.037212,49.517204,49.598907,49.460644,49.582108,49.303696,49.576145,49.349895,49.42046,49.374542,49.589207,49.65934,49.51637,49.41124,49.859013,49.454803,49.622448,49.466537,49.57126,49.652504,49.64106,49.504192,49.796066
45.967632,45.775547,45.025436,45.834904,45.761467,45.65501,45.65744,45.907864,45.811337,45.96291,46.101997,45.782394,45.81156,45.51889,46.176434,45.65452,45.663197,45.98257,46.11756,46.39469,46.11019,45.988987,45.783543,46.09752,46.466377,46.18274,45.85379,46.086693,46.451794,46.3014,46.554604
43.497486,43.71371,43.493256,43.687172,43.593117,43.536285,43.79464,43.58922,43.4611,43.75278,43.840168,43.25459,43.585762,43.44556,43.841393,43.78579,43.70159,43.63474,43.77039,44.12786,43.895397,44.043884,43.54748,43.635345,43.741505,44.05564,43.573456,44.155083,44.142826,43.79279,44.030617
42.44986,41.971893,42.271515,42.099247,42.307724,42.287926,42.405952,42.455387,42.175117,42.157307,42.339363,42.75003,42.13822,42.420586,42.01108,42.52145,42.73345,42.49553,42.355118,42.213608,42.329697,42.6268,42.67916,42.365364,42.229553,42.491592,42.74019,42.46914,42.361412,42.669655,42.19341
43.649803,43.60906,43.734665,43.853107,43.621857,43.667732,43.558514,43.866234,43.88965,43.62751,43.64389,43.89221,43.843544,44.23214,44.0085,43.9945,44.10758,44.191593,44.037945,44.069973,43.9324,43.711983,44.047894,43.85344,44.339863,44.144524,44.25535,44.08083,43.773365,44.148212,44.333637
45.165127,45.70053,45.365105,45.172432,45.465073,45.4808,45.30266,45.397953,45.739883,45.721054,45.651546,44.839237,45.453205,45.16904,46.04672,45.36774,45.210503,45.64702,45.931606,45.688084,45.75557,45.93867,45.22913,46.1921,45.608234,45.68567,45.593845,45.85568,46.2868,45.47327,46.1258
37.09875,37.28774,37.04895,36.888645,37.217407,36.875134,37.22935,36.864803,36.909275,37.107307,37.417015,37.07903,37.012318,36.99367,37.075344,37.388927,37.11938,36.85589,37.271305,37.44871,36.985004,37.43963,37.08939,37.44101,37.020233,37.729507,37.28274,37.371128,37.76916,37.284714,37.786396
46.435932,46.846733,46.48565,46.305878,46.403152,46.14475,46.084053,46.30421,46.51922,46.217133,46.106934,46.598022,46.495342,46.24832,46.48038,46.362503,46.733997,46.251232,46.440533,46.738388,46.45071,46.414547,46.947487,46.5935,46.420235,46.341797,46.407177,46.599636,46.677265,46.85379,46.34068
46.841442,47.131977,46.939888,46.815716,46.799957,47.191708,47.168594,47.32795,47.454624,46.98138,46.97648,47.191746,46.88202,47.029594,47.27802,47.377193,47.604534,47.357754,47.121067,47.24676,47.44338,47.268707,47.609764,47.335533,47.593025,47.27485,47.165943,47.50406,47.32644,47.682323,47.021275
50.684044,50.716415,50.819977,50.47967,50.60314,50.686886,50.286285,50.720734,51.141247,50.663506,50.89406,50.72268,50.67251,51.06012,50.864727,50.521225,50.773888,50.91391,51.1701,50.661507,50.713913,51.044067,51.007744,51.374702,51.28202,51.238564,51.248787,50.79141,51.225605,51.199196,51.371544
52.370514,52.037304,52.28044,52.77147,52.40152,52.234158,52.473984,52.239594,52.272987,52.56748,52.729427,52.84336,52.543674,52.553272,52.282097,52.65263,52.6107,52.614838,52.78239,52.778908,52.578636,52.028553,52.987984,52.406723,52.785156,52.5738,52.78142,52.66995,52.67671,52.732452,52.70704
48.262363,48.307446,48.295265,47.966278,48.30166,48.376,48.314312,48.247055,48.574646,48.46418,48.50907,48.490192,48.21166,48.54548,48.109116,48.491024,48.68204,48.586445,48.68708,48.37835,48.38573,48.41553,48.821266,48.56887,48.631035,48.728523,48.51167,48.50817,48.60043,48.65781,48.416092
43.526367,43.733597,43.595825,43.607594,43.466232,43.64036,43.850613,43.74356,43.895676,44.35424,44.2682,44.246536,43.758102,43.75178,44.123573,43.646187,43.96064,44.13351,44.043102,44.013912,43.92044,44.054592,44.023094,44.154884,44.047035,44.14012,43.954433,44.5232,44.243774,44.019115,44.059742
44.324017,44.648388,44.544662,44.175446,44.642876,44.49761,44.47545,44.21949,44.605614,44.654896,44.777687,44.553837,44.656574,44.37675,44.596878,44.46513,44.75621,44.473957,44.65016,45.006245,44.655937,44.714725,44.8209,44.801636,44.56049,44.95984,44.626213,44.674206,44.911114,44.745636,44.744495
49.02111,48.51098,48.628418,48.720043,49.04847,49.196545,49.526604,49.10753,48.77718,49.164047,49.39388,49.095802,48.806236,48.590004,48.805824,49.343803,49.085556,49.379494,49.357475,49.129463,49.226456,49.16312,49.248764,49.12815,49.096195,49.1621,49.088528,49.199356,49.263363,48.970207,48.982777
50.97163,51.019444,50.889046,50.87924,51.3098,51.40233,51.58749,51.587563,51.49201,51.50054,51.626884,51.417465,51.203655,51.213573,51.572094,51.923084,51.71815,51.332706,51.52769,51.55598,51.438377,51.267433,51.620884,51.794044,51.513668,51.861847,51.340553,52.061653,51.36876,51.83588,51.4431
37.969215,38.24363,38.152946,37.981075,38.05446,37.832188,38.340935,37.84029,37.840603,38.205353,38.314682,38.25667,38.09845,38.167908,38.133064,38.476665,38.207756,37.962677,38.172012,38.35567,38.04926,38.50497,38.123283,38.433372,38.028805,38.646606,38.422634,38.592674,38.785275,38.27082,38.799995
59.634632,59.625507,59.5896,59.953506,59.892242,60.074287,59.737083,60.114902,59.96611,59.89738,59.773914,59.441307,60.018578,59.749363,59.91665,59.81661,59.796124,59.91839,60.07257,59.963013,60.162746,59.939106,59.900913,60.13833,60.18095,59.99215,59.98522,60.21268,60.14793,60.148037,59.914303
34.31347,34.68437,34.87812,34.112045,34.683895,34.36895,34.313942,34.057163,34.8141,34.693832,35.277596,34.67074,34.65869,34.538002,34.770004,34.425312,34.752895,34.516403,34.99351,34.917576,34.41674,34.737198,35.004482,35.21087,34.555767,35.063118,34.882786,34.504074,34.982197,34.681763,35.148296
55.51517,55.23868,55.434174,55.341927,55.65413,55.553097,55.395176,55.531902,55.799084,55.527687,55.555756,55.620495,55.734592,55.713314,55.987564,55.849472,56.03603,55.873882,55.985275,55.624203,56.01033,55.70984,56.124508,56.226257,55.85972,55.343727,56.198288,55.704556,56.055653,56.208626,55.986153
30.780643,31.125067,30.957071,31.33415,31.060833,30.934093,30.864136,31.05546,31.150898,31.194002,31.268734,31.32153,31.517927,31.416134,31.295218,31.13409,31.22055,31.192577,31.200226,31.504936,31.096693,31.008194,31.21495,31.441483,31.499474,31.509,31.553143,31.447006,31.278555,31.350552,31.814672
49.184456,48.86582,49.0185,49.073486,49.244255,48.741447,48.948338,48.943966,48.970646,48.962124,48.96247,49.153976,49.05921,49.452423,49.00739,49.404186,49.224625,49.233093,49.449913,49.06884,49.250717,49.32462,49.482082,49.40181,49.25744,49.191414,49.70451,49.105354,49.261703,49.515835,49.69282
51.516857,51.431156,51.616516,51.72926,51.495262,51.995605,51.787476,51.931713,51.84521,51.85545,51.846302,51.878292,51.778572,51.91627,51.793373,51.619827,51.782703,52.040318,51.694504,51.877052,52.174667,52.136497,51.956203,51.70423,52.28673,52.277122,51.915237,52.13837,51.920483,52.237755,51.787556
46.912853,46.72587,46.988586,46.63843,47.0599,47.02151,47.17624,47.044937,47.17332,47.2233,47.341866,47.50247,46.83014,47.184795,46.843636,47.396618,47.41855,47.27547,47.349792,46.98518,47.02893,47.072838,47.505463,47.387924,47.02793,47.427948,47.423283,47.386993,47.13128,47.337452,47.02753
53.76291,53.72819,53.853264,53.520298,53.981476,53.73892,53.7318,53.570755,53.554054,53.890438,53.432793,53.96357,54.219913,54.067528,53.621616,53.857365,53.882492,53.965405,54.007965,53.75208,53.816536,54.009224,54.026436,54.162903,53.70599,53.813507,54.294582,53.923588,53.98414,53.790146,54.095715
52.403606,52.548088,52.89093,52.645447,52.81848,52.516685,53.062737,52.280834,52.62808,53.024982,53.31366,52.8263,52.78429,52.62178,53.03965,53.084797,52.901184,52.7721,53.16879,53.299007,52.94367,52.84146,53.123997,53.23593,52.886738,53.265106,53.197235,53.112137,53.337807,52.855553,53.528828
40.041668,39.855656,39.847115,39.74439,39.918518,39.723614,40.2135,39.75408,39.735386,39.924488,40.256416,40.143074,39.867043,39.883167,40.004658,40.478424,40.282696,40.209934,40.188797,40.46941,40.09012,40.164787,40.162918,39.9933,39.97453,40.342995,40.123356,40.271336,40.285797,40.061974,40.381207
52.166332,52.00911,52.494957,51.841675,52.00717,52.427658,51.912666,52.23566,52.08411,51.75582,51.85829,51.815697,52.239334,52.47943,52.04251,52.018875,51.89052,52.20251,52.141895,51.803665,52.17334,52.928978,51.912994,52.362114,52.21176,52.63759,52.526554,52.206566,52.60166,52.321045,52.469837
50.36296,49.721027,50.05356,50.040657,50.306656,50.525333,50.6707,50.306202,50.224346,50.44513,50.30552,50.710983,50.334805,50.45888,50.37071,50.836864,50.703125,51.100513,50.624317,50.369694,50.862877,50.5139,50.58075,50.53756,50.519165,50.25466,51.02932,50.531673,50.823307,50.52616,50.58272
43.182777,42.958126,42.76548,43.378925,42.493774,42.956844,43.23552,43.44239,42.641354,43.0051,42.991524,43.2549,43.140575,43.294006,42.993114,43.19641,43.002964,43.359417,42.993595,43.142555,43.0482,43.509216,42.93443,42.791695,43.58487,43.485878,43.00993,43.815956,43.252525,43.236053,43.4017
35.80332,35.81318,35.478584,35.83712,35.65842,35.882782,36.02405,36.207695,35.81294,36.13669,35.87982,36.128872,35.880623,36.012466,36.249554,36.143307,35.992756,36.233437,35.958416,35.890434,36.168713,36.286114,35.891144,36.066685,36.11269,36.019627,36.030758,36.642563,36.24641,36.31898,36.203674
51.90103,51.667103,51.46498,51.812485,52.09336,51.528984,51.47586,51.549576,51.839844,51.985874,51.869495,51.82641,51.979916,51.84596,51.85844,51.746933,52.07543,52.040585,52.246483,52.286503,52.13228,51.726013,52.181835,51.992737,51.967403,51.768227,52.160484,51.833977,52.05055,52.154064,52.115166
50.521503,50.120922,50.455772,50.605267,50.29316,50.643723,50.50577,50.83789,50.409702,50.263424,50.535667,50.538506,50.431557,50.795197,50.541283,50.829796,50.654037,50.585056,50.622337,50.495575,50.546482,50.60111,50.601456,50.431633,50.818096,50.976006,50.711487,51.004307,50.73426,51.013954,50.72523
60.054077,60.02179,60.0449,59.752728,60.001755,60.20554,60.05674,60.267754,60.340446,59.871605,60.385857,59.75889,59.959656,59.802372,60.38017,60.184296,60.178017,59.88233,60.355453,60.161976,60.24023,60.610897,60.386215,60.786705,60.45585,60.516663,60.17274,60.350792,60.77939,60.722374,60.446007
45.952244,46.06658,46.02835,46.17765,46.082794,46.140503,45.80043,46.14329,46.54579,46.116783,46.163765,46.193035,46.379986,46.35701,46.18929,46.1696,46.23195,46.47579,46.387295,46.22994,46.459293,46.244568,46.431274,46.71759,46.612362,46.22297,46.689568,46.217464,46.536198,46.511738,46.50757
51.209408,51.028015,51.0196,50.509186,51.360237,51.340446,51.15008,50.909798,51.146656,51.212734,51.367012,51.067085,51.167217,50.896385,50.838825,51.094402,51.232876,51.099983,51.304024,51.158028,51.2163,51.620445,51.151577,51.619034,50.87667,51.427208,51.396076,51.095978,51.927418,51.26979,51.17887
48.45814,48.636765,48.511406,48.499573,48.71723,48.48996,48.526295,48.324955,48.753475,48.754475,48.675323,48.942547,48.79468,48.666965,48.48005,48.76953,48.91897,48.56679,48.730537,48.76398,48.866047,48.597084,49.231056,49.009995,48.709293,48.596924,48.931538,48.738304,49.113495,49.144676,48.694225
49.244762,49.323177,48.977882,49.287113,49.357933,48.894325,49.575676,48.989677,49.02757,49.561756,49.583992,49.266853,49.302467,49.073208,49.513046,49.656765,49.336727,49.36901,49.64508,49.901363,49.646736,49.501312,49.68224,49.450684,49.53606,49.53676,49.254597,49.682377,49.65966,49.54395,49.895996
54.445614,54.615868,54.7033,54.90613,54.681084,54.62576,54.948273,54.71204,54.876537,54.8413,54.87446,54.78099,55.11185,55.062366,55.217854,55.371265,55.175514,54.919247,55.04015,55.036568,55.248463,55.01422,55.349564,55.45289,55.378754,54.8982,55.318573,55.28691,55.27933,55.41355,55.571167
48.83845,49.039604,48.75978,48.689423,49.21879,48.559048,48.715813,48.384808,49.07639,49.126102,49.212807,48.82435,49.03761,48.96566,49.059357,49.212444,48.84202,48.83267,49.318382,49.296085,49.267864,49.139,49.202354,49.55739,48.937065,49.20636,49.24383,49.00135,49.63351,49.367573,49.651897
49.153957,49.447742,49.19468,49.282024,49.09099,49.08822,49.0657,49.292988,49.351704,49.133636,49.00958,49.08935,49.240047,49.167946,49.147633,49.34506,49.269238,49.329506,49.31212,49.392757,49.413483,49.470284,49.32896,49.433372,49.343082,49.335106,49.312912,49.6062,49.57371,49.411148,49.255814
52.183483,51.93856,51.60199,51.545185,51.786186,51.745235,51.677208,51.854115,51.82064,51.905537,51.635555,51.9451,51.863605,52.0016,51.767387,51.756954,51.91666,52.046734,51.891193,51.73499,52.21848,52.73034,51.99609,52.054504,51.921776,51.905212,52.009224,52.083843,52.43839,52.42381,51.94332
48.643234,48.80305,48.638756,48.96409,48.798584,48.88193,48.674618,48.957886,48.938564,48.934544,48.86237,48.72554,49.084824,48.87331,48.912075,48.847363,48.9599,48.91777,49.039463,49.049007,48.97919,48.804916,49.00386,49.087334,49.137493,48.970596,48.964783,49.247437,49.137356,49.11721,49.00004
53.467354,53.424423,53.711052,53.50969,53.31572,53.687786,53.330025,53.588448,53.77407,53.496822,53.773357,53.735584,53.670322,53.74418,53.817852,53.3333,53.59004,53.615364,53.793728,53.49696,53.755928,53.79415,54.214893,53.855247,54.176834,53.792053,53.71887,53.69422,53.983932,54.27438,53.828228
55.634975,55.500523,55.23291,55.44881,55.65325,55.611534,55.01533,55.50421,55.794434,55.401012,55.43186,55.168232,55.715904,55.449337,55.858566,55.258617,55.504547,55.613976,55.833305,55.760483,56.004517,55.761772,55.725533,55.930298,55.95942,55.46447,55.76674,55.431988,56.245556,56.178215,55.92185
43.594017,43.631256,43.5682,43.76905,43.554565,43.671772,43.374462,43.514423,43.717617,43.86146,43.443836,43.955383,43.966915,44.165302,43.70738,43.398254,43.608727,44.121075,43.61861,43.870335,44.16272,44.081955,43.68271,43.651276,44.072002,43.98626,44.20189,43.87728,44.11075,44.058212,44.084194
35.466938,36.13944,35.534904,35.096237,35.77741,35.460682,35.476517,35.421513,36.028572,35.781082,35.48446,35.747864,35.67469,35.663094,35.928932,35.851265,35.860912,35.83259,35.69744,35.99747,36.079426,36.132137,35.92923,36.18537,35.67098,35.895905,35.840847,35.867504,36.009674,36.089718,35.966274
47.850197,48.13704,48.2493,47.23106,48.116287,47.918976,47.886097,47.87483,48.18649,47.7781,47.50449,47.990963,47.984207,48.21428,48.23718,48.47245,48.330406,48.138706,48.200195,47.78046,48.143337,48.451305,48.366116,48.719666,47.794106,48.001663,48.501595,48.149998,48.2338,48.33333,48.31196
43.615227,43.962906,43.812492,43.488186,43.951584,43.202103,43.418335,43.021626,43.878544,43.786583,43.796978,43.786854,43.87313,43.90489,44.096317,43.92637,44.08899,43.808075,43.98529,44.4382,44.12719,43.995968,44.042274,44.230354,43.756023,44.030815,44.371883,43.771187,44.39138,44.1443,44.626728
43.275826,43.240593,43.092834,42.89942,43.243782,42.99513,43.10561,43.18548,43.248978,43.151417,43.362644,43.65559,43.14705,43.1264,43.10702,43.57427,43.57536,43.04174,43.33177,43.34183,43.021935,43.128048,43.545532,43.55774,42.927803,43.41227,43.341846,43.616524,43.532795,43.62203,43.165207
54.315067,54.04374,54.19792,54.245605,54.39695,54.447163,54.198235,54.31918,54.271545,54.437325,54.535152,54.244617,54.333015,54.08375,54.379578,53.969284,54.27432,54.38209,54.436703,54.610344,54.600338,54.69599,54.25667,54.430565,54.32542,54.672447,54.5753,54.539036,54.835728,54.567352,54.38533
48.94928,48.922398,48.74861,49.03005,49.023575,49.035877,49.086624,49.091362,48.77119,48.804333,48.631195,48.742546,49.28003,48.971066,48.8271,49.215084,49.036674,49.0733,48.9005,49.10783,49.307045,49.484104,48.936993,49.23139,49.14412,49.038765,49.31389,49.18537,49.369263,49.158287,49.261467
45.9833,45.958286,46.103455,46.144073,45.94668,46.134758,46.154526,46.030334,45.834545,46.0512,46.339188,46.014072,46.222065,46.033875,45.89755,46.21775,45.70142,45.953587,46.168636,46.10077,46.002865,46.307507,45.932236,46.248863,46.07869,46.52729,46.14499,46.43154,46.662014,46.087543,46.412075
43.702625,43.80202,43.34118,43.78655,43.547127,43.365833,43.533073,43.88166,43.562286,43.44617,43.23246,43.509304,43.559326,43.664066,43.638973,44.149036,43.83958,43.817764,43.7368,44.0047,43.713463,43.61844,43.4433,43.61107,43.64726,43.819313,43.73831,44.283123,43.810925,43.766083,43.83019
48.022076,48.15334,48.109917,48.57795,48.10701,48.1316,48.178696,48.223465,48.35657,48.47864,48.2704,48.34619,48.359447,48.420544,48.453213,48.35091,48.124214,48.570545,48.383972,48.470634,48.809288,48.489124,48.392986,48.44735,48.62595,48.404922,48.640755,48.722466,48.737698,48.64893,48.641026
49.9881,49.654194,49.989655,49.767742,49.955963,49.9374,49.745544,49.82417,50.02201,49.723644,50.42428,49.956226,49.891068,49.77493,50.164093,50.074497,50.06691,49.81739,50.353485,50.10517,49.903946,49.88294,50.259766,50.39205,50.02001,50.16268,50.234432,50.003086,50.64374,50.380386,50.354465
46.030098,46.52616,46.43863,46.308754,46.173477,46.516544,46.828434,46.716927,46.55729,46.454723,46.76093,46.588882,46.503986,46.565075,46.452705,46.83183,46.916832,46.25086,46.6387,46.480618,46.20021,46.486176,47.281853,46.943283,47.231533,47.04634,46.36238,46.98982,46.449966,46.97298,46.78987
46.554314,46.326897,46.854645,46.463097,46.7331,46.646133,46.65743,46.487476,46.75677,46.648453,46.999374,46.703045,46.364086,46.901443,47.022823,46.92178,46.868958,46.816216,47.059,46.826855,47.02219,46.856678,47.182484,46.740433,46.888264,47.10846,47.030605,46.795605,46.98795,47.315987,47.143288
50.962753,51.1849,51.124863,50.895306,50.834892,51.12183,50.522503,51.17991,51.776314,50.7093,51.00567,50.983852,51.01861,51.345726,51.16623,51.24156,51.23442,51.21038,51.23535,51.10974,51.300312,51.19048,51.335346,51.607254,51.57703,51.45585,51.393677,51.231182,51.60437,51.765003,51.29978
45.595882,45.916405,45.789757,45.847248,45.60929,46.01592,46.07661,46.138824,45.93338,46.236305,45.871487,46.279316,45.960697,46.09597,46.17565,45.799187,46.05167,46.226707,45.838856,46.189293,46.182384,46.26596,46.116188,45.902702,46.44664,46.55275,46.01811,46.652637,45.969845,46.30048,46.10584
54.695568,53.946056,54.526176,54.561676,54.767044,54.674564,55.23122,54.782707,53.91018,54.39963,54.435955,54.739727,54.64877,54.505184,54.06089,55.13197,54.653435,54.952785,54.746437,54.701538,54.62069,54.847523,54.669903,54.528687,54.518154,54.907753,55.100506,54.748592,54.286224,54.222816,54.711784
52.950493,53.00654,53.17974,53.291027,52.970665,53.06111,53.367203,53.431343,53.31948,53.552418,53.607933,53.537598,53.14059,53.2014,53.804256,53.252186,53.531254,53.347397,53.54839,53.297367,53.484047,53.536453,53.90661,53.70607,53.681213,53.37001,53.46633,53.96693,53.475697,53.896366,53.532543
49.064568,49.238686,48.89466,49.764137,48.964844,49.26916,49.316826,49.60338,49.258545,49.357037,49.11299,49.16234,49.562973,49.45026,49.567352,49.571964,49.26058,49.574482,49.27955,49.676476,49.74162,49.4293,49.19371,49.30738,49.917545,49.55551,49.38222,50.089493,49.616302,49.656887,49.707684
44.62001,44.519165,44.100487,44.532505,44.72586,44.36748,44.680344,44.429348,44.454456,44.904762,44.507298,44.84715,44.6528,44.40512,44.834473,44.586445,44.492928,45.053345,44.691685,45.085308,45.316856,45.075825,44.7329,44.758095,44.79607,44.635925,44.96323,44.78135,44.95722,44.891483,45.025955
50.3052,50.454407,49.803093,50.516197,50.508972,50.028797,50.451874,50.426235,50.23415,50.588177,50.21639,50.221817,50.484684,50.422478,50.69042,50.687508,50.4136,50.423244,50.620235,50.792694,50.878487,50.61887,50.80398,50.551506,50.896786,50.492188,50.347424,50.830616,50.429085,51.021736,50.96227
36.52318,36.38415,35.926514,36.448685,35.987556,36.253113,35.78971,36.580242,36.32149,35.91267,36.09315,36.292294,36.38636,36.07892,36.078827,35.928665,36.11255,36.32756,36.169872,36.12528,36.265366,36.637535,36.10061,36.531715,36.446945,36.05268,36.43727,36.323475,36.94897,36.559868,36.28291
46.996635,47.61647,47.076614,47.331005,47.250343,47.409595,47.383648,47.604244,47.531998,47.79318,47.50367,47.177376,47.50286,47.35625,47.895954,47.171017,47.499035,47.28867,47.48963,47.64449,47.652912,47.807632,47.649628,47.727547,47.943203,47.80069,47.198498,48.124817,47.696373,48.010323,47.735638
49.258427,49.019985,49.010834,48.775448,48.984016,48.833687,48.85621,48.794174,48.994118,48.89845,49.504795,49.07421,48.764164,48.664036,48.938133,49.02215,49.033665,48.90187,49.402668,49.367302,48.76234,49.094135,48.9471,49.36834,48.891747,49.52594,49.23203,49.17779,49.95936,49.09237,49.429913
45.89566,45.981018,46.262352,46.196934,45.74671,46.44047,46.494736,46.26683,46.014114,46.392036,46.260437,46.38344,46.503777,46.534798,46.180626,46.054665,46.073948,46.691383,46.263836,46.06824,46.336147,46.80825,46.285004,46.456894,46.916313,46.66387,46.634747,46.57127,46.604767,46.16323,46.79728
44.95485,45.406197,45.410843,45.08959,45.073578,44.93828,45.34665,44.978424,45.250652,45.378006,45.52319,45.710632,45.40422,45.467075,45.454384,45.510746,45.685627,45.19506,45.5298,45.614716,45.083927,45.130764,46.05756,45.622406,45.70594,45.7268,45.405033,45.683475,45.38826,45.641693,45.8331
52.700104,52.964,52.85064,52.932487,52.706512,53.059704,53.380116,53.29167,53.223373,53.257225,53.387558,53.08419,52.857426,52.66875,53.769955,53.103127,53.363216,53.28702,53.238773,53.51963,53.4881,53.506386,53.420208,53.53808,53.73103,53.480293,53.198708,53.771,53.547153,53.55818,53.51376
50.62535,50.447746,50.037247,50.77664,50.55188,50.545086,50.591488,50.80184,50.65967,50.5784,50.5818,50.707993,50.809105,50.809254,50.885685,50.864418,50.793114,50.78328,50.672325,51.05091,51.118587,50.887123,50.85466,50.900513,51.419697,51.014618,50.976845,50.974075,51.037434,51.442635,51.330906
47.97253,47.850792,47.63833,47.845016,47.741753,47.47548,47.706303,47.667336,47.96123,47.98105,48.205547,48.171406,47.745625,48.042606,48.081352,48.05519,47.83302,48.063213,48.262722,48.24361,48.032097,48.047955,48.07845,48.258415,48.320904,48.43026,48.263786,48.20177,48.51792,48.370182,48.737255
49.490105,49.756405,49.761627,49.588093,49.94555,49.632908,49.795372,49.3743,49.73559,49.91832,49.326786,49.798912,50.213116,49.86137,50.188164,50.03737,50.039574,50.218575,49.981056,50.023937,50.48012,50.048973,50.25866,50.274452,49.88145,49.3003,50.40242,49.849327,50.163734,49.98081,50.261948
44.80631,45.16739,45.3918,44.96689,45.102203,45.324837,45.183914,45.261402,45.539066,45.28423,45.09012,45.20615,45.05676,45.6008,45.482338,45.39916,45.29259,45.643276,45.384357,45.341476,45.64799,45.487976,45.54418,45.29738,45.65918,45.808556,45.483356,45.565567,45.117897,45.608402,45.487385
50.09139,50.04004,50.316284,50.21783,50.351143,50.50877,50.37655,50.54503,50.536156,50.454735,50.5314,50.09181,50.340103,50.398422,50.491898,50.430283,50.859608,50.571445,50.670887,50.31802,50.5527,50.69536,50.57255,50.84443,50.523453,50.443764,50.830242,50.730343,50.72247,50.641747,50.48513
42.032093,41.347946,41.183235,41.770668,41.727257,41.614273,41.64347,41.921394,41.686073,41.559856,42.128094,42.166355,41.645695,41.58535,41.681465,41.862114,41.93745,41.88751,42.039948,42.025993,41.694675,41.619457,41.995434,42.036903,42.15503,41.995644,42.154522,41.780296,42.1511,42.217197,42.20059
53.884594,53.438015,53.748825,54.155422,53.92656,53.66358,54.002533,53.69329,53.52076,53.695732,54.102478,53.699867,53.992245,53.97313,53.854572,54.206882,54.338734,53.83268,54.21237,54.25149,54.033367,53.853676,54.387653,53.893036,54.2723,53.96588,54.244186,53.962307,54.226986,54.292908,54.44876
47.92098,47.798912,48.247284,48.066555,48.044388,48.185093,48.148216,48.081234,48.052547,48.021664,48.43996,48.16387,48.297325,48.224106,47.956932,48.350266,48.33876,47.977356,48.21238,48.065037,48.06308,48.269062,48.4068,48.421463,48.100334,48.373917,48.38742,48.40414,48.468056,48.402954,48.20822
52.57519,52.668064,53.081917,53.044495,53.38495,52.830517,53.073936,52.79691,52.8599,53.285946,52.893597,53.106155,53.434654,53.313316,53.321945,53.082268,53.585556,53.116898,53.302624,53.266872,53.39944,53.094868,53.842598,53.400223,53.211372,52.895042,53.712494,53.18899,52.74839,53.442223,53.430393
52.849133,52.482407,53.011765,52.710846,52.91443,53.32955,53.238766,53.333954,53.308167,52.92252,53.585003,52.99268,52.75694,52.86554,53.225105,53.353283,53.457466,53.18097,53.48321,52.87557,53.128605,53.195534,53.559307,53.662033,53.38845,53.265022,53.390907,53.283607,53.467663,53.529907,53.16869
52.169224,51.951538,52.169357,52.259384,52.23809,52.11223,51.818783,52.316284,51.981937,51.7378,51.78258,51.730324,52.314816,52.269203,52.21501,52.11369,51.80901,52.15052,52.27441,52.167015,52.304424,52.508415,52.06009,52.294083,52.30055,52.3609,52.46764,52.18196,52.1441,52.360798,52.573505
44.38397,44.47261,44.489273,44.666893,44.295547,44.352318,44.12573,44.480957,44.36791,44.45379,44.05382,44.834866,44.799667,45.20517,44.46882,44.440865,44.524986,44.632603,44.427887,44.527245,44.537945,44.500587,44.675816,44.31066,44.8631,44.840202,44.809933,44.884823,44.473064,44.96177,44.850857
49.802002,50.00746,50.25831,50.59757,49.81134,50.4368,50.107285,50.504646,50.593193,50.152504,50.689915,50.32004,50.422035,50.311455,50.54309,50.248657,50.33015,50.22888,50.39935,50.43669,50.33174,50.02163,50.668167,50.618057,51.08698,50.688408,50.415752,50.729733,50.674843,50.82692,50.579765
53.24213,53.352715,53.293953,53.364033,53.49508,53.410557,53.27446,53.435875,53.690323,53.84115,53.5543,53.56242,53.523212,53.6864,53.732765,53.457844,53.59668,53.679863,53.77516,53.637108,53.8532,53.54641,53.871883,53.674576,53.728535,53.69317,53.613186,53.948944,53.624874,54.02322,53.598083
61.439034,61.631878,62.139442,61.918106,61.912666,61.67402,61.980377,61.597443,61.609512,61.98604,61.76642,61.633728,62.17511,61.943752,62.437294,61.797283,62.19957,61.8494,62.12566,62.112324,62.33452,62.25029,62.681244,62.128395,62.218575,61.738472,62.19879,62.127068,61.89177,62.319027,62.34864
44.921196,45.23375,45.34278,45.210037,45.315163,45.313354,45.225216,45.065384,45.6477,45.448826,45.562134,45.415806,45.60173,45.7047,45.684795,45.591488,45.571968,45.408825,45.577396,45.431694,45.73178,45.491055,45.92583,46.007835,45.861595,45.546112,45.864887,45.494133,45.921616,46.04144,46.05591
47.70631,47.652367,47.458496,47.711807,47.606598,48.173985,47.95998,48.325768,48.018246,47.679516,47.862083,47.561707,47.81469,47.704327,47.722607,47.986446,47.9123,47.894455,47.776356,47.55155,48.119427,48.48217,47.88279,48.345085,48.260536,47.97596,47.97278,48.158222,48.40221,48.346577,47.844593
57.605133,57.473442,57.17048,57.69921,57.41205,57.774822,57.662426,57.85566,57.738228,57.68409,57.558147,57.752014,57.783997,57.663746,57.703495,57.33736,57.634804,58.05036,57.769352,57.902554,58.12295,58.02224,58.08266,57.87458,58.789604,57.988167,57.904053,57.71363,57.921074,58.197647,58.10637
51.067886,51.04251,51.47731,51.231556,50.95916,51.254284,50.98838,51.120445,51.378654,51.070652,51.26803,51.441944,51.449665,51.690647,51.422005,51.155254,51.377274,51.445927,51.40097,51.25669,51.440556,51.447906,51.791557,51.475853,51.88544,51.543053,51.68833,51.315945,51.54718,51.799892,51.73584
50.927605,50.980618,50.791794,51.27821,50.908043,51.080505,51.013435,51.01926,51.065487,51.191856,51.013145,51.200066,51.27487,51.14352,50.843895,51.11287,51.0624,51.192593,51.00226,51.260086,51.47178,51.133175,51.31233,50.986816,51.37617,51.165802,51.10103,51.408607,51.45542,51.471474,50.979263
50.304234,49.978905,50.47724,50.540657,50.518196,50.723686,50.880165,50.772152,50.644882,50.581413,50.794666,50.669422,50.497322,51.02963,50.57484,51.25156,50.74644,50.89981,50.882717,50.448612,50.88857,50.73626,50.97637,50.902283,51.0907,51.078476,51.12093,50.948273,50.659355,51.08736,51.06173
56.415497,56.079643,56.249207,56.283314,56.36583,56.368755,56.708347,56.66473,56.54309,56.21092,56.629227,56.318897,56.220543,56.22878,56.532658,57.04867,56.63322,56.80033,56.92791,56.58546,56.695023,56.644577,56.88165,57.00154,56.904423,56.629715,56.782894,56.646786,56.583973,56.66906,56.842266
52.85313,52.628258,52.38362,53.197765,52.74553,52.715008,52.919518,53.018887,52.660225,53.193855,53.166824,53.068626,53.03983,52.677963,52.892616,52.800655,52.95027,52.91275,53.04676,53.161076,53.03669,52.90333,53.100056,52.953926,53.12729,52.914574,52.869514,53.4893,53.20799,53.216087,52.925133
48.63652,48.22891,48.143044,48.402657,48.238403,48.462864,48.542313,48.67026,48.33622,48.322773,48.619656,48.34906,48.265312,48.197006,48.562298,48.36188,48.707535,48.837482,48.812927,48.72153,48.572964,48.76641,48.64812,48.551796,49.021294,48.62027,48.627106,48.597343,48.860497,48.63227,48.819637
50.459785,50.229324,50.45443,50.852386,50.72973,50.53818,50.80284,50.517914,50.750565,50.95369,51.360928,50.60131,50.77033,50.449184,51.339584,51.079536,50.931267,50.96013,51.130394,51.352135,51.295513,50.764668,50.865322,51.13022,50.851234,50.812965,51.131428,51.21072,51.398075,51.053104,51.30355
41.103817,41.331287,41.163254,40.92301,41.36161,41.243393,40.782158,41.053635,41.686768,41.356518,41.22382,41.042805,41.278133,41.51284,41.35035,41.211376,41.387356,41.566444,41.487946,41.39717,41.62824,41.573364,41.218708,41.637726,41.297863,41.487854,41.67734,41.341293,41.77221,41.581467,41.540356
52.010563,52.0906,51.886826,52.068523,51.8011,51.97456,51.99933,52.27223,51.945694,52.318546,51.71859,52.176792,52.079845,52.451866,52.098515,51.980293,51.92643,52.381084,52.1841,51.92323,52.286636,52.483585,52.26294,51.940056,52.453945,52.313385,52.010998,52.690414,52.012733,52.433407,52.1688
48.79729,48.495144,48.672173,48.8462,48.56597,48.83712,48.651928,49.015156,48.81161,48.572823,48.41338,48.49635,48.67324,48.83944,48.98358,48.936493,48.809914,49.286915,48.802147,48.655685,49.469273,49.434933,48.716022,48.780777,48.857533,48.50843,49.119267,49.084183,49.172516,49.140186,48.747932
42.692932,42.748177,43.336586,42.853638,42.998283,42.96772,43.03689,42.729942,42.87749,42.972748,43.297153,43.260204,43.308018,43.002075,43.037918,42.938557,43.374477,43.08581,43.208714,43.206554,42.91982,43.031998,43.592777,43.330086,43.07278,43.114777,43.451786,43.01095,43.05363,42.99743,43.239037
38.26623,38.33052,38.20887,38.895664,38.402855,38.34287,38.803104,38.634796,38.278027,38.573242,38.475304,38.97001,38.83089,38.621048,38.93563,38.8526,39.16189,38.833637,38.560078,39.206215,38.857952,38.3382,39.13175,38.504364,39.20476,38.597755,38.919315,39.016953,38.455532,38.978443,39.067287
49.76429,49.761494,49.48642,49.96066,49.947365,49.591225,49.811295,49.77795,49.57982,50.13397,49.64812,50.126396,50.07572,49.97914,49.989483,49.915924,50.11483,49.84357,49.89921,50.143936,50.181812,49.836784,50.35149,49.721542,49.952244,49.765656,49.876698,50.33967,49.838898,50.441586,49.897125
50.312824,50.27562,49.833336,50.32742,50.36084,49.966385,50.320263,50.122135,50.256344,50.455975,50.68756,50.456394,50.437515,50.06948,50.475666,50.55614,50.532475,50.201965,50.596184,50.874126,50.460983,50.297913,50.62587,50.81051,50.594784,50.533325,50.517,50.66458,50.97894,50.77537,50.91714
47.5987,47.78418,47.694847,47.872345,47.537033,47.409542,47.476696,47.590702,47.584892,47.76204,47.388905,48.047005,47.921333,48.014847,48.031727,47.76201,47.715717,47.85921,47.752014,47.993767,47.965477,47.73966,48.00177,47.67733,47.963146,47.843254,47.93572,48.2074,47.88278,48.160553,48.113426
49.210384,49.166096,48.80435,49.18959,49.036606,49.12601,49.246315,49.513767,48.968086,49.236916,49.231426,49.27409,49.052288,48.827408,49.254704,48.983955,49.379063,48.969883,49.16766,49.37307,49.149265,49.426567,49.386303,49.196907,49.365707,49.405212,49.005684,49.74797,49.453293,49.664333,49.107063
49.21004,48.707207,48.397293,49.291004,49.31253,49.07125,49.62187,49.45195,48.689156,49.400757,48.87875,49.302597,49.344814,49.137615,48.92694,49.837364,49.382492,49.67019,49.371956,49.321323,49.53373,49.158894,49.28235,49.138542,49.22753,48.917862,49.38307,49.709038,48.97797,49.171234,49.183773
48.68562,48.999413,48.87809,49.35801,48.77147,48.850807,48.986576,49.11501,49.13918,49.177536,49.018566,49.242928,49.3046,49.253582,49.367126,49.083668,49.151318,49.205437,49.075836,49.302715,49.447117,49.240353,49.50311,49.35939,49.731064,49.226334,49.3549,49.567947,49.235157,49.624077,49.51506
50.35251,50.754406,50.66346,50.418335,50.67312,50.648434,50.71838,50.65803,50.86403,50.632236,50.507862,50.292366,50.74227,50.855827,50.74533,51.170036,51.211353,50.841103,50.984577,50.888424,50.785492,50.772655,50.899128,51.140656,50.932644,50.932533,50.98322,51.085876,50.956947,50.833336,51.05938
50.18566,49.911026,49.84395,50.528233,50.152763,50.383823,50.385075,50.622974,50.210495,50.564945,50.018826,50.532803,50.377277,50.5829,50.317223,50.443478,50.379253,50.935356,50.32684,50.492992,50.844143,50.4541,50.264973,50.08583,50.690155,50.511375,50.64315,50.94313,50.277626,50.582256,50.334656
40.586376,40.666096,41.110313,40.82229,40.34706,40.73103,40.76527,40.73195,40.76339,40.472305,41.122883,40.76449,40.72285,41.02416,40.724537,41.01278,41.02134,40.81115,40.904583,40.922512,40.53713,40.92745,40.875988,40.88337,41.103798,41.43248,41.050426,41.137657,41.232834,40.89746,41.262875
55.112247,54.9956,54.981766,55.02248,55.40104,55.13655,55.152596,55.06139,55.20315,55.392967,55.53072,55.220615,55.3616,55.035583,55.521294,55.301956,55.25539,55.183712,55.67434,55.535606,55.382687,55.125492,55.643356,55.667435,55.397163,55.369278,55.358032,55.429943,55.57139,55.600372,55.637543
39.5343,39.7086,39.99505,39.463875,39.54493,39.67764,39.730915,39.416912,39.864628,39.762463,40.148586,40.321754,39.698315,39.575665,40.009544,39.61275,40.12546,39.86819,39.799164,40.166565,39.903145,39.832382,40.390602,39.90889,39.914383,40.037384,40.000587,39.859016,40.1712,40.127163,39.878345
39.688618,39.65558,39.852386,39.595905,39.74228,39.523514,39.74455,39.620945,39.303596,39.36372,39.537952,39.458256,39.714085,39.823277,39.41421,40.167053,39.613483,39.624027,39.831623,39.703453,39.41927,39.932274,39.44637,39.831985,39.394104,40.07522,40.00544,39.92363,39.913788,39.468105,40.172302
51.108704,51.315933,50.751564,51.47104,51.160522,50.853214,50.804718,51.21556,51.41077,51.25942,50.89604,51.32445,51.395813,51.440178,51.628597,51.39783,51.296623,51.360268,51.283722,51.764053,51.770626,51.131817,51.47184,51.34385,51.72658,51.361282,51.414978,51.718353,51.438736,52.00372,51.679188
51.571457,51.56965,51.470695,51.496834,52.108368,52.058144,52.507557,51.90463,51.73977,52.45482,52.22505,51.966976,51.98842,51.49031,52.41707,52.027504,52.23375,52.0542,52.165257,52.12365,52.44091,52.462444,52.33292,52.61808,52.12774,51.94172,52.28783,52.34188,52.492878,52.31548,52.370815
47.37676,47.29621,47.17415,47.39458,47.371017,47.58877,47.254093,47.59173,47.677963,47.573692,47.436394,47.364555,47.50231,47.759354,47.46973,47.426174,47.267414,47.894722,47.674152,47.47071,47.880947,47.81091,47.50145,47.612686,47.968918,47.829285,47.686234,47.671455,47.69604,47.841553,47.76017
54.46767,53.986122,53.583755,54.436947,54.39769,54.01866,54.174248,54.2312,53.891476,54.32971,54.64079,53.956516,54.24438,53.635265,54.167408,54.213394,54.022972,54.0316,54.59068,54.695446,54.31002,54.180702,54.1441,54.323982,54.190807,54.277336,54.066883,54.50823,54.82005,54.3953,54.433
47.81486,48.0781,48.131264,47.97178,48.022987,48.06413,48.198875,47.965557,47.830162,47.80566,47.977493,48.058357,48.31248,47.596382,47.939972,47.99175,48.39611,47.79735,48.000874,48.283646,47.93599,48.139797,48.44383,48.477386,48.120964,47.983185,48.318607,48.096966,48.483845,48.07675,48.153374
45.21308,45.402664,45.777893,45.418007,45.49038,45.749584,45.732506,45.64115,45.50733,45.437363,45.258453,45.61098,45.745937,45.879738,45.546894,45.836185,45.619118,45.96063,45.71539,45.58325,45.719627,45.646084,45.969025,45.64099,45.989956,45.888077,45.87387,45.716885,45.254406,45.57489,45.833374
46.273773,46.255848,46.1092,46.0091,46.282425,46.39714,46.274353,46.538845,46.47801,46.26451,46.192,46.31257,46.31355,46.480423,46.363037,46.65831,46.5309,46.61607,46.57682,46.32769,46.40375,46.50266,46.408134,46.7268,46.55419,46.610115,46.61661,46.68331,46.558582,46.586746,46.604626
46.941635,47.32955,47.170837,46.739468,47.2118,47.077705,46.661865,46.88481,47.32244,47.166046,46.968346,46.94879,47.14829,47.350033,47.18622,46.923832,46.948967,47.02379,47.359444,47.097275,47.160427,47.25357,47.312283,47.399696,47.224323,47.472954,47.195766,47.184113,47.44255,47.507294,47.43981
30.465279,30.49662,30.48243,30.383234,30.627876,30.375004,30.767189,30.459259,30.750282,30.978745,31.383453,30.536095,30.264055,30.577837,30.954834,31.139082,30.761124,31.044373,31.243752,30.981195,30.732435,30.845367,30.4655,31.074955,30.519707,31.13619,30.979223,31.17051,31.232975,30.558361,31.353111
44.414448,44.847523,45.165466,45.00181,45.11902,44.94119,45.296143,44.68145,44.8758,45.35575,45.31488,45.269623,45.170647,45.091846,45.039646,45.183605,45.069656,44.807217,44.997276,45.28191,45.20825,45.11239,45.41538,45.28411,45.02927,45.549255,45.380283,45.42232,45.243183,45.294838,45.36673
44.46933,44.21476,44.669968,44.48429,44.792107,45.101425,45.27776,44.92744,44.61144,44.82438,45.16054,44.998325,44.8697,44.771206,44.652912,45.288338,44.88216,44.984257,45.07292,44.73277,44.696686,44.700024,45.097855,45.17005,45.024597,45.229843,45.10853,45.035564,44.813522,44.776016,45.085197
49.93301,49.774754,50.216393,50.153885,49.730995,50.2237,49.92457,50.4316,50.144775,49.777794,49.69647,49.949062,50.024445,50.516262,49.901634,50.164722,50.094376,50.48605,49.952145,49.878056,50.335743,50.640297,49.894318,50.012268,50.32261,50.490173,50.528748,50.487114,50.084732,50.277813,50.067585
42.56498,42.372913,42.343338,42.136124,42.28589,42.29944,41.98223,42.174904,42.544834,42.149445,42.491974,42.624283,42.572136,42.542362,42.090733,42.26375,42.60653,42.6178,42.616745,42.456013,42.2561,42.547504,42.572903,42.85389,42.625435,42.556694,42.9228,42.17742,43.003727,42.538445,42.771275
55.381638,54.88037,55.024796,55.291534,55.239822,55.142426,55.219425,55.183872,55.267788,55.43037,55.391453,55.493877,55.21859,55.471436,55.58767,55.456947,55.346725,55.73864,55.599113,55.568813,55.85402,55.57733,55.447147,55.42621,55.602066,55.51744,55.821545,55.614727,55.8408,55.817883,55.82392
38.45535,38.87559,39.421288,39.037117,38.50566,38.78059,39.354877,38.99732,39.185875,38.7803,39.434902,39.687332,38.65833,39.167095,39.15831,39.594624,39.582268,39.02008,38.99203,39.370964,38.96451,38.808365,39.964336,39.086166,39.605083,39.794853,39.24917,39.53436,38.833282,39.566692,39.274796
51.117256,51.251335,51.13549,51.284622,51.400024,51.306854,51.44123,51.32846,51.239216,51.789577,51.05146,51.26484,51.5036,51.52656,51.42958,51.478775,51.241585,51.79293,51.609837,51.277275,51.808277,51.729958,51.394844,51.592827,51.389847,51.263184,51.66044,51.85466,51.57663,51.39527,51.56197
51.26299,51.774567,51.96441,51.61094,51.803917,51.772713,51.930023,51.570004,51.963627,51.92671,51.900993,51.819702,51.944473,51.736736,52.179943,52.0609,52.368317,51.739418,51.915585,52.175266,52.16445,51.816013,52.523327,52.17788,51.982235,51.897194,52.00832,52.201077,52.07349,52.29705,51.930862
44.02659,43.719078,43.920692,44.171047,44.260704,43.830067,43.82621,43.886345,44.08782,43.85995,44.160294,44.121605,44.119858,43.809322,44.174755,44.080624,44.27301,44.22676,44.289165,44.385597,44.44859,44.10683,44.43004,44.454544,44.087677,43.786438,44.7367,43.85265,44.403732,44.36399,44.350628
55.362457,55.324417,55.342247,55.20161,55.527786,55.11822,55.249493,55.14851,55.167377,55.545025,55.538357,55.41471,55.282257,55.240887,55.50746,55.259937,55.24863,55.01535,55.53246,55.567566,55.451256,55.679287,55.55103,55.552094,55.141,55.75879,55.441902,55.749516,55.82569,55.84737,55.621296
42.359013,42.129543,42.3516,42.192696,42.32241,42.6018,42.251278,42.409115,42.221775,42.18099,41.85579,42.38422,42.65066,42.82914,42.191086,42.78414,42.12951,42.71831,42.33099,41.936687,42.68261,42.683586,42.24903,42.39933,42.201393,42.234116,42.69188,42.54404,42.664524,42.54032,42.41631
51.25324,51.489384,51.32241,51.715866,50.972374,51.02108,51.26903,51.447945,51.478893,51.47367,51.475624,51.8103,51.201897,51.49719,51.553555,51.241764,51.745956,51.434326,51.457516,51.82403,51.568855,51.359337,52.14147,51.177673,52.096004,51.76628,51.32059,51.965454,51.42458,52.13196,51.469078
45.493164,45.795525,45.77487,45.63783,45.748993,45.830513,45.855766,45.767605,45.85136,45.87001,45.89907,45.9529,46.169563,46.055473,45.854122,46.216335,46.148777,45.697773,46.083946,45.69534,45.638195,45.661545,46.33271,46.463043,46.081924,45.880188,46.06861,46.199368,46.21899,46.169605,46.235054
53.01039,52.87611,53.085518,52.56076,53.031937,53.146507,52.603466,52.77835,53.05886,52.781734,52.917503,52.775455,52.89772,52.76374,52.694187,52.828045,52.645504,52.990536,53.171852,52.892025,52.974594,53.04254,52.81819,53.13407,52.62934,53.140305,53.07388,52.883144,53.548695,52.9184,52.806126
41.149265,41.453094,41.466263,41.289497,40.802406,41.289803,41.48651,41.235294,41.617207,41.436638,41.62387,41.739243,41.22521,41.535217,41.41423,41.3216,41.595577,41.92187,41.395008,41.69126,41.72791,41.903492,41.775803,41.481407,42.15828,41.9629,41.6605,41.654297,41.835842,41.659966,41.768715
53.922966,53.779015,53.543503,54.18002,53.917854,53.88517,54.091476,54.353363,54.074802,53.937622,53.960213,54.02221,53.75344,53.721294,54.008545,54.43855,54.247982,54.171814,54.19802,54.361473,54.267696,53.775158,54.236122,54.072426,54.275276,54.133263,54.071854,54.56593,54.08219,54.37265,53.916115
52.232014,52.450603,52.144753,52.646854,52.27736,52.271103,52.194847,52.676826,52.24861,52.25863,51.579296,52.209026,52.603004,52.441055,52.53531,52.387146,52.366932,52.726036,52.35154,52.716644,52.76599,52.419655,52.4453,52.160393,52.727406,52.324593,52.423336,52.850212,52.037205,52.511135,52.38426
52.32369,52.664215,52.36503,52.58246,52.268654,52.187847,52.718666,52.551765,52.667244,52.85925,52.766792,52.931244,52.52841,52.64911,53.186703,52.75474,53.192783,52.699932,52.84976,53.076187,52.887154,52.68376,53.491405,52.852814,53.36159,52.824654,52.62529,53.28781,52.77383,53.401085,53.09447
44.938595,45.304565,45.424767,45.341408,45.22886,45.17898,45.291965,45.062027,45.144722,45.45053,45.49119,45.28475,45.470238,45.30525,45.18502,45.26301,45.32692,45.133854,45.369057,45.542976,45.16858,45.360893,45.312782,45.50672,45.25402,45.740517,45.526817,45.720345,45.71564,45.25923,45.601818
50.904396,50.650642,50.587875,51.222656,50.572388,50.719784,50.7575,51.11298,50.603104,50.74573,50.773685,51.120644,50.811802,50.99907,50.633423,50.81055,50.725155,50.891758,50.848694,51.07462,50.832,50.746895,51.02971,50.450752,51.329357,51.34784,50.781036,51.313442,50.738884,51.236115,50.915096
47.965282,47.978092,47.982216,48.292347,48.332672,47.8344,48.26666,47.67277,47.911354,48.601616,48.710693,48.244442,48.530987,48.181503,48.798943,48.41759,48.09688,48.23639,48.754887,48.773445,48.441387,48.110672,48.449455,48.711975,48.46326,48.398804,48.61851,48.54648,48.926674,48.41619,49.405167
48.892166,48.81673,49.116066,48.659397,48.962044,48.877937,48.494007,48.70804,49.039448,48.8417,48.899166,48.83296,48.9596,49.11831,48.956726,48.719627,49.0245,48.93815,49.053642,48.830128,49.138245,49.3582,49.150574,49.124504,48.77724,48.98989,49.23883,48.94575,49.326797,49.362,48.96629
44.19365,44.1028,43.788025,43.901028,43.81983,44.010788,44.088284,44.269245,44.255238,44.175194,44.24409,44.23794,43.937206,44.079735,44.393353,44.288223,44.29715,44.46345,44.27843,44.244637,44.404808,44.65311,44.122562,44.479553,44.392696,44.352722,44.33813,44.64728,44.80004,44.561275,44.476654
47.825962,47.720566,48.040726,48.163338,48.04953,48.176662,48.18749,48.08587,48.028606,48.081207,48.305984,48.064156,48.282364,48.023777,48.14868,48.173153,48.193645,48.358208,48.35744,48.352867,48.304306,48.070305,48.45049,48.276108,48.47242,48.239716,48.38444,48.214584,48.166927,48.16076,48.355793
39.98338,40.06953,39.717934,40.323387,39.89837,39.80444,39.92722,39.96725,40.28554,39.7236,39.96028,40.054893,40.047897,40.01876,39.95841,40.42211,40.382076,40.438503,40.07091,40.689064,40.562454,40.066982,40.268368,40.199364,40.651566,40.191406,40.527447,40.05279,40.492977,40.393005,40.48575
58.538036,58.714314,58.923706,58.546326,58.9728,59.00713,58.69396,58.852654,59.17107,58.77208,58.484577,58.45863,59.01861,58.93703,59.149803,59.053955,59.232315,59.061604,58.96045,58.882362,59.470287,59.330612,59.074825,59.427757,58.888565,58.746925,59.39631,59.08679,59.269222,59.305454,58.934696
45.78385,46.585354,46.88864,46.53966,46.472122,46.590317,46.722595,46.49612,46.66189,46.61841,46.45562,46.586514,46.768356,46.586296,46.750645,46.492805,46.858795,46.5366,46.5597,46.751835,46.760216,46.62108,47.379047,46.872612,47.058777,46.78164,46.79804,46.78739,46.2673,46.812134,46.70246
53.692173,53.78745,53.556335,53.372917,53.62674,53.685364,53.519733,53.695957,53.7026,53.640144,53.27898,53.692646,53.71879,53.71783,53.849323,53.389782,53.866783,53.880253,53.760815,53.83157,54.007687,54.130802,54.112534,53.78739,54.134106,53.80764,53.80812,53.764717,53.857403,54.181343,53.856163
60.917587,60.650684,60.919945,61.05815,61.213844,61.363976,61.399456,61.311874,60.952667,60.979065,60.946728,61.18816,61.483925,61.1397,60.970173,61.489067,61.56117,61.206593,61.20022,61.315903,61.253242,61.060165,61.476944,61.476936,61.474834,61.32614,61.620647,61.381382,61.20473,61.363323,61.29283
41.240738,41.137524,41.185966,40.94332,41.0431,41.18141,40.894077,41.156857,41.43563,40.980644,41.47938,41.1291,41.10846,41.224415,41.12527,41.264336,41.083195,41.33713,41.40744,41.18297,41.228046,41.5683,41.14338,41.623085,41.29267,41.576912,41.469036,41.25709,41.80508,41.42165,41.525658
47.308613,47.147728,47.432114,47.65862,47.161514,47.12185,47.585514,47.38264,47.006264,47.364975,47.209892,47.575386,47.47579,47.486916,47.6209,47.702866,47.325768,47.905506,47.61679,47.67029,47.640675,47.589252,47.448772,47.40995,47.62239,47.49372,47.882484,47.868366,47.51645,47.263412,47.986732
44.2141,43.170624,43.17939,43.728474,43.958275,43.668274,43.534016,43.799843,43.609436,43.662445,44.096165,43.813686,43.53413,43.878567,43.482586,44.127243,43.81045,43.97037,44.119343,43.9054,43.89419,43.732998,43.557022,43.64663,43.603153,44.026627,44.083076,43.8697,44.241383,44.169556,43.9804
53.88604,53.793533,53.940002,54.118942,54.24568,54.047478,53.772686,54.053062,54.03508,53.841087,53.93451,53.56755,54.34158,53.87779,54.33903,54.05593,54.116806,53.97868,54.22003,54.27782,54.45781,54.209827,54.26753,54.35402,54.096737,53.83583,54.283092,54.108364,54.260704,54.427788,54.21885
58.41966,58.65222,58.811478,58.834316,58.726303,58.254326,58.392303,58.197235,58.340054,58.967224,58.59729,58.443478,58.87181,58.571365,59.141727,58.1374,58.30403,58.59885,58.952446,59.0239,59.00155,58.98954,58.864,58.779823,58.71056,58.690987,58.882572,58.921474,59.00996,58.80371,59.249294
52.354362,51.65233,52.26458,52.2478,52.257484,52.42047,52.29587,52.300762,52.115314,52.096195,52.60123,52.195866,52.316277,52.2357,52.31486,52.349697,52.4404,52.463825,52.52449,52.30488,52.50954,52.643585,52.400166,52.484856,52.354233,52.37879,52.780224,52.339138,52.81546,52.55368,52.533833
40.118385,40.363594,40.36664,40.135876,40.37599,40.428883,40.42769,40.253185,40.521095,40.243217,40.60538,40.379517,40.342625,40.16527,40.145424,40.58375,40.70809,40.36273,40.393066,40.743343,40.419933,40.397575,40.596016,40.60778,40.41685,40.78662,40.5537,40.478863,40.695385,40.486954,40.38234
45.643925,45.518703,45.39689,45.791702,45.80847,45.65934,45.88722,45.83145,45.471676,46.14484,45.80413,45.855774,45.78632,45.93147,45.783714,45.763065,45.734287,45.919327,45.935333,45.835564,45.95707,46.078205,45.820843,45.797325,45.92098,46.07547,45.98777,46.27318,45.896782,46.041794,46.110973
56.018578,55.577553,55.526527,55.558414,55.795,55.542774,55.884525,55.6386,55.37296,55.665142,55.660244,55.66082,55.611458,55.597683,55.56581,55.91328,55.752502,55.96827,55.995026,56.046795,55.94477,56.16618,55.8307,55.673714,55.79638,56.012856,55.866,55.88374,55.989353,55.80578,56.014156
43.641212,43.650547,43.94915,43.43728,43.818268,43.73505,43.772984,43.649055,44.29522,43.801258,44.57314,44.074936,43.604557,44.009594,44.162224,44.34194,44.5112,43.88005,44.397717,44.158005,43.818207,43.627304,44.6173,44.414932,44.212,44.406418,44.190647,44.056072,44.258137,44.530617,44.37449
45.136242,44.90975,44.74913,44.96297,45.159058,44.581577,44.753094,44.78879,44.96448,45.004864,44.964546,44.91702,44.737263,45.08756,44.977863,45.113785,45.09446,45.143948,45.299015,45.174473,45.30736,45.343353,45.09338,45.18743,44.973774,45.09652,45.482033,45.075394,45.467316,45.40502,45.46638
32.86517,33.530586,33.042,33.047817,33.007034,32.85378,32.806694,32.99459,33.32823,33.132378,32.66098,32.97252,33.17613,33.3452,33.518463,33.205544,33.345905,33.51809,33.113247,33.568813,33.606083,33.454437,33.144978,33.16999,33.3381,33.228252,33.342564,33.489124,33.316544,33.393738,33.52046
51.60902,51.37811,51.567024,51.588406,51.63716,51.544167,51.530884,51.54162,51.59548,51.68862,51.65688,51.49189,51.607914,51.784756,51.85739,51.672783,51.768906,51.91349,51.844437,51.868073,52.071022,52.12141,51.6547,51.77143,51.76747,51.89225,52.098408,51.92553,52.104656,51.98988,52.063522
45.35213,45.574295,45.35991,45.967373,44.934586,45.552715,45.29023,45.935123,45.72386,45.280407,45.666958,45.471172,45.4904,45.47928,45.614185,45.128513,45.42552,45.619534,45.47195,45.85512,45.636856,45.68661,45.77721,45.40564,46.579155,46.09291,45.350204,45.879616,45.638073,46.018356,45.720932
54.484516,54.089287,53.915184,54.018597,54.404007,53.96402,54.395927,54.061523,53.76682,54.457844,54.51226,54.223583,54.092052,53.85703,54.083218,54.290092,54.136402,54.26624,54.724796,54.60037,54.10349,54.32036,54.276894,54.266525,54.064922,54.538765,54.165653,54.5262,54.543316,54.094654,54.51462
42.340458,42.86089,42.336502,42.815075,42.200455,42.627712,42.733624,43.014088,42.729195,42.702557,42.497887,42.882893,42.683514,42.836735,42.716297,42.86285,42.856224,42.642513,42.42796,42.892982,42.749664,42.73141,42.863632,42.610947,43.29067,43.213608,42.478302,43.507587,42.77899,43.2462,42.769157
43.29343,43.062344,42.644295,43.29947,43.067535,43.008297,43.015358,43.158703,42.91889,42.988922,43.415092,42.62835,43.100952,42.59468,43.159912,43.15853,42.90885,43.067135,43.406918,43.430653,43.19936,43.307407,42.792812,43.354202,43.174988,43.09469,43.092876,43.320595,44.046795,43.15595,43.54675
47.362495,47.1466,47.05822,46.992706,47.519096,47.22457,47.409657,47.17387,47.210323,47.446682,47.482952,47.662357,47.419792,47.370342,46.93172,47.630295,47.575867,47.36929,47.632683,47.35946,47.234642,47.237076,47.8288,47.63334,47.314693,47.46721,47.52262,47.408653,47.44595,47.54109,47.403416
52.996742,53.563053,53.905296,53.6312,53.34005,53.501328,53.597134,53.40203,53.493187,53.536945,53.632668,53.456146,53.729233,53.579716,53.712772,53.54539,53.422478,53.334503,53.669006,53.72794,53.500126,53.566605,53.917057,53.85559,53.919926,54.05104,53.68568,53.948162,53.751606,53.68513,54.003777
40.230835,40.229702,40.067657,40.410393,39.957596,40.349335,40.20374,40.512234,40.640038,40.177246,40.380856,40.117287,40.068306,40.29907,40.535114,40.592083,40.44905,40.92131,40.585342,40.595467,40.691975,40.471027,40.111794,40.534454,40.81937,40.55104,40.7063,40.695263,41.036545,40.47901,40.762413
52.253693,52.29672,52.20134,52.60179,52.595337,52.34965,52.581444,52.49097,52.289806,52.72612,52.411114,52.66869,52.631374,52.565907,52.812428,52.535522,52.611572,52.35946,52.436527,52.792618,52.99502,52.760674,52.963852,52.54358,52.769104,52.70633,52.667236,52.97091,52.592907,53.28832,52.775406
51.66703,51.176655,51.444756,51.44245,51.8705,51.63804,51.925163,51.643074,51.494865,51.715378,52.162594,51.592766,51.686527,51.4884,51.994064,52.058384,51.848682,51.826614,52.193356,52.009823,51.842823,51.889553,51.890697,52.215958,51.843987,52.008728,52.129063,51.888515,52.077812,51.894444,52.404957
49.363865,49.640842,49.839928,49.121944,49.37216,49.789883,49.247993,49.43016,49.851913,49.542393,49.185318,49.640198,49.625263,50.005207,49.855568,49.53083,49.511597,49.825874,49.461166,49.448177,50.0733,50.11024,49.668663,49.65313,49.651684,49.8929,49.803745,49.87328,50.075207,50.151066,49.648724
49.758053,49.1695,49.193024,49.66236,49.424095,49.57169,49.088833,49.49349,49.493378,49.141167,49.684757,49.6226,49.464935,49.446575,48.816948,49.27962,49.314075,49.391396,49.545536,49.53857,49.423973,49.313972,49.581757,49.372498,49.748344,49.785927,49.638298,49.246685,50.011375,49.87478,49.397846
49.08972,49.5113,49.400238,49.48548,48.89363,49.305145,49.2933,49.551743,49.60769,49.37279,49.451572,49.333504,49.278854,49.646576,49.768085,49.31739,49.529037,49.546078,49.494522,49.71052,49.55131,49.71014,49.619686,49.523354,50.282024,50.145737,49.495632,50.00134,49.71471,49.93349,50.001995
51.723633,51.48313,51.043396,51.16196,52.121643,51.669937,51.619175,51.746017,51.663033,51.77115,51.533043,51.455807,51.654415,51.50296,51.814323,51.964344,51.71423,51.63251,51.81064,51.862793,52.093246,52.09216,51.575546,52.15197,51.475353,51.895187,51.92241,51.919937,52.01882,52.210457,51.936466
55.392014,55.46648,55.445747,55.164684,55.646706,55.349102,55.323536,55.325684,55.450092,55.435287,54.98721,55.526382,55.707283,55.529,55.629974,55.30026,55.7471,55.73531,55.612576,55.693726,55.866425,55.88001,55.998425,55.82347,55.73896,55.41751,55.96131,55.407104,55.455936,55.794895,55.754047
46.64631,46.62404,46.746765,46.489452,46.761284,46.743805,46.972492,46.562325,46.98445,47.057716,47.497673,47.12609,46.668633,46.459824,47.13235,46.857174,47.48031,47.044575,47.240246,47.38794,46.993114,46.770493,47.47715,47.182747,47.06904,47.040054,47.065582,47.053696,47.35844,47.13318,47.031994
46.19529,46.292778,46.56092,46.32171,46.333084,46.632877,46.620464,46.573013,46.373356,46.61112,46.66543,46.756283,46.622093,46.439186,46.492558,46.352318,46.566452,46.50019,46.561947,46.43477,46.39901,46.662563,46.835182,46.75151,46.655148,46.777435,46.65229,46.848015,46.627876,46.642925,46.541862
45.903362,46.235428,46.096962,45.34763,46.181915,46.26141,46.290607,45.95315,45.928684,46.169945,45.813564,45.90274,46.298737,46.02719,46.276882,45.921135,46.149433,46.228634,46.04028,46.173088,46.311474,47.14075,45.98479,46.698082,46.167423,46.54116,46.527534,46.2046,46.613297,46.121574,46.7034
40.78001,40.90939,40.784416,40.970623,40.743584,40.25527,40.932842,40.541004,40.575783,41.16309,41.083675,41.353565,40.78432,41.102528,40.70754,41.06385,40.93684,40.864365,40.982727,41.127018,40.851143,41.06708,41.198483,40.870148,40.877186,41.29689,41.06777,41.39074,41.014618,41.12316,41.28751
50.34968,50.51723,50.790268,50.624634,50.42935,50.501053,50.44597,50.67827,50.50021,50.553127,50.12935,51.04397,50.778786,50.926342,50.710484,50.5226,50.553288,50.619476,50.476395,50.363342,50.75148,50.85245,51.043285,50.784264,50.745632,50.65129,51.003357,50.98452,50.563725,51.096256,50.693764
55.16981,55.4869,55.34314,55.359497,55.619186,55.2235,55.432137,55.291496,55.73857,55.705112,55.661846,55.421314,55.63211,55.56524,55.654366,55.747105,55.938644,55.467655,55.784737,55.8661,55.787758,55.6551,55.993763,56.153984,55.761223,55.75316,55.891308,55.8664,55.824905,55.994644,55.924248
48.700653,48.965607,48.503105,48.211792,48.531464,48.347633,48.550587,48.58732,48.463894,48.389767,48.24895,48.430565,48.41183,48.152252,48.388706,48.512226,48.75093,48.46998,48.575386,48.70017,48.53359,49.15998,48.67573,48.867897,48.413006,48.63066,48.554882,48.783974,48.977448,48.645535,48.519344
54.656834,55.136547,54.764137,55.176506,54.73533,54.746857,54.60492,54.90727,55.21705,55.003014,55.16661,54.748264,55.16679,54.837906,55.146267,54.784702,54.89833,54.61934,55.09672,55.177853,55.048622,55.04574,55.20358,55.585854,55.453346,55.171402,55.029945,55.37806,55.711346,55.524403,55.40207
47.043545,46.967155,47.194016,47.305737,46.96772,46.754368,46.820114,47.061184,47.094933,46.7149,46.659424,47.227425,47.1408,47.814713,46.93793,47.627254,47.375164,47.32379,47.23144,47.159405,47.219727,47.01043,47.511295,47.026276,47.46895,47.33806,47.588978,47.3072,46.91454,47.567703,47.51384
39.303753,39.712955,39.247963,39.375603,39.918877,39.086807,39.629894,39.154533,39.300846,39.840324,39.799385,39.43035,39.65516,39.073864,40.05682,39.74354,39.676353,39.327354,39.887512,40.297657,39.675255,39.544815,39.719246,40.05474,39.35351,39.679527,39.712654,39.888245,39.966896,39.652626,40.303646
47.785614,47.815166,47.89142,47.89847,47.733734,47.46837,47.481556,47.510174,47.767117,47.693737,47.894386,48.263542,47.900414,47.88694,47.60375,47.72893,47.9691,47.584515,47.83149,48.060368,47.689514,47.67654,48.203896,47.957695,47.826164,48.063667,48.14713,47.955692,48.218773,48.216835,47.985115
44.459473,44.0919,44.661133,44.832596,44.402428,44.658375,44.601704,44.6951,44.706337,44.825916,45.01988,45.290478,44.719257,45.07961,44.60514,44.62609,45.0209,45.0165,44.69897,44.725513,44.854992,44.761997,45.005962,44.68831,44.96353,45.04344,45.30113,45.076813,44.834175,45.12589,44.76191
49.39907,49.209354,49.873512,49.78434,49.971138,49.81219,49.720432,49.233784,49.371143,49.722015,49.96929,49.434288,50.042355,49.731384,49.90167,49.89734,49.56261,49.620842,49.86696,50.146046,50.02416,49.689068,49.541,49.772514,49.47271,50.046913,50.22554,49.825653,50.36405,49.74029,50.31072
41.474068,41.28447,41.465096,41.489403,41.740784,41.47062,41.535862,41.369606,41.625393,41.59367,41.847168,41.78395,41.50202,41.67764,41.801094,41.741848,41.874657,41.848553,41.78412,42.218254,41.96835,41.621006,41.857895,41.611435,41.84107,42.136444,42.093338,41.660343,41.769558,42.00561,42.10664
42.768696,42.794033,43.336052,43.001015,43.051353,42.687138,42.812843,42.70147,42.685272,42.63282,42.836533,43.15378,43.06117,43.0446,42.66126,43.084454,42.93777,42.7991,43.01302,43.03005,42.736897,42.860077,43.2471,43.071358,42.702168,43.1594,43.43972,42.920185,42.845142,42.895634,43.157112
50.900185,50.891468,50.86624,51.351112,50.96923,50.70777,50.912876,50.915947,50.94849,51.17836,51.22688,51.223713,51.021908,51.279408,50.9475,51.156837,51.066944,51.03793,51.304882,51.44899,51.099247,50.7522,51.4323,50.884422,51.4492,51.54435,51.11867,51.45196,51.039536,51.441586,51.38045
45.023014,45.277046,45.004257,45.101173,45.392723,45.071453,44.982113,45.12776,45.368786,45.5812,45.210293,45.224243,45.342583,45.394077,45.625397,45.07815,45.23199,45.382927,45.43025,45.513065,45.654896,45.618713,45.349026,45.608917,45.412685,45.52929,45.597637,45.5948,45.54454,45.71981,45.745834
44.50549,44.220123,44.122063,44.177677,44.392075,44.39593,44.402573,44.484684,44.27469,44.420887,44.15286,44.4215,44.274208,44.302166,44.287296,44.491035,44.402657,44.74374,44.412174,44.274185,44.79958,44.98942,44.300896,44.50376,44.17819,44.260086,44.698,44.63642,44.820595,44.58222,44.30456
42.336983,42.443005,42.915962,42.76987,42.667747,43.096886,42.76422,42.81739,42.79783,42.677143,42.997074,42.8979,43.152164,43.35757,42.742676,42.92971,43.026215,42.78961,42.8135,43.016613,42.677143,42.57192,43.09759,42.76142,43.394886,43.66295,43.04834,43.045048,42.667206,43.146862,43.225494
50.640263,50.19948,50.70546,50.49207,50.89801,50.368507,50.813595,50.33541,50.243866,50.37927,50.84303,50.325645,50.79655,50.74617,50.608807,51.366688,50.636,50.683147,51.191288,50.74196,50.65318,50.787155,50.922726,51.083794,50.576942,50.767036,51.09698,50.59006,50.771183,50.596935,51.456284
52.94014,53.155815,52.937798,52.76198,53.058685,52.82844,53.138973,52.890316,52.976273,53.076576,53.061462,53.104794,53.072376,52.797302,52.97195,53.359688,53.173153,52.87395,53.17069,53.218098,53.10237,53.216778,53.399925,53.44738,52.932854,53.166687,53.03234,53.417027,53.413185,53.29274,53.109554
48.044228,47.994503,48.343727,47.884766,48.344337,48.430275,48.14894,48.128666,48.11754,48.184242,48.078026,48.17642,48.512764,48.347786,48.386642,48.05463,48.526737,48.367805,48.25516,48.384743,48.429935,48.630543,48.359943,48.437553,48.252937,48.456062,48.709114,48.307827,48.46085,48.428745,48.47018
49.91785,49.712097,49.881447,49.908756,49.82911,50.16423,50.05262,50.046234,49.667423,49.62064,49.61062,50.129,50.078907,49.779427,49.640244,49.940636,49.745106,50.0453,49.72275,50.00484,50.138832,50.149174,50.044613,49.842987,50.111088,50.13208,50.130543,49.9545,50.115376,50.055218,49.86671
53.531116,53.88833,53.386665,52.979958,53.62166,53.682507,53.61001,53.64504,53.933044,53.75852,53.499214,53.37396,53.481205,53.43221,53.731686,53.60446,53.77564,53.691025,53.6664,53.677174,54.03259,54.50541,53.69036,54.259804,53.744156,53.958344,53.742077,53.94785,54.316566,54.098045,53.761894
43.964993,44.15595,43.391533,44.030434,44.1316,43.81428,43.94148,44.13107,44.483654,44.10311,43.96461,43.68209,43.95462,44.074215,44.848236,44.586323,44.320843,44.54871,44.36999,44.777225,45.041576,44.463364,44.188503,44.544273,44.78162,44.248962,44.423023,44.436356,44.616776,44.87953,44.984455
44.43522,44.709366,43.87497,44.342743,44.60794,44.029125,44.54405,44.23373,44.287556,44.53796,44.20803,44.481804,44.478275,44.076904,44.530052,44.596676,44.87701,44.390476,44.356777,45.096455,44.938633,44.803204,44.798813,44.643913,44.56983,44.371796,44.5622,44.66816,44.8753,44.951206,44.711117
44.465706,44.503143,44.238846,44.112473,44.624664,44.213795,44.62144,44.364906,44.687386,44.543076,44.496178,44.588867,44.378582,44.66752,45.029068,45.08057,44.996426,44.852615,44.869576,44.829365,45.047356,45.028206,44.975903,45.225784,44.925106,44.710632,45.172874,44.728127,45.046585,45.19879,45.458282
50.18715,50.41817,50.15786,50.25825,49.842293,50.349136,50.245407,50.587105,50.559414,50.33053,50.350143,50.494408,50.08296,50.48809,50.180428,50.329124,50.355373,50.416454,50.222572,50.43098,50.436127,50.594593,50.49053,50.208336,50.863865,51.072426,50.108727,50.963123,50.517246,50.878674,50.221714
49.173183,48.926502,49.089226,49.337822,49.057854,49.080193,49.015205,49.266273,49.415886,49.168697,49.3406,49.227753,49.10406,49.546997,49.326805,49.42416,49.383125,49.58778,49.57934,49.294067,49.528133,49.366425,49.493282,49.45298,49.710873,49.452873,49.705845,49.47112,49.569744,49.715523,49.68749
54.574017,54.21015,54.968338,54.748787,54.992706,54.736385,54.946007,54.642857,54.2516,54.736683,54.943066,54.848522,54.96508,54.80836,54.888382,54.927914,54.58171,54.55318,54.89021,54.949013,54.814323,54.943142,54.95303,54.843315,54.58168,55.267944,55.133564,55.044373,54.69848,54.940777,55.181934
47.116734,46.988174,47.348564,47.09302,47.442184,47.402912,47.48854,47.232224,47.232525,47.339996,47.461334,47.3135,47.361927,47.173702,47.318108,47.54255,47.43268,47.6192,47.659115,47.50906,47.474506,47.345768,47.58688,47.579414,47.33144,47.462143,47.674374,47.40957,47.410408,47.21963,47.502403
51.301174,51.727375,51.63183,51.630695,51.57721,51.77777,51.79521,51.734905,51.880066,51.93685,51.94145,51.746517,51.617966,51.67836,51.827038,51.515823,51.846516,51.607124,51.80711,51.966248,51.915375,51.879623,52.269405,51.884087,52.342976,52.31627,51.685604,52.076813,51.919125,52.298824,51.905884
49.01301,48.951748,48.82148,49.295635,49.421684,48.724537,49.22096,49.025238,48.81044,49.295135,49.294765,48.953846,49.147934,49.086998,49.274338,49.47154,49.036774,49.044994,49.462547,49.687214,49.29537,49.19133,49.175304,49.28987,49.17902,49.62268,49.365166,49.565945,49.147854,49.314354,49.825504
49.206436,49.82179,49.538284,49.32787,49.549973,49.503384,49.471233,49.246334,49.997425,49.918377,49.474644,49.631577,49.55908,49.56654,49.98404,49.368908,49.8471,49.99329,49.74254,50.05916,50.337994,49.94764,50.12895,49.90345,50.106277,49.737976,49.909733,49.730297,50.07234,50.08161,49.89327
49.040527,49.3411,49.42536,49.312603,49.021523,49.524006,49.33553,49.33995,49.301174,49.293068,49.61391,49.128872,49.540363,49.26177,49.589855,49.10571,49.426075,49.28188,49.510387,49.68198,49.271576,49.399864,49.615982,49.422707,49.973278,49.85315,49.19428,49.661358,49.72834,49.54421,49.737835
43.49236,43.76216,43.918465,43.59403,43.716324,43.89549,43.8082,43.79898,44.24706,43.744946,43.900066,43.899822,43.73527,44.120804,43.977592,44.12859,44.28889,44.068558,43.998516,43.90872,44.14767,44.07572,44.323498,44.3388,44.341896,44.212524,44.39914,43.995605,44.254776,44.41566,44.264214
39.345737,39.511868,39.08284,38.59059,39.43322,39.190025,38.783634,38.834557,39.53175,39.13494,39.313095,38.996693,39.190033,39.169807,39.241714,39.238506,39.276722,39.156883,39.326897,39.466946,39.44691,39.752533,39.001415,39.749176,38.970623,39.595276,39.51189,39.14017,40.29736,39.622738,39.640038
44.983307,45.25241,44.944496,45.306683,45.244133,45.11601,45.242245,44.98397,45.368053,45.690117,45.42537,45.605904,45.594242,45.16012,45.683098,44.924652,45.262886,45.64664,45.453186,45.720318,45.873375,45.60507,45.71926,45.860214,45.93297,45.29635,45.844635,45.35463,45.878456,45.652054,46.005135
41.329914,41.59687,41.300903,41.51169,41.39029,41.470436,42.077393,41.82609,41.465393,41.684395,41.536144,42.02714,41.61854,41.509396,41.745907,42.095264,42.250736,41.806534,41.52638,42.04328,41.792473,41.697144,42.176945,41.681152,42.002785,41.853577,41.64489,42.2892,41.438747,41.97292,41.679512
38.647293,38.829613,38.3386,38.556107,38.757782,38.637253,38.753765,38.731766,38.59202,38.91717,38.75802,38.67931,38.78391,38.56488,38.742702,38.759224,38.74998,38.61438,38.63206,38.845947,38.960766,39.263355,38.679443,38.94641,38.60149,38.8647,38.716423,39.15545,39.233913,39.095486,38.844543
49.045044,48.598995,48.599754,48.631466,48.542725,48.510532,48.81185,48.764004,48.61651,48.79333,49.193813,48.973732,48.453594,48.667206,48.981995,48.751167,49.00635,48.872097,48.964077,49.041866,48.956215,49.41466,49.0068,48.817543,48.968235,49.19043,48.884422,49.17926,49.35864,49.34739,49.12215
44.54974,44.44591,44.568237,44.57179,44.483276,44.753345,44.191975,44.77972,44.657673,43.9813,44.33202,44.197273,44.65743,44.694023,44.088196,44.695797,44.725136,44.406586,44.50452,44.392735,44.373524,44.631638,44.38416,44.750954,44.560116,44.745766,44.86628,44.588253,44.988487,44.757988,44.5119
49.005634,48.760994,48.858772,48.400574,49.25643,49.275875,49.05945,48.89883,48.863068,49.134995,49.018837,48.99963,49.140106,49.148834,49.01614,48.970314,49.2383,49.09811,49.281254,48.963333,49.038742,49.360287,49.132744,49.393654,49.06458,49.346825,49.437904,49.039886,49.521034,49.282978,49.44565
43.947212,44.01214,43.84601,43.888817,44.128387,43.986,43.861732,43.956364,44.229176,43.92313,44.023384,43.82701,44.182453,44.247158,43.948643,44.536777,44.29795,44.153576,44.333588,44.12738,44.175797,44.04236,44.180485,44.502113,44.15435,44.127693,44.378117,44.205063,44.51814,44.334602,44.414787
49.0679,49.022484,48.958443,49.12369,49.087204,49.165184,49.417156,49.324814,49.44605,49.044918,49.405876,49.437634,49.11293,49.30533,49.360176,49.855118,49.84313,49.318176,49.337593,49.573326,49.582817,49.254826,49.93614,49.53083,49.855568,49.58072,49.477352,49.550316,49.488155,50.06346,49.5412
39.62887,39.82018,40.16239,39.684196,39.936317,40.051937,40.251278,39.70228,39.72696,40.167957,40.288353,40.160805,40.053577,39.94828,40.124702,39.93875,40.019817,40.02934,40.033173,40.245823,40.02312,40.325478,40.09347,40.156067,40.01868,40.576973,40.30683,40.251072,40.374893,39.98638,40.473633
49.321884,49.01023,49.271194,49.23212,49.357674,49.368412,49.290188,49.379086,49.47254,49.241234,49.623753,49.532215,49.5106,49.56475,49.546204,49.49689,49.71709,49.623093,49.87032,49.469814,49.391136,49.350597,49.973774,49.955223,50.027443,49.5739,49.96997,49.328465,49.645187,49.80071,50.07784
41.20384,41.336594,41.414528,41.26874,41.436905,41.28733,41.029118,41.309235,41.442547,41.33979,41.26439,41.31586,41.327106,41.429268,41.40063,41.072685,41.273914,41.486763,41.424484,41.53197,41.54094,41.696007,41.336815,41.500908,41.37029,41.724052,41.759827,41.45229,41.498707,41.54442,41.58547
46.10394,46.177124,45.913292,46.34077,46.1137,45.95199,46.35363,46.202927,45.854965,46.284145,46.11077,46.013943,46.332478,46.16875,46.435955,46.447147,46.338024,46.33254,46.3536,46.60579,46.434776,46.467964,46.25816,46.223938,46.434628,46.332024,46.272423,46.745102,46.448776,46.358284,46.705555
50.848263,50.711704,50.918976,50.893764,50.748116,50.981842,50.609795,50.839752,51.001217,50.75758,51.008343,50.833633,50.935658,51.075626,50.704205,50.931957,50.658356,51.08392,51.25488,50.92236,50.824986,50.723442,50.910988,51.049706,51.21038,51.30464,51.13127,50.99509,51.33288,50.96028,51.228497
41.033302,41.356754,41.54869,41.31936,41.104057,41.21191,41.566025,41.381332,41.348103,41.37858,41.517975,41.7839,41.35238,41.487194,41.561165,41.441338,41.68635,41.318653,41.30896,41.40392,41.49934,41.818832,42.09842,41.67932,41.77823,41.690742,41.641945,41.751427,41.478027,41.965363,41.671036
44.64868,44.588543,44.72444,44.823246,44.93879,44.789738,45.042027,44.767685,44.718506,44.983532,45.11922,44.945354,45.027954,44.772972,45.34781,45.00684,45.179375,44.927216,45.065605,45.173405,45.29889,45.138466,45.47904,45.158684,45.158005,44.8435,45.137215,45.09456,45.127537,45.430756,45.31731
52.07381,51.720196,52.003227,51.957516,52.02307,52.310516,52.331806,52.464695,52.30359,52.035248,52.480618,52.19598,52.180965,52.103592,52.34657,52.47131,52.54187,52.355984,52.433548,52.051056,52.357986,52.604946,52.57277,52.888123,52.565292,52.280006,52.643013,52.451244,52.59769,52.66333,52.47939
47.1095,47.56221,47.500603,47.616444,47.009315,47.588543,47.63344,47.729366,47.375134,47.39415,47.518917,47.32709,47.539455,47.238388,47.43922,47.368454,47.41684,47.39766,47.38623,47.619385,47.373455,47.68075,47.53826,47.54268,47.908276,47.89869,47.284283,48.051456,47.732872,47.49055,47.522053
51.888176,51.36991,51.822655,51.955917,51.59806,51.595695,51.722866,51.70137,51.21185,51.66601,52.059128,51.77236,51.788906,51.681812,51.608215,51.67283,51.331074,51.68164,52.06429,51.749386,51.50999,51.83093,51.780487,51.60784,51.712242,52.018654,51.743355,52.0186,51.972828,51.681305,52.028587
45.009106,44.711117,44.476463,44.879456,44.904785,44.666847,44.90903,44.909637,44.85502,45.14795,45.11661,45.0061,44.75626,45.088837,44.777405,45.237507,45.106293,45.244175,45.31497,45.079445,45.030846,45.002735,44.978733,45.028053,45.05231,45.177643,45.168068,45.34963,45.24425,45.147335,45.252686
47.150993,47.04403,47.596504,46.838272,47.39155,47.33837,47.210835,47.19895,47.216255,47.036247,47.299904,47.24899,47.355846,47.37681,47.524384,47.2548,47.453808,47.281242,47.506702,47.218918,47.303368,47.742676,47.701073,47.751114,47.352913,47.544594,47.774902,47.202763,47.398705,47.59191,47.739464
47.584095,47.63029,47.82573,47.78152,47.86518,47.66141,47.71542,47.771645,47.635246,47.704018,47.90189,47.70301,47.897877,47.69485,48.02237,47.889263,47.883694,47.607365,47.90004,48.14347,47.795055,47.889427,47.853703,48.030075,47.72524,48.176163,48.050175,48.18318,47.971184,48.01247,48.15485
44.00169,44.158436,43.872993,44.408207,43.993538,44.07704,44.590763,44.393303,43.97441,44.31426,44.06262,44.26356,44.19098,44.149055,44.431133,44.561825,44.611954,44.409428,44.102905,44.616062,44.665234,44.57841,44.41627,44.148415,44.575314,44.362892,44.345592,44.91645,44.47229,44.623165,44.457134
46.29093,46.31608,46.511192,46.452885,46.298767,46.32393,46.257145,46.326828,46.727463,46.2284,46.808563,46.495853,46.43738,46.48913,46.773045,46.84954,46.530807,46.521473,46.736805,46.799572,46.696457,46.363678,46.848564,46.796127,46.794838,46.785522,46.672157,46.67722,46.898617,46.97183,46.922443
55.68501,55.726776,55.86638,55.7748,56.02009,55.812225,56.268635,55.887535,55.779186,55.976116,56.1738,55.689167,55.684357,55.924488,56.180393,56.49198,56.212025,55.753044,56.23219,56.36061,56.142334,56.00335,56.400635,55.934288,56.179443,56.583878,55.845314,56.46524,55.97963,56.469402,56.332138
38.364796,38.85868,38.75653,38.866364,38.575394,38.77336,38.600136,38.82729,38.948956,38.91061,38.810856,38.60484,38.779873,38.66538,38.95461,38.392296,38.88644,38.927177,38.817245,38.927486,39.015812,39.077957,38.92732,38.9665,39.076687,38.861275,38.955063,39.073605,39.078297,38.963448,38.86709
54.1938,54.12708,53.973434,54.368847,53.962067,54.168587,53.999584,54.342274,54.100967,54.35415,53.872726,54.47555,54.294712,54.612354,54.023243,54.191833,54.08182,54.334457,54.194447,54.107647,54.379257,54.224976,54.37329,53.92112,54.469456,54.417282,54.15082,54.793095,54.33437,54.709877,54.091404
45.87422,46.014168,45.358467,45.818104,45.86846,45.933933,45.72749,46.122303,46.08723,45.987698,45.864727,45.906963,46.16895,45.994602,46.18492,45.94367,46.290764,45.91264,46.056152,46.104412,46.11897,46.060963,46.2612,46.370033,46.505207,45.98414,46.003296,46.288757,46.416187,46.686142,46.30785
38.48674,38.86718,39.324425,38.680458,38.780388,38.72789,38.727818,38.69366,39.247597,38.89959,39.355915,39.328117,38.781208,39.10861,39.18985,38.78298,39.23431,38.902657,39.088814,39.125366,38.92196,39.055946,39.682384,39.32602,39.278576,39.52378,39.349895,39.01959,38.92782,39.458305,39.31386
46.804745,46.484417,46.517235,47.09298,46.497208,46.65007,46.73788,46.99717,46.762516,46.70516,46.922756,47.197693,46.66553,46.648247,46.973625,46.817253,47.036243,47.11599,46.791374,47.35416,47.06225,46.778225,46.845356,46.690063,47.150032,47.143883,47.16349,47.30299,47.10581,47.15486,46.96658
46.424526,46.889957,46.52224,46.466213,46.666176,46.366657,46.67532,46.427288,46.973564,47.126755,46.921116,47.253,46.625187,46.901474,47.039337,46.66238,47.000546,46.762867,46.740177,47.240482,47.136154,47.0897,47.283794,47.09681,47.212467,47.436012,47.063934,47.162563,47.070568,47.545727,47.287514
49.163197,48.815098,49.21953,48.92206,49.09684,48.952713,49.218067,48.975246,48.933376,48.954876,49.412434,49.213985,49.029327,49.123833,49.382664,49.37467,49.191555,49.237217,49.56783,49.253426,49.154877,49.374397,49.532955,49.51509,49.379578,49.423447,49.55698,49.191788,49.504536,49.404655,49.87623
54.417194,54.46366,54.326843,54.432896,54.717644,54.888515,54.967724,54.816162,54.53626,54.62118,54.464256,54.16303,54.773777,54.354465,55.0768,55.20322,54.91003,54.760376,54.92725,54.839386,55.005157,54.764282,54.663113,55.135925,54.806072,54.54621,54.848774,55.138298,55.322937,54.85787,55.066967
43.292007,43.69682,44.22486,43.855495,43.371292,43.869766,43.713932,43.87157,44.0399,43.76161,43.92088,43.788338,43.775772,44.58095,43.693172,43.991344,43.97399,43.85982,43.836132,43.528606,43.765354,44.10408,44.107834,43.9116,44.296215,44.555183,44.095406,44.33834,43.89393,44.258724,44.10076
48.23142,48.06689,48.45733,48.263596,48.3972,48.664436,48.431683,48.477135,48.45823,48.38432,48.66974,48.726154,48.52377,48.38231,48.219696,48.542645,48.548203,48.49355,48.59717,48.48689,48.325634,48.13241,48.759148,48.569244,48.482033,48.73587,48.6076,48.62469,48.532024,48.55695,48.275658
37.988846,38.498573,38.223045,37.91411,38.03038,38.250256,38.132786,38.391403,38.462944,38.13825,37.772823,38.175915,38.146378,38.445065,38.211178,38.553856,38.195763,38.603813,38.239326,38.183502,38.35595,38.567665,38.038708,38.532036,38.322502,38.601364,38.484688,38.6883,38.429234,38.24612,38.439884
46.908737,46.90457,46.95279,46.7289,47.133087,46.95761,47.544052,46.985073,46.73741,47.10873,47.171204,47.232864,47.258682,46.889175,47.275566,47.674606,47.538765,47.05443,47.25897,47.25359,47.132275,47.30966,47.53183,47.603638,47.022762,47.069977,47.34448,47.49801,47.390766,47.26747,47.482273
46.38349,46.344753,46.487885,46.63246,46.17399,46.26938,46.458694,46.541264,46.35015,46.352314,46.119698,46.92693,46.525307,47.002346,46.429913,46.768528,46.454636,46.81831,46.43829,46.489635,46.75113,46.65892,46.913593,46.306015,46.95784,46.784035,46.75164,46.853035,46.27641,46.938778,46.753716
49.38532,49.24355,49.121216,49.461594,49.358986,49.651737,49.600376,49.813725,49.612743,49.66811,50.064514,49.12233,49.43955,49.149857,49.928276,49.646603,49.347767,49.780247,50.057728,49.775497,49.60667,49.68517,49.257736,50.0884,49.910576,49.924873,49.627007,50.076393,50.18409,49.531,50.12436
37.40396,37.81608,37.782516,37.39831,37.36821,37.284832,37.25225,37.229816,37.84973,37.49244,37.863865,37.54027,37.269024,37.589687,37.380604,37.386875,37.74053,37.523987,37.7216,37.70749,37.49758,37.88538,37.770836,37.868782,37.676537,38.01194,37.855232,37.602116,38.22144,37.79507,37.86243
50.97421,51.111217,50.696236,51.110516,50.788193,50.7752,51.044495,50.95092,50.66888,50.99372,50.761497,50.905476,50.89353,50.826263,51.16073,51.12616,50.83395,50.885036,50.830647,51.45862,51.351414,51.285507,50.878544,50.670998,51.09967,51.35652,50.763123,51.626728,51.48322,51.408504,51.209465
47.349297,47.23967,47.043396,47.895645,47.01809,47.131836,47.182247,47.28532,47.443233,47.631958,47.69066,47.80916,47.434196,47.53065,47.54949,47.085373,47.468704,47.75033,47.37235,48.08661,47.934692,47.531384,47.601574,47.111877,48.122055,47.861526,47.624626,47.84022,47.870346,47.99168,47.74827
40.35708,40.024723,40.192146,39.650536,40.307266,39.867268,39.727196,39.69715,40.073544,39.693172,40.018997,40.343075,40.084087,40.420483,40.054623,40.31086,40.284893,40.076157,40.216106,40.217434,40.16067,40.442547,40.291187,40.433113,39.978004,40.447502,40.78819,39.807274,40.667767,40.632442,40.76496
45.201607,45.075306,45.359497,45.76844,45.037743,45.2956,45.467182,45.443153,45.39426,45.23016,45.471397,45.761497,45.483242,45.802284,45.315994,45.881104,45.797173,45.7229,45.4872,45.677814,45.548706,45.168934,45.77805,45.36422,46.003677,45.742203,45.880608,45.826332,45.621086,45.773663,45.787495
48.25082,48.01484,48.357155,48.147396,48.424164,48.280746,48.410797,48.24884,48.07434,48.46589,48.652443,48.12058,48.41903,48.33719,48.543343,48.596462,48.24096,48.423897,48.837204,48.32935,48.28714,48.559647,48.31287,48.731133,48.160503,48.529785,48.599422,48.720383,48.7213,48.281208,48.866554
40.51147,40.474545,40.37091,40.461212,40.077324,40.655563,40.35555,40.92647,40.999016,40.489132,40.859165,40.739655,40.39455,40.60783,40.54734,40.53371,40.895817,41.163425,40.89871,40.717438,40.43323,40.56592,40.585526,40.899612,41.18457,41.017944,40.853825,40.971626,40.900764,40.618282,40.74227
52.41498,52.499176,52.39418,52.740925,52.406418,52.904305,52.397156,53.113167,52.803963,52.553387,52.363796,52.521812,52.766,52.752815,52.477802,52.58694,52.618088,52.716434,52.59338,52.542316,52.674435,52.61224,52.54087,52.727386,52.94586,52.91337,52.685875,53.184864,52.746178,52.92939,52.417374
37.04283,37.033627,36.922043,37.342384,36.98163,36.75889,36.637157,36.888924,36.975292,36.81658,37.022385,37.246155,37.061745,37.04012,36.75076,36.87032,36.940937,37.060375,37.06937,37.40565,37.015068,36.8035,37.1614,36.88118,37.205685,37.261337,37.277004,36.989536,37.19857,37.193737,37.223026
37.01827,37.113194,36.442337,36.958775,36.664925,36.762398,36.98997,36.98973,37.04813,37.0814,37.051678,37.036243,36.79081,36.90975,37.166832,37.2666,37.00739,37.323425,36.93789,37.388367,37.49412,37.48059,36.786083,37.034355,37.272324,37.288826,37.029827,37.540108,37.75376,37.418602,37.381145
42.31171,42.847115,42.3955,41.94128,42.50257,42.5597,43.003662,42.465363,42.623466,42.86967,42.76576,42.464245,42.343094,42.3428,42.851837,42.810616,42.948868,42.711468,42.835407,42.866276,42.749245,43.119812,42.907295,43.04744,42.898,43.04754,42.557945,43.009285,43.122852,42.81145,43.070644
43.56841,43.62814,43.770576,42.85239,44.026306,43.57131,43.548645,43.08336,43.295403,43.55108,43.298977,43.32439,43.849277,43.694206,43.38316,43.991146,43.425472,43.612545,43.842846,43.48418,43.539707,43.97892,43.32403,44.078842,42.826347,43.69957,44.0218,43.533207,44.085163,43.246723,44.0244
48.191475,48.100155,48.104233,48.1337,48.250694,48.160538,48.204777,47.90979,47.977245,48.486065,48.34741,48.23302,48.419476,48.245975,48.377754,48.160114,47.963547,48.483456,48.537212,48.491123,48.501244,48.440723,48.273926,48.29315,48.342815,48.42048,48.38899,48.424118,48.729504,48.270557,48.73593
42.554276,43.02663,42.442055,42.15992,42.518875,42.367107,42.25539,42.504864,42.921173,42.530613,42.41382,42.526196,42.5011,42.484657,42.685223,42.63169,42.719257,42.63526,42.669422,42.755234,42.743336,43.013073,42.678047,43.106735,42.60639,42.767326,42.687183,42.84488,43.128017,42.946377,42.77873
38.9464,39.057156,38.706573,38.911953,38.845932,38.936234,38.954212,39.212982,39.23511,39.16483,39.226215,38.88968,38.89816,39.173923,39.03001,39.368896,39.159,39.299644,39.303963,39.049103,39.12727,39.3196,38.956715,39.347435,39.20225,39.340225,39.106617,39.608276,39.429916,39.275387,39.280327
49.624084,49.468357,49.07804,50.17263,49.584167,49.246185,49.77929,49.560886,49.458088,50.104767,50.01452,49.96804,49.986015,49.631443,50.164734,49.550957,49.73001,50.01359,49.978992,50.348526,50.296547,49.95995,50.195877,49.94828,50.559246,49.73172,50.049732,50.05109,50.07724,50.243454,50.59521
36.9572,37.025932,37.37523,37.1696,37.072334,37.064655,37.07787,37.085316,37.082985,37.034084,37.119247,37.400524,37.6082,37.53665,37.55395,37.42179,37.459103,37.451595,37.419964,37.217113,37.193573,37.292934,37.520622,37.708893,37.42821,37.127045,37.87578,37.380993,37.433144,37.341278,37.940186
39.995453,40.319386,39.85267,40.258045,40.18167,39.994717,40.02506,40.267403,40.29466,40.00762,39.75099,40.621204,40.490437,40.45662,40.120216,40.53956,40.637093,40.26317,39.976284,40.682224,40.3682,39.98581,40.540306,40.344406,40.597847,40.495293,40.566887,40.512924,40.095055,40.728012,40.441547
46.765434,46.38928,46.66314,46.928288,46.48684,46.690205,46.629395,46.577335,46.477676,46.803116,46.840282,47.031082,46.842857,46.96494,46.74256,46.66358,46.543842,47.085686,46.87465,46.89732,46.985943,46.79512,46.83681,46.4468,47.002586,46.948433,46.950504,46.987602,47.11397,46.94811,47.02493
55.986984,55.79617,56.439133,56.067726,56.279137,56.282528,56.06262,56.028347,56.257587,56.245815,56.433453,56.15721,56.264748,56.49886,56.277573,56.085583,56.18962,56.347008,56.586853,56.246876,56.39972,56.376595,56.65974,56.405884,56.535336,56.659462,56.623226,56.20942,56.293198,56.54839,56.586697
45.032322,45.17607,45.413406,44.963615,45.178017,45.43518,45.697372,45.57302,45.0547,45.017452,44.95852,45.06992,45.377136,45.294277,45.636078,45.78978,45.66287,45.516026,45.366978,45.34462,45.444225,45.76864,45.593758,45.52845,45.51826,45.44406,45.460705,45.71314,45.14443,45.404556,45.609203
45.37683,45.60086,44.9476,45.392696,45.1848,45.233326,45.05123,45.448235,45.689865,45.390827,45.340965,45.334763,45.240955,45.21561,45.56292,45.205486,45.69121,45.619194,45.45056,45.996433,45.801838,45.444653,45.645466,45.25541,45.903477,45.594643,45.214386,45.694164,45.680363,45.95013,45.36103
47.860966,48.330524,48.142754,48.428905,48.23046,48.224354,48.335293,47.907623,48.27399,48.626266,48.42092,48.360706,48.5447,47.98361,48.37105,48.00367,48.238968,48.470055,48.27295,48.99231,48.79302,48.345196,48.49215,48.350525,48.621693,48.5272,48.458496,48.502884,48.76102,48.32521,48.51014
57.79227,57.951557,57.510025,58.334908,58.22014,58.042114,58.04214,58.009796,57.90422,58.418003,58.086216,57.75399,58.484165,57.973064,58.311913,58.070675,57.894894,57.98391,58.212566,58.680542,58.521152,58.006626,58.058266,58.16951,58.46884,58.373413,58.040833,58.592808,58.44734,58.436172,58.53398
43.929432,43.840813,43.648148,44.185143,43.820564,43.520164,43.389694,43.58339,43.822357,43.66859,43.591694,43.52739,44.06019,44.12035,43.730022,43.99409,43.756355,44.134712,44.033752,44.076035,44.21266,44.049263,43.60828,43.98993,43.97159,43.740334,44.391266,43.892326,44.552765,43.97287,44.43983
49.569046,49.415592,49.089012,49.110107,49.452225,49.197952,49.188972,49.191895,49.036545,49.48267,49.140152,49.58797,49.569366,49.52817,49.048367,49.22981,49.30486,49.246273,49.363884,49.31608,49.3629,49.7222,49.52839,49.368393,49.247528,49.498283,49.36891,49.54978,49.65563,49.727673,49.427937
50.53639,50.83687,50.810898,50.65022,50.55419,50.684658,50.683456,50.69698,50.892002,50.944508,51.253246,50.795574,50.724037,50.898224,50.854435,50.503147,50.74875,50.668205,51.08323,51.046825,50.649582,50.94748,51.251434,50.964966,51.457394,51.64219,50.656796,51.096283,50.928543,51.19296,51.25707
50.81463,51.092857,51.110405,50.54204,51.11223,50.841442,50.803814,50.71184,50.58159,51.02786,50.321648,50.78094,51.146656,51.131992,50.850143,50.624214,50.66747,50.900005,50.83837,50.840126,51.054485,51.74433,50.769962,51.097107,50.633564,51.237984,51.26753,51.117794,51.07348,50.91901,51.221752
48.7625,48.79296,49.131203,48.840176,49.024345,49.52256,49.32532,49.345055,49.260807,49.119183,49.25839,49.129753,49.22966,49.14118,49.078735,49.410767,49.37527,49.252857,49.26613,48.932068,49.21252,49.213585,49.463814,49.539436,49.318737,49.308952,49.33924,49.462864,49.356087,49.37047,49.043133
41.702396,41.722294,41.688774,41.280186,41.77417,41.93385,41.70029,41.715084,41.8356,41.81875,41.76888,41.702866,41.783108,41.920727,41.909847,41.87289,41.77221,41.96319,41.82816,41.793537,41.97426,42.392624,41.451954,42.188156,41.70697,42.27697,42.214275,42.074562,42.52157,42.00487,42.254513
57.02185,56.67533,56.819267,57.17302,57.3787,57.383183,57.63743,57.39885,57.003044,57.300472,57.816917,57.074764,57.42214,56.86011,57.566185,57.521587,57.47302,57.026993,57.57223,57.63424,57.352863,57.283306,57.602566,57.790565,57.67705,57.62417,57.43287,57.597324,57.61211,57.67986,57.83085
46.48707,46.775463,46.529152,46.50704,46.47238,46.156,46.51488,46.548553,46.66906,46.698185,46.5763,46.900837,46.588108,46.7297,46.81818,46.688034,46.94104,46.62817,46.735195,46.77478,46.779247,46.985638,47.26796,46.97515,46.91006,46.74404,46.78972,47.024,46.66796,47.21727,46.917057
42.02992,42.328545,42.32393,42.41386,42.463295,42.44566,42.47283,42.320156,42.43484,42.5634,42.5535,42.490803,42.701122,42.389103,42.578426,42.26743,42.529102,42.441315,42.37059,42.720802,42.785725,42.81298,42.750607,42.814766,42.784203,42.708138,42.827934,42.566933,42.706875,42.796078,42.829704
56.70383,56.125675,56.38234,56.41526,56.6426,56.57428,56.554253,56.64908,56.45457,56.32923,56.54553,56.42784,56.559517,56.783924,56.36488,56.892647,56.690495,56.64667,56.71801,56.518063,56.801403,57.052433,56.66428,56.81768,56.708866,56.904686,57.022102,56.68541,56.880737,57.0325,56.8869
44.861034,44.954643,45.009315,44.914474,45.082085,45.271442,45.33114,45.310352,45.447388,45.0421,45.4576,45.31378,44.9929,44.99657,45.284336,45.386375,45.68498,45.29078,45.27137,45.565598,45.330544,45.251133,45.582146,45.625908,45.689915,45.74462,45.588955,45.379375,45.42647,45.619633,45.474564
34.40371,34.480644,34.591377,34.84223,34.425014,34.437477,34.766792,34.654053,34.40897,34.66025,34.5811,34.761684,34.808235,35.04841,34.75516,34.95744,34.716103,34.85961,34.506794,34.663143,34.97142,35.288826,34.6399,34.79665,34.824795,34.890266,35.163437,35.14327,34.916332,34.963093,35.228554
51.210186,50.949905,51.41089,51.199944,51.516716,51.56565,51.209763,51.258965,51.28206,51.531685,51.36234,51.242702,51.521782,51.446476,51.216038,51.259575,51.116188,51.563473,51.66819,51.02246,51.538124,51.558647,51.350952,51.659515,51.093952,51.246956,51.79359,51.443085,51.769825,51.341503,51.364384
44.01375,44.124847,44.276726,44.367588,44.07966,44.081196,44.1222,44.31253,44.13619,44.097523,44.356995,44.190533,44.293217,44.2133,44.390915,44.240704,44.300125,44.188576,44.448956,44.423492,44.13423,44.185394,44.566486,44.36251,44.523457,44.46299,44.314987,44.544083,44.21484,44.43744,44.53741
41.193146,41.257114,41.559586,41.03898,41.46193,41.606937,41.347298,41.49502,41.764156,41.398453,41.754696,41.629482,41.422302,41.464027,41.633675,41.386105,41.59579,41.571636,41.624744,41.450245,41.547832,41.818535,41.765995,42.11731,41.674522,41.9131,41.994877,41.498875,41.755093,41.835133,41.801193
45.600716,45.700253,46.271652,45.967663,45.69526,46.104668,46.04211,46.12587,46.07807,45.9558,46.075157,46.185886,46.120663,46.32357,46.23099,46.116104,46.357193,46.335964,46.25676,45.939686,46.019176,46.018543,46.551525,46.25225,46.495075,46.205917,46.404568,46.36733,45.947613,46.22696,46.275845
52.427605,52.304012,52.69442,52.496105,52.50125,52.73347,51.97939,52.624508,52.564495,52.241302,52.128963,52.37031,52.795383,53.019264,51.934242,52.60477,52.334797,52.484886,52.536762,52.168167,52.258484,52.33663,52.200855,52.512558,52.20681,52.80887,52.785305,52.783012,52.62164,52.50121,52.245987
49.402042,49.24661,49.102493,49.699368,49.11174,49.518974,49.255966,49.944244,49.626766,49.195435,49.53585,49.3819,49.398647,49.53325,49.369335,49.76348,49.611282,49.47918,49.61843,49.516018,49.293842,49.209328,49.359478,49.671074,49.908672,49.845352,49.585762,50.072742,49.861862,49.844475,49.62508
40.825253,40.866802,41.05385,40.768448,41.26883,41.027008,41.263268,40.961777,40.864162,41.200085,41.2135,41.023773,41.273712,41.027065,41.071426,41.436256,41.354965,41.04158,41.32655,40.961723,40.985146,41.345356,41.15385,41.765106,40.706142,41.030945,41.60568,41.389454,41.52036,41.026432,41.44032
54.330536,54.088276,54.483093,54.47572,54.196922,54.808975,54.408775,54.722515,54.575966,54.3705,54.24304,54.578693,54.661198,54.91557,54.363773,54.297478,54.554825,54.963806,54.43628,54.32704,54.911316,54.971874,54.79643,54.46718,55.17405,54.783302,54.884186,54.604553,54.49623,54.924156,54.520054
45.840137,46.307724,46.651154,46.17193,46.24179,46.27831,46.58389,46.100094,46.213516,46.65493,46.638073,46.57152,46.38628,46.40512,46.55386,46.08158,46.55069,46.28866,46.492435,46.5476,46.36501,46.660652,46.99659,46.579506,46.72152,46.887695,46.58448,46.653355,46.433647,46.594646,46.77408
45.305035,44.904922,45.101807,45.247105,45.358467,45.48721,45.528366,45.52989,45.37126,45.66061,45.905914,45.70172,45.312214,45.467014,45.514942,45.578415,45.541172,45.665047,45.793987,45.485527,45.45397,45.364727,45.65768,45.613693,45.65856,45.810265,45.654785,45.826534,45.623856,45.733727,45.690296
49.540043,49.714554,49.933044,49.943336,50.09436,49.984226,50.453793,49.99575,49.803806,50.463554,50.271103,50.240067,50.251244,50.221558,50.22718,50.452183,50.381687,50.20378,50.403297,50.382736,50.014214,49.830647,50.43159,50.319923,50.313065,50.545097,50.349613,50.72626,49.891182,50.07362,50.553276
50.528625,50.54961,51.040794,50.599865,50.793983,51.410786,50.734272,51.20796,51.145596,50.702778,50.603386,50.74592,51.163284,51.38604,51.34617,50.87716,50.95121,51.236042,50.945232,50.769623,51.28655,51.300594,51.081852,51.209198,51.508865,51.366142,51.373276,51.103333,50.906406,51.448257,51.303356
42.269306,41.8216,41.598595,41.874023,41.947052,41.86518,42.352314,42.185574,41.923756,41.85122,42.56042,42.153507,41.75901,41.72024,42.32859,42.78616,42.31043,42.126266,42.43676,42.439373,42.0915,42.16082,42.214138,42.46424,42.30514,42.40567,42.19922,42.458797,42.73979,42.478043,42.743324
38.25323,38.172314,38.457703,37.826176,38.462906,38.019413,37.919796,37.777866,37.718292,37.632427,37.93931,38.08069,38.549393,38.272102,37.805897,38.278324,38.185997,37.71538,38.105114,38.118336,37.78364,38.466385,38.16485,38.503967,37.644615,38.314796,38.630398,37.852596,38.50921,38.15053,38.616318
43.73171,44.075916,44.265495,43.826283,43.777428,43.943977,43.7908,43.846603,43.977192,43.849762,43.501698,43.862717,44.062645,44.586025,44.03002,44.188786,43.930595,44.28811,44.074116,43.903957,44.13493,44.251842,44.046062,43.951523,44.21448,44.34179,44.267952,44.27083,44.088223,44.12679,44.419945
45.546276,45.617214,45.928673,45.574154,45.516388,45.811302,45.556057,45.82048,45.82225,45.468758,45.66666,45.50911,45.6876,46.024162,45.784187,45.914692,45.723053,45.840965,45.90699,45.592613,45.71538,45.98673,45.765335,45.947304,45.945736,46.13819,45.983704,46.004498,46.000114,45.957672,46.07834
39.47175,39.315517,39.35752,38.98359,39.34391,39.24488,39.158173,39.14796,39.414257,39.182163,39.31618,39.706768,39.232822,39.325417,39.31795,39.231735,39.55645,39.588596,39.348434,39.506386,39.59537,39.841778,39.575844,39.587326,39.35092,39.538208,39.88144,39.221516,39.846024,39.71002,39.56871
39.287754,39.27619,39.106613,38.917435,39.471764,39.3032,39.298576,39.15984,39.492077,39.464787,39.69219,39.274036,39.352627,39.244316,39.5359,39.569096,39.710365,39.618614,39.72405,39.73732,39.531086,39.51951,39.478077,39.774467,39.386204,39.582077,39.622036,39.503044,39.848137,39.51579,39.756813
33.263844,33.488846,33.806515,33.11583,33.55098,33.160698,33.23314,32.756264,33.371746,33.326344,33.881397,33.398438,33.38263,33.27734,33.173164,33.27046,33.60894,33.269722,33.6678,33.677258,33.160915,33.626812,33.534317,33.863342,33.083473,33.74668,33.98418,33.146404,34.1581,33.223648,33.92026
50.283253,50.473083,50.077843,50.488316,50.25836,50.292717,50.174576,50.492313,50.693623,50.259197,50.581867,50.0118,50.407166,50.27628,50.572304,50.665764,50.36864,50.450832,50.769173,50.77135,50.559177,50.33811,50.488605,50.849228,50.954067,50.71852,50.4258,50.71929,50.941357,50.744812,50.924896
52.352222,52.425076,52.51393,52.066364,52.21187,52.311314,52.23654,52.39011,52.551765,52.118027,52.521877,52.160065,52.156334,52.233948,52.601746,52.69179,52.5252,52.205547,52.663414,52.346275,52.33477,52.628696,52.536926,52.902603,52.345028,52.6036,52.48675,52.762356,53.142353,52.797897,52.650696
51.17682,51.000305,51.02118,51.440372,50.98242,51.472675,51.097904,51.508244,51.56393,51.284042,51.32632,51.28585,51.351204,51.522106,51.749107,51.26197,51.48042,51.774464,51.382088,51.644512,51.939434,51.550495,51.42142,51.30768,52.062687,51.62758,51.603947,51.717205,51.777134,51.997128,51.652763
57.298164,56.747963,57.399956,56.69094,57.55059,57.59626,57.422813,57.295483,57.040016,57.309128,57.03856,56.98771,57.37428,57.404556,57.456623,57.633495,57.05312,57.856422,57.881283,56.95145,57.525715,57.65676,57.223366,57.65526,57.017303,57.23677,57.761612,57.38034,57.418102,57.03325,57.607155
49.116917,49.091442,49.30989,49.796947,49.147224,49.551807,49.403103,49.33591,49.06311,49.22281,49.473373,49.171295,49.802616,49.25733,49.142532,49.284264,49.12779,49.36922,49.41419,49.588757,49.402275,49.206383,49.41141,49.300873,49.79153,49.498367,49.43398,49.50022,49.76534,49.26248,49.601788
40.54545,40.48069,40.10791,40.281456,40.708786,40.415836,40.250496,40.526913,40.756985,40.348057,40.23738,40.403152,40.43506,40.763294,40.626682,40.918365,40.688778,40.937454,40.793144,40.88754,40.89983,40.56198,40.52693,40.766457,40.857857,40.85566,41.004944,40.54842,40.715206,40.913486,41.119133
49.219154,49.110275,49.473488,49.27271,49.751663,49.42796,49.526566,49.176273,49.154263,49.46981,49.65579,49.347908,49.819305,49.416443,49.69426,49.43233,49.464737,49.33107,49.660763,49.73996,49.666267,49.75982,49.850338,49.840797,49.576694,49.700775,49.849884,49.39289,49.578033,49.717293,50.082123
53.824425,53.74829,54.125298,53.769547,53.500015,53.697216,53.75959,53.845665,53.869427,53.563606,53.94232,53.737488,53.709946,54.173424,53.94001,54.22897,53.972736,53.885513,54.162968,53.751156,53.75555,54.14066,54.059483,54.13978,54.130077,54.289,54.111526,54.281506,54.35482,54.206234,54.378
50.18104,50.06148,50.94168,50.44465,50.336197,50.289234,50.36707,50.087402,50.000576,50.516754,50.590775,50.546455,50.522583,50.63094,50.467926,50.31257,50.137714,50.442234,50.658936,50.40545,50.271427,50.5594,50.408333,50.405357,50.116634,50.816498,50.834877,50.777752,50.64109,50.222054,50.794426
57.764576,57.307972,57.11972,57.708874,57.523743,57.565647,57.561543,57.878716,57.30644,57.61758,57.28838,57.635475,57.645218,57.455708,57.644142,57.56507,57.35251,57.973663,57.88294,57.716194,57.865166,57.591778,57.761024,57.448944,57.95013,57.502472,57.548134,57.91196,57.53068,57.76744,57.64226
48.004482,48.72266,48.640274,48.78461,48.170578,48.713768,48.690193,48.767925,49.07807,48.952194,49.06157,48.468697,48.517654,48.56808,48.97713,48.348434,48.622047,48.74967,48.73478,48.814373,49.07518,49.081783,49.108177,48.972847,49.519165,49.152298,48.575752,49.19431,49.025024,49.179417,48.862503
42.255177,42.396782,42.70517,42.747578,42.14821,42.6713,42.77431,42.953815,42.687374,42.456436,42.557327,43.003273,42.53338,42.96418,42.61372,42.68457,43.077442,42.98651,42.45919,42.87707,42.702183,42.83895,42.931778,42.549637,43.376186,43.38289,43.07735,43.13119,42.412575,42.95586,42.8603
50.145664,49.81627,49.99848,50.755028,50.17347,50.20762,50.644737,50.48892,50.254402,50.435055,50.860764,50.717926,50.32233,50.47363,50.44221,50.76653,50.77886,50.389717,50.487125,50.78049,50.63472,50.24314,50.94941,50.40528,51.03595,50.827927,50.67565,50.89335,50.538174,51.10291,50.771606
54.04013,54.353947,54.291466,54.32917,54.012115,54.58374,54.43292,54.902252,54.61441,54.32397,54.319145,53.95634,54.3913,54.664852,54.596294,54.58902,54.711975,54.569904,54.68868,54.35631,54.3255,54.6008,54.557987,54.76458,55.206398,54.938896,54.438587,55.093327,54.476044,54.71522,54.785213
44.032543,44.282394,44.054832,44.341232,43.705086,44.22962,44.34085,44.618763,44.305523,44.213818,44.47703,44.317596,44.108055,44.15523,44.307106,44.24855,44.317135,44.335464,44.33933,44.38081,44.1254,44.388947,44.478413,44.364,44.935925,44.766533,44.06384,44.877285,44.4213,44.528458,44.441742
48.622078,48.47177,48.483177,48.22246,48.702065,48.677708,48.242123,48.701138,49.132885,48.559086,48.45478,48.874348,48.643196,49.070232,48.823757,48.88696,48.942413,49.026295,48.923298,48.503017,49.065556,48.79175,49.194767,49.12159,48.961178,48.675095,49.118343,48.69474,48.79354,49.446617,48.80204
48.55885,48.791824,48.589325,48.705723,48.436226,48.383778,48.393745,48.40649,48.751266,48.46045,48.53375,48.6623,48.69293,48.46917,48.795532,48.64512,48.677246,48.835537,48.871292,49.042976,48.828716,48.599617,48.863876,48.996964,49.03756,48.65896,48.991783,48.72033,49.313187,48.79292,49.162434
52.559696,52.4164,52.144493,52.87864,52.07885,52.479626,52.504642,52.879086,52.328083,52.393974,52.099808,52.34603,52.3721,52.662098,52.353115,52.779015,52.103443,52.87007,52.416218,52.635334,52.88704,52.7898,52.121246,52.05706,52.883934,52.915977,52.374546,53.225273,52.716778,52.700493,52.56278
41.95512,41.78785,42.058647,41.69652,41.777367,41.886406,41.665585,41.804703,41.84425,41.65297,42.09543,41.944866,41.800575,42.054585,41.85164,41.606583,42.011967,41.894573,42.018757,42.016987,41.792553,42.28103,42.10787,41.92415,42.185856,42.4787,42.169155,41.83598,42.21488,42.24707,42.29848
60.29929,59.967323,60.5811,60.152657,59.816406,60.42201,60.33572,60.633873,60.37099,60.110123,60.228672,60.788204,60.04012,60.558697,60.234997,59.97437,60.41067,60.77765,60.46848,60.140553,60.323368,60.75853,60.90895,60.344727,61.124317,60.927277,60.70187,60.49632,60.12993,60.671947,60.407444
36.35067,37.197987,36.314133,36.635315,36.61583,36.547966,36.518322,36.60641,36.99828,37.221954,36.66039,36.42156,36.942818,36.98566,37.29711,36.622463,36.588593,36.97964,36.86556,37.067913,37.267185,37.36844,36.600067,37.238655,37.30682,37.118942,36.868618,37.305473,37.40646,37.181923,37.647213
41.221424,41.072994,41.248558,41.048454,41.04135,41.06334,40.716152,41.03218,40.94088,41.04525,41.0556,41.450443,41.20564,41.381603,40.976147,40.950863,40.636795,41.23428,41.325294,41.101273,40.82096,40.996548,40.95836,41.036514,41.0257,41.59575,41.302067,41.305576,41.29999,41.06627,41.418518
54.5483,54.972134,54.716324,55.029007,54.642776,54.816414,54.67638,54.932808,54.876144,55.02426,54.53899,55.022667,55.278908,55.053017,55.069084,54.55142,54.911232,54.814938,54.78586,54.91839,55.142704,55.074955,55.376198,55.107048,55.46754,54.884468,54.96412,55.303673,55.06595,55.490646,55.057255
40.54493,40.66622,40.416092,40.95868,40.33866,40.7235,40.257397,40.78786,40.768425,40.510906,40.49402,40.675564,40.97561,40.717987,40.732784,40.378567,40.634888,40.830368,40.41654,40.918865,40.981857,40.906857,40.45749,40.710304,41.02833,40.772537,40.928066,40.965137,41.261223,41.0207,40.82083
45.389645,46.243553,45.848587,45.56362,45.653603,45.59623,45.768616,45.70361,46.222775,45.90719,45.900887,45.61976,45.88486,46.030212,46.2306,46.063442,46.297703,45.80226,46.040504,46.181923,46.023567,46.192677,46.38266,46.46943,46.470123,46.319603,45.949223,46.289524,46.180317,46.417656,46.498806
49.03405,49.158337,48.553383,49.405857,48.777992,48.94074,48.739044,49.288456,49.022923,49.296165,48.578144,49.02731,49.266132,49.410564,48.882553,48.721714,48.937126,49.417503,48.95606,49.139038,49.443428,49.45308,48.923275,48.841362,49.568092,49.18611,49.10886,49.60553,49.221954,49.40802,49.09827
52.361355,52.15143,52.409447,52.43561,52.41002,52.347157,53.01044,52.516933,52.18822,52.798256,52.824444,52.85754,52.568836,52.559994,52.961414,52.71579,52.902115,52.798985,52.79531,52.87209,52.81911,53.00321,53.12076,52.789665,53.02944,52.899307,52.908985,53.051758,52.620625,52.924736,53.187824
45.554054,45.641872,45.547035,45.497646,45.349197,46.130356,45.9246,46.153297,45.92366,45.711708,46.000053,45.4899,45.523186,45.742085,45.66699,46.13263,45.67723,45.787704,45.782124,45.551956,45.728348,46.138542,45.377693,46.04937,45.95631,46.43374,45.67976,46.487846,46.53012,46.0068,45.860924
45.14526,44.869713,44.595177,45.19166,44.67251,44.83212,44.64026,44.902054,44.96895,44.867123,45.11965,45.082905,44.878098,44.731552,44.853535,44.649612,44.6013,45.199306,45.028427,45.23327,45.26144,45.15524,44.878567,44.92222,45.332268,45.108063,45.08675,45.003445,45.70822,45.2352,45.188183
53.90054,54.097332,54.316948,53.904266,54.08216,54.323875,53.935314,54.11578,54.627464,54.20437,54.218426,54.072697,54.104218,54.358738,54.126232,54.001953,54.438393,54.32749,54.307434,54.093143,54.50162,54.62404,54.507984,54.63555,54.47964,54.487106,54.632668,54.290478,54.70288,54.6766,54.224934
54.019627,53.757683,53.59577,53.81302,54.33442,53.917786,54.014492,53.784313,53.990116,54.3184,54.329533,54.135147,54.07296,53.71323,54.23231,54.132107,54.013687,54.094696,54.402897,54.452957,54.440334,54.012108,54.33375,54.379875,54.027157,54.108894,54.23416,54.180473,54.520695,54.425995,54.321316
45.414375,45.539246,46.012894,46.21212,45.41079,45.874786,45.854443,46.008923,45.896587,46.024487,45.93532,46.21079,46.10824,46.404037,46.40517,45.815308,46.240723,46.237473,45.932938,45.97455,46.230373,46.018772,46.46232,45.8638,46.63116,46.0692,46.273964,46.51076,45.89727,46.499763,46.266624
39.7404,39.738712,39.880104,39.90401,39.50596,40.0406,40.108402,40.13845,40.22268,39.81342,40.10036,40.000225,39.79424,40.183376,39.860806,40.24461,40.35682,40.57216,39.977318,40.08749,40.274925,40.51852,39.96145,40.25042,40.569904,40.478416,40.56543,40.288494,40.41423,40.13743,40.343693
43.39006,43.8932,43.773155,43.719624,43.70678,43.619946,43.843567,43.551662,43.679077,43.90655,43.583004,43.707634,44.060257,43.713474,43.868744,43.9207,43.95333,43.913303,43.722656,44.081272,44.02898,44.122536,43.710884,44.17508,43.701263,43.841972,44.203773,44.221203,44.276936,43.69407,44.119526
41.89262,42.638134,41.73542,41.749386,42.187004,41.53876,41.804085,41.62041,42.458183,42.26236,42.14905,41.547382,41.975105,41.826317,42.692333,42.295704,42.35809,42.054806,42.42942,42.621563,42.637196,42.62263,42.25505,42.91578,42.22513,42.031555,42.27775,42.336845,43.128376,42.631886,42.926697
50.05644,50.680557,50.526215,50.854576,50.56498,50.765175,50.84517,50.92574,50.589485,51.00582,50.547234,50.448353,51.20065,50.89362,51.40669,50.846916,50.95224,50.68406,50.876415,50.96789,50.893974,50.67157,51.053596,51.035957,51.32315,50.859764,50.71715,51.57377,50.69926,51.10094,51.281136
45.37225,45.550488,45.583023,45.425953,45.790092,45.7198,45.528877,45.60061,45.909176,45.820217,45.84773,45.746758,45.82356,45.92472,45.700268,45.922535,45.932606,45.73553,45.951775,45.837193,45.70415,45.537785,45.915367,46.114555,45.81048,46.106087,46.022404,45.999878,45.908558,46.000427,45.9789
51.263588,51.72525,51.548714,51.44847,51.443077,51.408783,51.393555,51.480946,51.642677,51.729794,51.254498,51.4643,51.675797,51.81378,51.855145,51.64196,51.59322,51.693825,51.70331,51.675182,51.910362,51.771755,51.930637,51.656555,51.821857,51.686066,51.51938,52.065403,51.620224,51.994755,51.747986
42.260983,42.31232,42.648315,42.060555,42.242516,42.425617,41.88652,42.414986,42.638462,41.75155,42.198074,42.105583,42.38284,42.486206,42.153294,42.329166,42.5155,42.339455,42.33598,42.173904,42.248337,42.77489,42.340393,42.845703,42.334427,42.602554,42.865814,42.221043,42.67626,42.541866,42.472717
50.58252,50.317337,50.672882,50.616787,50.737503,50.572712,50.629883,50.468895,50.43425,50.871647,50.06117,51.20644,51.015633,51.482773,50.488518,50.81716,51.061623,51.212425,50.60947,50.56631,51.20911,51.013435,51.16056,50.4881,50.757328,50.58503,51.381844,50.893147,50.48844,51.11694,50.720264
49.329872,49.257618,48.854378,49.30996,49.228813,49.0283,49.079163,49.435616,49.40766,48.983337,49.111755,49.11567,49.389057,49.185593,49.60354,49.629627,49.52868,49.316727,49.46185,49.431316,49.64322,49.571373,49.606148,49.92312,49.689205,49.055443,49.62423,49.485806,49.802757,49.966293,49.80789
48.702747,48.75186,49.005325,49.031258,48.64615,49.309433,49.16305,49.43485,48.948574,49.059925,49.11878,48.928772,48.928364,49.02903,48.692562,49.014816,48.750824,49.106857,49.022266,48.74168,48.83116,49.26267,48.74963,49.100105,49.156876,49.60788,49.041492,49.67144,49.17953,48.90414,48.887726
39.741,40.206593,40.381676,40.229942,40.369705,40.29847,40.232353,40.174255,40.175964,40.364155,40.144997,40.054123,40.757023,40.445698,40.33314,40.33091,40.228733,40.355747,40.34169,40.378162,40.297295,40.498383,40.12929,40.80568,40.25368,40.52764,40.82986,40.572144,40.400314,40.049305,40.80331
50.202587,49.840702,50.107918,49.66201,50.42582,50.06009,50.24787,49.788128,50.093887,50.42161,50.811493,50.433376,50.10406,49.943043,50.476616,50.12416,50.336212,50.18303,50.69106,50.389782,50.304142,50.479023,50.686672,50.801903,50.17139,50.429016,50.634537,50.14316,50.836197,50.5732,50.781647
50.404198,50.427826,50.32112,50.30889,50.59295,50.01658,50.286266,50.030125,50.323776,50.627964,50.55978,50.290024,50.475773,50.51833,50.9069,50.48716,50.620483,50.468025,50.80079,50.882065,50.828106,50.849564,50.733635,50.747726,50.557526,50.61026,50.7803,50.68279,50.974472,50.937424,51.218586
43.539955,43.849564,43.728363,43.79119,43.770462,43.648098,43.663883,43.822968,44.027054,43.91221,44.083256,43.698467,43.803402,43.771187,44.069736,43.825516,43.965267,43.872444,44.083164,44.161873,43.972496,43.95971,44.117184,44.16342,44.128338,44.17227,43.938522,44.173878,43.967995,44.15125,44.15448
50.53905,50.55127,50.99816,50.852562,50.519447,50.937706,50.84795,50.9527,50.962124,50.665726,50.954117,50.81547,50.808125,51.121906,50.9272,51.005344,51.096592,51.011196,50.95781,50.896767,50.97799,51.037052,51.160233,50.999992,51.378166,51.3367,51.184,51.194233,51.057213,51.246525,51.15755
59.16138,58.936363,59.515823,58.937294,59.593254,59.685116,59.235176,59.20333,59.30896,59.544334,59.259716,59.59035,59.81252,59.436806,59.75937,58.971962,59.337032,59.689304,59.833084,59.289204,59.545914,59.40205,59.87588,59.958878,59.62586,59.297295,60.03305,59.232777,59.603016,59.513588,59.813812
47.775455,48.421413,48.5692,47.876534,48.737625,48.3008,48.33049,47.97429,48.354237,48.536114,47.98466,47.811707,48.70043,48.659943,48.81369,48.968307,48.47154,48.35101,48.64048,48.44655,48.74252,48.519344,48.536213,48.825874,47.97862,48.35798,48.588013,48.76255,48.419277,48.485992,48.795242
51.59738,51.17307,51.260292,51.56554,51.546158,51.645542,51.498814,51.599464,51.210518,51.389027,51.74339,51.29622,51.607388,51.027107,51.278652,51.264355,51.48633,51.45386,51.70683,51.727932,51.428566,51.559944,51.458862,51.587852,51.526608,51.58113,51.595325,51.560642,51.965668,51.435387,51.507755
50.780487,50.5732,50.686073,50.655354,50.76304,50.97342,50.619,50.923508,51.046192,50.760185,51.05322,50.771004,50.695118,50.71803,50.66926,50.709488,50.785065,50.935112,51.10564,50.748123,50.862988,50.9574,50.900406,51.241455,51.033222,51.10353,51.15354,50.898956,51.379337,51.08041,50.94054
52.190346,51.865635,52.002098,51.91836,52.32469,51.93421,52.21341,51.96968,51.83254,52.148293,52.22544,52.05845,52.19395,52.12446,52.26188,52.51868,52.238487,52.231018,52.64431,52.31395,52.125935,52.181065,52.315598,52.498123,52.08924,52.260986,52.488884,52.360577,52.45843,52.2081,52.747734
43.437984,43.77111,43.317253,43.58204,43.52282,43.77699,43.95036,44.066452,43.59029,43.927647,43.27468,43.80667,43.85472,43.89513,43.888775,44.03852,43.68164,43.994522,43.70136,43.6248,43.930035,44.046806,43.712193,43.9849,44.05955,43.912727,43.822178,44.467636,43.81918,43.963596,44.03414
45.624523,46.162003,45.867523,45.894924,45.778084,46.13565,46.03625,46.1941,46.312393,45.958694,45.91478,45.70001,46.055588,45.969425,46.503654,46.06924,46.31845,46.206173,46.07759,46.341507,46.504807,46.38584,46.445957,46.302216,46.785343,46.25563,46.008408,46.36599,46.264015,46.592197,46.356308
41.87699,41.759396,41.847992,41.64975,42.033974,41.760487,42.238853,41.63857,41.34666,41.708706,41.817066,41.99985,42.08941,41.658287,41.577164,42.338024,41.771812,41.852406,41.95047,41.997223,41.767117,42.155045,41.827267,42.29664,41.59288,42.041885,42.34343,41.926716,42.337807,41.586094,42.41135
46.725548,46.57483,46.6417,46.553032,46.59739,46.6384,46.699394,46.86019,46.3209,46.357918,46.086494,46.538452,46.762917,47.13792,46.448914,46.91864,46.61497,46.84724,46.715744,46.41914,46.638603,47.20718,46.6468,46.757866,46.94211,46.998413,47.068054,46.85378,46.653484,46.816967,47.20122
44.83653,45.0712,45.092064,44.699116,44.667427,45.097317,44.76493,44.86679,45.063656,44.609486,44.923782,44.65502,45.015686,44.98148,44.967163,44.879864,45.107414,44.98791,44.88375,45.201107,45.025856,45.405827,44.85408,45.101852,45.25096,45.475662,45.101826,45.080765,45.622673,45.154945,45.28492
43.438553,43.40587,43.511536,43.383717,43.135338,43.61313,43.6961,43.81111,43.619617,43.37419,43.7416,43.698605,43.46502,43.915577,43.615326,44.112366,43.74481,43.66354,43.76867,43.321068,43.440395,43.738007,43.910923,43.875412,44.087894,44.016342,43.645897,44.080948,43.88164,44.071243,44.000313
52.99404,52.610756,52.813644,52.517944,53.260536,53.211185,53.52016,53.23542,52.588516,52.957752,53.133606,52.646008,53.24954,52.650776,53.580822,53.831444,53.125732,53.131676,53.53566,53.168278,53.054317,53.23792,52.96228,53.664772,52.78259,53.053757,53.16618,53.568165,53.330532,52.91173,53.61477
44.08651,43.99359,43.989693,44.167076,43.937508,44.582253,44.097256,44.524605,44.17065,44.094048,43.868565,44.043606,44.57417,44.245445,43.87135,44.09623,44.111374,44.617226,44.042297,43.926834,44.355522,44.688103,43.746765,44.454964,44.247223,44.128395,44.563343,44.49411,44.667587,44.012848,44.052563
49.13195,49.409855,49.019585,49.354465,49.11277,49.275314,48.742664,49.23395,49.472214,48.932453,48.992794,48.705006,49.51159,49.395878,48.905075,49.218887,49.128914,49.169632,49.2579,49.358532,49.288498,49.346825,48.95161,49.56243,49.599766,49.531418,49.443874,49.325577,49.928707,49.429565,49.57575
53.594246,53.65882,53.982452,53.7163,53.775482,53.88191,53.746197,53.879986,53.924885,53.710846,53.855114,53.703747,53.78996,53.889755,54.022335,53.791466,54.163074,53.73101,53.909016,53.91401,54.06424,54.152195,54.311653,54.01362,54.07455,54.094223,54.040497,54.086884,54.02736,54.438477,53.90757
48.86997,48.826996,49.458908,48.864983,48.99919,49.523735,48.958355,49.249054,49.705944,48.894035,49.044807,49.13756,49.30538,49.711117,49.28664,49.35792,49.385605,49.797657,49.336876,48.986492,49.642654,49.656414,49.41472,49.77362,49.725513,49.51526,50.05917,49.127426,49.491497,49.546917,49.582653
46.75303,46.95886,47.056976,47.118828,46.87822,47.292313,47.15433,47.356182,47.18444,46.843445,47.107536,46.70941,47.202255,47.041958,47.411415,47.433968,47.212753,47.18418,47.276722,47.265034,47.22929,47.13653,47.199993,47.422386,47.567608,47.35521,47.21366,47.50903,47.40664,47.32397,47.50097
41.628216,41.065987,41.158722,41.26719,41.59498,41.36038,41.63732,41.483788,40.961643,41.091522,41.214775,41.672897,41.276546,41.14753,41.109,41.946014,41.77572,41.464287,41.38536,41.64566,41.385193,41.373943,41.32125,41.358307,40.94909,41.453842,41.85549,41.60641,41.728256,41.44595,41.395515
56.963055,56.50205,56.64528,57.07827,57.01503,56.917877,57.301865,57.037834,56.78152,57.126717,57.51564,57.073418,56.985615,56.645054,57.278492,57.25545,57.237846,56.96747,57.27662,57.387905,57.32074,57.179073,57.356976,57.329674,57.23097,57.172577,57.24961,57.44118,57.560116,57.502644,57.372433
51.32883,51.169537,50.890396,51.143208,51.749016,51.269825,51.46726,51.483784,51.153248,51.66739,51.17133,51.38224,51.64461,51.516685,51.647884,51.81212,51.60247,51.383537,51.53862,51.50818,51.744038,51.695797,51.530586,51.74713,51.20907,51.41082,51.633137,51.969006,51.45761,51.920452,51.670227
46.566498,46.68559,46.674706,46.335384,46.514816,46.82317,46.97075,47.20367,46.65107,46.91083,46.663696,46.627327,46.553383,46.861656,47.166676,46.921318,46.855206,46.95997,46.95068,46.549732,46.738087,47.44277,46.696953,47.081093,46.889305,47.22576,46.808144,47.612633,46.813747,46.98526,47.069283
52.53959,52.586063,52.26928,52.809437,52.800934,52.694153,52.51882,52.91543,52.756893,52.92102,52.768116,52.532936,52.894806,52.57246,53.165394,52.71147,52.726986,52.69414,53.03403,53.034462,52.926163,52.592358,52.793476,53.067123,52.977417,52.81539,52.79509,53.275608,53.05072,53.158497,53.063297
55.985718,56.285233,56.439606,56.75926,56.579712,56.260944,56.799458,56.26451,56.139397,56.882233,56.772907,56.327114,56.79502,56.334312,56.776436,56.483494,56.594517,56.266262,56.588272,57.017677,56.817062,56.79957,56.79738,56.771767,56.6798,56.823883,56.749268,57.071304,56.75072,56.71996,57.016975
45.647392,45.407192,45.73149,46.06105,45.73777,45.697773,45.892723,45.823334,45.439987,45.670902,46.086445,45.794323,45.986797,45.736614,45.776226,45.84831,45.883327,45.634533,45.894638,45.96035,45.761936,45.929073,46.049328,45.95439,46.003983,45.999252,46.09255,46.02331,46.012157,46.03274,46.19236
58.80353,58.722416,58.87915,58.677406,59.221916,59.00845,58.763096,58.77906,59.242126,59.068512,58.812977,58.924828,58.96429,59.195755,59.005707,59.197414,59.212437,59.20468,59.199703,59.19205,59.542503,59.025864,59.334663,59.13436,59.02522,59.183365,59.353065,59.111656,59.15782,59.51858,58.981663
48.82203,48.98747,49.332283,48.56713,49.001892,49.018738,48.71198,48.85809,49.261154,48.448837,48.43991,49.099457,49.005657,49.291916,48.487583,49.1732,49.33699,48.99826,48.772285,48.747242,49.140686,49.35654,49.445663,49.332977,48.949192,49.125267,49.582813,48.732517,49.055748,49.392426,48.79338
47.412777,47.93094,47.746758,48.24651,47.695023,48.06172,48.145256,48.231205,47.701237,48.08771,47.71133,47.65731,48.445267,47.990097,48.304623,47.80494,47.900246,48.025074,47.817272,48.25061,48.23209,48.350613,47.98663,48.101646,48.64306,48.263084,48.01447,48.597904,47.95397,48.104836,48.447643
43.869644,44.10729,43.937485,44.017384,44.11293,44.186626,44.054733,44.36524,44.119366,44.170223,43.75592,44.11799,44.39086,44.652634,44.25955,44.44506,44.26342,44.34627,44.239967,44.241776,44.153057,44.18111,44.089104,44.333855,44.491993,44.669235,44.44557,44.71021,44.03907,44.388832,44.654263
42.270275,42.54038,42.556114,43.03055,42.15345,42.62933,42.186478,42.81386,42.85921,42.15635,42.555084,42.413868,42.75569,42.610104,42.58399,42.636967,42.73023,42.633453,42.549152,42.867294,42.60692,42.241474,42.65182,42.631348,43.107502,42.74643,42.70167,42.909214,42.876205,42.84177,42.645634
46.685402,46.32879,46.519142,46.485733,46.501137,46.72213,46.811226,46.493267,46.38824,46.692886,47.058815,47.00055,46.65834,46.457825,46.53136,46.767036,46.70969,46.683777,46.7814,46.834564,46.5886,46.656586,46.717712,46.741493,46.623753,46.97171,46.835754,46.936306,47.390587,46.773712,46.845585
44.384056,44.833603,44.938828,44.753994,44.618423,44.637596,44.226387,44.65577,44.965935,44.527378,44.48623,44.653934,44.783226,45.15001,44.605072,44.745464,44.754692,44.515526,44.680496,44.680744,44.716057,44.63885,44.962498,44.764923,44.820873,45.08393,44.85475,44.98851,44.792824,45.21889,44.745953
48.139236,48.071926,48.437233,48.383785,48.33361,48.344067,48.38717,48.435257,48.368565,48.415062,48.60162,48.440037,48.53838,48.66099,48.757988,48.29775,48.619663,48.50639,48.56676,48.56685,48.631504,48.891315,48.805077,48.77977,48.94408,48.86554,48.944237,48.639828,48.507175,48.92957,49.081352
52.522285,52.90272,52.656166,53.21203,52.861687,53.187916,52.73853,53.13624,53.380856,52.935833,52.70306,52.64711,53.336147,53.225384,53.313004,53.09749,53.010887,53.24515,53.10081,53.24916,53.61159,52.900024,53.271427,53.330223,53.92012,53.10479,53.266445,53.225716,53.302498,53.6026,53.45472
52.1477,51.50181,52.110695,52.19403,51.978683,52.650703,52.124073,52.63834,52.122437,51.780174,52.12215,52.245575,52.280254,52.629696,51.90455,52.304092,52.08285,52.268948,52.012722,51.857304,52.31497,52.53611,52.158367,52.13714,52.59013,52.79448,52.56498,52.377445,52.2684,52.76067,52.236122
49.05318,49.05747,49.33834,48.938503,49.072395,49.473804,49.067886,49.498116,49.294376,48.88164,48.99147,49.00038,49.350044,49.556114,48.854324,49.394394,49.28294,49.213295,49.27459,48.787914,48.984493,49.500004,49.25226,49.571915,49.349163,49.574158,49.46035,49.427525,49.283195,49.364952,49.23908
42.242043,42.51143,42.35972,41.92119,42.46376,42.23845,42.289627,42.110203,42.46411,42.422325,42.072815,42.50861,42.54513,42.73097,42.470135,42.706417,42.32891,42.730556,42.58874,42.41279,42.623096,42.785263,42.473457,42.975266,42.504845,42.667953,42.975964,42.491997,42.762077,42.528244,43.116528
51.735706,52.07575,52.000114,51.327965,51.98066,51.56293,51.821262,51.5119,52.047707,51.93978,51.87194,52.10171,51.8197,51.971035,51.89496,51.883335,52.35493,51.861263,52.151653,52.042572,51.98849,52.247955,52.781456,52.426666,52.15462,52.139183,52.191444,51.844593,52.006607,52.400223,52.216846
37.231384,37.296524,37.244034,36.7721,37.436134,37.23516,37.463367,37.08077,37.38515,37.301514,37.299007,37.478146,37.192753,37.156174,37.47832,37.727127,37.675545,37.649345,37.37577,37.60316,37.77181,37.803818,37.50257,37.69629,37.099598,37.406197,37.772095,37.431206,37.785534,37.53629,37.54397
49.188576,49.461197,49.585197,49.114113,49.315407,49.121975,49.23203,49.057117,49.164413,49.20564,49.372715,49.46934,49.506187,49.399284,49.36981,49.32407,49.40735,49.009262,49.451405,49.524654,49.145294,49.442898,49.867973,49.562424,49.45151,49.736443,49.376328,49.48447,49.47464,49.66214,49.70874
42.834793,43.15799,43.048393,42.748196,43.056213,42.981503,43.242916,42.83939,42.99724,43.072296,43.32696,42.817146,43.272392,43.153397,43.56454,43.709785,43.044327,42.92155,43.30781,43.299072,43.217583,43.498787,43.071724,43.765152,43.185066,43.548454,43.28509,43.55994,43.92166,43.42334,44.104805
55.099834,55.285656,55.49137,55.734566,55.054413,55.68551,55.49108,55.816986,55.741356,55.574406,55.721786,55.60173,55.66765,55.803165,55.673264,55.512627,55.578453,55.695084,55.746517,55.540607,55.613846,55.39362,56.11282,55.662086,56.482597,55.964294,55.48748,56.057983,55.48994,56.027344,55.712505
38.347343,38.220654,38.317924,38.20502,38.522392,38.355705,38.771652,38.48117,38.314205,38.56804,38.702583,38.907467,38.207508,38.398582,38.537342,38.866253,38.810764,38.713093,38.71051,38.865036,38.48306,38.35746,38.826687,38.47368,38.53536,38.975204,38.71046,38.843643,38.367138,38.63634,38.712605
54.029636,54.12707,53.878296,54.44711,53.981354,54.00057,53.86703,53.94757,53.929653,54.284782,54.075027,53.971027,54.47891,54.225266,54.153282,53.72817,53.760674,54.094864,54.115784,54.43723,54.469543,54.465168,54.098183,54.088196,54.57258,54.413124,54.182087,54.406227,54.66797,54.471966,54.576355
43.31047,43.39789,43.215614,43.120422,43.534973,43.37643,43.603123,43.420773,43.485558,43.43954,43.40516,43.778606,43.464188,43.473373,43.373573,43.723457,43.583275,43.519268,43.40311,43.59848,43.718784,43.876926,43.78352,43.941948,43.680073,43.870193,43.903385,43.58657,43.685177,43.91494,43.83589
59.62016,59.872597,60.068977,59.888733,59.934982,59.73774,59.59009,59.67002,60.193756,59.833385,60.000862,59.78209,60.08396,60.063435,60.119232,60.042603,60.05111,59.814148,60.24954,60.21885,60.104427,59.804234,60.44938,60.382904,60.26646,60.21411,60.206577,60.099598,60.20051,60.40984,60.333595
47.87592,48.069218,47.933487,47.98945,48.194405,48.20998,48.47156,48.211605,47.869152,48.266335,47.83348,48.30949,48.551533,48.32985,48.421574,48.44914,48.425545,48.308384,48.10556,48.496902,48.4169,48.458534,48.335537,48.444267,48.522247,48.529594,48.55658,48.65353,48.276543,48.436707,48.764896
48.846058,48.638817,48.233078,48.763634,48.698395,48.15739,48.404873,48.590183,48.510017,48.608234,48.663475,48.648327,48.668285,48.581,48.498573,49.214005,48.687607,48.6006,49.12803,48.765957,48.455723,48.28199,48.67863,49.01213,48.424164,48.465073,48.769886,49.10771,49.130512,48.76178,48.95173
54.971252,55.046,54.73046,55.1243,54.946365,54.644474,54.78152,54.84474,55.00326,54.99455,54.92067,54.930122,55.030346,54.80632,54.938656,54.808105,55.025295,55.067753,55.14855,55.384407,55.301556,55.235416,55.2936,55.231133,55.353172,55.06304,55.215336,55.102955,55.339684,55.297085,55.267128
54.348614,53.54344,54.29492,54.460644,54.131226,54.5464,54.098,54.431866,54.226246,53.962055,54.60846,54.361526,54.343075,54.512405,54.118332,54.43142,54.25668,54.424805,54.591507,54.193268,54.23202,54.05714,54.365627,54.326477,54.570446,54.613663,54.743164,54.382633,54.727478,54.595535,54.515656
38.4093,39.141026,38.907486,38.59749,38.756035,39.26108,38.838596,38.869858,39.33532,39.0185,39.178104,38.56892,39.15589,38.568863,39.280525,38.67808,39.042183,39.080612,38.993877,39.302887,39.155663,39.24607,38.826828,39.584976,39.266323,39.25193,39.10667,39.15441,39.75348,38.925312,39.2663
42.403862,42.542908,42.48629,42.64002,42.5149,42.398746,42.679115,42.266422,42.426174,42.502563,42.739643,42.69644,42.6672,42.115536,42.505386,42.60636,42.530064,42.713326,42.62239,43.163567,42.74196,42.653908,42.543236,42.89798,42.66872,42.799942,43.041176,42.625706,43.248783,42.373657,43.045673
39.826206,39.821075,39.95456,40.071396,39.949318,40.13578,40.326317,40.12631,39.976475,40.079647,39.777622,40.36066,40.23295,40.466362,39.93555,40.541477,40.47877,40.592392,39.914642,40.260967,40.49085,40.38686,40.125587,40.0869,40.29338,40.36293,40.71356,40.490803,40.206272,40.24344,40.3073
53.64072,53.502266,53.883926,54.128,53.564972,54.258358,53.875526,54.40187,53.94761,53.603363,54.116684,53.60886,53.961845,53.8223,53.9836,53.858814,53.612797,53.869038,53.99646,53.865692,53.86962,54.04965,53.800354,54.16996,54.482338,54.487328,54.045723,54.309772,54.19704,54.136932,54.189507
43.761486,44.325935,43.66874,43.58791,44.08354,43.786633,43.756805,43.88091,43.931164,43.760567,43.255974,43.87171,44.2652,44.107048,44.16948,44.223423,44.09861,43.763985,43.86922,44.1127,44.104965,44.12912,44.209473,44.426056,44.181812,44.035156,44.1304,44.141197,44.161343,44.4979,44.509247
41.37963,41.696205,41.54184,41.328186,41.456146,41.302773,41.67043,41.20019,41.555126,41.70756,41.76505,41.650158,41.40872,41.682453,41.56451,41.69113,41.49495,41.543755,41.59485,41.68223,41.902992,42.237076,41.894184,41.83818,41.810333,42.05413,41.75583,41.744743,42.14118,42.05733,42.121086
42.765686,42.70916,42.15114,42.262215,42.93566,42.51915,42.36907,42.472782,42.550743,42.73256,42.383434,42.522736,42.711967,42.405617,42.397144,42.71231,42.393616,42.737034,42.89862,42.607548,42.722656,42.705196,42.44834,43.014618,42.244473,42.40779,42.788685,42.643295,43.146114,42.59308,42.732563
61.39025,61.20029,61.224297,61.603085,61.306297,61.31421,61.27295,61.488216,61.343075,61.439236,61.576923,61.30768,61.30946,61.395435,61.555424,61.25568,61.480858,61.220985,61.609444,61.67774,61.61795,61.50947,61.80135,61.332848,61.862198,61.791374,61.354446,61.81986,61.73737,62.133163,61.59164
43.790047,43.621674,43.851624,43.449944,43.82099,44.025608,43.806854,43.880272,43.77759,43.578423,43.94651,43.885822,43.899475,43.784294,43.345074,43.813763,43.671677,43.81753,43.936256,43.571545,43.548027,44.129555,43.86068,44.31675,43.866753,44.240936,44.187817,43.700367,44.12142,43.769226,44.008854
57.041725,56.982464,57.092865,57.404243,57.30172,57.298584,57.247944,57.352695,57.043297,57.246666,57.12004,56.90821,57.474392,57.29425,57.2909,57.31414,57.30636,57.16874,57.356815,57.396633,57.500397,57.399338,57.42634,57.283623,57.461033,57.384712,57.34081,57.621983,57.357574,57.586006,57.39286
40.88222,40.273705,40.908295,41.19189,40.688072,40.841534,41.045883,40.970867,40.27511,40.82849,40.831738,41.08219,41.026196,41.47914,40.54869,41.054527,40.86709,41.334747,41.100536,40.702507,40.75394,41.01622,40.900497,40.55783,41.14561,41.163033,41.415783,41.143925,40.727924,40.73708,41.35635
43.899372,43.920723,44.00698,44.243633,44.152985,44.25863,44.189037,44.293293,44.039795,44.164867,43.782257,44.48411,44.484985,44.491364,44.091373,44.160164,44.43668,44.387585,43.919758,44.307648,44.509033,44.419434,44.40031,44.189903,44.491005,44.39524,44.71487,44.43357,44.094513,44.57079,44.307228
55.051704,55.2614,55.272095,54.756683,55.220825,55.386826,54.925293,55.171272,55.451336,55.051258,54.87613,55.103046,55.33456,55.437767,54.97561,55.25574,55.348476,55.127094,55.129337,55.10028,55.311874,55.552696,55.24859,55.589897,55.185165,55.600143,55.50103,55.39894,55.644978,55.606125,55.175858
44.74499,45.085674,45.113518,45.029995,45.10495,45.073048,45.227753,45.075794,45.17661,45.34113,45.460926,45.20234,45.274166,45.348663,45.2403,45.289013,45.242275,45.084904,45.398518,45.331306,45.138813,45.191925,45.662655,45.45555,45.600754,45.7174,45.204903,45.51303,45.116337,45.507626,45.607162
43.39348,43.296474,43.666862,43.448204,43.48439,43.728954,43.347633,43.63642,43.78831,43.48895,43.71706,43.56151,43.502354,43.93981,43.275948,43.807293,43.534687,43.729527,43.757896,43.35445,43.54536,43.60799,43.53837,43.744087,43.561974,44.03176,43.904343,43.83141,43.83599,43.76384,43.60797
48.100742,48.472595,48.73365,48.302776,48.367676,49.008587,49.020836,48.883953,48.89219,48.825573,49.054607,48.60742,48.725246,48.62471,48.82426,48.703224,49.01711,48.866066,48.841133,48.67258,48.688576,49.091465,49.001324,49.333855,49.26397,49.26087,48.951126,49.13721,48.949284,48.8058,48.976055
48.024586,47.926247,47.722237,47.48502,47.818565,47.741127,47.635536,47.69877,47.780952,47.810764,47.7034,47.51208,47.664883,47.966343,47.35853,47.74894,47.680836,48.051548,48.118095,47.680283,47.790024,48.424942,47.58924,48.02819,47.811363,48.175446,48.056934,47.85579,48.38762,47.74567,48.111744
52.791573,53.159073,53.083664,53.206818,52.985016,53.10581,53.055344,53.162144,53.42628,53.20521,53.39746,53.009747,53.156746,53.0827,53.35354,52.90752,53.250443,53.128986,53.32497,53.47074,53.463013,53.40259,53.75476,53.479607,53.934376,53.581863,53.218803,53.3385,53.350464,53.73544,53.4826
43.97984,43.874165,44.1465,43.752277,44.020638,43.846687,43.943928,43.735054,43.777573,43.904312,43.74147,44.18248,44.06811,44.099865,44.098763,43.78879,44.12156,44.346817,44.091244,44.120884,44.293095,44.573227,44.32571,44.154152,44.138317,44.05104,44.608543,43.849754,44.176754,44.137512,44.44931
47.937866,48.149853,47.649925,48.172474,48.16812,48.14575,48.179012,48.24276,48.168507,48.33311,48.156773,48.090374,48.480183,48.045475,48.32697,48.307476,48.476673,48.207375,48.37126,48.48842,48.319843,48.060856,48.420315,48.609596,48.590553,48.152687,48.307808,48.578854,48.586773,48.496033,48.530277
43.314167,43.23326,43.05771,42.991886,43.78617,43.40541,43.437534,43.24429,43.277576,43.60478,43.08853,43.344803,43.796143,43.661385,43.545284,43.627834,43.437595,43.854527,43.60373,43.53132,43.906044,43.990013,43.384865,43.963432,43.462883,43.48252,44.11031,43.43408,43.627796,43.53328,44.11007
50.622494,50.757465,50.87599,50.589725,50.3388,50.71122,50.35638,50.71205,50.775894,50.38199,50.874897,50.94337,50.753117,50.478294,50.83043,50.531635,50.423737,50.292274,50.64542,50.69933,50.429123,50.735348,50.755863,51.11689,50.759605,51.114883,50.740017,51.044296,51.48027,51.109745,50.895206
50.763294,50.45845,50.329063,51.0003,50.773743,50.6736,50.607975,50.889755,50.623844,50.745396,50.6493,50.498997,50.74062,50.793842,50.972828,50.82324,50.74421,50.89413,50.909813,51.00836,51.24383,50.940857,50.796684,50.65172,51.052776,50.816475,50.914024,51.086796,51.0521,51.301712,51.051807
38.387146,38.38338,38.479828,38.422043,38.346855,38.58545,38.665634,38.401745,38.27473,38.62709,38.39156,38.941055,38.660477,38.588676,38.492977,38.4709,38.564865,38.9274,38.35441,38.76421,38.837475,38.871937,38.551476,38.36676,38.605984,38.77658,38.85714,38.796204,38.803574,38.56843,38.65534
53.90256,53.800617,54.19187,53.99175,53.72406,53.805714,53.661648,53.833935,54.212708,53.93014,54.138954,54.019188,53.8306,54.140614,54.12843,53.99317,53.979954,54.33672,54.47771,53.986866,54.13055,53.99472,54.33686,54.250885,54.278194,54.08264,54.35429,54.17355,54.414314,54.21007,54.292923
55.043106,54.836998,54.971916,55.121986,54.872917,54.784424,54.1949,54.877857,54.86262,54.316647,54.416157,54.91721,55.079655,54.921513,54.738686,54.399616,54.7298,54.68106,54.808434,54.966385,54.995937,54.87912,55.27399,54.79412,55.149326,54.82337,55.10906,54.59086,54.99685,55.460247,54.85462
53.76775,53.80262,53.84725,54.053204,53.7455,54.377243,54.07044,54.56987,54.47013,53.94778,53.89057,54.349407,54.10424,54.417454,53.860348,54.244377,54.318226,54.38751,54.052826,53.909363,54.28453,54.12539,54.54274,54.392464,54.941566,54.523125,54.42089,54.433372,54.0218,54.691944,54.03965
45.606445,45.610355,45.081978,45.67031,45.520317,45.323246,45.720276,45.613983,45.385403,45.585213,45.379616,45.48258,45.519657,45.252277,45.576958,45.709198,45.835075,45.837162,45.630405,46.03666,45.985004,45.912643,45.68097,45.645615,45.8342,45.503426,45.752277,45.86759,45.958958,45.756596,45.805428
50.450356,50.128235,50.18071,50.427082,50.654884,50.737736,50.545044,50.606792,50.38675,50.69159,50.39207,50.6665,50.60726,50.49237,50.17882,50.489998,50.286293,50.842384,50.604263,50.538548,50.81402,50.56734,50.506447,50.46698,50.53026,50.698822,50.75001,50.667675,50.569942,50.563046,50.35282
48.57133,48.21781,48.238052,48.711826,48.488686,48.594246,48.569298,48.710945,48.340843,48.53855,48.72114,48.755207,48.74954,48.52581,48.384247,48.689022,48.553673,48.492958,48.521847,48.677555,48.630592,48.659817,48.55921,48.64891,48.616306,48.810287,48.7432,48.97621,48.94673,48.902317,48.632687
42.657406,42.991016,43.052513,42.771244,42.798264,42.845856,42.994938,42.80786,42.97744,43.070835,43.07667,42.87194,43.12055,43.13878,43.276035,42.985107,43.120342,43.198456,43.204803,43.108444,43.12773,43.48332,43.21121,43.463104,43.36502,43.272842,43.357872,43.251804,43.342644,43.127197,43.686626
53.120052,53.259537,53.162674,53.03477,53.41252,53.340027,53.579884,53.402794,53.281628,53.52571,53.40499,53.27832,53.335144,53.33676,53.438026,53.662155,53.42166,53.28456,53.57564,53.38996,53.43867,53.66179,53.55394,53.846703,53.49779,53.780304,53.53145,53.84199,53.66014,53.672863,53.75204
52.973328,52.98372,53.04373,52.99704,53.345856,53.22769,53.298157,53.10786,53.08836,53.19507,52.837345,53.208416,53.34864,53.11922,53.29731,53.446926,53.373978,53.446,53.29238,53.45072,53.627342,53.260437,53.466667,53.392776,53.26384,53.162796,53.58124,53.369602,53.323742,53.375027,53.345276
43.714165,44.0732,43.76523,44.077263,43.76529,44.002056,44.186466,44.21421,44.45065,44.281525,44.329212,44.157505,43.935547,44.17049,44.378067,44.40956,44.448704,44.362324,44.172394,44.420036,44.546608,44.351696,44.38912,44.428017,44.715168,44.53282,44.277462,44.741478,44.52045,44.710556,44.43666
34.088696,34.594475,34.21302,34.01231,34.31952,33.775337,33.68287,33.78058,34.449017,34.096992,33.989292,34.11921,34.388428,34.34842,34.58315,34.319324,34.348835,34.42552,34.530155,34.62159,34.473816,34.22946,34.56489,34.60919,34.33557,34.090233,34.51222,34.13294,34.478725,34.472565,34.840496
35.78524,35.825714,35.617825,35.41711,36.111134,35.788925,35.884575,35.54455,35.398495,35.68482,35.683952,35.36437,36.077427,35.511658,35.63586,35.767143,35.801952,35.740227,35.847298,35.901524,35.86946,36.484394,35.61158,36.250885,35.52631,35.74869,36.160107,35.577324,36.35278,35.602543,36.294193
54.34527,54.30159,53.81858,54.70384,54.46711,54.189117,54.21937,54.457336,54.229126,54.442345,54.45713,53.65421,54.404884,53.781796,54.61211,54.129868,54.14956,54.300114,54.618805,54.84825,54.81882,54.706684,54.19605,54.58393,54.574932,54.272926,54.340538,54.645718,54.96658,54.57615,54.69387
44.194523,44.652573,44.35521,44.371326,44.25453,44.472565,44.625275,44.547333,44.44685,44.679844,44.54499,44.56668,44.531784,44.348934,44.6756,44.436638,44.776962,44.441525,44.548164,44.678387,44.488655,44.67554,44.78145,44.75522,44.806515,44.72592,44.48075,45.056545,44.939972,44.78528,44.70544
39.501564,39.873634,39.2278,39.21555,39.544533,39.53657,40.141052,39.700863,39.65821,40.18713,39.758286,39.900608,39.36814,39.466766,40.155144,39.868572,40.03432,40.060997,39.79058,40.07773,40.15601,40.37779,39.866837,39.987953,39.98995,40.07386,39.792953,40.389973,40.214973,40.081516,40.15454
40.98677,41.500748,41.430664,41.040646,41.11943,41.31594,41.085915,41.22086,41.771057,41.095184,41.36893,41.317245,41.341175,41.160763,41.473804,41.167313,41.612778,41.40325,41.401,41.426716,41.48614,41.614296,41.808216,42.03888,41.779663,41.40381,41.735416,41.228043,41.866283,41.69166,41.62586
42.992348,42.76913,43.147552,42.44573,42.947456,43.064907,43.14202,42.963688,42.95843,42.714066,43.246643,43.05555,42.563168,42.862495,42.826134,43.197144,43.202663,43.015797,43.057163,43.080757,42.965034,43.440594,43.152134,43.06807,42.89281,43.662148,43.190147,43.058815,43.23068,43.216293,43.058804
55.671684,55.604652,55.451538,55.856457,55.09899,55.764378,55.36466,55.945793,56.00287,55.67369,56.15963,55.628193,55.43988,55.32584,56.258213,55.179398,55.38738,55.821415,55.814095,56.099464,56.077236,56.012367,55.71763,55.71997,56.45962,56.228058,55.453518,56.213604,56.478287,56.36307,55.91235
43.788944,43.38281,43.789093,43.73097,43.518196,43.79806,43.560566,43.81463,43.633854,43.350266,43.968365,43.602795,43.832275,43.707573,43.484283,43.777878,43.788696,43.86918,43.87506,43.723156,43.55991,43.964844,43.57469,43.94982,43.74957,43.955597,44.096577,43.814312,44.166447,43.646378,43.919373
43.50596,43.510498,43.62966,43.316677,43.320656,43.48939,43.05729,43.500256,44.110947,43.232468,43.594982,43.7354,43.4599,43.816025,43.550163,43.559933,44.0037,43.84755,43.699818,43.57558,43.740284,43.76083,43.957813,44.03031,43.941277,43.727257,44.13746,43.498974,44.050545,44.138405,43.747566
48.0156,48.050537,48.182938,48.230396,47.629166,47.977623,48.156292,48.194893,48.358456,48.043667,48.468792,48.165962,47.766895,48.18478,48.175983,48.43426,48.30286,48.522797,48.360474,48.49213,48.31368,48.309853,48.235607,48.131622,48.60261,48.766296,48.26635,48.699795,48.557365,48.34009,48.394077
41.858807,42.140926,42.03276,41.61419,41.77327,41.746906,41.522118,41.891663,42.15475,41.689724,41.778732,41.580814,41.780506,41.95429,42.008045,42.052822,42.004528,41.986298,42.05169,41.905083,41.96399,42.364357,41.763874,42.276276,41.70757,42.075012,42.07658,42.239853,42.400124,42.079823,42.06191
48.42219,48.455894,48.69674,48.6754,48.61788,48.773026,48.805344,48.693783,48.652187,48.931587,48.611805,48.933403,49.03227,48.97315,48.67853,48.7847,48.936214,49.068573,48.739468,48.694332,49.016277,49.080826,48.904076,49.022003,48.8494,48.78723,49.26636,49.11937,48.95438,48.852406,48.866993
35.568787,35.863293,35.919434,35.276264,35.4093,35.59255,35.24157,35.668034,35.879074,35.234737,35.314735,35.69385,35.46106,35.867325,35.72753,35.856922,35.549118,35.85061,35.77063,35.528603,35.526714,35.714638,35.65842,35.81754,35.630424,35.942284,35.81783,35.812603,35.825897,35.777584,35.855476
49.2095,49.1217,49.37182,49.223495,49.469788,49.7486,49.47145,49.643253,49.199734,49.303864,49.09922,49.275143,49.71413,49.46424,49.440647,49.253128,49.324497,49.589283,49.459145,49.319954,49.523506,49.78743,49.454872,49.673714,49.683918,49.627625,49.800888,49.499348,49.42232,49.46544,49.69042
44.634872,44.810017,44.452385,44.679234,44.796837,44.791786,44.823483,44.856777,45.010025,45.01211,44.806717,44.8137,44.976173,44.952137,45.290295,44.99256,45.021122,45.18556,45.12782,45.030453,45.29354,45.165424,45.130894,45.439873,45.45087,44.928955,45.271797,45.124176,45.35464,45.351917,45.584557
52.257595,51.320126,52.20481,51.907288,52.216118,52.65656,52.471134,52.605618,51.87886,51.87486,52.133728,52.134186,52.104675,52.23986,52.144188,52.529694,52.065132,52.64587,52.38608,51.878803,52.356216,52.649906,51.983418,52.3275,52.13135,52.493027,52.79978,52.338924,52.26511,52.164337,52.353474
46.978687,47.297745,47.69503,47.446213,47.423462,47.5559,47.60434,47.279556,47.413982,47.681698,47.506878,47.682217,47.743477,47.756752,47.661648,47.42434,47.638508,47.61652,47.531765,47.675426,47.753635,47.6498,47.967457,47.637024,47.86854,47.86641,47.90021,47.752335,47.58373,47.77312,47.874485
39.465557,40.16734,40.0447,40.048756,39.836563,39.519592,40.061165,39.611294,39.809242,40.201244,39.861847,39.816578,40.07635,40.101517,40.09094,40.3407,40.18375,40.157997,40.2442,40.321217,39.996315,39.911705,40.090942,40.196068,40.01191,40.07515,40.242886,40.537117,40.176266,39.721893,40.54598
43.101658,43.084312,43.219505,42.99664,43.404884,43.5366,43.196415,43.312584,43.54065,43.376434,43.36102,43.60699,43.5413,43.711697,43.62187,43.508778,43.41597,43.69664,43.65928,43.482906,43.549076,43.170925,43.778778,43.644737,43.86771,43.74897,43.719196,43.40762,43.35246,43.78716,43.8698
46.288303,45.986847,45.897835,45.99351,46.075928,46.19281,45.851646,46.235565,46.304714,45.865475,45.95315,45.94915,46.054897,46.17017,46.157764,46.054802,46.285995,46.527763,46.206535,46.28878,46.562115,46.721226,45.992172,46.38398,46.42639,46.313873,46.693302,46.109634,46.75277,46.502094,46.470673
53.47679,53.479603,53.74259,53.40232,53.761,53.713516,53.58873,53.50015,53.645626,53.644264,53.823242,53.409916,53.760036,53.476303,53.784695,53.509125,53.58333,53.708168,53.895645,53.927948,53.82093,54.03745,53.681087,54.088806,53.72979,54.068565,54.030396,53.731564,54.07274,53.695675,54.073204
51.290455,51.07556,50.851105,50.894703,51.132416,51.10104,50.85227,51.337986,51.008373,50.91333,50.375767,51.08622,51.012512,51.3492,50.942005,51.30936,51.014187,51.26932,51.00074,50.952824,51.405334,51.471767,50.965343,50.934776,50.936344,51.20661,51.20668,51.465946,51.179497,51.54445,50.928177
52.169804,52.29385,52.01139,52.10961,52.303772,52.025585,52.239975,52.0543,51.881966,52.23923,52.233418,52.096764,52.36704,52.10311,52.411373,52.44417,52.23343,51.82249,52.406757,52.550438,52.183132,52.175167,52.496944,52.317764,52.27521,52.47489,52.00356,52.63965,52.60104,52.64531,52.64323
48.658825,49.01452,49.59073,48.444794,48.937447,49.004463,48.914337,48.65244,48.814507,49.00079,48.493305,49.092575,49.054157,49.319347,49.005497,48.620087,48.91149,49.151707,48.859066,48.77171,49.180542,49.811275,49.21953,49.073875,48.834007,49.329292,49.44346,49.036167,48.977646,49.03597,49.129356
53.44412,53.20508,52.745705,53.57099,53.217926,53.583637,53.23415,53.810417,53.671574,53.44006,53.33999,53.44297,53.659943,53.474804,53.6513,53.2907,53.685936,53.823708,53.461136,53.72769,54.028465,53.72373,53.65771,53.652534,54.318512,53.510307,53.656708,53.743286,53.827362,54.194973,53.64401
48.70396,49.162167,48.58239,49.125546,48.859,49.24839,49.45904,49.368446,49.19094,49.489254,49.435406,48.930008,49.224792,48.915054,49.50023,49.08046,49.232346,49.15154,49.04247,49.662315,49.618717,49.67952,49.2915,49.346115,49.95439,49.804115,48.900085,49.861523,49.501114,49.706757,49.520657
48.354656,48.36981,48.65706,48.56143,48.33706,48.60558,48.879837,48.53754,48.22122,48.76702,48.804268,48.486298,48.621178,48.70043,48.53006,48.647057,48.469063,48.69819,48.71291,48.641644,48.597004,49.039894,48.54938,48.55622,48.75841,49.143356,48.659225,49.122585,48.88169,48.531536,48.957573
43.062977,43.809467,43.55715,43.2614,43.483192,43.347954,43.573566,43.436493,43.560696,43.63506,43.28686,43.425354,43.733803,43.711174,43.79951,43.721252,43.83355,43.48084,43.53263,43.746014,43.6454,43.93397,43.78465,44.03022,43.75068,43.89229,43.78551,44.038166,43.678173,43.81472,44.057148
47.276207,47.116306,47.109283,47.260548,47.205505,46.865147,47.16782,47.02458,47.042236,47.39867,47.253902,47.653717,47.185387,47.424793,47.295837,47.056313,47.24561,47.595097,47.554817,47.602104,47.388653,47.40619,47.633106,47.278946,47.71184,47.640488,47.706852,47.34307,47.29793,47.469696,47.89649
48.79312,48.62638,48.549637,49.151096,48.969048,48.59198,49.08142,48.809692,48.680107,48.982445,49.38112,48.954365,49.04116,48.7062,48.87456,49.371407,48.947956,48.726604,49.198456,49.263435,48.943436,48.827694,49.124256,49.374695,49.033863,49.122734,49.18668,49.308548,49.393543,49.15697,49.475285
51.67455,51.86683,51.78833,51.864098,51.76261,51.751915,51.600857,51.755325,52.03796,51.64027,51.7735,51.56423,51.93578,52.009216,52.173996,52.11131,51.868706,51.85166,51.992428,52.18243,52.271854,52.00267,52.114437,52.05938,52.30346,52.160973,51.97455,52.089764,52.26069,52.47763,52.361538
35.481125,36.14154,35.516647,35.871918,35.4066,35.200813,35.155487,35.406902,35.671616,35.319027,35.124325,35.417255,35.792953,35.789642,35.425117,35.496555,35.652184,35.65726,35.534927,35.997955,35.65588,35.74501,35.59583,35.728554,36.05501,35.780495,35.890957,35.651165,36.010048,35.720963,36.17864
49.653557,50.253876,49.985016,50.05756,49.75914,49.59743,49.61836,49.799007,49.959816,49.75603,49.465157,50.068314,50.17276,49.928066,50.033897,49.760258,50.03397,49.78086,49.747013,50.273003,50.17134,49.995,50.544083,49.968124,50.273693,49.93225,49.90501,50.149376,49.83677,50.425434,49.94872
44.958096,45.0047,45.1668,44.799103,45.116592,45.228806,45.51483,45.20286,45.06533,45.372425,45.04445,45.12954,45.14044,45.186012,45.444183,45.449577,45.318638,45.722466,45.45915,45.070503,45.572975,45.805077,45.385136,45.57051,45.263206,45.130013,45.575146,45.532158,45.416695,45.1782,45.50525
51.905453,51.956043,52.20346,51.861397,51.655746,52.08116,51.766346,52.124737,52.223648,51.436287,51.74197,52.051834,51.784054,52.213726,51.659275,51.998123,52.024662,51.966187,51.885067,51.83957,52.02184,52.251366,52.39626,52.065033,52.527832,52.51773,52.20262,51.950134,52.153126,52.54167,52.017456
47.27433,47.104668,47.392647,47.142998,47.498184,47.192772,47.189636,47.19226,46.911427,47.14675,46.919636,47.377754,47.559868,47.603252,46.867153,47.39845,47.167114,47.219894,47.310604,47.048794,47.194946,47.571194,47.436436,47.403854,47.01357,47.411263,47.665516,47.32227,47.145973,47.34225,47.402077
47.6075,47.985104,48.125397,47.627872,48.485054,47.790104,47.712185,47.353897,48.073822,48.00373,47.771027,47.899364,48.299423,48.33461,47.84778,48.232132,48.09527,47.75347,48.072617,48.12579,48.292755,48.088497,48.406063,48.48445,47.763508,48.17829,48.57751,47.79025,48.206394,48.399662,48.412243
43.451538,43.522667,43.314705,43.59808,43.247498,43.736065,44.017857,44.02342,43.391666,43.66792,43.36935,43.98288,43.742096,43.797718,43.939503,43.766525,43.96251,44.111984,43.537918,44.02049,43.868736,43.951004,43.87979,43.51342,44.47413,44.176468,43.7783,44.279385,43.495327,43.95408,44.079838
39.086132,38.993023,39.24505,38.704903,38.904587,39.230072,39.474407,39.361748,39.13486,38.69299,39.0484,39.476276,38.94092,39.50097,39.24909,39.890778,39.617466,39.384907,39.094727,39.277367,39.161587,39.568645,39.35988,39.395897,39.55847,39.995728,39.661186,39.5094,39.314674,39.61234,39.778336
50.504467,50.73295,51.270218,50.631645,50.884575,50.846874,51.10915,50.66488,50.84817,50.95617,50.71953,51.142376,51.140976,51.474667,51.305984,51.463352,51.021667,51.172417,51.20187,50.834984,51.206676,51.141003,51.563293,51.377655,51.250206,51.176506,51.487175,51.22116,50.973537,51.296932,51.682896
54.655895,54.28816,54.17727,54.431404,54.724,54.72399,54.421955,54.776554,54.66535,54.670284,54.452232,54.452538,54.633575,54.536976,55.02762,54.578854,54.48975,54.82495,54.668594,54.70001,55.334507,55.211937,54.545494,54.871284,54.696133,54.638817,54.91054,54.906097,55.118443,55.29482,54.807625
42.267952,41.736263,42.241814,42.033703,41.68255,42.322075,42.09099,42.533745,41.880966,41.556847,42.38254,42.157463,41.80595,41.977585,41.670547,42.09052,42.032257,42.11556,42.233246,41.88667,41.52421,42.129765,42.08894,41.889366,42.234962,42.638985,41.991417,42.278053,42.125057,42.02572,41.932293
45.20284,45.46313,44.463097,45.61889,45.23664,45.043873,45.08671,45.40661,44.981472,45.420494,44.53374,44.976967,45.613255,45.328495,45.524475,45.350414,44.97274,45.52452,45.084522,45.83642,45.96391,45.46082,44.969063,44.894875,45.628105,45.254387,45.0478,45.87838,45.31407,45.61804,45.569298
46.629627,46.429813,46.42749,46.396126,46.647293,46.332775,46.29977,46.196293,46.459408,46.788555,46.742405,46.71234,46.60289,46.691242,46.642693,46.508717,46.56919,46.66136,46.87805,46.70362,46.7217,46.71859,46.67806,46.73649,46.436028,46.670616,46.87875,46.755398,47.193867,46.87744,46.94968
48.348312,48.14316,48.272972,48.37785,48.36596,48.376736,48.310154,48.46864,48.298084,48.338623,48.299156,48.356213,48.44223,48.55343,48.41323,48.582764,48.500774,48.66458,48.71038,48.47656,48.42357,48.387726,48.407776,48.581528,48.566757,48.581688,48.81279,48.69096,48.66202,48.484436,48.78554
33.114056,32.909023,33.213966,33.535458,32.739532,33.20984,33.3099,33.33113,33.13933,33.286045,33.709263,33.401283,33.099743,33.66468,33.052757,33.31354,33.396667,33.67073,33.174435,33.532158,33.332138,33.68009,32.931183,32.890327,33.61389,34.13371,33.58142,33.83813,33.58634,33.339066,33.607323
46.343975,47.194023,46.729126,46.707264,46.376244,46.26987,46.789627,46.466724,46.664173,46.911472,46.345047,46.793194,46.66726,46.846508,47.10683,46.776802,46.859467,46.810413,46.706783,47.059837,47.142693,47.090916,47.352646,46.692467,47.265244,46.873497,46.577553,47.268635,46.85552,47.227795,47.13287
51.817863,51.548748,51.811134,51.35753,52.03598,51.794983,51.75442,51.432606,51.523266,51.769775,51.859077,51.807026,51.8268,51.42069,51.56099,51.658024,51.757504,51.79581,51.96587,52.005535,51.821373,51.943943,51.834854,51.943985,51.356808,51.908882,52.05782,51.673336,52.181168,51.633106,51.772533
55.354664,54.802784,55.129654,55.23765,54.90535,55.151474,54.930485,55.557796,55.223915,54.674442,55.068764,54.76041,55.000374,55.34864,55.31939,55.504135,55.220425,55.45997,55.511692,55.037376,55.267143,55.584316,54.970497,55.495636,55.455513,55.376595,55.6412,55.518814,55.64094,55.469307,55.646557
51.367752,51.563347,51.840973,51.69072,51.61199,51.99478,51.93066,51.91953,52.239784,51.836918,52.420086,51.623592,51.710567,51.867947,52.003872,52.201763,52.17244,51.838154,52.118835,52.024364,51.995346,51.884823,52.228886,52.310936,52.35541,52.465286,51.977886,52.29618,52.247437,52.340588,52.115376
41.15543,41.31014,41.611008,41.02767,41.715706,41.04782,41.239754,40.763958,41.016365,41.270985,41.088814,41.58001,41.55605,41.550617,41.316154,41.458683,41.54737,41.249996,41.355984,41.746323,41.397198,41.427975,41.609985,41.43232,40.988636,41.67401,41.939842,41.26569,41.36094,41.42971,41.825516
44.561802,44.59037,45.058395,44.568,44.53573,44.63204,44.799847,44.68566,44.429882,44.40557,44.55038,44.752163,44.80807,45.068184,44.579067,45.132,45.02645,44.706154,44.827366,44.61638,44.402943,44.849213,44.90824,44.851273,44.704803,45.049103,45.069332,45.06766,44.808594,44.735985,45.075043
46.43876,46.93542,46.737602,46.99436,46.401695,46.866116,46.658688,46.889328,46.998966,46.83951,46.979324,46.757954,46.917316,46.989464,46.734455,46.542152,46.730736,46.662407,46.62622,47.01909,46.92923,47.143837,46.927254,46.90078,47.510822,47.57441,46.78275,47.261913,47.23665,47.333324,47.08356
46.794373,46.393192,46.841484,47.109737,46.75422,46.98538,46.623734,47.004097,47.17011,46.716736,47.46112,46.869476,46.871784,46.983517,47.00893,46.927032,47.175552,47.04361,47.24871,47.079765,47.035515,46.781834,47.212574,47.155846,47.360744,47.16739,47.334366,47.014362,47.35877,47.413483,47.186794
39.955444,40.28758,40.35456,40.34224,40.282272,40.127163,40.485207,40.110542,40.2789,40.36918,40.786694,40.03851,40.2374,40.004963,40.375584,40.580433,40.33138,40.290733,40.60041,40.719135,40.35496,40.44367,40.354515,40.712044,40.3442,40.69583,40.5261,40.62838,40.801952,40.186752,40.810207
48.912567,49.28689,49.068863,49.532757,48.66652,49.11525,49.028645,49.341343,49.377007,49.24514,49.089542,49.16412,49.42554,49.502514,49.70697,49.07576,49.28825,49.67396,49.35358,49.62247,49.643932,49.365932,49.591236,49.18669,50.312447,49.491577,49.232437,49.727226,49.343246,49.677532,49.761875
49.374886,49.631187,49.72541,49.634045,49.26335,49.744556,49.354294,49.768726,49.872578,49.703873,49.78932,49.87236,49.747787,49.92549,49.724037,49.208817,49.677685,49.72195,49.62524,49.822292,49.6545,49.842564,49.90711,49.685715,50.2783,50.39534,49.715275,50.072823,49.760815,50.11693,49.79625
40.915253,40.408356,40.872986,40.441948,40.778618,40.840813,40.900875,40.671337,40.381123,40.72638,40.778194,40.95257,40.795204,41.023384,40.581745,40.860065,40.748657,41.122425,40.947342,40.54658,40.82329,41.357094,40.83226,40.78972,40.639214,40.969078,41.20595,40.79473,41.003426,40.76652,41.06227
40.046997,39.15961,39.71705,39.620018,39.799667,39.96674,40.00864,39.793568,39.468563,39.486347,40.36325,40.087036,39.631237,39.717155,39.208206,40.204292,39.828995,39.834435,39.962574,39.75074,39.505768,39.856243,39.656837,39.877113,39.563267,40.32229,40.24976,39.779507,40.391838,39.768867,39.98316
45.215797,46.048183,46.09568,45.68233,45.540344,45.734932,46.106388,45.591846,45.75027,45.98242,46.26174,45.84177,45.893036,45.664974,45.982883,45.860306,46.0345,45.394283,45.863197,46.178436,45.56901,45.912666,46.25757,46.181908,46.136036,46.547073,45.718555,46.414516,46.254723,46.004173,46.262253
40.4213,40.40668,40.566353,40.306293,40.64051,40.690914,40.747845,40.722126,40.39389,40.43683,40.243458,40.60433,40.61821,40.863754,40.7801,41.044434,40.821774,40.82993,40.641327,40.708405,40.695534,40.83346,40.500046,40.74472,40.64393,41.029663,41.104706,40.981556,40.70721,40.752754,41.122177
45.881577,45.688652,45.488716,45.601513,45.673523,45.454758,45.451576,45.568943,45.40542,45.353584,45.374413,45.692738,45.624775,45.602497,45.334114,45.663837,45.373966,45.672882,45.662575,45.834507,45.705395,45.884686,45.62628,45.566246,45.675934,45.930466,45.77065,45.61404,45.869987,45.789616,45.87492
55.964073,55.71496,56.1175,55.599056,55.948235,56.102493,55.856213,55.94844,56.015278,55.95468,56.376053,55.98018,56.109966,55.955986,56.207584,55.706352,56.04834,55.900204,56.304512,55.882774,55.951992,56.528885,56.334377,56.640938,56.215733,56.326393,56.34305,56.06554,56.55473,56.41391,56.42957
59.10311,58.63199,59.03459,58.86549,59.131104,59.472004,59.10404,59.25759,58.696426,59.084454,59.015087,59.10297,59.49332,59.24532,58.91278,58.836285,58.79761,59.10873,59.245453,58.86485,58.956425,59.357224,59.12707,59.218147,59.27772,59.473343,59.26212,59.238167,59.171078,59.166546,59.28113
31.555618,31.6013,31.205454,31.081326,31.500242,31.18437,31.200174,31.3017,31.478487,31.221132,31.34806,31.347828,31.340498,31.268345,30.960688,31.544367,31.943512,31.467005,31.452984,31.411411,31.339373,31.841795,31.410278,31.839384,31.030605,31.229902,31.799671,31.380005,31.99518,31.472507,31.356762
36.49869,37.09933,37.273567,36.99897,36.908356,36.94296,37.345257,36.8717,37.111652,37.130936,37.578068,37.03241,37.067013,36.993534,37.113434,37.255634,37.2771,36.94294,37.189377,37.341785,37.017944,37.334545,37.45714,37.58436,37.402866,37.666718,37.352734,37.36221,37.39156,37.16704,37.645626
49.132263,48.700085,48.889275,49.415234,48.98359,49.511803,49.38565,49.68497,49.154675,49.454777,49.351395,49.399685,49.224464,49.169994,49.363403,49.126972,49.106224,49.736416,49.22751,49.258644,49.729904,49.69487,49.087852,49.20147,49.516422,49.45804,49.511715,49.841305,49.496693,49.493378,49.165634
34.266266,34.773785,34.94413,34.220356,34.710205,34.630577,34.703453,34.263798,34.574665,34.847782,34.64735,34.747593,34.899498,35.03001,35.207024,34.385162,34.74677,34.81037,34.57985,34.95196,35.099358,35.632095,34.94165,34.987404,34.998623,35.305546,35.21188,34.729366,34.94695,35.08982,35.603497
41.07172,41.361916,41.528084,41.28052,40.945366,41.38177,41.56004,41.43263,41.413425,41.180534,41.743813,41.39617,41.241066,41.456417,41.225906,41.804657,41.682552,41.274376,41.4814,41.464325,41.064915,41.360676,41.6311,41.546043,41.703156,42.01735,41.34899,41.8926,41.73336,41.5501,41.620167
49.484173,49.212723,49.28663,49.40682,49.513138,49.626534,49.483307,49.669598,49.497013,49.681896,49.54486,49.365993,49.802437,49.953156,49.645496,50.02141,49.657578,49.900517,49.962963,49.40707,49.636032,49.6591,49.413204,49.91617,49.614708,49.644768,49.88334,50.110424,49.93568,49.6826,49.976013
45.805145,45.922684,45.581985,45.644493,45.429443,45.403294,45.592873,45.716183,45.747505,45.643806,45.273834,46.074856,45.692444,46.10085,45.55412,45.91594,46.07515,46.040203,45.59368,45.834217,45.991856,46.21017,45.974953,45.727013,45.994423,45.926743,46.012714,46.142853,45.949596,46.198746,45.851
50.66278,50.81016,50.912308,50.221428,50.946335,51.082737,50.46949,50.644417,51.12989,50.68592,50.44848,50.916466,51.106422,51.136948,50.871655,50.927765,51.276535,50.831196,50.751778,50.740845,51.129486,51.016808,51.189594,51.1911,50.72702,50.841553,51.190056,50.87561,51.292248,51.48319,50.711685
55.169655,54.72945,54.262,54.53452,55.08841,54.795444,55.096,54.661644,54.425926,55.30493,54.694508,55.102398,55.057842,54.780624,54.853325,54.95024,54.850273,55.236702,55.081604,55.135395,55.31202,55.37054,54.813675,55.022964,54.828316,54.900627,55.157726,55.17588,55.564186,55.03879,55.272213
41.80597,41.89689,41.41748,42.20101,41.37394,41.635487,41.88856,42.052162,41.97596,41.83013,41.683636,42.23181,41.679096,42.12168,41.880676,42.145035,42.208023,42.35779,41.930573,42.209232,42.17751,41.808376,42.17456,41.78244,42.791264,42.14125,42.159588,42.36484,42.24966,42.40105,42.319077
47.521877,47.68267,48.12909,47.516323,47.967148,47.72724,47.693127,47.602425,47.72657,47.813625,47.676067,47.713657,47.71523,47.809242,47.7634,47.644077,47.593613,47.799488,48.044956,47.576393,47.83645,48.161476,48.02086,48.20729,47.59152,47.943962,48.286865,47.78082,47.932407,47.80429,48.04352
40.725033,41.11452,40.74048,41.106365,40.46453,40.865765,41.227108,41.26153,41.07999,41.159664,41.72035,40.796127,40.751305,40.799446,41.115757,41.227306,41.2919,40.892754,41.20312,41.368782,40.760777,41.202362,40.973698,41.243942,41.49529,41.771164,40.716038,41.957737,41.596943,41.219276,41.37831
42.296314,42.73001,42.34398,42.226208,42.61281,41.938873,42.50344,42.05726,42.206474,42.58121,42.151554,42.39305,42.45285,42.516945,42.631557,42.66616,42.337204,42.573215,42.644375,42.85737,42.711487,42.907787,42.572872,42.766594,42.540813,42.791542,42.807198,42.649143,42.635197,42.52281,43.326595
47.16882,47.015945,46.785774,47.335335,47.07859,46.846893,47.298313,47.255993,46.79956,47.06957,47.2622,47.177353,47.08782,46.963894,47.15328,47.61148,47.277847,47.01912,47.255,47.61416,47.154102,47.04369,47.26994,47.01873,47.206238,47.459656,47.01049,47.75457,47.24571,47.426407,47.352932
47.196796,46.995434,47.092392,46.772747,46.72059,46.996094,46.787354,47.178196,47.354763,47.072205,46.90224,47.303856,46.846977,47.381573,47.27643,47.15791,47.19573,47.722267,47.37811,46.75701,47.39507,47.594086,47.258236,47.369682,47.228912,46.986153,47.471863,47.43515,47.555866,47.460995,47.181957
54.06465,53.971775,54.280777,54.223553,54.591087,54.35595,54.35842,53.920517,54.232323,54.4824,54.433628,54.40141,54.62324,54.22716,54.625263,54.302135,54.446445,54.469086,54.58939,54.750694,54.840324,54.35183,54.792225,54.677696,54.53495,54.34797,54.90221,54.256226,54.80461,54.647087,54.83591
49.944946,50.36859,50.715836,50.673355,50.09944,50.45555,50.166187,50.54893,50.572063,50.382328,50.211323,50.52384,50.782463,51.078747,50.62419,50.48686,50.36769,50.452408,50.434982,50.28964,50.54598,50.472687,50.845585,50.58425,50.980343,50.7947,50.65362,50.973026,50.356323,50.96451,50.735424
54.847446,54.995888,55.037613,54.87227,54.953392,55.055267,54.766212,55.024147,55.30339,54.642147,54.761536,54.476948,55.127163,55.22553,55.05939,55.285294,55.236393,55.137177,55.166927,55.13606,55.338398,55.40088,55.114296,55.48368,55.424667,55.278824,55.427456,55.102287,55.465107,55.399586,55.457
44.690292,44.262966,44.104065,44.21633,44.37567,44.453022,44.551304,44.430157,44.35664,44.395977,44.6373,44.436275,44.258404,44.22289,44.512753,44.529224,44.308773,44.85978,44.72083,44.636024,44.81481,45.024597,44.410614,44.698456,44.74594,44.688873,44.751747,44.46494,45.188206,44.64927,44.9831
48.26135,48.31138,48.28424,48.683014,48.26159,48.475883,48.550575,48.697964,48.537155,48.21854,48.27352,48.42971,48.343174,48.281994,48.457973,48.66963,48.770443,48.67705,48.263283,48.920135,48.98468,48.662945,48.655094,48.322876,48.82201,48.693916,48.652206,48.827366,48.5746,48.866158,48.333088
49.790756,49.403168,49.670593,49.669823,50.121384,49.798954,50.30027,49.813583,49.72255,49.995296,49.922108,50.13475,49.853424,50.03327,49.660748,50.399963,50.45016,50.242237,50.18392,49.944935,50.213234,50.14799,50.495476,50.258514,50.06744,49.947586,50.605007,49.95797,49.932144,50.177494,50.188988
54.041496,54.12612,54.248047,53.81614,54.05961,54.34472,54.19975,54.197903,54.293507,54.203094,54.434982,54.140144,54.160023,54.042995,54.116074,54.353344,54.210323,54.063046,54.39939,54.085197,54.103767,54.34084,54.37369,54.596443,54.130466,54.500587,54.136906,54.596176,54.74583,54.41388,54.13304
58.62606,58.587345,58.661552,58.452545,58.640625,58.6053,59.0031,58.712547,58.60787,58.98438,59.073315,58.45994,58.55222,58.402206,58.9984,58.914005,58.93839,58.788853,59.14917,58.864773,58.856552,59.266266,58.833736,59.23043,58.678856,58.933098,58.852592,59.36921,59.383087,58.83573,59.033306
45.71231,46.0263,45.87864,45.745327,45.82457,46.096493,45.717236,45.95354,46.48584,46.01887,46.041916,45.983715,45.904106,46.089916,46.328686,45.775295,46.140064,46.297947,46.108097,46.286865,46.4512,46.326813,46.21248,46.402534,46.65966,46.488243,46.41267,46.113297,46.56934,46.581226,46.469936
49.823853,49.772408,49.73764,50.116802,49.89171,49.841675,50.141033,49.978237,49.70451,50.14421,49.901672,50.149506,50.192993,49.969105,49.889347,50.261665,49.957237,50.148315,49.99407,50.1556,50.19702,50.154526,49.938313,50.1474,49.95253,50.09047,50.286488,50.55365,50.297245,50.02255,50.169224
47.911663,47.937534,48.184845,47.836292,47.921227,47.894157,48.17316,47.96174,47.981503,48.06796,47.888878,48.31129,48.033653,48.341972,48.345398,48.188583,48.53472,48.36555,48.168095,48.160744,48.365646,48.612984,48.532078,48.341537,48.374783,48.26233,48.666306,48.366497,48.322033,48.51183,48.566597
45.09327,45.35993,45.538666,45.35202,45.16011,45.078995,45.46807,45.148678,44.978962,45.12559,45.081215,45.53962,45.633186,45.592186,45.411884,45.56867,45.582047,45.24705,45.265537,45.50421,45.33861,45.59442,45.845802,45.49224,45.648632,45.554085,45.656395,45.595936,45.39968,45.626575,45.90002
46.00574,46.214165,46.304443,46.047607,46.13382,46.049088,46.040474,45.963223,46.352486,46.274937,46.478546,46.151688,46.194443,46.394493,46.506813,46.351013,46.33706,46.229836,46.533722,46.42959,46.343777,46.37646,46.49689,46.55793,46.437485,46.61387,46.454308,46.520348,46.73735,46.634937,46.789467
40.48374,40.404156,39.831955,39.78979,40.257072,39.989445,39.655,39.98505,40.51242,40.3019,40.040123,40.411472,40.104176,40.669945,40.065887,40.278507,40.293736,40.561054,40.453674,40.27637,40.415287,40.46719,40.150974,40.427406,40.287094,40.526848,40.56135,40.312035,40.8473,40.722076,40.595646
49.88117,49.7175,50.09919,49.824577,50.317352,50.156837,49.950817,49.935345,50.101776,49.997364,50.261684,50.165062,50.35286,50.071404,50.035706,50.271626,50.211575,50.061497,50.345608,50.241993,50.050903,49.912533,50.309704,50.58384,49.981354,50.316254,50.572384,50.11966,50.283073,50.19881,50.329517
41.950096,42.092857,42.342216,42.131428,41.88347,42.386948,42.22667,42.40211,42.316742,41.98106,42.255093,42.023457,42.256897,42.36756,42.16247,42.292206,42.529476,42.450058,42.205704,42.269943,42.304775,42.613598,42.367916,42.300888,42.6017,42.59452,42.38127,42.504353,42.331333,42.375755,42.293995
45.061733,45.22833,45.312935,45.026726,45.26655,45.232143,45.423603,45.092243,45.68839,45.590733,45.624607,45.74834,45.28666,45.52514,45.465527,45.60473,45.7901,45.77294,45.67513,45.516808,45.66154,45.552013,45.872906,46.03025,45.735718,45.6316,46.065258,45.554768,45.91432,45.71878,45.869648
46.054493,46.47046,45.90764,45.83866,45.98516,46.08115,46.12868,46.14174,46.580982,46.564964,46.560856,46.007046,46.07054,46.184273,46.644352,46.155945,46.305656,46.368793,46.451897,46.39296,46.659077,47.02038,46.390087,46.79789,46.672356,46.616364,46.19781,46.718163,47.03128,46.8458,46.729805
46.43945,46.087223,46.00885,46.159874,46.117447,46.068054,45.995396,46.087673,46.024395,46.105827,46.249226,46.409416,46.1914,46.35853,45.924828,46.165726,46.020653,46.28675,46.25447,46.361984,46.261898,46.47845,46.154034,46.107887,46.318035,46.676956,46.383198,46.328968,46.636982,46.50039,46.49449
51.236053,50.952908,50.919273,51.387234,51.14891,50.922157,50.988094,51.000633,50.97903,51.148586,51.338387,51.38771,51.356148,51.06781,51.21614,51.17203,51.14921,51.207096,51.332634,51.682583,51.338093,51.05062,51.34606,51.194443,51.353474,51.367493,51.390068,51.39667,51.547752,51.46186,51.51623
66.7819,66.964836,66.82302,66.83357,67.36836,66.99682,66.61774,66.8563,67.30313,67.13681,66.786224,66.68218,67.45117,67.25543,67.49529,67.056656,67.18452,66.89374,67.382835,67.247444,67.598694,67.06355,67.728584,67.562485,67.45676,66.982506,67.194824,67.14532,67.20689,67.94208,67.40861
43.64115,43.538624,43.47003,43.694897,43.40921,43.920944,43.66816,44.11397,44.039474,43.743843,43.770504,44.21337,43.66002,43.79664,43.57487,43.558002,43.983845,44.25079,43.73743,43.816067,43.9122,43.918427,43.967293,43.930252,44.350353,44.12136,44.142998,44.01939,43.882168,44.066795,43.67167
58.229843,58.3941,58.48593,58.440163,58.636635,58.857777,58.445755,58.611458,58.627148,58.533463,57.97241,58.147537,58.88529,58.65131,58.640064,58.63113,58.574898,58.75944,58.450123,58.57656,59.157093,58.973232,58.367264,58.843384,58.556572,58.538727,59.01309,58.874203,59.02211,58.776917,58.58443
57.042797,56.985794,57.328033,56.783104,57.230133,57.667088,57.143345,57.60173,57.50241,57.159763,57.07839,57.269596,57.364197,57.71224,57.107235,57.40651,57.442318,57.293186,57.41094,56.80868,57.214188,57.435787,57.68721,57.607666,57.54462,57.694504,57.41239,57.55696,57.113876,57.80634,57.118484
38.990135,39.24331,38.7883,39.12934,39.18364,38.862934,39.221687,38.951138,38.750957,39.217842,38.9199,39.40745,39.427525,38.97698,38.86619,39.233246,38.92526,39.098347,39.107464,39.341614,39.11874,39.117428,39.324413,39.30664,39.175644,39.1538,39.218815,39.287735,39.213924,39.083042,39.417976
35.835693,36.01387,36.03866,36.03917,35.83146,36.035805,36.544666,36.06002,35.900948,36.126118,36.407352,36.05611,35.955112,36.140587,36.134098,36.47437,36.180775,36.25974,36.15239,36.302166,36.277866,36.6456,36.223373,36.22721,36.501347,36.691772,36.272446,36.49746,36.50223,36.264393,36.721096
41.46236,41.35809,41.710396,41.14232,41.84867,41.539547,41.55523,41.41392,41.595993,41.710316,41.91846,41.54718,41.467476,41.78232,41.70923,41.742268,41.575226,41.6653,41.96795,41.60324,41.608536,42.057796,41.57829,42.122726,41.415363,42.213196,42.186417,41.742264,41.94306,41.758194,42.247776
49.181225,49.43203,50.179848,49.24157,50.123802,49.675518,49.80557,49.071434,49.398697,49.826683,49.61023,49.67193,50.213814,50.074703,49.826557,49.977356,49.610252,49.645874,50.046745,49.621246,49.737648,49.83681,50.111404,50.362686,49.478485,49.897514,50.448967,49.603703,49.8017,49.60321,50.518402
35.676804,35.325447,35.388943,35.176968,35.27588,35.280876,35.461823,35.37645,35.441822,35.31186,35.642906,35.87442,35.27519,35.59427,35.63273,35.519375,36.016186,35.780533,35.34408,35.73876,35.851448,36.362766,35.660088,35.595173,35.60134,35.81943,36.04127,35.62604,36.072647,36.100582,35.8602
43.315838,43.38664,43.02275,43.29582,43.05658,43.467087,43.280144,43.610973,43.658184,43.375862,43.668007,43.106182,43.086613,43.27383,43.52872,43.55154,43.3049,43.521294,43.451057,43.5939,43.66466,43.793644,43.04553,43.548325,43.67445,43.974792,43.32637,43.97747,44.18588,43.81278,43.627598
40.69019,40.93155,40.795135,40.86821,40.450867,40.47515,40.433502,40.638454,40.960117,40.703518,41.12495,41.027782,40.626366,40.84765,40.5895,40.66354,40.896084,40.644207,40.863213,41.02419,40.619953,40.70737,41.146343,40.776207,41.06206,41.25183,40.711506,41.059444,41.10549,41.205757,40.857162
43.694954,43.646442,43.907578,43.6337,43.62287,44.049366,43.76061,44.082214,44.00742,43.751686,43.67431,43.899265,43.933167,44.030952,44.215446,44.039223,44.00234,44.356445,44.055542,43.694122,44.10697,44.157238,43.934566,44.24138,44.0497,43.82541,44.307907,44.22876,44.19631,44.064445,44.09747
46.388443,46.53708,45.962204,46.594563,46.379623,46.174786,46.512535,46.25734,46.215126,46.63865,46.28245,46.502766,46.723774,46.163784,46.60341,46.395576,46.4214,46.82964,46.670193,46.98227,46.815212,46.552868,46.591835,46.717308,46.916233,46.287636,46.726223,46.63253,46.966194,46.415806,47.06201
47.466873,47.52787,47.736954,47.671104,47.32566,47.89646,47.847206,48.084164,47.76978,47.71845,47.70589,47.954742,47.696323,48.028355,47.709023,47.686306,47.8968,47.957577,47.605198,47.669743,47.82906,48.247143,47.888874,47.826874,48.274242,48.40078,48.007435,48.29258,47.77873,48.129414,47.877213
52.957607,52.39788,52.647415,52.33765,53.3907,52.983074,53.220028,52.74683,52.483356,53.07408,52.988815,52.627815,52.81385,52.57696,52.827988,53.23767,52.89652,52.992275,53.271347,52.862568,53.140076,53.357094,52.794357,53.26442,52.290173,52.894524,53.278473,53.00262,53.32831,52.826347,53.074097
51.664894,51.425343,51.2136,52.010986,51.34539,51.365154,51.588535,51.81277,51.513527,51.617,51.810326,51.692623,51.505352,51.616005,51.733387,51.85939,51.594208,51.690792,51.833508,51.942154,51.80214,51.590942,51.773758,51.582077,52.108627,51.93769,51.632397,52.22631,51.987194,52.133015,51.990307
52.24331,51.80004,51.836815,52.346046,52.027504,51.870743,51.54087,51.8342,51.789997,51.866795,51.58155,52.254025,52.473488,52.2052,51.697464,51.55675,51.807964,52.335632,51.98738,52.12661,52.34368,52.28814,52.001713,52.07094,52.223095,51.821144,52.735565,51.797123,52.477505,52.16003,52.298454
43.001682,43.353558,42.83529,43.380478,43.177162,43.384216,43.47033,43.68822,43.49041,43.702614,43.56599,43.02704,43.35913,43.184414,43.61188,43.655643,43.242825,43.67043,43.874855,43.474926,43.39884,43.207207,43.313927,43.818245,43.813526,43.513428,43.22966,44.084404,43.61736,43.31073,43.749077
55.824635,55.782604,55.705017,55.930313,55.700546,56.190037,56.42457,56.319664,56.076626,55.98929,56.16765,56.116257,56.05922,56.05728,56.16226,56.356037,56.461304,56.330284,56.22583,56.337,56.24119,56.195824,56.553177,56.337173,57.04628,56.566246,56.201675,56.469,56.241325,56.498863,56.5101
53.153023,52.970783,53.032936,53.57568,52.713493,53.24038,53.31736,53.539375,53.227993,53.106884,53.400272,53.536922,53.252777,53.1792,53.110657,53.335197,53.429737,53.35461,53.14394,53.375164,53.3954,53.34917,53.54367,53.23874,53.783554,53.47235,53.31213,53.803177,53.599792,53.70263,53.15025
52.882885,52.400757,53.100067,52.926373,53.159706,53.399437,53.341732,53.268997,52.829433,53.037766,53.196373,53.091476,53.327774,53.224564,53.09983,53.387585,53.05061,53.2264,53.30185,52.80743,53.2248,53.34793,53.333054,53.43818,53.16333,53.232117,53.52542,53.304504,53.13629,53.27717,53.312435
55.605045,55.361626,55.466576,55.765293,55.84652,55.787895,55.722958,55.71219,55.505547,56.073025,55.82431,55.894775,56.11797,55.811012,56.25045,55.549503,55.78186,55.895313,56.028885,56.041424,56.10336,55.82978,56.096516,55.931038,56.1235,55.842003,56.036705,56.109608,55.9929,56.223175,56.248734
38.44178,38.495983,38.632164,37.634987,38.49292,38.50795,38.600826,38.182056,38.420753,38.508026,38.45972,38.801483,38.362957,38.48603,38.55049,38.75613,38.61137,38.693836,38.565586,38.379852,38.60016,39.005386,38.689075,38.801132,38.108185,38.68785,38.720043,38.61737,38.923683,38.62754,38.62123
45.753216,46.006565,46.289253,45.72986,46.269028,45.743683,46.078358,45.785366,46.058735,46.034897,45.8832,46.132713,46.205128,46.57166,46.596256,46.44538,46.461964,46.10988,46.325935,46.132896,46.486984,46.553677,47.01816,46.558083,46.409985,46.202812,46.58574,46.139877,45.871357,46.851646,46.853992
44.809673,45.210125,45.441406,45.009975,44.962524,45.003273,45.530502,44.995968,45.249672,45.123623,45.497215,45.147793,45.0425,45.275665,45.52456,45.839478,45.654922,45.178448,45.33857,45.5297,45.40182,45.564587,45.626637,45.592117,45.466896,45.738495,45.472862,45.73261,45.70962,45.612663,45.820816
34.48965,34.28617,34.446655,34.001526,34.540306,34.427006,34.159164,34.31934,34.698174,34.106373,34.51503,34.626392,34.326164,34.6708,34.2918,34.683052,34.762592,34.53249,34.481808,34.346134,34.595383,34.831154,34.687836,34.876587,34.37446,34.669014,35.05408,34.241272,34.894814,34.999886,34.683662
52.316635,52.31916,52.122086,51.9529,52.554222,52.110435,51.91932,51.99528,52.49422,52.40261,52.374146,51.749043,52.202274,52.18468,52.33636,52.441208,52.00445,52.40518,52.863743,52.31048,52.526707,52.581787,52.075405,52.94265,52.026573,52.33161,52.603146,52.36779,53.105343,52.339657,52.75797
46.27434,46.609264,46.655724,46.273968,46.055992,46.20803,46.228863,46.399498,46.481167,46.149715,46.065575,46.19849,46.238686,46.662415,46.48163,46.67852,46.342945,46.574135,46.457287,46.33182,46.53194,46.90862,46.3615,46.55133,46.49078,46.722122,46.571373,46.858566,46.753944,46.58997,46.71204
46.721283,46.916958,46.72004,46.724968,46.968536,46.800476,46.75466,46.902313,47.112442,46.818745,46.80741,46.749043,46.906456,46.935944,46.949974,47.060856,47.231827,46.954887,46.934784,47.207554,47.185402,47.264057,46.96778,47.346985,47.06743,47.259453,47.355515,47.15279,47.281178,47.313095,47.235806
50.531136,51.082123,50.502983,50.444305,50.880257,50.744102,50.68377,50.74296,50.76047,51.090153,50.84377,50.435413,50.814137,50.52392,51.151894,50.561188,50.66065,50.393024,50.971188,51.03866,50.841347,51.022823,50.947422,51.07759,50.92032,51.17669,50.395218,51.280796,51.175568,51.24806,51.076
49.67596,49.75371,49.686317,49.677235,49.702957,49.68675,49.936317,49.637486,49.718147,50.12338,49.90467,49.88697,49.823414,49.6805,49.71466,49.66799,49.750824,50.22952,50.078766,49.99619,50.057083,50.21568,49.967552,50.05693,50.025906,49.986908,50.07682,50.048885,50.148083,49.680782,50.060986
49.13139,48.682133,48.772606,49.004185,48.95323,48.91425,48.787697,48.7653,49.02165,49.24229,49.36698,49.335327,49.25088,49.202023,49.322727,49.014732,49.005783,49.58055,49.506615,49.457504,49.352867,48.961575,49.21156,49.15725,49.405098,49.218544,49.40375,49.20834,49.517563,49.259773,49.625206
48.413727,48.453075,48.640724,48.56338,48.222893,48.484142,48.117367,48.468086,48.73472,48.132545,48.308475,48.41307,48.48391,48.607265,48.580345,48.577423,48.450695,48.782604,48.581722,48.675423,48.79833,48.5682,48.576714,48.54709,48.777847,48.66366,48.775116,48.626263,48.904823,48.768948,48.66173
40.67791,41.3445,41.177277,40.390366,40.835693,40.60771,40.77654,40.52332,41.287914,41.185795,41.35119,41.10305,40.85797,41.043575,41.13357,40.974773,41.24002,40.74431,41.15529,40.9431,40.922276,41.538048,41.42907,41.76097,40.9034,41.32763,41.165768,41.288475,41.692303,41.45399,41.38494
60.826168,60.983513,60.860138,60.919506,60.970024,60.72109,61.346584,60.94775,61.02665,60.842415,60.99098,60.53175,60.647617,60.72441,61.223408,61.864067,61.28855,61.00294,61.31692,61.466175,61.4834,61.190327,61.39304,61.256134,61.243656,61.249947,60.992123,61.50732,61.387966,61.425488,61.360573
44.84306,44.81319,45.2642,45.257492,45.145523,45.32421,45.38037,45.326843,45.393402,45.419964,45.746933,45.231552,45.20421,45.330215,45.465614,45.18752,45.452057,45.524075,45.43612,45.449165,45.580097,45.75181,45.465084,45.663574,45.70015,45.820435,45.844524,45.56357,45.487988,45.55812,45.721615
47.8336,48.164856,48.23548,47.897392,47.818924,48.351837,48.192245,48.401814,48.23127,48.06205,47.71494,48.176346,48.01245,48.324825,47.970623,48.13913,48.261127,48.368473,47.95647,47.98298,48.291573,48.55908,48.252228,48.099945,48.386185,48.55416,48.23811,48.598534,48.14162,48.3628,47.917442
36.89616,36.654064,36.490547,35.87312,37.036484,36.648174,36.825504,36.32333,36.240032,36.711426,36.952175,36.77064,36.477066,36.17759,36.205536,36.73731,36.49344,36.37343,36.726357,36.734562,36.356068,37.132153,36.293404,36.968918,35.798595,37.144188,36.79908,36.643475,37.40991,36.4553,36.797222
47.935493,48.07061,47.791527,48.2013,47.992302,47.94978,47.996445,48.17963,48.209373,48.150192,48.26015,48.1523,48.2097,48.11183,48.187813,48.351295,48.2804,48.1203,48.354736,48.408844,48.184677,47.88649,48.493942,48.32904,48.509636,48.307945,48.078995,48.55185,48.26994,48.530087,48.32827
48.072296,48.309666,48.329628,48.43105,48.1532,48.256374,48.22745,48.365566,48.19047,48.243595,48.012123,48.34558,48.55058,48.680096,48.559437,48.401848,48.297745,48.393246,48.41986,48.4423,48.46495,48.356934,48.709583,48.322342,48.87839,48.599174,48.43675,48.675655,48.281704,48.750507,48.81002
53.582973,53.891346,54.122383,54.206333,53.900635,53.9409,53.9792,53.948612,54.097626,54.00549,54.047157,54.017326,54.250042,54.21877,54.45679,54.219,54.351677,54.040443,54.25218,54.451313,54.253967,53.808445,54.60012,54.253197,54.62029,54.31788,54.32148,54.450478,54.182274,54.525238,54.557575
42.054398,42.136177,42.518654,42.491337,41.91749,42.38912,42.537617,42.562664,42.117046,41.99057,42.35621,42.205833,42.363594,42.281956,42.283905,42.413948,42.368984,42.43927,42.267982,42.359497,42.241245,42.777046,42.268974,42.548653,42.68861,42.73973,42.716053,42.67726,42.609653,42.239475,42.741367
48.74156,48.784027,48.939583,49.133244,48.623512,49.05094,48.68975,49.208607,49.334915,48.82156,49.208717,48.87745,48.892235,49.085613,49.180283,49.015884,49.00385,49.052822,49.086273,49.029594,49.245247,49.076042,49.239643,49.12715,49.47381,49.29812,49.02915,49.38845,49.3044,49.616875,49.04721
47.373394,47.93749,47.97068,48.096725,47.556435,47.793762,48.1172,47.863216,47.91292,48.00528,48.076836,47.968838,48.062717,47.694126,48.291725,47.99897,48.026108,47.98703,47.981483,48.335983,48.16399,47.960308,48.389877,48.184227,48.447327,48.111397,47.973103,48.44846,48.16015,48.10732,48.2611
51.815125,52.349216,52.456375,52.294556,52.014526,52.16687,51.8859,52.17293,52.75758,52.25386,52.465977,52.18259,52.50066,52.488388,52.70777,52.25336,52.741978,52.15795,52.41016,52.492085,52.45856,52.404007,52.721687,52.94162,52.719673,52.513786,52.66439,52.74153,52.900715,52.958412,52.67832
51.704845,51.759037,52.482307,51.61431,52.58461,52.130116,52.312126,51.776928,52.074875,52.30827,52.432514,51.90281,52.27125,52.160007,52.50404,52.565403,52.522434,52.072277,52.65857,52.212303,52.24635,52.317745,52.547905,52.899452,51.738724,52.28118,52.775856,52.335777,52.39901,52.234715,52.64762
46.14646,46.02137,46.311096,46.245327,46.38369,46.41051,46.42487,46.35713,46.395603,46.45469,46.138504,46.70755,46.460705,46.758724,46.112095,46.46844,46.530632,46.852108,46.359467,46.297062,46.816612,46.747017,46.763145,46.48269,46.63281,46.564056,46.983795,46.444233,46.215076,46.66208,46.41933
46.6894,46.96267,46.846947,46.49371,47.17546,46.67623,47.220703,46.729073,46.90451,47.361618,47.303337,47.106266,46.98294,46.922134,47.60805,47.359116,47.366863,46.90233,47.444214,47.283527,47.078384,47.219025,47.489693,47.760338,47.04007,47.272858,47.32909,47.50656,47.396713,47.429256,47.822178
43.376698,43.5956,43.374115,43.112274,43.462708,43.276215,43.095215,43.273396,43.466553,43.365723,43.230865,43.364956,43.33333,43.50725,43.500412,43.402905,43.301632,43.397625,43.621414,43.491917,43.411304,43.557644,43.434216,43.666428,43.418205,43.736313,43.602657,43.58346,43.832157,43.689095,43.825222
35.83741,36.499855,36.026485,36.102306,35.961506,35.822845,35.826527,35.668125,36.45062,36.2801,36.12915,36.07201,36.298126,36.426117,36.083553,36.13657,36.21673,36.38047,36.19389,36.431347,36.461723,36.551456,36.098328,36.67434,36.506927,36.436127,36.70174,36.26771,37.04251,36.33838,36.89749
53.269585,53.194714,52.742714,53.667057,53.199852,52.903873,53.110825,53.24405,53.030064,53.48408,53.410053,53.30337,53.530197,53.011753,53.628765,53.051273,53.172478,53.249077,53.51139,53.80697,53.510056,53.31002,53.414764,53.520836,53.708282,53.28363,53.409122,53.722355,53.78763,53.65059,53.877144
50.543236,50.19804,50.323418,50.455475,50.38263,50.464367,50.723633,50.571075,50.33415,50.70765,50.440296,50.975407,50.38943,50.648266,50.48372,50.733063,50.593918,51.007675,50.69541,50.596146,50.817703,50.72304,50.71317,50.49994,50.704155,50.74546,50.91697,50.963017,50.756027,50.737034,50.69451
50.25101,49.90501,50.32109,50.949394,50.074112,50.311424,50.557114,50.684002,50.194717,50.36002,50.750904,50.554028,50.422348,50.76051,50.20575,50.759037,50.606895,50.554935,50.62391,50.614765,50.336006,50.196674,50.72689,50.138474,50.975216,50.97056,50.530975,51.041653,50.23068,50.687897,50.620655
40.70006,40.806477,40.857407,40.97798,40.489655,40.83968,40.851116,40.97822,40.83011,40.758514,40.79207,41.002777,40.795586,40.986515,40.877323,40.89061,40.986168,41.11209,40.73828,41.05841,41.102272,41.15149,40.99817,40.64634,41.1949,41.20572,40.954666,41.290436,41.022163,41.165134,40.912384
35.058376,35.69351,35.45563,34.888744,34.786903,35.07028,35.290237,35.146484,35.49758,35.24204,35.200794,35.3901,35.038727,35.66165,34.97331,35.642776,35.557457,35.613884,35.407223,35.21098,35.08892,35.592888,35.462875,35.462658,35.56412,35.8156,35.33546,35.715675,35.56859,35.261063,35.529854
36.095127,36.596226,36.083183,36.32342,36.339775,36.04228,36.26636,36.11843,36.36642,36.71885,36.464397,36.483303,36.477547,36.396187,36.56792,36.324898,36.380615,36.498074,36.380688,36.949944,36.651207,36.635517,36.351254,36.5084,36.519318,36.842064,36.50629,36.84678,36.66554,36.57525,36.858585
53.90457,53.94612,54.194565,53.8388,54.19223,53.905327,54.049843,53.956554,54.21168,53.916805,54.301212,53.835274,53.943684,53.886906,54.410137,54.581142,54.464306,53.904495,54.403183,54.359623,54.256275,54.188484,54.417492,54.603706,53.91291,54.245117,54.353718,54.442654,54.562374,54.51853,54.35799
49.393963,48.936325,48.809837,49.62284,49.352844,48.947792,49.536343,49.236156,48.988735,49.397873,49.866817,49.315514,49.16128,48.782692,49.689472,49.549923,49.658527,49.32769,49.721382,50.046955,49.672062,49.194763,49.831856,49.287758,49.61317,49.24391,49.327614,49.635,49.72409,49.790592,49.71215
54.83669,55.235096,55.203484,55.076164,55.433434,55.403145,55.081852,55.147057,55.61482,55.255493,55.368263,55.1511,55.732983,55.2541,55.584965,55.568466,55.6627,54.986675,55.424194,55.560017,55.49889,55.064297,55.76328,56.03109,55.470543,55.363647,55.544243,55.56299,55.819736,55.908142,55.540634
46.464233,46.741802,46.63147,46.687088,46.685623,46.451836,46.75935,46.617985,46.829685,46.83196,46.881966,46.78778,46.770943,46.968292,46.91314,47.2883,46.965595,46.69499,46.876236,47.022144,46.953766,46.90153,46.989292,47.126297,46.88887,47.18627,46.99317,47.338646,47.079594,47.244194,47.240303
47.60275,47.50526,47.406105,47.590347,47.590492,47.809,47.622086,47.774097,47.625946,47.516922,47.498005,47.660744,47.941795,47.725647,47.320194,47.867714,47.589153,47.813217,47.669987,47.596134,47.73571,47.84601,47.574287,48.024666,47.82665,47.818024,47.999985,47.835114,48.086594,47.738705,47.834724
49.30626,49.276775,49.36213,49.597885,49.177086,49.50739,49.5831,49.793568,49.489662,49.709614,49.696934,50.07085,49.499485,49.744213,49.427734,49.41869,49.70708,49.64563,49.59393,49.561924,49.437218,49.464348,50.072044,49.45929,50.101757,50.041275,49.54134,50.10452,49.310287,49.99173,49.49109
51.339912,51.37761,51.06948,51.470024,51.340668,51.494205,51.743225,51.56447,51.435093,51.70982,51.65742,51.256783,51.416103,51.25321,51.674175,51.574615,51.508476,51.764244,51.579735,51.96371,51.99851,52.04118,51.377323,51.643776,51.910038,51.95868,51.59837,52.015335,52.052883,51.722427,51.89244
46.98063,47.21053,47.152283,47.045113,47.051514,47.37428,47.483616,47.370197,47.433975,47.694714,47.560307,47.66839,47.2418,47.518986,47.204727,47.491642,47.636997,47.599064,47.460594,47.52571,47.306175,47.2673,47.574455,47.33954,47.62427,47.99565,47.309525,48.02945,47.35718,47.506725,47.28608
47.7209,47.732483,47.51407,47.63029,47.926483,47.988125,47.491154,47.976673,47.924366,47.78344,47.46463,47.501087,48.09007,48.088444,48.08763,47.566288,47.856487,48.1254,47.919853,48.045906,48.217236,48.27428,47.753586,48.042923,48.328556,48.170197,48.19536,47.914574,47.941967,48.225945,48.332844
37.085304,37.585987,37.461357,37.387283,37.420647,37.41644,37.732533,37.42919,37.61866,37.797237,37.617195,37.770847,37.664654,37.799774,37.920147,37.983234,37.854134,37.67807,37.554943,37.752453,37.941273,37.818977,38.00844,37.847603,37.813526,37.80722,37.74018,38.132504,37.75816,38.094597,37.961857
39.17538,39.760834,39.575394,39.324276,39.173668,39.66346,39.461063,39.645824,40.07419,39.56077,39.96603,39.547287,39.391064,39.469654,39.327396,39.461277,39.659412,39.636917,39.671448,39.594788,39.40932,39.78522,39.69012,40.14045,40.043427,40.218338,39.694965,39.836258,40.10419,39.68322,39.711
31.953152,32.08865,31.820011,31.898375,32.202957,31.813044,31.82898,31.72127,31.802122,31.975393,31.919527,31.789051,32.18879,31.905582,31.59467,31.896912,31.907455,32.072094,31.90506,32.26364,32.12791,32.527866,31.63195,32.170105,31.66183,32.181873,32.386005,31.93261,32.37645,31.773186,32.24513
55.918697,55.99039,55.68486,56.242596,55.82907,56.028008,55.900185,56.267414,56.106968,56.15741,56.042423,55.54176,56.051704,55.77562,56.65225,55.82142,56.016315,56.329437,56.348846,56.50839,56.49696,56.38182,55.875233,56.285698,56.61027,56.20205,56.169228,56.610233,56.68926,56.319782,56.57712
45.47238,45.855022,45.8826,45.776394,45.613533,46.0723,45.77138,45.87071,46.40238,45.975838,46.10491,46.120358,45.970123,46.354393,45.975487,45.99096,45.858997,46.08494,45.85644,45.99991,46.30183,46.221348,46.17624,46.31726,46.65699,46.729614,46.288033,46.207016,46.393276,46.607857,46.392715
50.920956,50.96562,50.887833,51.173546,50.657646,51.322456,51.074142,51.549057,50.91017,50.85325,50.76426,50.458267,51.00612,51.11036,51.11455,51.2338,50.559757,51.25906,51.08655,51.00949,51.198437,51.407223,50.559162,50.838005,51.418907,51.563904,50.7642,51.734257,51.230103,51.06836,51.217182
43.15036,43.36825,43.71248,43.627148,43.467964,43.472794,43.850258,43.59867,43.656124,43.68435,43.992207,43.786694,43.609863,43.814796,43.712032,44.04415,44.012886,43.81107,43.96566,43.942783,43.552673,43.431522,44.165356,43.900192,44.09834,44.184624,43.954556,44.05978,43.4503,43.748608,44.112175
43.386826,43.117004,43.123093,43.570786,43.17227,42.972404,43.74313,43.52687,43.04928,43.683826,43.62445,43.6173,43.301033,43.69985,43.714848,43.934624,43.739635,43.861702,43.82209,43.641624,43.49782,43.75235,43.4964,43.600914,43.724716,43.7381,43.871418,44.26025,43.61585,43.570248,44.243053
45.681503,45.568188,45.828804,45.17693,45.673508,45.872215,45.5173,45.615566,46.12204,45.52138,46.090427,46.11492,45.48579,45.66726,45.674538,45.650143,45.990612,45.794464,45.906364,45.852196,45.778267,45.76512,46.358646,46.02063,46.009552,46.238777,45.94806,45.55359,46.018314,46.306892,45.719215
57.58585,57.064358,57.1615,57.59887,57.196587,57.736332,57.18638,57.55769,57.42818,57.437313,57.571033,57.43405,57.567215,57.560875,57.61149,56.956127,57.146893,57.798054,57.658493,57.654667,57.825386,57.68497,57.4539,57.336998,58.266407,57.881622,57.653942,57.529865,58.099545,57.93391,57.90776
47.617706,47.799725,47.91942,47.81855,47.669807,47.87261,47.902042,47.795837,48.03687,47.757748,48.09453,48.085968,48.00182,47.799698,48.253788,48.049767,48.074184,48.036316,47.97512,48.40335,48.171417,47.940525,48.290394,48.201782,48.40618,48.321808,48.16246,48.154713,48.268707,48.28771,48.363472
36.068054,36.0515,35.69524,36.07075,35.927254,35.75538,35.870087,36.005314,35.767094,35.869896,35.495026,36.041718,36.238373,36.311317,36.13393,36.414043,36.134766,36.465157,36.106583,36.28108,36.242542,36.0942,35.91395,35.958397,36.161606,35.940987,36.32256,36.34644,36.14905,36.090633,36.53046
55.093372,55.132797,55.254402,55.570293,54.951942,55.367847,55.393307,55.58957,55.455532,55.419525,55.460407,55.548492,55.36236,55.617065,55.32133,55.546314,55.700737,55.522514,55.511158,55.463455,55.460136,55.18188,55.92999,55.262672,55.99836,55.677185,55.307156,56.00095,55.341724,55.872494,55.283123
33.075367,33.075542,32.487976,32.71533,32.741985,32.657673,32.722916,32.869797,32.549355,32.6063,32.325695,33.024963,32.93846,32.932762,32.310955,33.17299,32.84158,33.115044,32.77876,32.99526,32.638454,32.841904,32.49812,32.6987,32.68643,32.98734,32.936405,33.086147,33.04125,32.595833,32.942654
49.586052,49.425354,49.671333,50.069523,49.541763,49.652245,49.837532,49.979603,49.602604,49.623985,49.78896,49.948906,49.793545,49.99798,49.97203,50.182602,50.04659,49.844513,49.966854,50.003998,49.834774,49.459267,50.279793,49.634804,50.26821,50.02237,49.872734,50.320065,49.638832,50.276257,50.05331
47.570248,47.561764,47.96263,47.54474,47.85859,47.835068,47.72503,47.59396,47.553635,47.412678,47.611984,47.76339,48.136723,47.597748,47.86119,47.756603,48.182404,47.643936,47.73893,47.99124,47.760685,47.900898,48.053173,48.172676,47.70082,47.724144,48.31815,47.699123,48.12122,47.878166,48.036
38.351482,38.577103,38.291145,38.30516,38.090614,38.56761,38.50233,38.622295,38.6357,38.616287,38.629166,38.586536,38.265205,38.67389,38.250385,38.565273,38.270912,38.805862,38.59636,38.431828,38.429203,38.805794,38.233818,38.656677,38.880783,39.234177,38.591843,38.97736,39.032314,38.54342,38.83423
38.238705,38.377533,38.478966,38.21992,38.596466,38.259037,38.12974,38.247444,38.24718,38.152164,38.17691,38.237423,38.67522,38.577873,38.45865,38.62313,38.45067,38.24806,38.515934,38.424282,38.305294,38.483543,38.44295,38.763474,38.16863,38.46839,38.78765,38.475517,38.55866,38.53443,38.854656
51.332466,51.146687,51.204094,51.68459,51.175858,51.25957,51.235096,51.353775,51.311893,51.36031,51.364666,51.611454,51.619114,51.65321,51.272854,51.400986,51.358772,51.684834,51.46039,51.707294,51.635536,51.425865,51.539303,51.356766,51.901478,51.73678,51.74564,51.66132,51.593338,51.658283,51.75338
60.254444,60.59973,60.424377,60.280987,60.684303,60.49197,60.418137,60.38763,60.584766,60.80429,60.49063,60.35855,60.850216,60.609737,60.58335,60.39603,60.773777,60.355835,60.724552,60.746563,60.66214,60.768276,60.92418,60.980164,60.743042,60.832077,60.64395,60.88697,60.770466,60.934185,60.74521
55.744133,55.906696,55.898964,56.15749,55.643684,55.83605,56.02351,55.958435,56.159172,56.24283,56.48016,56.215775,55.95808,55.920944,56.093742,55.83865,56.022038,56.063316,56.184803,56.308174,56.17927,56.25631,56.348404,56.396637,56.62595,56.557243,56.23198,56.50549,56.582523,56.416138,56.40551
47.88995,47.93581,47.880554,47.738525,47.82733,47.890232,47.601852,47.90145,47.919098,47.759033,47.826447,47.713173,48.062366,48.014473,47.961823,47.765106,47.891533,47.98211,48.2023,47.935562,47.82366,48.078674,48.047634,48.21109,48.216522,48.107483,48.06952,47.99423,48.217415,48.08283,48.326073
43.92893,43.895313,43.41613,43.520798,43.728745,43.943703,43.366386,43.83885,43.960106,43.75248,43.42654,43.63864,43.86783,44.120476,43.526897,43.71721,43.564697,44.05474,43.72624,43.70419,44.12358,44.27007,43.475,43.783073,43.927204,44.099266,43.862743,43.937958,44.31664,44.183693,43.851616
40.24067,40.26565,39.840385,40.566883,40.25379,39.975304,40.55217,40.568527,40.220253,40.489845,40.435474,40.583202,40.208755,40.570557,40.649876,40.926964,40.63781,40.50117,40.440216,40.932312,40.639374,40.450764,40.54116,40.309883,40.835415,40.99257,40.497257,41.160442,40.310326,40.979904,40.979576
40.17404,40.66518,39.949867,40.291496,40.170837,39.93528,40.166893,40.12194,40.06967,40.472748,39.633972,40.371555,40.60962,40.471817,40.272537,40.260937,40.256508,40.49733,40.02475,40.46661,40.74732,40.896923,40.29474,40.313843,40.364323,40.167213,40.403736,40.705845,40.53073,40.529854,40.510124
52.85758,51.93874,52.475685,52.52159,52.806282,53.004482,52.80951,52.725624,52.375126,52.568027,53.100315,52.398952,52.723923,52.32162,52.717587,52.60673,52.560867,53.027153,53.13822,52.787354,52.88773,52.990963,52.57489,52.89695,52.76485,52.759277,53.099773,52.534172,53.262947,52.584385,53.04003
51.103786,51.218952,51.102783,50.98941,51.02249,51.08749,51.158707,51.222404,51.289,50.98883,50.9523,50.88352,51.121693,51.34006,51.598213,51.606968,51.542553,51.506077,51.465824,51.509384,51.552097,51.463753,51.445698,51.373047,51.66494,51.41285,51.356133,51.560055,51.48606,51.61051,51.72042
51.949715,51.557728,51.361176,51.391983,51.908188,51.87172,52.01031,51.92127,51.81917,51.99821,52.055088,51.978832,51.68346,51.623398,51.819206,52.20655,51.648945,52.05264,52.157986,51.797546,52.05198,52.191322,51.811367,52.39817,51.831753,52.12239,52.08407,52.164986,52.43848,52.097336,52.152756
43.7744,44.11499,43.878082,44.08663,43.989235,43.664925,44.02897,43.790455,44.07523,44.184364,44.225758,44.039307,43.9946,44.075314,44.039413,44.32163,44.320312,44.10639,44.24035,44.594654,44.175354,44.00809,44.2532,44.199165,44.25114,44.480537,44.24054,44.469997,44.310688,44.232105,44.47073
35.36432,35.423664,35.3696,34.838818,35.48497,35.185303,35.59398,35.16825,35.172733,35.54232,35.457832,35.6538,35.262,35.267616,35.424618,35.650074,35.693947,35.594494,35.577698,35.526836,35.43201,35.77079,35.667114,35.58352,35.03597,35.489548,35.55589,35.645622,35.547043,35.40415,35.51929
42.4369,42.344067,42.53351,42.173107,42.50181,42.308914,42.419003,42.028763,42.145367,42.524868,42.340538,42.765083,42.492638,42.5902,42.13936,42.41371,42.37122,42.60512,42.54443,42.41318,42.481647,42.68796,42.590324,42.48832,42.23099,42.58796,42.860703,42.420845,42.829197,42.424313,42.680176
44.915066,45.125427,45.21737,45.687485,45.123665,44.88443,45.637913,45.023815,44.918674,46.01146,45.770226,45.749046,45.293808,45.50272,45.858723,45.305553,45.594982,45.349426,45.417686,45.928337,45.663067,45.540367,45.630257,45.170815,45.59849,45.859253,45.617306,46.287807,45.759415,45.823193,46.01599
45.509556,45.519077,45.758186,45.495296,45.419655,45.36409,44.923637,45.16086,45.967094,45.476322,45.52845,45.918236,45.62883,45.94524,45.534977,45.190144,45.64337,45.876076,45.593773,45.61603,45.97904,45.974697,45.846397,45.928917,45.796867,45.70739,46.381004,45.38289,46.2437,46.10254,45.890594
42.991142,43.866737,43.173264,43.070435,43.35791,43.319946,43.347088,43.43092,43.676605,43.507282,43.069096,42.9268,43.50858,43.530197,44.11764,43.574173,43.956894,43.442482,43.393444,43.924644,43.94074,43.982883,43.65329,43.765884,43.925575,43.747192,43.40297,43.996746,43.731525,44.12042,43.9777
48.898643,49.03835,48.93821,49.000313,48.8694,48.9827,49.059124,49.149204,49.298584,49.07114,49.302475,49.335857,49.091946,49.274998,49.43711,49.548332,49.3097,49.242016,49.528496,49.386814,49.10753,48.71158,49.720528,49.402916,49.783024,49.509956,49.121136,49.553375,49.232594,49.64025,49.633663
37.659462,38.037033,37.87223,37.81747,37.785286,37.489914,37.754078,37.551403,37.989796,38.07005,38.085392,38.137093,38.01639,38.22002,38.08392,38.18046,38.206726,38.06344,38.212505,38.22409,37.894276,37.8975,38.186687,38.356934,38.145844,38.222816,38.35381,38.287567,38.359318,38.137268,38.671463
53.072968,52.72844,53.081024,53.085823,52.86654,53.425953,53.315098,53.41485,52.967632,53.08526,53.484932,53.316925,52.969543,52.94501,52.770832,53.0046,52.990818,53.18434,53.360905,53.064034,52.80144,53.0432,53.23912,53.14943,53.468086,53.737007,53.16921,53.430584,53.372177,53.107464,53.105633
52.284935,52.1334,52.245285,52.07172,52.47442,52.25769,52.371456,52.369484,52.557186,52.44458,52.97797,52.15065,52.06409,51.92617,52.67762,52.60635,52.691334,52.419907,53.03899,52.71529,52.36434,52.280685,52.693874,52.914604,52.38075,52.595276,52.500927,52.691517,52.786503,52.55695,52.62472
38.910824,39.037575,39.207314,38.835663,38.96344,38.91829,38.906414,38.631554,38.567547,38.99053,38.686436,39.51567,39.382175,39.31795,38.733078,38.776516,38.866383,39.0073,38.808674,39.01437,38.948597,39.212067,39.29456,38.816444,38.942463,39.222847,39.220585,39.000282,39.031803,39.082993,39.171066
51.352604,51.781612,51.60253,51.494522,51.417946,51.242428,51.550617,51.472004,51.7444,51.574005,51.368847,51.7857,51.585533,51.892693,51.513283,51.753036,52.219486,51.73846,51.742184,51.895874,51.659985,51.70604,52.273876,51.880333,52.173084,51.940407,51.95609,51.90218,51.6085,52.014977,51.948467
56.401188,56.32037,56.0111,56.802406,56.680145,56.11816,56.464977,56.26587,56.451283,56.71851,56.77756,56.49775,56.702736,56.487514,57.361275,56.601055,56.803593,56.51887,56.942535,57.399708,57.24643,56.46548,57.374573,56.72197,57.434002,56.63817,56.719543,56.732502,56.847343,57.569256,57.525288
42.93197,43.476105,43.015823,42.818836,43.144577,42.54148,42.927975,42.546516,42.986572,43.194874,43.014328,42.552757,43.12119,42.749557,43.54853,43.167274,42.998615,43.09101,43.37608,43.430916,43.48011,43.717266,43.117264,43.628662,42.873093,42.83883,43.186623,43.273453,43.83918,43.124252,43.76005
42.393295,42.196503,41.613106,41.99236,42.211166,41.857754,42.295094,41.985832,41.773094,42.38813,42.108265,42.593838,42.228306,42.049725,42.106575,42.305042,42.0688,42.444717,42.379204,42.551697,42.244392,42.3168,42.160805,42.32508,42.301483,42.396713,42.415783,42.426838,42.640938,42.21424,42.787884
49.027714,48.41997,48.825577,49.012535,48.666054,48.78626,48.383682,48.806324,48.738346,48.24198,48.902626,48.69641,48.64535,48.766735,48.447342,48.68179,48.6649,48.764263,48.852314,48.876465,48.83322,48.870415,48.76427,48.618248,48.880795,49.055374,49.08365,48.63129,49.26154,49.10846,48.83267
40.532207,40.79629,39.834473,40.536636,40.70382,40.266026,40.35786,40.334,40.301346,40.76691,40.375374,40.30337,40.837563,40.26812,40.52062,40.595375,40.302895,40.54235,40.70885,41.025265,40.71227,40.446445,40.359455,40.64277,40.5416,40.46704,40.3397,40.811584,40.972443,40.543583,40.89928
55.14575,54.899525,55.203484,55.449524,55.501755,55.37238,55.4206,55.30816,55.205753,55.22795,55.37953,55.424225,55.972004,55.49304,55.540066,55.831245,55.734394,55.40875,55.686497,55.55745,55.496468,55.0969,55.912903,55.97593,55.725155,55.19948,55.955997,55.50566,55.59788,55.68962,55.950115
44.306232,44.652805,44.652145,44.100563,44.43161,44.72332,44.914745,44.82857,44.887306,44.804096,44.530178,44.986534,44.530712,45.077267,44.980225,44.992237,44.85386,45.07707,44.800667,44.520504,44.9698,45.230194,45.267826,45.110245,45.31198,45.23571,44.92878,45.108185,44.533848,45.241512,45.129517
35.01759,35.574787,35.58025,35.128277,35.071312,35.46788,35.89734,35.474686,35.68438,35.71748,35.803555,35.63421,35.11372,35.606422,35.59758,35.70085,35.899857,35.90953,35.55798,35.740486,35.649345,36.07953,35.69026,35.734695,35.989246,36.341225,35.772125,36.06292,35.800785,35.612755,35.933445
40.485813,40.75771,40.600418,40.70877,40.732323,40.31874,40.799816,40.32211,40.565315,40.994625,40.852013,40.816654,40.77951,40.441334,41.255463,40.912724,41.046696,40.98761,41.094345,41.305374,41.049522,40.668262,41.068195,41.003166,40.725697,40.483223,41.033173,41.092407,41.24887,40.779392,41.268154
43.7586,42.998547,43.228584,43.3834,43.286247,43.35025,43.14997,43.606358,43.45985,43.046566,43.339813,43.44776,43.14088,43.771744,43.175682,43.837257,43.544777,43.85525,43.58446,43.269394,43.611397,43.794918,43.14374,43.46904,43.374676,43.636795,44.035122,43.607594,43.924744,43.759995,43.643253
45.718895,45.829098,45.607506,45.92628,45.46617,45.81894,45.056274,45.96137,46.256454,45.456448,45.230473,45.69455,45.720387,46.138557,45.601715,45.61245,45.62222,46.162865,45.758923,45.652073,46.111313,45.79345,45.698597,45.798332,46.24139,45.834404,46.109875,45.848736,46.14076,46.23012,45.75641
31.289333,31.460543,31.169466,30.727764,31.563955,31.29318,31.25386,30.955221,31.371334,31.486084,31.384052,31.464737,31.464775,31.334074,31.376299,31.545082,31.399769,31.612507,31.551414,31.538815,31.49376,31.608267,31.294647,31.806982,31.085205,31.496162,31.72146,31.335281,31.929205,31.33202,31.803955
47.82178,47.557617,47.109573,48.0298,47.15396,47.669888,47.719406,47.88966,47.607376,47.88434,47.802803,48.0383,47.70144,47.641804,47.771435,47.47387,47.588024,48.274006,47.744255,48.096924,48.07663,47.962513,47.574974,47.576736,48.519817,48.025543,47.86157,48.223286,48.43457,47.977257,48.110054
49.724102,49.59813,49.789932,49.80696,49.91423,50.073822,49.790993,50.060997,49.935173,49.687557,49.713703,49.596157,49.95154,50.07846,50.07016,50.096794,49.85067,50.086514,50.09119,49.92811,50.175022,50.082043,49.92289,50.128677,50.245525,50.196434,50.268555,50.060703,50.10347,50.23501,50.343117
48.444603,48.366795,48.52745,48.564175,48.560883,48.554607,48.436157,48.3486,48.69267,48.702763,48.8734,48.651028,48.741673,48.63796,48.498863,48.524426,48.74456,48.684917,48.70678,48.70593,48.91358,48.878906,48.85921,48.89775,48.687794,48.67811,48.975933,48.70203,49.194866,48.959103,48.72587
49.84532,50.177635,49.904686,49.692135,49.929283,49.348553,49.89107,49.57976,50.03405,49.86746,49.74072,50.081287,49.716957,49.95167,50.14095,50.488354,50.270943,50.04378,50.26157,50.303593,50.209255,49.970608,50.59553,50.298477,50.090355,49.986816,50.17434,50.18807,50.17279,50.38329,50.40801
45.882393,45.91531,45.764633,45.68361,45.646088,46.016556,46.078598,46.31334,46.011337,45.61155,45.791515,45.959602,45.65127,45.82821,45.701633,46.292786,46.24212,45.940857,45.799538,45.873352,45.953514,46.29996,46.08657,46.084976,46.122215,46.301727,45.945827,46.366222,46.153347,46.341404,45.764687
50.402794,50.194767,50.294266,50.254852,50.490784,50.577324,50.343643,50.593567,50.407066,50.366558,50.575134,50.152,50.289593,50.29656,50.39453,50.270035,50.166523,50.33563,50.602226,50.304512,50.568104,50.917408,50.459057,50.69097,50.54903,50.793365,50.5468,50.535336,50.78723,50.79964,50.605602
48.13351,47.796246,47.80452,47.99523,48.31079,48.100784,48.14901,48.003605,47.98704,48.207275,48.23578,48.00391,48.08861,47.891556,47.976494,48.049503,48.14911,48.324314,48.3858,48.220108,48.429657,48.46728,48.21565,48.4386,48.15858,48.092377,48.585102,48.043407,48.63323,48.24335,48.38268
44.337605,44.69187,44.428238,44.48071,44.133224,44.43329,44.16068,44.69348,44.81783,44.321583,44.53218,44.6391,44.4647,44.52979,44.727097,44.322475,44.53305,44.419163,44.49469,44.611313,44.527348,44.698208,44.800465,44.855026,45.078373,44.919518,44.564377,44.856663,44.897976,45.152897,44.791237
59.14543,59.015903,58.999786,59.2064,59.741425,59.326054,59.677002,59.266357,58.989674,59.55034,59.503574,59.008198,59.71295,59.172062,59.664886,59.708794,59.427353,59.091858,59.6716,59.590492,59.65239,59.666935,59.653755,59.988235,59.458717,59.45768,59.62468,59.673367,59.74927,59.75523,60.039875
50.058136,49.495247,49.34944,49.515125,49.79402,49.769413,50.09342,49.617947,49.297684,50.082245,49.900986,50.372974,49.83892,49.597965,49.559063,49.58872,49.749462,50.126064,49.86257,50.032402,50.062298,50.207825,50.092464,49.641487,49.967884,49.99112,49.912514,49.862446,50.11511,49.970493,49.90818
47.378494,47.541794,47.76136,47.809067,47.764877,47.709866,48.17432,47.648846,47.302296,48.066135,47.8607,47.88592,48.106644,48.002663,48.20808,47.754253,47.81252,47.888596,47.89325,48.199364,48.081448,48.155876,48.305656,47.759865,48.408844,48.323235,47.959743,48.164364,47.57041,48.09074,48.573368
46.822556,46.793316,46.5851,46.52673,46.926964,46.664925,46.83799,46.89168,46.70014,46.869785,46.536236,47.0309,46.90756,46.886658,46.928776,47.04069,46.834866,46.86862,46.894634,46.654247,47.062397,47.340065,47.116947,47.32096,46.79319,46.778664,47.154976,47.11594,47.03872,47.301983,47.105083
46.95489,47.327454,47.16413,47.178883,46.883087,47.15316,47.129494,47.20095,47.634216,47.100708,47.183826,47.30067,47.126324,47.421,47.30805,47.501102,47.516903,47.53706,47.299015,47.55013,47.57757,47.35348,47.554638,47.503136,47.907356,47.68885,47.540592,47.545216,47.67518,47.712063,47.609573
52.30236,52.11407,52.135597,52.51738,51.98993,52.530434,52.68959,52.510136,52.4067,52.645897,53.0335,52.687916,52.50571,52.188442,52.734406,52.413136,52.417442,52.728676,52.683647,52.73532,52.73968,52.615734,52.836308,52.65632,53.18446,52.724487,52.41727,52.899685,53.052544,52.811462,52.801544
38.55032,38.633396,38.964172,38.818295,38.763817,38.61277,38.75881,38.63376,38.996655,38.59701,39.249706,38.850124,38.451923,38.636944,38.490597,39.05473,39.085052,38.70782,38.965088,38.965096,38.78866,38.749393,39.18298,39.045753,38.74778,39.10372,39.161686,38.831764,39.13394,39.01795,38.813053
46.295483,46.57569,46.693596,46.42831,46.390877,46.581158,46.57343,46.589634,46.826256,46.720608,46.691025,46.703472,46.653797,46.903557,46.635345,46.765472,47.115208,46.94931,46.946102,46.717678,46.619717,46.56345,47.15592,46.831223,47.04148,46.857536,46.805275,46.98949,46.624588,46.80876,46.75267
34.053253,34.637554,35.154907,34.448185,34.28157,34.725616,35.029972,34.447746,34.693913,35.025814,35.005127,34.92094,34.798256,35.049484,34.66146,34.839916,34.99633,35.088577,34.725075,34.64418,34.672318,35.23827,34.770573,35.064213,34.769672,35.24289,35.23254,35.28752,35.075867,34.424343,35.07206
38.34829,38.415653,38.577026,38.252026,38.26718,38.24353,38.55768,38.376728,38.48553,38.3031,38.37235,38.70823,38.378853,38.506084,38.762825,38.736385,39.015377,38.87025,38.542946,38.64961,38.793995,38.97612,38.884468,38.81639,38.637115,38.432266,39.061234,38.6775,38.803196,38.766815,38.857925
44.460854,45.158997,45.533432,44.661316,44.885597,44.837353,44.806297,44.58044,45.34798,44.93407,45.4514,44.86222,44.919586,45.270603,45.436367,45.230946,45.25367,44.66579,45.2876,45.265392,44.92595,45.066513,45.51165,45.53125,45.242928,45.78882,45.214123,45.31664,45.490093,45.547558,45.72209
33.602184,33.281612,33.269287,33.094936,33.463768,33.385254,33.380257,33.550785,33.40534,33.334442,33.487656,33.72141,33.222023,33.547203,33.18831,33.90305,33.575813,33.708286,33.659603,33.33751,33.26891,33.51644,33.284325,33.64345,33.09358,33.697857,33.799053,33.741222,33.739258,33.475456,33.54294
38.5153,38.998028,38.806152,38.867046,38.27157,38.879303,38.606632,38.98639,39.356274,38.75221,39.48695,38.52397,38.65803,38.86671,39.00076,38.910442,39.05964,38.89878,39.041176,39.227306,38.717953,38.926422,38.716045,39.13906,39.471558,39.70939,38.75867,39.45946,39.568455,39.12054,39.259953
49.23193,49.202984,49.439117,49.954517,49.52054,49.497726,49.706932,49.744167,49.2373,49.886734,49.771442,49.726753,49.951794,50.101795,49.741177,49.908123,49.48612,49.51436,49.775436,49.709736,49.566044,49.448925,49.799274,49.55018,49.924667,50.15265,49.670067,50.427067,49.35744,49.959015,50.087822
44.13967,43.99807,44.14247,44.23041,44.049194,44.229614,44.499725,44.033443,43.994667,44.239162,44.54835,44.177284,44.213177,43.933983,44.05957,44.511246,44.01654,44.532085,44.36888,44.56464,44.369247,44.513355,43.800156,44.460663,44.17618,44.63662,44.639385,44.53629,45.11318,43.85527,44.70701
36.99388,37.217945,37.082207,37.234337,36.981316,37.138535,37.10854,37.212307,37.324375,37.010067,37.399853,37.437885,37.25816,37.496964,36.964725,37.31403,37.589893,37.055817,37.03898,37.501945,37.13749,37.306595,37.507797,37.31195,37.743565,37.941498,37.44527,37.437527,37.46793,37.791656,37.557583
50.921146,50.640656,50.71039,51.141693,50.712387,51.158577,51.229473,51.483845,50.990963,51.432304,51.359142,50.97841,50.59744,51.086338,51.18841,51.060795,50.812805,51.411057,51.331333,50.97132,51.29458,51.40668,50.871105,50.884766,51.368748,51.61956,50.98468,51.919804,51.301918,51.338123,51.122036
52.23712,52.686916,52.806747,52.81924,52.444374,52.448025,53.04092,52.60975,52.713207,52.74461,53.11702,52.834114,52.45455,52.634068,52.772778,53.202057,53.13119,52.432156,52.86462,53.232174,52.638714,52.45198,53.298904,52.816254,53.1307,53.461304,52.696064,53.412163,52.927685,53.13091,53.03393
40.755154,41.27772,41.223274,40.71541,40.904144,41.00933,40.960693,41.06369,41.049717,41.330116,41.02446,41.006256,41.269764,41.483368,41.227448,41.1489,40.897408,41.20078,41.38391,40.874104,40.74845,41.406883,40.8891,41.61013,41.104084,41.613815,41.281338,41.727707,41.323765,40.93247,41.708553
49.722095,49.863148,49.87139,49.341236,49.953262,49.49699,49.835014,49.46604,49.57431,49.54481,49.661076,49.365864,49.65609,49.436398,49.85493,49.923428,49.870132,49.63422,49.877926,50.06043,49.98064,50.48838,49.85921,50.19262,49.531727,49.98063,50.05646,49.774197,50.198288,49.85663,50.208225
51.041565,50.795174,50.55423,50.736378,51.112534,50.989826,51.04985,51.026443,50.88544,51.214306,51.173504,51.09375,51.008415,50.954132,51.2514,51.00848,50.974762,51.05006,51.297092,51.158764,51.24918,51.296627,51.288883,51.320816,51.348057,51.313843,51.141037,51.256615,51.400043,51.576344,51.511555
47.4903,47.72725,48.12407,47.67685,47.850365,47.851177,47.646603,47.648952,48.188614,47.834408,47.738243,48.10189,47.911915,48.230515,48.003746,47.99531,48.25726,48.1383,48.02313,47.991577,48.22867,47.810013,48.543354,48.05831,48.135063,48.01857,48.354168,47.950565,47.886604,48.3663,47.968044
53.849987,53.919758,54.09828,53.73557,53.871735,54.382233,53.858627,54.078472,54.39416,54.08242,54.212513,54.20945,54.154324,53.8798,54.156513,53.746506,54.028866,54.178253,54.16815,53.96571,54.259968,54.28726,54.328876,54.59887,54.31448,54.202385,54.329395,54.18203,54.75524,54.422028,54.0192
52.62127,52.26733,52.951096,52.18917,52.851067,52.72252,52.464714,52.55418,52.657,52.348873,52.56471,52.673935,52.729992,52.861317,52.597656,52.871243,52.65499,52.747982,53.051315,52.314545,52.553734,52.838326,52.921646,53.311073,52.50361,52.7703,53.376343,52.495518,52.87347,52.77881,53.049175
44.985676,45.065594,45.11856,44.834885,45.144638,45.072937,44.780396,44.845486,45.312363,45.18707,45.2061,45.147102,45.06382,45.138412,44.91979,44.99947,44.980526,45.335697,45.370304,45.22148,45.17786,45.154015,45.067127,45.391632,45.03304,45.434586,45.470768,45.14662,45.562813,45.091843,45.271656
41.755802,42.202507,42.188293,42.101654,41.946945,42.10749,42.130356,42.120407,42.11615,42.18081,41.584312,42.38434,42.365364,42.523052,42.16294,42.14821,42.33913,42.502987,41.85947,42.308586,42.542618,42.557255,42.29463,42.12993,42.430756,42.41903,42.588223,42.53159,42.09519,42.372475,42.31066
61.39855,61.532112,61.393997,61.35955,61.465454,61.496395,61.196926,61.63975,61.7545,61.351784,61.24027,61.411224,61.734894,61.37991,61.822044,61.35391,61.74746,61.55203,61.674984,61.72187,61.80313,61.683586,62.02014,62.004356,61.95459,61.466293,61.687622,61.698437,61.700016,62.065525,61.61761
48.29926,48.028065,48.305626,48.34227,48.665627,48.260418,48.44378,48.044693,47.621532,48.36771,48.325542,48.262653,48.79043,48.036068,48.329845,48.064198,47.975594,48.18193,48.52074,48.464096,48.34096,48.63643,48.408844,48.619873,48.14523,48.240982,48.74528,48.190926,48.640106,48.137356,48.8996
50.447887,50.23042,50.72599,50.48912,50.63533,51.046043,50.413666,50.889687,50.931614,50.707134,50.83375,50.70114,50.776142,51.019444,50.804497,50.335705,50.65809,50.917397,50.915073,50.464916,50.85786,50.9674,50.96886,50.998802,51.174843,51.117737,51.12818,50.75008,50.77941,51.17899,50.899048
50.401024,50.169765,50.047356,50.23765,50.298668,50.407196,50.64015,50.68812,50.167606,50.549477,50.42323,50.83167,50.405846,50.403404,50.18404,50.480347,50.632805,50.38498,50.39867,50.29274,50.3205,50.719036,50.667118,50.662857,50.56666,50.713516,50.610577,50.93157,50.582817,50.80527,50.430088
50.892452,50.958305,50.82553,50.54184,51.050392,50.70173,50.364677,50.738903,50.92212,50.411133,50.31873,50.467693,51.02787,51.005596,50.741962,50.94081,50.809616,50.757282,51.021023,50.74723,50.92143,51.135403,51.00081,51.344322,50.871662,50.812515,51.20756,50.63614,51.076553,51.164482,51.221817
38.401108,38.521515,37.947266,38.123154,38.1043,38.025063,38.36191,38.438503,38.23439,38.60397,38.307392,38.58424,38.274643,38.41019,38.439316,38.524933,38.441296,38.581066,38.48016,38.3125,38.398087,38.847095,38.380917,38.63182,38.38924,38.43615,38.376144,39.01105,38.725307,38.609676,38.62758
40.684677,40.62545,41.131912,40.95215,40.59475,40.82436,40.579964,40.721794,40.744873,40.706844,40.850044,40.796387,40.774082,41.06558,40.584873,40.534782,40.47554,41.117332,40.81504,40.826,40.946613,41.265636,40.610535,40.635674,40.86639,41.321594,41.204205,40.920696,41.02367,40.72235,40.99052
38.87601,38.896233,38.739746,38.95532,38.761024,38.816376,38.76297,39.000725,39.124393,39.06879,38.871338,39.067394,38.78485,39.384003,39.101917,39.11812,39.26652,39.479256,39.163563,39.189922,39.275322,39.096855,39.040226,38.86673,39.34519,39.29827,39.294674,39.403328,39.18278,39.360138,39.30645
41.47343,42.03537,41.867134,42.081596,41.70752,41.843945,41.812428,42.082253,42.07973,41.669666,41.87394,41.85942,42.037014,41.890953,42.061207,42.02141,41.973595,41.719795,41.86416,42.16611,41.959072,41.8765,42.31246,42.249153,42.504745,42.291092,42.000107,42.217842,41.965298,42.37565,42.27463
46.65964,46.92784,46.857376,46.8724,46.652657,46.6657,47.0782,46.82649,46.668457,46.835926,46.66718,46.867065,46.901398,46.847965,47.158657,47.094315,47.14163,47.143616,47.04226,47.25121,47.071,47.06684,47.20769,46.974487,47.302162,47.027542,47.078873,47.28453,47.043144,46.982185,47.38746
48.69368,48.684494,48.73887,48.488544,48.797897,48.60709,48.786423,48.53563,48.793507,48.757195,48.541958,48.6114,48.73941,49.01603,48.70974,49.451065,48.758965,49.092537,48.943417,48.71313,49.175182,49.278175,48.542957,49.239883,48.493427,48.89663,49.3637,49.134193,49.481895,48.86257,49.219963
51.45081,51.610115,51.397247,51.62455,51.06375,51.301006,50.999634,51.560997,51.759914,51.040215,50.875977,51.612312,51.54297,51.838192,51.370747,51.42714,51.8467,51.74609,51.246666,51.72044,51.836277,51.681763,51.786922,51.407623,52.12438,51.646873,51.80339,51.655895,51.66407,52.120792,51.525463
51.93069,51.787376,52.024223,51.47711,52.116066,51.936405,51.67577,51.55227,52.019085,51.797832,51.732697,52.05599,52.09894,52.11871,51.720165,51.85719,52.195854,52.07299,52.05712,51.894146,52.185535,52.287037,52.336853,52.362106,51.93588,51.944855,52.58464,51.620384,52.4125,52.28189,52.138645
57.79409,57.787483,57.649727,57.63419,58.063828,57.82066,57.578236,57.670746,57.905018,58.148502,57.78203,57.924335,58.067417,58.023975,57.854935,57.694996,57.858627,57.802017,58.09412,57.872875,58.105618,57.995174,58.212936,58.15757,57.921467,57.959503,58.041306,58.064137,58.230957,58.402878,57.980568
52.829308,52.9242,53.20218,53.415855,53.138786,53.147125,53.345543,53.275803,53.17625,53.418613,53.25895,53.376057,53.30808,53.33475,53.465195,53.264694,53.41702,53.32499,53.304386,53.386066,53.6112,53.436485,53.691536,53.435005,53.587616,53.42083,53.6351,53.714527,53.324528,53.70938,53.478134
52.116817,51.63838,51.75511,51.915405,52.03483,51.892647,51.84013,51.78364,51.771908,52.10291,52.239925,51.965717,51.93849,51.671432,52.140633,51.703915,51.973648,52.127045,52.283382,52.22495,52.33787,52.185577,52.25893,51.914627,51.957363,51.829224,52.03605,52.029163,52.442913,52.29073,52.010525
37.390465,37.580914,37.279907,37.392242,36.93952,37.617626,37.24393,37.712063,37.569683,37.341206,37.266647,37.304535,37.27812,37.695847,37.2012,37.378353,37.35933,37.727966,37.32143,37.318325,37.459343,37.876453,36.999054,37.316612,37.745323,37.959015,37.45114,37.949745,38.03997,37.594006,37.504147
51.49554,51.98222,51.975555,51.955006,51.975586,52.05375,52.384243,51.967503,52.065624,52.67647,52.124367,52.324593,52.440723,52.35915,52.702164,52.4115,52.406395,52.21422,52.171333,52.22266,52.658554,52.360542,52.73037,52.44683,52.39287,52.139633,52.204815,52.94973,52.311043,52.746647,52.399326
47.790012,48.35353,48.426292,48.663834,48.066414,48.11854,48.02343,48.208546,48.596405,48.243248,48.5875,48.16374,48.50693,48.510654,48.63924,48.395306,48.62728,48.16626,48.50608,48.889706,48.362885,47.974834,48.73595,48.545135,48.969055,48.838745,48.4832,48.786198,48.558105,48.79092,48.85537
50.6351,51.010452,51.098183,50.88426,50.86709,51.11147,50.96985,50.852478,50.97225,50.88033,50.669956,50.818985,51.08629,50.997116,50.663223,50.686466,50.989285,51.06501,50.769157,51.15685,51.27582,51.431988,51.1483,50.96409,51.318863,51.389297,51.213467,50.97587,51.138218,51.08101,50.98395
46.78505,47.432114,47.50901,47.163532,47.181015,47.387806,47.300167,47.297512,47.344776,47.379498,47.11992,47.299152,47.583427,47.520382,47.47259,47.27909,47.474094,47.100746,47.0816,47.361286,47.48373,47.712273,47.61358,47.548668,47.465515,47.70655,47.416267,47.829597,47.440517,47.7691,47.409344
47.174892,47.327908,47.470123,46.898525,47.683975,47.41633,47.40979,46.93049,47.227013,47.434673,47.7114,47.305058,47.767548,47.02228,47.698513,47.307762,47.567364,47.199757,47.745064,47.783424,47.354816,47.437595,47.80416,48.031395,47.33737,47.477737,47.65614,47.264164,47.937134,47.434193,47.95791
43.798527,43.709774,43.739754,43.64304,43.720062,43.906315,43.875996,43.91731,43.65642,43.90133,43.458427,43.648643,43.91244,44.08418,43.787888,43.9396,43.75972,44.398964,43.965935,43.651405,44.141895,44.5031,43.59471,43.94796,43.865368,43.871887,44.216427,44.152493,44.12076,43.727287,44.099503
39.160675,39.2124,39.337677,38.969627,39.379944,39.09705,38.97927,38.940716,39.13345,39.129585,39.31604,39.656315,39.39493,39.350727,38.89632,39.2975,39.19383,38.972885,39.2502,39.29521,38.91696,39.115982,39.362484,39.517914,38.91006,39.656242,39.591946,39.278507,39.514065,39.376225,39.431774
45.946354,45.531578,45.783287,45.523674,45.885696,46.00987,45.90829,46.06828,45.863132,45.71681,46.031868,45.898666,45.80882,45.745087,45.76598,45.9136,46.038307,46.09344,46.204704,45.613033,45.83967,46.269382,46.15001,46.411194,45.972073,45.87957,46.29485,45.84542,46.166267,46.026505,46.024437
53.938427,53.688217,54.409554,54.037754,54.202156,53.978348,54.090675,53.929462,53.93079,53.699135,54.03814,54.058044,54.25056,53.988686,53.947754,54.21091,54.558067,54.182243,54.39641,54.191612,54.10192,54.058086,54.835335,54.399208,54.167423,53.86528,54.647804,53.83938,53.94381,54.110176,54.172665
52.43736,52.48476,52.277542,52.380383,52.584084,52.53662,52.65907,52.580452,52.60421,52.928276,53.17169,52.45732,52.67843,52.21061,53.05704,52.625675,52.597706,52.59381,53.13689,52.93631,52.63776,52.653145,52.83048,53.187355,52.84551,52.83567,52.524994,53.099785,53.135815,52.805218,53.088593
44.391773,44.063385,44.335365,44.05184,44.442757,44.483204,44.04084,44.27547,44.350098,44.18214,44.19286,44.684505,44.571995,44.75098,44.30448,44.286182,44.57775,44.488235,44.3805,44.308273,44.480026,44.502125,44.671535,44.467728,44.473198,44.55812,44.850204,44.271942,44.536488,44.89553,44.543587
56.31826,56.10988,56.12751,56.224155,55.994324,55.9367,56.179443,55.941303,56.16577,56.112522,56.386723,56.460396,56.291477,56.101074,56.552696,56.32331,56.524487,56.377888,56.45376,56.67707,56.592583,56.429535,56.790474,56.489548,56.69038,56.236282,56.5248,56.389942,56.953804,56.782814,56.753563
43.966854,43.840508,43.517166,43.496353,43.63262,43.466454,43.623314,43.53654,43.4741,43.54788,43.62909,43.86196,43.639748,43.58382,43.348305,43.717854,43.823586,43.72995,43.69189,43.99345,43.655544,44.04749,43.698757,43.67801,43.639786,44.014427,43.80049,43.82472,44.180176,43.815456,43.84477
41.270824,40.743965,41.028664,41.030537,40.832184,40.89554,40.912132,41.03155,40.725975,40.75658,40.754547,41.539528,41.03493,41.462772,40.561634,41.25779,40.940323,41.449955,41.10864,40.852924,40.93356,41.11065,41.104885,40.833862,41.084038,41.22502,41.473927,41.104553,41.050213,41.055325,41.202484
50.93311,50.420124,50.447845,50.93706,51.220566,50.72144,50.883236,50.812862,50.450596,50.87494,50.975765,50.75931,50.769302,50.580444,50.861942,50.90477,50.709118,50.712433,51.01726,51.280846,51.13003,50.93229,50.856815,50.761383,50.73869,51.15252,51.069584,50.988243,51.037544,51.19021,51.142838
49.35151,49.372566,49.80449,49.247334,49.43177,49.857384,49.562626,49.735645,49.437664,49.6431,49.234776,49.833027,49.79642,49.875553,49.59489,49.190784,49.59048,49.884457,49.547325,49.307064,49.647556,50.092335,49.852707,49.657722,49.7934,49.846474,49.902924,49.80988,49.401794,49.71376,49.563145
55.4205,55.197514,55.523758,55.662655,55.35253,55.618347,55.526325,55.76057,55.449154,55.45045,55.660023,55.359447,55.684887,55.559856,55.702057,55.57512,55.358936,55.70611,55.874367,55.48939,55.606037,55.77741,55.639324,55.917625,55.94888,55.75737,55.832527,55.882572,55.838745,55.67985,55.992687
47.30929,47.364494,47.533417,47.481773,47.376793,47.597866,47.616165,47.517323,47.395737,47.715706,47.647842,47.89049,47.852425,47.9564,47.612965,47.654182,47.83328,47.58526,47.59138,47.664574,47.580276,47.601223,48.013985,47.53911,47.908367,47.97062,47.642994,48.0559,47.614723,48.01993,47.779236
53.323345,52.81728,53.217422,53.450863,53.386177,53.644707,54.15567,53.663013,53.084682,53.863964,53.76887,54.04288,53.538662,53.63105,53.616272,53.93093,53.88847,53.79007,53.601612,53.60995,53.786324,53.713253,53.865925,53.54048,53.765404,53.871338,53.906353,54.234886,53.72366,53.913902,53.74753
49.747696,49.887398,49.995453,49.87588,50.117615,50.02088,49.754986,49.856194,50.05787,49.802223,49.835743,49.94228,50.188896,50.09061,49.798615,49.946445,50.044365,49.782444,49.945683,50.03437,50.16074,50.094975,50.38384,50.24639,50.14507,50.189934,50.27492,49.908127,50.147865,50.464874,50.081482
58.174217,57.811363,58.594307,58.37656,58.667526,58.36915,58.197353,58.161552,58.28579,58.216858,58.15768,58.117466,58.792786,58.96563,58.60994,58.72235,58.51993,58.608788,58.80494,58.30519,58.766216,58.560482,58.736904,58.864624,58.567482,58.354385,59.309925,58.32363,58.534668,58.73412,59.148975
56.970173,56.753883,56.93087,56.68119,57.32743,57.427834,57.1343,57.151962,57.334286,57.27055,57.124638,57.19444,57.330482,57.344738,57.534878,57.42787,57.260918,57.50346,57.539227,57.251087,57.594337,57.205685,57.49996,57.648468,57.523003,57.409325,57.58588,57.32989,57.428394,57.659576,57.609173
44.609856,44.537064,44.617676,44.44103,44.67372,44.780666,44.435043,44.859264,44.796665,44.444588,44.687378,44.559437,44.8432,44.89053,44.84777,45.071705,44.958523,44.614086,44.861286,44.653286,44.60361,44.701,44.73609,45.07,44.65255,44.897476,44.884388,45.08727,45.010788,45.115902,44.909294
43.967144,44.18266,43.77285,44.055435,44.104744,43.827705,43.820866,44.00958,44.476963,44.175045,44.069237,44.01264,43.948566,44.212357,43.996372,44.322968,44.22498,44.48226,44.420628,44.418423,44.40757,44.13211,44.177334,44.46412,44.412727,44.373184,44.501762,44.298565,44.427185,44.318657,44.464844
50.013058,50.343452,49.905632,49.741093,50.1558,50.365307,50.45488,50.391247,50.313072,50.434185,49.999958,49.98897,50.18273,50.237995,50.45224,50.524086,50.423588,50.4635,50.39466,50.245235,50.537243,50.76245,50.283962,50.683983,50.52567,50.515068,50.311916,50.79233,50.69228,50.54735,50.56437
50.065437,49.465363,49.868004,49.902515,50.096535,50.155926,49.691612,50.13412,49.95906,49.82902,49.80144,49.858868,50.147133,50.3018,49.756348,49.94995,49.95795,50.45616,50.301105,49.791405,50.11447,50.203144,49.866177,50.215004,50.080334,50.06022,50.667515,49.926735,50.10342,50.000374,50.210136
50.05878,50.0612,50.20871,49.89105,50.089813,50.11603,50.32379,50.143013,50.323948,50.425465,50.288612,50.545048,50.07819,50.34147,50.490772,50.484917,50.61313,50.56693,50.548386,50.238995,50.494442,50.414696,50.790245,50.559547,50.41261,50.287956,50.555374,50.648624,50.52961,50.657116,50.427105
44.40633,44.69312,44.436554,44.898125,44.052696,44.16002,44.08374,44.43707,44.511635,44.549915,44.866146,44.566628,44.625957,44.500607,44.778706,44.23088,44.428726,44.327915,44.69227,44.872963,44.38352,44.36493,44.761078,44.468315,44.940525,44.76239,44.21927,45.07463,44.974976,44.931057,44.827858
40.822956,40.91863,40.9962,40.321724,41.084297,40.537563,40.47574,40.38705,40.985798,40.8105,40.930126,40.853153,40.82716,41.04227,40.81223,40.789165,41.174988,40.9308,41.159042,41.03247,40.88415,41.199276,41.21043,41.255882,40.706665,41.105164,41.316372,40.661533,41.054516,41.08571,41.24267
54.882767,54.521294,54.391632,54.829426,54.927444,54.760452,55.025696,54.8705,54.785538,55.016964,54.82603,55.2881,54.912823,54.80193,54.92494,55.256752,55.084305,55.13412,54.99042,55.13618,55.411057,54.895145,55.35064,55.01461,55.071915,54.82074,55.150604,55.213062,55.11812,55.45115,54.93371
44.190804,44.29058,44.10347,44.387356,44.47191,44.09989,44.323784,44.17282,44.401142,44.54685,44.85913,44.408245,44.459972,44.04064,45.084118,44.45948,44.853428,44.355904,44.74968,45.203865,44.63431,44.25034,44.76028,44.78965,44.640217,44.53965,44.650414,44.76429,44.951504,44.854267,45.056038
58.330967,58.454166,58.45984,58.921616,58.21093,58.687557,58.24514,58.95485,59.088,58.209175,58.41933,58.332565,58.780514,58.826996,58.674084,58.80818,58.63644,58.81286,58.703102,58.6711,58.955532,58.610504,58.855694,59.030304,59.491146,58.81292,58.90188,58.90881,58.87906,59.178276,58.866932
54.78787,55.016914,55.061745,55.070602,55.065796,55.416492,55.554848,55.58531,55.376194,55.275356,55.267326,55.02686,55.182625,54.89268,55.45655,55.385296,55.48021,55.470974,55.54212,55.2491,55.46242,55.37631,55.794796,55.776024,55.819515,55.246513,55.333763,55.603905,55.228043,55.421856,55.301804
45.08244,45.68185,45.525436,45.323986,44.92817,45.301098,45.12921,45.45218,45.52587,45.267,45.23511,45.181873,45.365963,45.738213,45.584606,45.188732,45.52404,45.301136,45.32655,45.47241,45.34788,45.8511,45.48721,45.50547,45.975,46.046234,45.414406,45.90266,45.744453,45.871395,45.860706
41.22762,41.32715,41.170998,41.105305,41.309074,41.550056,41.488995,41.595512,41.321217,41.48786,41.220856,41.555107,41.475067,41.376934,41.231495,41.361557,41.574722,41.603065,41.341118,41.339725,41.444336,41.71532,41.479477,41.564972,41.470695,41.572433,41.55712,41.738457,41.48473,41.500443,41.298935
49.513546,49.508385,49.84475,50.179604,49.712234,49.88986,49.954784,50.025482,49.69826,50.031586,49.800083,50.10064,50.1434,50.50353,49.910694,50.02443,49.985027,50.152428,50.039818,50.022568,49.953854,49.77232,50.181614,49.794167,50.537033,50.4635,50.282322,50.430183,49.61821,50.166126,50.391785
51.330982,51.165077,51.22886,51.637264,51.520103,51.36596,51.58071,51.64636,51.149406,51.380867,51.288357,51.22114,51.77256,51.66738,51.705105,51.792812,51.516655,51.561745,51.65255,51.635094,51.732857,51.777626,51.656757,51.69876,51.86558,51.627693,51.784714,51.84435,51.421875,51.799984,52.1072
44.534412,44.78823,44.768074,44.732304,44.564346,44.78421,45.17111,45.01345,44.87575,44.97391,44.765438,45.02017,44.904797,45.105583,44.871445,45.3106,45.22369,45.226494,44.894802,44.840828,45.097702,45.330315,45.167763,45.213997,45.21578,45.105682,45.187023,45.4824,44.95244,45.08933,45.107872
36.546116,36.763577,37.143463,36.6748,36.914207,36.897717,36.94198,36.720795,37.084908,36.885323,37.070625,37.244198,37.02665,37.172752,37.453793,36.963066,37.4032,37.20197,37.077183,37.236763,37.297405,37.212887,37.67575,37.33384,37.466633,37.23049,37.588406,36.906216,37.041203,37.50164,37.615063
52.988796,53.16673,53.038986,53.285183,52.857544,53.064453,52.728153,53.16387,53.406567,53.212025,53.07107,53.17213,53.097187,53.415325,53.15013,52.95855,53.229626,53.320946,53.435406,53.233494,53.22959,52.91432,53.493214,53.138466,53.714012,53.363174,53.202312,53.495476,53.443783,53.603058,53.26203
52.776775,52.58733,52.06804,52.771126,52.435844,52.9299,52.802258,53.39778,52.750492,52.880695,52.49604,52.91688,52.591602,52.788498,52.49652,52.9809,52.813015,52.946445,52.68039,52.65545,52.897038,52.73882,52.748787,52.474525,53.038445,53.000793,52.377876,53.62307,52.737133,53.255833,52.219826
45.619938,45.62543,45.674545,45.598034,45.2315,45.817947,45.883514,46.038776,45.676872,45.700214,45.65226,45.748264,45.47146,45.950756,45.59474,46.025448,45.654804,46.155987,45.89962,45.57536,45.621326,45.983997,45.525837,45.71998,46.053,46.301636,45.802334,46.408577,45.980686,45.66736,45.94149
49.020454,49.434223,49.57148,49.229294,49.148636,49.18567,49.123966,49.07515,49.256332,48.85094,49.11557,49.331898,49.4777,49.38171,48.95866,49.18861,49.3185,48.93077,49.0927,49.48084,49.179108,49.42909,49.798874,49.421265,49.68424,49.821762,49.41897,49.171974,49.330715,49.62902,49.513485
36.895863,37.06723,37.216995,36.989048,36.992096,36.863533,36.677757,36.68126,37.026825,36.710342,36.927467,36.782722,36.992535,37.201664,36.510815,37.268944,36.955444,36.92504,37.01954,36.968628,36.908638,37.1161,36.703415,37.169785,36.61642,37.24386,37.44747,37.045567,37.69443,36.924767,37.20412
45.94662,45.72453,45.794815,45.725983,45.891304,45.693142,45.426865,45.581783,45.690575,45.5821,45.801197,45.66319,45.872158,45.712013,45.678913,45.576687,45.71597,45.680023,45.75201,45.974285,46.016533,46.28244,45.719,45.853203,45.557632,45.9386,46.05281,45.743835,46.375275,46.112152,45.90245
50.704884,50.94873,50.936134,50.652332,51.2539,51.070995,51.046417,50.994522,51.112774,51.071186,50.973976,50.969494,51.198692,51.102024,51.04588,51.456913,51.307724,50.868748,51.26592,51.066845,51.012722,50.92718,51.373013,51.606316,50.9989,51.258827,51.28576,51.357887,51.203682,51.35492,51.252285
49.465855,49.879158,49.832687,49.943935,49.66503,49.652016,49.815834,49.752827,49.896378,50.100845,49.711876,49.96128,49.83868,50.08069,49.95553,49.542465,50.10808,50.108044,49.86826,50.222435,50.23982,50.18374,50.33433,49.78196,50.471046,50.279755,50.110023,50.202602,49.77123,50.249844,50.10556
55.2096,55.109375,55.57869,55.063553,55.545662,55.133053,54.865555,54.933167,55.47306,55.15419,55.3338,55.05791,55.241257,55.383274,55.335625,55.52775,55.26427,55.19686,55.57693,55.36091,55.520702,55.458115,55.278385,55.716225,54.781242,55.473686,55.827007,55.405888,55.89027,55.573124,55.490772
44.769634,44.828434,44.908188,45.306087,44.72677,44.794594,45.144615,45.09813,45.063473,44.936623,45.263607,45.07505,44.801727,45.062862,45.028076,45.350533,45.373142,45.167976,45.079304,45.45866,45.261127,45.10335,45.31044,44.988396,45.48836,45.508232,45.258514,45.51932,45.195747,45.41388,45.2916
53.882088,53.882843,54.001335,54.340473,54.333366,54.21463,54.561653,54.34191,53.80459,54.5928,54.3499,54.027016,54.509724,54.082012,54.470818,54.27598,54.442127,54.194252,54.58914,54.336174,54.23814,54.333176,54.44358,54.63981,54.374405,54.212128,54.52183,54.823154,54.43973,54.257725,54.66526
48.814243,48.86161,49.028717,48.99342,48.712563,48.954067,49.102192,49.28743,49.20268,48.75175,49.237915,48.954506,48.79846,49.064896,49.453552,49.184406,49.5387,49.170143,49.195927,49.449623,49.19627,49.36883,49.467175,49.302437,49.83179,49.69471,49.34398,49.422085,49.158558,49.630737,49.61968
44.989628,45.29539,45.61612,45.33452,44.977623,45.079,44.746517,45.335102,45.55126,45.106636,45.043934,45.364685,45.256744,45.886826,45.051003,45.326492,45.213413,45.336308,45.334476,44.948994,45.081837,45.390587,45.263203,45.554955,45.296646,45.69803,45.746628,45.722687,45.354527,45.4891,45.41066
50.670254,50.666927,51.182228,50.813644,50.658638,50.943172,50.695103,50.852516,50.662804,50.387474,50.754517,50.54416,50.73367,50.617645,50.526077,50.45229,50.664825,50.6736,50.745544,50.85117,50.727463,51.17039,50.87948,50.732147,50.897842,51.236298,50.949654,50.752174,50.937214,50.79093,50.74306
47.04382,46.445694,46.40316,47.290016,46.821365,46.638622,46.60285,46.989956,46.7005,46.436966,47.004128,46.660534,46.86509,46.917114,46.824417,47.23119,46.9338,46.87677,47.152767,47.260155,46.923958,46.560795,46.885746,46.813988,47.28594,47.07264,47.118153,46.991703,47.172623,47.291378,47.4272
42.1736,41.612904,41.934616,41.55134,41.978416,42.095222,41.766293,41.83269,42.042274,41.631687,42.268883,42.038883,41.833546,41.817814,42.01457,41.94125,42.046024,42.153458,42.280098,41.884857,42.104065,42.26898,42.24508,42.37088,42.065666,41.973167,42.424572,41.60155,42.70206,42.346878,42.305035
67.54218,67.19061,67.46346,67.74912,67.540215,67.52096,67.54996,67.643585,67.59755,67.39836,67.660484,67.43365,67.67868,67.30763,67.64246,67.517654,67.938446,67.56146,67.76257,67.78745,67.99309,67.88705,68.15579,67.99539,67.98707,67.445274,67.989555,67.6824,68.02854,68.14498,67.662674
48.635998,48.875217,48.639984,49.045597,48.943184,48.473335,48.82979,48.551826,48.840176,49.028526,49.09176,48.77245,49.133636,48.79171,49.136726,49.18329,49.173527,48.745377,49.127556,49.322445,49.176315,48.926643,49.23859,49.41456,49.022533,48.799248,49.213768,49.247334,49.539494,49.2984,49.47894
45.91397,45.75135,45.850365,46.24593,45.968834,45.96862,45.839085,46.20755,45.7767,45.860348,45.658993,45.857502,46.233192,46.11867,46.073948,45.718586,45.977768,46.285755,46.019672,46.131084,46.310905,46.4069,46.109264,45.97441,46.39831,46.028038,46.390343,46.094433,45.84949,46.193714,46.284386
51.39649,51.51547,51.716995,51.41108,51.79534,51.66908,51.778816,51.545017,51.495705,51.834774,51.815845,51.63932,51.849495,51.490715,51.93646,51.53167,51.871708,51.51102,51.791595,51.83271,51.832523,52.079586,52.068584,52.0698,51.66426,51.82627,51.899925,51.938934,51.943077,51.990772,51.90955
51.130726,50.877087,50.71524,50.925095,50.74549,50.68448,50.686665,50.816357,51.107815,50.988983,51.017887,51.077602,50.848747,50.9694,51.183514,50.936817,51.3828,51.379383,51.265144,51.244286,51.418274,51.207687,51.388943,51.052986,51.28506,50.76957,51.198418,51.175182,51.55488,51.50943,51.12016
49.930305,50.056137,50.190933,50.055428,50.202873,50.291374,50.088665,50.43786,50.31099,50.17907,50.038605,49.95564,50.353966,50.271458,50.43413,50.153614,50.31581,50.37581,50.45016,50.080597,50.35409,50.581024,50.409626,50.76732,50.466988,50.254913,50.609657,50.473305,50.293938,50.430267,50.494724
49.31779,49.21238,49.382965,48.953285,49.063896,49.354244,49.041782,49.23006,49.488556,49.05487,49.0841,49.633293,49.24929,49.63429,49.045994,49.40243,49.24867,49.499264,49.29061,49.03128,49.42644,49.602364,49.535812,49.541405,49.48846,49.59871,49.67371,49.344986,49.73573,49.749493,49.39222
40.570972,41.095432,40.700813,40.739384,40.886444,40.420147,40.849495,40.741306,40.90937,41.114494,40.797073,41.235596,41.147068,41.165356,41.5772,41.084705,41.359726,40.88476,40.996567,41.27157,41.216225,41.204823,41.662266,41.419044,41.362972,41.024803,41.1951,41.388844,40.90681,41.715393,41.665325
41.93637,41.60619,41.50129,41.70792,42.146088,41.65357,41.853218,41.484524,41.50923,42.170444,42.22068,42.01037,41.924072,41.60844,41.64447,41.657005,41.70868,41.883396,42.052,42.136192,42.02995,42.157463,41.88865,41.988327,41.59749,41.999634,42.12949,41.831284,42.315895,41.909424,42.121326
56.903584,56.79014,56.967705,57.25815,56.77324,56.790447,56.868935,57.05115,57.06941,56.829983,57.09425,57.039318,57.189686,57.126102,57.381096,57.053387,57.214657,57.146214,57.23722,57.306656,57.32544,57.27622,57.507454,57.439117,57.73009,57.18753,57.482964,57.276554,57.356773,57.604206,57.672764
52.779316,52.715733,52.724182,53.00003,53.066956,53.00257,53.189026,53.0567,52.80784,53.25432,53.03341,52.747017,53.299507,52.862957,53.324787,52.943596,53.041092,53.307755,53.339386,53.133926,53.385605,53.519485,53.15073,53.592033,53.363926,52.923866,53.487606,53.2837,53.369907,53.075443,53.613335
46.818985,46.720333,46.405388,46.9611,46.128326,46.747578,46.052765,46.99596,46.91553,46.229183,46.396107,46.807335,46.64381,46.81447,46.398113,46.23062,46.41026,46.813503,46.44006,46.726982,46.752796,46.797695,46.518425,46.499077,47.36367,47.0894,46.747982,46.812317,47.16307,47.195652,46.67887
54.58103,54.46582,54.876717,54.568546,54.91915,54.85985,54.57523,54.702686,54.72631,54.38277,54.671436,54.521633,55.0062,54.824837,54.54391,55.06845,54.735985,54.41018,54.917065,54.463802,54.684013,54.74121,55.096413,55.275116,54.643257,54.737495,55.048794,54.706394,55.029175,55.099728,54.868034
48.291435,49.077835,48.866158,49.150684,48.18931,48.55053,48.57854,48.584473,49.16617,48.823036,49.012806,48.495876,48.74072,48.759075,48.964024,48.36104,48.820396,49.02901,49.018085,49.2423,49.072227,48.97697,49.246723,49.03573,49.951416,49.169342,48.89855,48.96881,49.350273,49.02332,49.405468
54.92493,55.02669,55.437202,55.13181,55.044754,55.229664,55.02488,54.89239,55.239773,55.200462,55.006657,55.306248,55.521133,55.31689,55.371986,55.039673,55.294872,55.567425,55.360207,55.324238,55.56103,55.345505,55.53948,55.497604,55.459522,55.102898,55.760372,55.26252,55.669277,55.299393,55.482445
51.613186,51.52204,51.806572,51.834923,52.006416,52.052563,52.09217,52.075886,51.73217,52.186268,51.79676,51.531387,51.9801,52.076263,52.223385,52.10124,51.869053,52.308537,52.25824,51.907925,52.281498,52.321392,51.768238,52.135002,51.990707,52.117805,52.321537,52.460533,52.03747,51.92094,52.338352
50.288418,50.285255,49.940483,50.609585,50.002037,50.6683,50.53561,50.900826,50.589565,50.735283,50.324505,50.41426,50.492306,50.496925,50.772095,50.42207,50.587154,51.07058,50.39794,50.63986,51.127995,51.002728,50.27518,50.47219,51.056526,50.61944,50.588352,51.290176,50.982727,50.87383,50.511753
38.874798,39.121548,38.97991,38.517067,38.9709,38.561703,38.405365,38.411015,38.68136,38.623577,38.230488,38.932243,39.119686,39.053387,38.511723,38.7611,38.75141,38.873146,38.744457,38.785606,38.84417,39.208557,38.798634,39.07251,38.43449,38.75493,39.297646,38.676403,39.16387,38.795063,39.051212
55.888626,55.88709,55.79869,56.38475,55.76583,56.0446,55.92377,56.326557,56.34872,55.98467,56.016148,56.081734,55.98269,56.20611,56.41748,55.933414,56.299805,56.356747,56.071938,56.545555,56.728954,56.36201,56.503834,56.060486,57.09572,56.534424,56.34969,56.4265,56.26556,56.95085,56.42163
54.831406,55.123474,55.084778,55.201828,55.073914,55.406677,55.222004,55.3341,55.54674,55.45923,55.686745,55.232887,55.414753,55.154064,55.61138,55.09593,55.45746,55.118046,55.37266,55.53489,55.473457,55.45007,55.584976,55.85943,55.85931,55.765587,55.46264,55.751415,55.902786,55.89666,55.644463
41.376553,41.489708,41.420525,41.542248,41.350082,41.71393,41.648888,41.6361,41.504253,41.886635,41.77504,41.990406,41.803455,41.7926,41.498512,41.513004,41.64997,41.81099,41.667225,41.718357,41.553234,41.553913,41.81723,41.542206,41.949993,42.026054,41.586742,42.08374,41.730694,41.759808,41.68498
53.44189,53.34376,53.57354,53.184544,53.48397,53.1392,53.343147,52.99112,53.310368,53.470734,53.251232,53.89746,53.439392,53.703537,53.371643,53.534218,53.64645,53.56805,53.639027,53.500874,53.65549,53.562984,54.11358,53.558838,53.49719,53.490265,53.88325,53.448513,53.69861,53.883354,53.708035
36.263004,35.64775,35.89779,36.074932,36.069237,36.15374,36.56741,36.220013,35.851448,36.334827,36.477497,36.758934,36.10049,36.590973,36.082527,36.669846,36.541393,36.76443,36.374676,36.40782,36.286007,36.408924,36.226326,36.104813,36.44806,36.803688,36.795086,36.61204,36.39118,36.349167,36.77433
52.226246,52.72725,53.06768,52.55649,52.17402,52.856697,52.78559,52.857235,52.915886,52.82703,52.703644,52.828205,52.76203,53.22947,53.002857,52.62647,53.166546,52.95262,52.871075,52.62492,52.687958,53.060272,53.242508,53.001015,53.528046,53.31887,52.986504,53.36597,52.91594,53.13954,53.122448
58.596096,58.664566,59.226204,58.986927,58.772064,58.85034,58.789223,58.744717,59.144405,58.736732,59.389164,59.030968,58.962845,59.0767,59.011753,59.18226,59.286366,58.57146,59.100132,59.182312,58.956287,58.717617,59.65848,59.197884,59.265026,59.44117,59.109325,59.239456,59.2695,59.664047,59.11686
41.525654,41.428787,41.679626,41.7079,42.09781,41.44017,41.624413,41.21057,41.2521,41.905533,41.562344,41.79479,42.17001,41.90023,41.47058,41.821976,41.74326,41.836617,41.90088,41.892696,41.79487,41.679337,41.744545,41.867607,41.252663,41.56601,42.350964,41.72189,41.801662,41.45139,42.070797
44.500736,44.571266,44.606865,44.109825,44.78521,44.103065,44.126945,43.97657,44.410748,44.298073,44.51212,44.349033,44.398026,44.344265,44.5048,44.43993,44.59871,44.165886,44.60646,44.788124,44.549526,44.811996,44.64903,44.787186,44.055565,44.68988,44.818783,44.347885,44.960682,44.802864,44.83309
37.953007,38.34295,37.78379,37.748356,38.047768,38.259388,38.402424,38.320324,38.249874,38.362335,38.30509,38.17272,38.113663,38.036736,38.100548,38.30474,38.475155,38.21959,38.149975,38.33884,38.210995,38.626736,38.22822,38.544167,38.421635,38.676414,38.152046,38.658165,38.57903,38.43018,38.344162
43.637512,43.953068,43.896416,43.794952,43.75641,43.798496,43.91753,43.83086,44.00566,43.962666,43.707455,43.97414,43.98898,44.187344,44.067917,44.15052,44.17243,44.23583,44.038277,44.00338,44.24014,44.205986,44.268803,44.195724,44.275814,44.030533,44.281116,44.236446,44.160564,44.239513,44.307087
45.743217,46.347042,46.295753,46.727108,46.018448,45.835754,46.158573,45.884743,46.15399,46.50098,46.349712,46.386585,46.638752,46.620552,46.63523,46.05599,46.279167,46.231686,46.22008,46.860928,46.67553,46.48771,46.78031,46.306976,47.043423,46.732384,46.536316,46.665997,46.423965,46.804577,47.10266
44.528343,44.994347,44.69947,45.038303,44.462723,44.55864,44.627216,44.77176,45.1961,44.57519,44.75545,44.833176,44.73765,45.006996,44.938263,44.884884,45.101852,44.90161,44.72562,45.207973,45.27945,45.150414,45.30487,45.12017,45.748478,45.244728,45.20871,44.974625,45.286884,45.6106,45.40326
44.91433,44.818134,45.19404,45.150524,45.10668,45.06015,45.194595,44.871517,44.591206,45.135437,45.1292,45.03235,45.448338,45.166157,45.04108,45.008545,44.949863,45.16587,45.15134,45.2792,45.12933,45.449867,44.986923,45.15149,45.053772,45.37993,45.49459,45.286804,45.36256,44.902866,45.59401
59.470592,59.64711,59.334312,60.220234,59.259285,59.778805,60.37441,60.00979,59.60039,60.793716,60.401398,60.328213,59.88385,59.60187,60.693222,59.25725,59.93188,60.27514,60.07006,60.552753,60.415756,60.212635,60.393982,59.77558,61.102924,60.379265,59.71856,60.94478,60.28959,60.40974,60.447025
41.26779,41.48514,41.457016,41.901955,41.354195,41.367146,41.231968,41.42294,41.960903,41.739708,41.477016,42.196533,41.7016,42.337803,41.53775,41.644775,41.87989,42.093475,41.628345,41.916195,42.100563,41.31614,42.301853,41.396095,42.415028,41.93055,42.03363,41.800964,41.44095,42.331444,41.822933
44.410625,44.440346,44.98797,44.093765,44.79596,44.316544,44.64668,44.118523,44.586216,44.616917,45.093582,44.668327,44.54802,44.82654,44.672985,45.0735,45.122063,44.51286,45.140556,44.72268,44.372868,44.701042,45.153122,45.200356,44.384758,45.01172,45.12039,44.727932,44.91378,44.772457,45.21777
44.99835,45.195084,45.77822,45.10806,45.560135,45.522507,45.60172,45.496365,45.115883,45.34598,44.932323,45.405186,45.739216,45.71491,45.328766,45.682804,45.575905,45.533455,45.35667,45.187435,45.40355,45.848373,45.52615,45.705734,45.083275,45.583153,45.94714,45.76325,45.014572,45.24891,45.47494
48.302193,48.5491,48.403152,48.54173,48.689507,48.69202,48.635563,48.569336,48.385185,48.835175,48.449238,48.521046,49.029514,48.7527,48.866875,48.646076,48.619644,48.679188,48.743134,48.96128,48.81772,48.558903,48.84351,48.57554,48.90877,48.873344,48.536953,49.035168,48.542747,48.83238,48.928703
36.579025,36.707436,37.058228,36.44217,36.947304,36.831654,36.70062,36.508076,36.68956,36.617897,36.29406,36.92828,37.019783,37.262447,36.89669,37.13238,37.066956,37.04129,36.71605,36.805054,37.13332,37.085835,36.98504,36.869896,36.585747,36.84646,37.410446,36.82586,36.947144,37.057766,37.1
55.823532,55.487053,55.953415,55.778404,55.705482,56.03502,55.90254,56.137363,55.839397,55.64231,55.72299,56.01744,55.99516,56.32635,56.009808,56.232193,56.017784,56.12512,56.10128,55.730427,55.98894,56.047737,56.272095,56.08085,56.37067,56.234085,56.25662,56.219357,55.898247,56.373577,56.25894
55.301556,55.043564,54.91893,54.902878,54.856506,54.936207,54.552322,54.984653,55.54271,54.61398,55.17817,54.63615,54.703487,54.48963,55.18976,54.748806,55.216244,55.32766,55.389534,55.238293,55.52998,55.587585,55.23196,55.644577,55.378727,54.7734,55.455902,54.73889,56.171116,55.47155,55.207756
46.46028,46.571754,46.478027,46.25704,46.58139,46.36613,46.573166,46.286186,46.558975,46.33697,46.397472,46.537273,46.610718,46.460342,46.456684,46.952938,46.82314,46.76053,46.751106,46.845924,46.72398,46.64478,46.85326,46.95823,46.67296,46.605766,46.94326,46.52944,46.908195,46.609356,46.934048
44.638767,45.13873,45.088646,44.856464,44.933556,44.662437,44.88086,44.76458,45.101597,44.97255,45.132675,45.057453,44.906673,44.96722,45.114956,45.273056,45.414616,44.741573,45.118595,45.393982,44.950294,44.797993,45.512676,45.159164,45.001053,45.32479,44.975395,45.43501,45.096264,45.399216,45.105953
39.008327,38.97924,38.862373,38.215904,38.874306,38.792892,38.86152,38.74309,38.77225,38.598194,38.700275,38.558887,38.630955,38.84434,39.106773,39.18257,38.757114,39.102737,39.115803,38.873253,39.00347,39.63656,38.63614,39.290337,38.794044,39.213676,39.184616,38.91802,39.515358,38.94894,39.624893
50.423576,50.46171,50.244003,50.65414,50.435814,50.710594,50.548695,50.77387,50.56915,50.38938,50.714504,49.911648,50.657623,50.138256,50.699776,50.570717,50.49154,50.699642,50.870457,50.987396,50.646336,50.671864,50.276257,50.928345,51.024284,50.854187,50.660526,50.822132,51.163185,50.439514,51.059708
46.929985,47.2576,47.214584,47.167294,47.016586,47.082962,47.441708,47.118702,47.108086,47.423183,47.192333,47.219955,47.27724,47.3806,47.64975,47.275093,47.483597,47.477882,47.352463,47.55199,47.579327,47.785847,47.48749,47.486107,47.757465,47.613983,47.60593,47.72036,47.667606,47.557682,47.97513
43.14186,43.40955,43.6799,43.311066,43.31198,43.6147,43.815964,43.634304,43.643467,43.852108,43.80095,43.8456,43.480446,43.925274,43.450806,43.91087,43.658165,43.79602,43.693176,43.411224,43.567806,43.83245,43.827343,43.78546,43.724483,44.206955,43.728893,44.234924,43.557693,43.73069,43.669083
51.937218,51.738712,52.540657,52.139202,52.0599,52.04595,51.93396,51.93957,51.818207,51.632732,51.847424,52.020355,52.239723,52.415997,52.00115,52.308716,52.165123,52.05019,52.207645,52.089245,52.01363,52.04567,52.334187,52.046944,52.07335,52.320038,52.55755,52.136066,52.093704,52.201534,52.38803
49.66909,49.557495,49.891357,49.451324,49.93023,50.061295,49.86429,49.77488,50.051945,50.12288,49.94192,50.097763,49.81036,50.066025,49.624664,49.778313,50.147953,50.188683,49.937576,49.741283,50.18281,50.35583,50.054436,50.174927,49.801876,50.18505,50.456814,50.04128,50.233757,50.144096,49.74887
42.97979,43.17833,43.125046,42.733532,42.909103,43.107258,43.296413,43.11168,43.159,42.979744,43.17886,43.166695,42.907116,43.034206,43.030487,43.243225,43.406227,43.195545,43.08934,43.253117,43.192303,43.685482,43.32175,43.415413,43.3722,43.642876,43.351776,43.33986,43.541008,43.382,43.381725
35.929993,36.713444,36.480118,35.42594,36.148758,36.087776,35.817574,35.926014,36.5215,35.855053,35.898975,36.069786,36.129517,36.196365,36.20129,35.962143,36.468643,35.917362,35.94152,36.17892,36.19593,36.970024,36.441753,36.776207,36.12949,36.576935,36.433365,36.064705,36.598835,36.63451,36.384457
43.563618,43.445892,43.398315,43.395813,43.375977,43.43938,43.36572,43.502594,43.300205,43.251183,43.231358,43.6664,43.6072,43.600056,43.35932,43.256092,43.510868,43.686775,43.481537,43.619907,43.538307,43.86671,43.686047,43.552628,43.919113,43.78363,43.84849,43.41755,43.62719,43.702435,43.891575
49.885967,49.533913,49.957268,50.042877,49.88276,49.862053,49.371822,49.872086,49.65163,49.48624,49.51713,49.65534,50.05959,50.078148,49.44109,49.445362,49.714233,49.98837,49.99375,49.790085,49.737328,49.87964,49.830063,49.743317,49.97841,49.94548,50.316998,49.624447,49.773254,49.7703,49.955605
55.085445,54.452892,54.511528,54.344078,54.562782,55.155846,54.48773,55.14035,55.017242,54.618366,54.795315,55.025513,54.52595,54.96816,54.348694,54.678627,54.54869,55.010483,54.86146,54.356655,54.772945,55.14589,54.623074,54.92711,54.959602,55.355873,54.951,54.959892,55.31223,55.267746,54.58598
54.6366,54.25097,54.10337,54.415592,54.47522,54.349976,53.84458,54.41823,54.353024,54.151608,53.885128,54.06291,54.69845,54.559856,54.3358,54.40949,54.18999,54.727535,54.717834,54.3505,54.663013,54.434742,54.319775,54.506264,54.468494,54.043884,54.623295,54.368233,54.676937,54.541386,54.561737
44.933483,44.77948,44.401855,44.77313,45.0263,44.73457,44.562244,44.65831,44.885735,45.173412,44.96226,44.927906,45.00325,44.893993,45.11813,44.756233,44.611782,45.032707,45.141907,45.0038,45.32945,45.14296,44.897125,45.211853,44.95325,44.846413,45.156334,45.02107,45.604088,45.372345,45.36755
51.14163,51.108185,50.597275,50.879025,51.0486,50.798084,50.788254,50.8367,51.143547,51.11145,51.04695,51.322536,51.05176,50.84228,51.046673,51.225,51.04709,51.10233,51.187084,51.47966,51.265377,50.905857,51.100376,51.314926,51.04563,51.205017,51.18386,51.355633,51.73383,51.422497,51.239223
38.813198,39.01138,39.282257,39.069588,39.168983,39.344246,39.10301,39.088642,39.0694,39.332253,39.031345,39.273685,39.629158,39.550297,39.530834,39.023655,39.24485,39.371952,39.233818,39.052742,39.45917,39.54623,39.482414,39.483177,39.419113,39.156578,39.65431,39.362514,39.43159,39.518288,39.647408
39.863728,39.73195,39.85766,39.675697,39.86869,40.101173,39.967842,40.10496,39.90136,39.957947,39.589767,40.292637,40.08589,40.481426,40.021927,40.154182,40.27858,40.413696,39.972176,39.784435,40.21364,40.29246,40.24652,40.014694,40.224335,40.09131,40.413425,40.235607,39.95138,40.390682,40.164738
51.98373,52.10535,51.789185,51.629837,51.89045,52.011173,51.96409,52.076283,52.311146,51.922226,51.964203,51.792664,51.83174,51.930977,51.839024,52.314575,52.01144,52.152176,52.1271,51.961983,52.25943,52.60283,51.911705,52.63069,52.135754,52.360832,52.27476,52.30586,52.755363,52.299706,52.228058
49.612915,50.144836,50.155197,49.822308,49.89405,49.878506,50.215324,49.793507,49.91672,50.320484,50.142532,50.006603,50.139816,49.804012,50.437386,50.074276,50.250675,50.013264,50.065277,50.465107,50.251198,50.425663,50.15264,50.341423,49.944366,50.329865,50.14689,50.72144,50.52051,50.1161,50.306293
59.04962,58.611176,59.65029,59.037655,58.8291,59.415455,59.212357,59.333275,59.44482,58.996567,59.602104,59.2979,58.91369,59.53007,59.55755,59.218067,59.358162,59.642662,59.65322,59.10841,59.432354,59.58484,59.77493,59.44873,59.937477,59.83847,59.737415,59.374252,59.43077,59.725048,59.675953
45.580177,45.83655,45.110832,45.313732,45.904266,44.76115,45.32231,44.85927,45.36626,45.66996,45.630535,45.39639,45.53089,45.03917,45.83903,45.61426,45.63953,45.281094,45.94261,46.1937,45.77846,45.642147,45.92054,46.126526,45.39863,45.31923,45.73918,45.47154,46.234962,45.85657,46.321293
38.236885,38.36143,38.82128,38.61293,38.211143,38.537525,38.49226,38.62865,38.86739,38.12466,39.070374,38.43722,38.47047,38.780884,38.55477,39.116024,38.92006,38.579437,38.765373,38.734825,38.40718,38.51894,38.79143,38.93772,38.957634,39.20057,38.897152,38.86983,38.88651,38.835907,39.019833
47.374214,46.71859,47.34015,46.81028,47.29226,47.08577,46.973125,46.790375,47.145164,47.21442,47.37307,47.933735,47.064217,47.459698,46.86331,47.134903,47.451565,47.502647,47.463642,47.077072,47.257725,47.213306,47.741432,47.241043,46.96987,47.270294,47.845695,46.983307,47.475483,47.522556,47.145664
42.42974,42.38994,42.103912,42.204224,42.152954,41.966488,42.126648,42.220158,42.36041,42.378063,42.41286,42.44203,42.160126,42.50741,42.287968,42.240086,42.600124,42.618065,42.51315,42.635754,42.406643,42.813618,42.3414,42.524345,42.636665,42.80652,42.742947,42.60326,42.777122,42.59984,42.873787
54.120262,53.933376,54.073425,54.6643,54.184128,54.43633,54.389908,54.61292,54.39589,54.4275,54.804005,54.072495,54.368206,54.14715,54.698624,54.307926,54.46899,54.462452,54.610935,54.764126,54.680943,54.498486,54.45668,54.55265,54.909534,54.710922,54.53217,54.860302,54.761864,54.751305,54.70334
48.159782,48.36309,47.929092,48.4264,48.329155,47.878555,48.077785,48.199608,48.569553,48.47625,48.64836,48.311382,48.363068,48.32184,48.780617,48.629326,48.752495,48.204243,48.694054,48.80232,48.585827,48.2218,48.8203,48.876,48.687725,48.40519,48.527004,48.824276,48.873077,49.11344,48.910336
42.17481,42.220726,42.26361,42.057556,42.064972,41.768112,41.6665,41.74635,42.107525,42.053696,42.055298,42.435196,42.083664,42.376328,42.012093,41.91294,41.966095,42.229557,42.23251,42.351665,42.157536,42.25892,42.25993,42.09395,42.14226,42.524834,42.4659,42.13903,42.40749,42.35123,42.48799
57.783085,57.755302,57.842552,57.81792,58.049805,58.311874,58.01902,58.31717,58.263523,58.075573,57.965378,57.659344,58.22204,58.224857,58.36804,58.370655,58.346035,58.21945,58.307148,58.00806,58.411194,58.333492,58.18502,58.569374,58.35544,58.195877,58.337166,58.554375,58.400894,58.55492,58.294476
53.41248,53.52655,53.4067,53.574825,53.553993,53.47829,53.286064,53.446285,53.574684,53.512356,53.49279,53.474037,53.747093,53.543633,53.54873,53.24474,53.479595,53.507393,53.599274,53.9016,53.729725,53.785744,53.638634,53.833496,53.95112,53.98761,53.894604,53.642433,53.94423,53.873646,53.99862
49.958103,50.313465,50.53415,49.723755,50.5102,50.402958,50.54362,50.161545,50.55317,50.622787,50.452187,50.439938,50.376175,50.41752,50.66104,50.413227,50.68993,50.63099,50.69542,50.51382,50.64135,50.830288,50.95071,51.02542,50.613846,50.770073,50.84216,50.5109,50.454594,50.60092,50.80381
30.167751,29.938793,30.327084,30.056772,30.097578,30.088484,30.374088,30.112816,30.197803,29.948774,30.31779,30.46862,30.00901,30.475273,29.83902,31.137718,30.333652,30.606026,30.404034,29.950184,30.270662,30.334816,30.308609,30.472132,29.925865,30.254946,30.763521,30.370796,30.564383,30.186535,30.4071
46.217968,46.09299,45.994812,46.798405,46.13926,45.969,46.499348,46.253365,46.194168,46.530846,46.61027,46.2888,46.43471,46.649532,46.848515,46.73932,46.420807,46.885254,46.83386,46.966457,46.82173,46.515415,46.500877,46.552383,47.256012,46.757957,46.891342,46.84,46.802246,46.65313,47.648476
45.123577,45.204136,45.375656,45.02522,45.21028,45.233532,45.27089,45.255783,44.998314,45.404182,44.745792,45.72353,45.47918,45.90468,45.219677,45.228275,45.27562,45.601254,45.25021,45.139214,45.331284,45.66558,45.498314,45.249207,45.485043,45.709686,45.726856,45.611156,45.03412,45.474197,45.639175
38.83059,38.812927,38.93879,38.786274,38.93013,38.737724,38.9613,38.559254,38.7135,38.902462,39.243107,39.252285,39.02839,39.200455,38.792683,39.105904,39.13232,38.93412,39.057194,39.431553,38.82295,38.89039,39.235092,38.8789,39.20297,39.703896,39.198334,39.025993,39.08153,39.14768,39.556866
38.93021,38.995102,38.889824,38.972755,39.00042,38.990173,38.999886,39.177803,38.92368,39.081497,39.111774,38.799408,39.089813,39.21781,39.238285,39.38908,38.931873,39.186905,39.299137,39.21895,39.004692,39.240574,38.69431,39.226143,39.049484,39.559372,39.18122,39.651867,39.310997,39.061523,39.611588
45.606693,45.374924,45.38521,45.401592,45.089966,45.142097,45.58911,45.536945,45.095226,45.10269,45.616783,45.452957,45.085773,45.38264,44.903484,45.89065,45.467873,45.26716,45.559635,45.3747,44.972,45.615803,45.428337,45.394516,45.39438,45.944427,45.33114,45.881687,45.730324,45.449844,45.565758
54.782734,54.48536,54.561424,54.990906,54.763443,54.716717,54.73383,54.800255,54.778824,54.84725,55.110176,54.817238,54.848373,54.759712,54.93988,55.029636,54.848858,54.81538,55.14328,55.03259,55.009785,54.709038,55.045227,55.044952,55.050976,54.94928,55.02352,55.18664,55.380634,55.26808,55.148346
53.793404,53.430115,53.906487,53.504864,54.131927,54.07037,53.896584,53.787357,53.631245,53.96978,53.52561,53.933407,54.00628,54.00066,54.073776,53.724903,53.896225,54.293877,54.001675,53.949142,54.368877,54.345318,54.003624,53.90529,53.815388,53.996315,54.44902,53.906445,53.891777,54.039917,54.06355
51.839836,51.589333,51.536263,51.953373,51.839226,51.739063,51.95385,51.967667,52.08944,52.14914,52.381145,51.94978,51.690998,51.82298,52.066658,52.09298,52.332344,52.27792,52.38113,52.34936,52.225246,51.949825,52.248756,52.16887,52.345627,52.203964,52.21765,52.348003,52.26248,52.297695,52.20921
44.895264,45.589283,45.769196,45.41322,44.853172,45.412243,45.09127,45.49099,45.55086,44.929333,44.811966,45.141464,45.399837,45.399456,45.294216,45.38058,45.5762,45.375015,45.131012,45.250977,45.284622,45.45364,45.307312,45.53103,45.408375,45.380768,45.594376,45.81523,45.73281,45.341484,45.18652
43.312534,43.22014,43.2016,42.977787,43.29963,43.455055,43.28359,43.22441,43.769756,43.407955,43.552826,43.574417,43.271065,43.59108,43.313778,43.5702,43.719112,43.825336,43.553436,43.456684,43.803436,43.767006,43.63831,43.830383,43.722256,43.687546,43.956833,43.396103,44.06204,43.866325,43.695774
37.340916,37.730072,38.08316,37.659122,37.320244,37.9937,37.58911,37.87348,38.2016,37.63915,38.059814,38.07682,37.913563,38.200184,37.786247,37.77935,37.96538,37.982174,37.835587,37.728405,37.62647,37.825935,38.089993,38.190018,38.394783,38.45719,38.158817,38.07379,38.045906,38.07429,38.11148
54.1359,54.51822,54.630653,54.291996,54.030815,54.61345,54.563843,54.617428,54.76101,54.63328,54.32564,54.601852,54.577576,54.81548,54.742325,54.528103,54.810516,54.89449,54.51253,54.38811,54.91284,55.108257,54.95397,54.81897,55.08054,54.720993,54.72017,55.085606,54.808342,54.983353,54.602074
39.233074,39.999664,39.541245,39.79198,39.39045,38.992992,39.53285,39.339344,39.401974,39.778244,39.70696,39.688248,39.808517,39.666862,39.850983,39.690964,39.920773,39.244465,39.508568,40.255417,39.501877,39.732628,39.799973,39.73307,39.737484,40.098846,39.567543,40.391495,39.8347,39.921402,40.158966
55.09741,55.08652,55.12635,54.59144,55.14241,55.07578,55.142395,54.94342,55.20848,55.077377,54.958958,55.179176,55.049488,55.049133,55.61574,55.306683,55.295628,55.36752,55.346485,55.292564,55.687763,55.63845,55.671673,55.50181,55.334488,55.1625,55.363464,55.238163,55.540375,55.719357,55.476677
44.41715,44.66348,44.77865,44.745743,44.488457,44.72517,44.802475,44.90546,44.52342,44.559864,44.114426,44.921528,45.014698,45.048584,44.701664,45.14325,44.921448,44.92725,44.58012,44.62243,44.760494,44.796143,44.79818,44.86451,44.79349,44.75065,45.114338,45.305367,44.727142,44.800545,44.864075
43.940716,44.329445,44.075974,43.915833,44.25789,43.55883,43.882824,43.47739,44.15904,44.173786,44.174244,44.1545,44.09877,44.018665,44.141575,44.141445,44.12996,44.050354,44.365536,44.49098,44.341328,44.291187,44.552486,44.603264,44.161148,44.20739,44.49829,43.992966,44.604046,44.37255,44.731884
38.160374,38.28358,38.47262,38.54947,38.42083,38.42535,38.685802,38.400856,38.115833,38.490444,38.487576,38.91125,38.765865,38.63399,38.23943,38.641376,38.56105,38.37639,38.31368,38.58764,38.42208,38.476303,38.858498,38.461143,38.58316,38.79332,38.696163,38.759518,38.371853,38.659588,38.63365
47.68347,47.53345,47.27829,47.466564,47.324257,47.879513,46.893738,47.85377,47.731525,47.18821,47.103916,47.520756,47.81446,47.66872,47.215218,47.130783,47.247143,47.681263,47.46764,47.317497,47.413258,47.61172,47.110596,47.78853,47.797592,47.72175,47.839134,47.577877,48.167263,47.70921,47.560352
48.461018,48.85354,48.592606,48.70258,48.60579,48.307,48.414467,48.295113,48.643368,48.850887,48.373116,49.01209,48.858635,48.86741,48.90483,48.678642,48.905087,48.700443,48.609093,49.14746,49.032887,48.655766,48.998814,48.669327,48.767036,48.790092,48.925514,49.11909,49.05849,49.187527,48.945374
44.948162,44.582897,44.51326,45.03754,44.77626,44.540794,44.799713,45.04151,44.900063,44.818153,45.08777,44.9595,44.55173,44.817856,44.996845,45.020058,45.108944,45.169083,45.17074,45.19362,45.109955,45.10084,45.02256,45.07837,45.226543,45.14586,45.34567,45.190823,45.1324,45.283672,45.327267
53.682114,54.059917,53.988266,53.937695,54.22471,54.08472,54.315643,54.234264,54.40375,54.659546,54.380657,54.105698,54.116856,54.104725,54.88378,54.25262,54.654404,54.458088,54.736786,54.564106,54.47783,54.21589,54.718124,54.802483,54.680325,54.429802,54.515236,54.806713,54.306435,54.557144,54.728935
54.240395,54.31724,54.165146,54.02619,54.261803,54.265312,54.005608,54.17938,54.618782,54.334248,54.228603,54.34644,54.385143,54.317852,54.57209,54.1676,54.689754,54.585003,54.589878,54.568607,54.675606,54.46406,54.80083,54.712547,54.732845,54.30356,54.626995,54.392353,54.779263,54.832077,54.53971
48.77493,48.68638,49.24018,49.012047,48.954727,49.084164,49.44804,49.119972,48.871605,49.06156,49.106167,49.329987,49.131355,49.398888,49.124214,49.573284,49.66347,49.339745,49.273987,49.236263,49.115894,49.084846,49.59938,49.148315,49.37754,49.450554,49.53493,49.555393,48.966343,49.27808,49.3866
43.134987,43.096905,43.0056,42.7775,42.877037,43.157272,42.651585,43.229088,43.119793,42.848583,42.804188,43.127205,42.976326,43.335022,42.988445,42.75476,42.75173,43.144444,43.003418,42.921127,43.059647,43.50497,42.963284,43.03212,43.311806,43.64538,43.13469,43.193714,43.21993,43.475582,43.24248
51.201912,51.22954,51.365578,51.24523,51.1037,51.54124,51.345512,51.752296,51.24748,51.413326,50.971024,51.493305,51.516174,51.679615,51.3201,51.263268,51.38466,51.666317,51.527332,50.996773,51.23962,51.56399,51.57648,51.50016,51.70867,51.501396,51.52524,51.86413,51.211315,51.465252,51.38378
46.879696,46.830257,47.05652,47.12213,46.44851,46.89264,47.056824,47.05801,46.88688,46.862827,46.828518,47.456665,47.011898,47.266037,47.02142,46.88625,47.332516,47.3714,46.82556,47.08454,47.229458,47.49796,47.325794,46.99852,47.61144,47.27176,47.516853,47.359116,47.337803,47.39559,47.308865
50.3409,50.09384,50.243446,50.64323,50.42205,50.40128,50.38913,50.479897,50.6146,50.34107,50.962852,50.533875,50.26982,50.15016,50.630898,50.7424,50.447807,50.442703,50.766155,50.91609,50.747757,50.079613,50.90619,50.52893,50.77294,50.733604,50.471073,50.677776,50.752037,50.99488,50.575085
44.416477,44.50684,44.663467,44.88526,44.84095,44.506866,44.848312,44.50419,44.405857,44.727043,44.832436,44.629215,45.10138,44.792995,44.582115,45.267178,45.026943,44.59964,44.91723,45.01419,44.63801,44.47931,44.892036,44.987183,44.576733,44.76989,45.051197,45.112736,44.92651,44.66725,45.08917
45.94062,45.22711,45.90818,45.77169,46.15468,46.013096,46.04144,45.783653,45.426266,45.435436,45.674023,45.653988,46.109943,45.98791,45.616756,46.489025,45.88281,46.10232,45.995834,45.780243,46.151283,46.17277,45.818256,46.006203,45.554733,45.7593,46.546127,45.691353,46.0891,45.811058,46.17907
58.207092,58.047707,58.06916,58.217438,58.14463,58.09642,58.466084,58.18564,58.22463,58.46024,58.349873,58.659943,58.2699,58.248116,58.63332,58.42081,58.622345,58.561638,58.458565,58.667995,58.82213,58.5545,58.948944,58.462685,58.779015,58.413857,58.575726,58.678234,58.606575,58.92856,58.612236
45.61102,45.570915,45.80555,45.83819,45.746185,45.827007,45.87842,45.859875,45.943153,46.03035,45.9669,45.96962,45.976173,46.48358,46.05016,46.334946,46.033134,46.278687,46.24708,45.885128,46.058872,45.939487,46.072735,46.175117,46.31301,46.304375,46.39184,46.363205,46.08989,46.207,46.567623
52.164967,52.009167,52.748634,52.359043,52.22663,52.988163,53.017883,52.799522,52.53706,52.635563,52.73907,52.69285,52.66858,52.59585,53.000763,52.881344,53.009933,53.13382,52.759476,52.63442,52.893456,52.815544,52.870094,52.792717,52.922237,52.768753,52.96989,53.175823,52.80789,52.6626,52.699707
52.383163,52.560463,52.46273,52.165413,52.382156,52.3776,52.180977,52.672092,52.65423,52.22,52.00699,52.184628,52.292816,52.673317,52.61253,52.855312,52.475708,52.55029,52.75141,52.274082,52.51966,52.561855,52.631763,52.736122,52.5364,52.58699,52.487717,52.882893,52.505188,52.84409,52.586807
44.692814,44.742504,45.324684,45.207546,44.400787,44.890102,44.739086,45.02208,45.252407,44.839577,44.993973,45.160885,44.637875,45.539974,44.75784,45.03252,45.12198,45.445133,45.130417,44.77962,45.056183,45.03981,45.22345,44.83439,45.440453,45.389175,45.431602,45.344646,45.149662,45.21826,45.043953
50.421886,50.926353,50.811913,50.866444,50.435684,50.568996,50.46194,50.74864,50.864494,50.496956,50.34721,50.497005,50.922794,50.927727,51.09119,50.709286,51.01506,50.79498,50.660908,51.109325,51.09789,50.98881,51.118076,50.762573,51.31283,50.912926,50.79983,51.11039,50.80914,51.26821,51.02041
45.158653,45.95996,45.623016,45.74285,45.3621,45.428413,45.572815,45.77579,46.212975,45.933636,46.077297,45.539074,45.485313,45.79675,46.089172,45.85134,46.183247,45.6555,46.076057,45.991405,45.792137,45.59215,46.445534,46.062637,46.41988,46.080223,45.49526,46.397648,45.81668,46.374287,45.95383
56.35224,56.363003,56.552895,56.298546,56.30448,56.25019,56.312958,56.252865,56.146435,56.27715,56.08402,56.33751,56.40001,56.54844,56.676037,56.486088,56.416294,56.4652,56.55043,56.697086,56.549416,56.574883,56.51562,56.29792,56.530308,56.77237,56.576527,56.78829,56.654976,56.656136,56.843044
41.146114,41.903614,41.43605,41.71962,41.424614,41.225178,41.52479,41.33607,41.426674,41.861053,41.46462,41.457855,41.831413,41.57998,41.867287,41.46696,41.6756,41.525967,41.588917,42.05401,41.77491,41.750954,41.78728,41.67431,41.871655,41.74037,41.543262,42.12355,41.821888,41.766823,42.041496
37.502865,38.05908,38.16794,37.963444,37.707664,37.714333,38.109028,37.796875,37.956867,38.143955,37.8785,38.253704,37.951263,38.229996,38.171223,37.906544,38.081474,38.355442,38.09368,38.11524,38.170803,38.37142,38.413185,38.285942,38.53576,38.329727,38.546234,38.240368,38.05472,38.075504,38.671177
53.650864,53.9577,53.911545,54.06222,53.82975,53.639915,53.808754,53.830666,53.976746,53.722435,53.492832,53.997486,54.103355,54.282032,53.99847,54.285595,54.09946,53.923668,53.89678,54.125675,54.296658,54.042942,54.46477,54.167282,54.420395,54.116188,54.307507,54.197758,53.989132,54.560555,54.374905
56.48964,56.494144,56.58747,57.017265,56.428726,56.485977,56.859524,56.44568,56.338562,56.88648,56.83229,57.00272,56.95708,56.590054,57.083572,56.396683,56.847767,56.80133,56.702435,57.36498,57.13963,56.897324,57.24114,56.58367,57.38968,56.943283,56.90386,57.057156,57.07601,57.147217,57.232113
44.490524,44.721706,44.788246,44.70379,44.18013,45.119236,44.733765,45.30619,45.015606,44.545,44.720783,44.845757,44.606777,45.313858,44.620056,44.68901,44.839767,44.767345,44.4019,44.59143,44.824207,45.38184,44.88348,44.611588,45.603474,45.877792,44.70515,45.356297,44.79379,45.565983,44.805588
54.379463,54.681416,54.755745,54.690136,54.75112,54.478367,54.68179,54.36056,54.410324,54.69577,54.42676,54.669693,55.001213,54.689987,54.7595,54.45898,54.645523,54.5852,54.70721,54.986443,54.919052,54.984943,55.12564,54.938858,55.03176,54.8804,55.058525,54.701874,54.828575,54.90826,55.231064
49.458443,49.379593,49.4421,49.38145,49.764137,49.578724,49.64921,49.49763,49.7486,49.703506,50.044727,49.751907,49.53701,49.619247,49.50065,50.187786,49.7192,49.39452,49.819157,49.742043,49.750248,49.504147,49.966614,49.92942,49.471542,50.03186,49.662334,49.999912,49.986813,50.182,49.646168
48.08532,47.91567,48.03913,48.052227,48.126328,48.370277,48.17814,48.388226,48.00124,48.30303,47.601482,48.26935,48.518227,48.724792,48.061565,48.321888,48.158928,48.728294,48.222736,47.831253,48.462402,48.656708,48.070335,48.336105,48.285324,48.187035,48.71938,48.583736,48.249035,48.251293,48.35883
40.915234,40.46948,40.756813,41.096832,40.75325,40.44419,40.575665,40.5988,40.626408,40.82904,41.274925,41.18534,40.778225,41.2051,40.622982,40.99581,40.844715,40.88855,41.101738,41.122887,40.677696,40.654877,40.86866,40.704315,40.87694,41.405357,41.24652,41.12263,41.108753,41.076786,41.349514
50.58124,50.66197,50.94496,50.51706,51.105087,50.539764,50.462814,50.5841,50.9701,50.504593,50.429157,50.552994,50.63177,50.956,50.88525,51.28117,51.018505,50.863358,51.14967,50.942886,51.016144,50.583267,51.16768,51.040283,50.585205,50.82869,51.227406,50.80046,50.645447,51.085594,50.973854
50.889454,50.673443,51.0829,51.0527,50.80407,51.3697,51.46009,51.322456,50.823486,50.77728,51.41412,50.982403,50.97924,50.69259,50.779167,51.370193,50.9929,50.86215,51.11051,50.97971,50.854454,51.137928,51.127583,51.2714,51.195934,51.47737,51.084797,51.404762,51.556267,51.09191,51.07971
46.354565,46.23345,46.344986,46.426136,46.550583,46.4334,46.483654,46.53687,46.211853,46.303734,46.33295,46.46438,46.634003,46.729343,46.138195,46.85348,46.62373,46.31461,46.587826,46.370296,46.27507,46.37004,46.706203,46.589806,46.50097,46.69388,46.66972,46.713436,46.431614,46.703373,46.651783
40.23825,40.22826,40.174385,40.313114,40.394753,40.285427,40.555805,40.221806,40.062325,40.553413,40.36207,40.91416,40.54549,40.43973,40.382732,40.37285,40.501686,40.531605,40.296146,40.789104,40.528362,40.54141,40.51638,40.43608,40.564037,40.83954,40.858757,40.661373,40.64199,40.582623,40.85657
49.800346,50.223156,49.830513,50.03551,49.829933,49.67055,49.740307,50.049652,50.27702,50.186768,50.016953,50.248985,49.961666,50.41466,49.99684,50.06607,50.35666,49.988766,50.261356,50.248642,49.930523,49.860233,50.591618,50.198982,50.61994,50.562286,50.05148,50.567825,49.970078,50.65065,50.30577
33.663673,33.80875,34.141514,33.69756,33.55017,34.27555,33.92607,34.086113,34.53791,33.987877,34.23814,34.515057,33.9953,34.447796,34.26935,34.285683,34.60724,34.61291,34.160282,33.91375,34.21915,34.03093,34.50399,34.385185,34.536865,34.222397,34.52806,34.34442,34.466038,34.510727,34.18559
53.194923,53.378315,53.142593,53.627773,53.567665,53.479366,53.568207,53.572414,53.4813,53.825302,53.54404,53.545025,53.720963,53.4621,53.691357,53.42372,53.46991,53.584698,53.601044,53.930447,53.94436,53.630337,53.862865,53.644684,54.002567,53.855194,53.57791,53.933147,53.500652,53.953884,53.75552
46.134464,46.58263,46.417618,46.587257,46.636658,46.44176,47.2895,46.37872,46.510727,47.26487,46.946995,46.797306,46.86041,46.772427,47.171207,47.222378,46.869923,47.02643,46.986687,47.174797,47.233517,47.00658,47.15167,47.164192,47.23607,47.04756,47.023277,47.32168,47.00651,46.918987,47.640102
41.087433,40.85567,41.02156,40.96278,41.228516,41.272327,41.29687,41.253845,40.950542,41.18588,40.9443,41.096073,41.467842,41.638702,41.49426,41.646088,41.032444,41.704044,41.461113,41.08875,41.514503,41.64709,41.09854,41.52179,41.429436,41.374237,41.727642,41.455647,41.332542,41.30001,42.027462
46.673054,45.970287,45.94301,46.258312,46.659164,46.302143,46.39166,46.204433,45.838543,46.379436,45.984215,46.579903,46.6086,46.62296,46.413544,46.59219,46.241436,46.753857,46.438663,46.586258,46.92003,46.74917,46.34596,46.17961,46.346313,46.39009,46.83968,46.384315,46.608265,46.712963,46.877434
46.289906,45.86873,46.016052,45.932087,46.10862,46.066387,45.884243,46.11668,45.900513,45.909668,46.014782,46.158962,46.214027,46.52086,46.19504,46.2235,46.134594,46.266834,46.28651,46.241108,46.135944,46.378914,46.098076,46.083435,46.303352,46.613144,46.421543,46.29635,46.280533,46.48799,46.675358
57.611866,57.467587,57.974396,57.762592,57.69149,57.40479,57.689426,57.338478,57.495872,57.729565,58.04301,57.867836,57.709297,57.665283,57.25647,57.783287,57.66651,57.606754,58.07516,57.815666,57.460728,57.590073,58.056538,57.917046,57.573635,58.01523,58.016617,57.858387,57.97233,57.569023,57.851322
46.235317,46.478363,46.372383,46.58888,46.12121,46.65793,46.235744,46.67476,46.798027,46.44908,46.19468,46.46995,46.702667,46.65414,46.361935,46.28161,46.205357,47.004883,46.48419,46.296528,46.890648,46.884735,46.52817,46.8375,47.075363,46.50094,46.841606,46.63529,46.83471,46.62281,46.58981
44.2573,44.32495,43.982452,44.214653,44.478523,44.043518,44.45086,44.306835,44.136555,44.424847,44.208614,44.480732,44.34291,44.326115,44.433353,44.736343,44.445137,44.358356,44.45839,44.64992,44.607193,44.423172,44.776897,44.37832,44.431007,44.4897,44.30343,44.699608,44.178577,44.775955,44.559967
58.365734,58.075253,57.675392,58.253914,58.23056,58.468857,58.844704,58.589973,58.227016,58.797684,58.57525,58.589085,58.281822,58.142998,58.33391,58.411533,58.33413,58.748253,58.563538,58.59181,58.814663,58.843735,58.576237,58.61989,59.045765,58.79872,58.491913,58.859436,58.832565,58.735764,58.68647
48.849216,48.503803,48.867546,48.80896,49.02999,48.722656,48.965687,48.761505,48.72053,48.75194,48.822678,49.10066,48.88711,49.14613,48.814342,49.48984,49.245327,49.07911,49.158474,49.064224,49.04486,48.75696,49.302006,48.969345,48.88368,49.040092,49.385773,49.08021,48.91238,49.18928,49.181515
50.03111,49.362473,49.505615,49.689583,50.229973,49.79752,49.948647,49.75042,49.756485,49.864216,50.22405,50.00682,49.88829,49.831055,49.87316,50.308987,49.96469,49.913307,50.244446,50.016083,50.15552,50.069233,50.101906,50.42678,49.86521,50.053116,50.508636,49.866035,50.47659,50.372074,50.464684
57.110306,56.80386,56.827072,56.901783,57.357956,57.35229,57.094643,57.13707,57.250004,57.35864,57.382572,57.12884,57.382084,57.0624,57.54415,57.193256,57.204624,57.340637,57.622307,57.326572,57.52362,57.238735,57.442146,57.75364,57.46625,57.2248,57.537056,57.31759,57.792282,57.631733,57.64509
49.17504,48.917767,48.88701,49.41478,49.32242,48.959824,49.351658,48.90923,48.65394,49.69782,49.317665,49.428856,49.50513,49.261017,49.11785,49.10976,49.09922,49.3988,49.386063,49.521603,49.496567,49.408066,49.31884,49.074043,49.189793,49.26686,49.444847,49.5769,49.468914,49.24411,49.532948
52.910748,53.199345,53.1186,53.115463,53.103035,53.544003,53.430187,53.715496,53.135098,52.986538,52.718002,52.708344,53.62736,53.374462,53.239143,53.633873,53.426205,53.161537,53.12006,52.961845,53.354794,53.77603,53.27545,53.694595,53.51862,53.294373,53.318333,53.784767,53.349297,53.506218,53.35314
50.348362,50.598953,50.453163,50.233017,50.553947,50.49492,50.13775,50.651325,50.8812,50.05662,50.414204,50.047363,50.32779,50.05661,50.91561,50.384567,50.57112,50.305176,50.616936,50.766685,50.78833,50.82931,50.77766,51.075882,50.77085,50.664635,50.64691,50.460148,50.85437,51.09521,50.7319
46.60675,47.17162,46.257324,46.6425,47.058357,46.131935,46.552525,46.302612,46.69907,47.186653,46.34438,46.843506,46.94594,46.93785,47.160057,46.886482,46.818405,46.724983,46.890793,47.279755,47.373104,47.01177,47.22826,47.036858,46.965553,46.76277,46.903233,47.094193,47.007595,47.49467,47.451694
50.535454,50.294262,50.20215,49.835835,50.767853,50.45544,50.552002,50.388885,50.482918,50.49109,50.553276,50.186584,50.250263,50.223804,50.401978,50.670044,50.435856,50.56084,50.725506,50.437057,50.79594,51.24511,50.451702,51.083046,50.259323,50.718964,50.832886,50.468273,50.97905,50.70532,50.764744
44.882973,45.319664,45.773582,45.184967,45.47425,45.434315,45.34852,44.979393,45.526638,45.519157,45.320625,45.84704,45.8716,45.72045,45.51386,45.30257,45.690758,45.63309,45.460518,45.61761,45.672768,45.48023,46.103718,45.87542,45.71572,45.604523,46.1395,45.336575,45.490128,45.621082,45.81035
47.21805,47.392643,47.2974,47.329327,47.058983,47.607105,47.364952,47.647575,47.479546,47.510006,47.13827,47.236336,47.464043,47.71107,47.378403,47.25308,47.5428,47.819923,47.369083,47.314545,47.71612,48.0242,47.365604,47.389893,47.84661,47.691216,47.538986,47.898556,47.682224,47.652874,47.444252
50.40929,50.747772,50.631317,50.68291,50.65866,50.356194,50.525684,50.233562,50.461967,50.71052,50.598694,50.536667,50.888504,50.33273,50.734875,50.33363,50.478462,50.460438,50.576725,50.967796,50.979977,51.148735,50.774357,51.03795,50.640636,50.647644,50.96231,50.725708,51.305454,50.815666,51.040176
43.119812,43.099285,42.98471,43.084133,43.06536,43.102802,43.29275,43.13113,43.16565,43.037804,43.25578,43.400887,43.16443,43.207172,43.227245,43.809467,43.539963,43.21256,43.190075,43.53614,43.332664,43.165688,43.269024,43.383507,43.251854,43.53161,43.472115,43.658024,43.828083,43.603245,43.526867
29.712345,30.454481,30.195673,29.931696,29.91505,29.915998,30.115078,29.952934,30.252033,30.146862,30.251543,30.258015,30.234722,30.21078,30.296799,30.26337,30.364697,30.097874,30.153019,30.318712,30.077839,30.384197,30.460567,30.635592,30.418121,30.468197,30.346378,30.440052,30.486626,30.364517,30.686712
47.79179,47.69047,47.872345,47.590733,48.026466,47.62093,47.553635,47.621784,47.78402,47.427532,47.861423,47.6409,47.597767,47.754387,47.787693,48.125168,47.93564,47.477283,48.08391,48.04659,47.669804,47.60025,48.020615,48.003204,47.658466,48.19368,48.048527,47.81094,48.109474,48.186855,48.165123
53.819675,53.534,53.839806,54.1671,53.751534,54.049015,53.943504,53.98423,53.582325,54.041862,54.140835,53.549614,54.225044,53.860813,54.205883,53.545574,53.637894,54.195316,54.269665,54.062714,54.131306,54.36262,53.848427,54.05986,54.409966,54.079903,54.162754,54.178455,54.379677,53.877377,54.538506
44.06491,44.386204,44.228165,44.312347,44.103065,44.3046,44.118034,44.26979,44.628242,44.23039,44.27514,44.533844,44.500362,44.513245,44.35583,44.315678,44.67463,44.41244,44.296986,44.46078,44.613914,44.431274,44.925655,44.648582,44.93255,44.429634,44.60907,44.437744,44.70611,44.989807,44.5269
45.038757,45.300114,45.702133,45.024002,45.17369,45.858055,45.724983,45.82914,45.622738,45.47155,45.389675,45.43633,45.367706,45.774582,45.873722,45.62347,45.758564,45.827328,45.503914,45.370636,45.64817,46.118164,45.560287,45.79135,45.904633,46.19085,45.8463,46.0859,45.592625,45.78136,45.827602
46.543266,46.40307,45.990852,46.38424,46.43033,46.385414,46.61358,46.53029,46.753,46.85867,46.794025,46.895725,46.394894,46.41902,47.110825,46.560238,46.880787,47.215862,46.952396,47.168037,47.19148,46.748398,47.065144,46.824783,47.355083,46.75158,46.87532,46.81697,46.941143,47.127308,47.154934
44.05522,44.225056,43.916092,44.34929,43.719193,44.35615,44.240448,44.792553,44.220757,44.147785,44.18901,43.916416,44.07987,44.181915,44.196255,44.08421,44.070187,44.44645,44.21623,44.295074,44.210636,44.630714,43.97831,44.13742,44.85708,44.829445,43.998405,44.871906,44.275043,44.32281,44.340816
45.466625,45.120075,45.322548,45.610252,45.140137,45.59355,45.28418,45.61662,45.342968,45.244408,45.159683,45.668247,45.61782,45.758926,45.190918,45.33302,45.535892,45.962593,45.381657,45.50025,45.632973,45.60256,45.408516,45.2381,45.869507,45.64347,45.896606,45.60402,45.613384,45.558838,45.52637
41.590195,41.94381,41.92681,41.51919,41.465706,42.067417,41.404408,42.013542,41.964043,41.545284,41.20293,41.755013,41.86758,42.138027,41.266,41.562737,41.430008,42.14899,41.68468,41.481487,41.561817,41.957905,41.415817,41.798454,41.951,42.310806,41.953022,41.960747,41.748917,41.49794,41.6585
50.99577,50.570408,50.859604,51.304836,50.738075,51.099964,50.712154,51.19307,51.078564,50.753872,51.14597,50.938866,51.113422,50.999855,51.00433,50.849953,51.151814,51.3209,51.281654,51.131397,51.14592,50.869347,51.254253,51.0437,51.54224,50.956665,51.29272,51.079628,51.298206,51.264004,51.10303
44.627472,44.47826,44.569435,44.57873,44.24144,44.658237,44.574688,44.735577,44.52863,44.381542,44.63792,44.8263,44.34512,44.59479,44.284184,44.62987,44.55647,44.715736,44.63765,44.60057,44.41267,44.63641,44.53852,44.537132,44.8263,45.112305,44.777035,44.897266,45.08199,44.709244,44.70369
50.249607,50.299664,50.034073,50.238216,50.1119,49.925854,50.19466,50.200783,50.265667,50.36317,50.55761,50.058155,49.966034,50.071667,50.539356,50.48168,50.303425,50.301884,50.69481,50.65628,50.335823,50.346825,50.29222,50.46444,50.424137,50.628593,50.23927,50.834293,50.84724,50.520992,50.74776
39.39651,39.976078,39.585457,40.066414,39.68399,39.686802,40.007122,39.77165,39.999607,40.247353,40.348766,39.89148,39.94554,39.651867,40.282154,39.77023,40.15254,39.882072,40.022038,40.4202,40.212273,40.042103,40.34402,40.26201,40.52321,40.13537,39.980316,40.350403,40.407684,40.34341,40.414257
43.64748,43.76815,43.79515,43.62967,43.83957,43.82565,43.640923,43.842674,43.87703,43.75454,43.82895,43.93418,44.097862,44.108707,44.002174,44.002636,43.93186,43.802406,44.00793,43.90378,43.733177,43.887844,43.972343,44.343338,44.050747,44.242912,44.238174,44.126606,44.117416,44.176888,44.42685
40.05288,40.255608,39.68048,39.672306,40.18721,39.35559,39.449444,39.229233,39.834057,39.985996,39.840446,39.94878,40.097416,39.93124,40.01865,39.968323,39.824547,39.797333,40.11409,40.351177,40.150864,40.10478,40.008297,40.248108,39.66546,39.90918,40.162457,39.861137,40.669994,40.2649,40.578747
48.602634,48.659847,48.851265,48.394558,48.916016,48.74768,49.04843,48.49656,48.36,49.00622,48.790024,49.103664,49.078175,48.94878,48.947563,48.84374,48.934284,48.728703,48.812912,49.041832,48.90351,49.15612,49.23093,48.864914,48.82419,49.245544,48.955887,49.08536,48.82441,49.090637,49.202785
45.126263,44.875854,44.82579,44.933918,44.93936,44.98167,45.064198,45.02359,45.07687,45.143486,45.031044,45.023533,44.953957,45.270508,45.162693,45.256126,45.144337,45.61033,45.41119,44.998413,45.49112,45.579163,45.18458,45.350273,45.401787,45.06118,45.542694,45.23745,45.662254,45.35542,45.589737
41.93804,42.401787,42.615913,42.59654,41.948715,42.30451,42.3704,42.543808,42.35942,42.18265,42.245502,42.705788,42.539013,42.714336,42.381542,42.435047,42.51479,42.24236,42.062634,42.428555,42.351818,42.613426,42.730057,42.463806,42.83607,42.938675,42.618633,42.928772,42.350063,42.851162,42.596684
51.340336,50.96534,51.480072,51.443356,51.742188,51.916325,51.677467,51.736378,51.57062,51.627853,52.021286,51.694046,51.74019,51.551125,51.695522,51.682747,51.708958,51.563004,51.92694,51.619854,51.54214,51.44383,51.829117,52.109497,51.805176,51.99125,52.10889,51.78216,51.915363,51.893513,51.959946
49.367455,49.153736,49.62153,49.187046,49.413605,49.892376,49.769444,49.799595,49.48938,49.442886,49.566357,49.503002,49.518032,49.507816,49.5785,49.491547,49.805862,49.90136,49.69733,49.46139,49.66363,50.019432,49.80244,49.76477,49.856056,49.837494,49.878487,49.7015,49.584595,49.63182,49.609295
49.023544,49.157753,49.646286,48.714108,49.278328,49.318035,49.170914,49.079407,49.46592,49.178047,49.277233,49.46543,49.366837,49.891747,49.29755,49.72169,49.530514,49.30996,49.667538,48.935257,49.1238,49.314194,49.923893,49.849205,49.457375,49.664314,49.704807,49.40791,49.42145,49.72559,49.744244
59.742695,59.881294,60.013855,60.361595,59.750626,60.315674,60.349407,60.339508,60.086178,60.07714,60.080246,60.093018,60.23166,60.149208,59.935974,60.203827,59.953068,60.186157,59.97401,60.279476,60.471855,60.304546,60.432583,60.019165,60.83129,60.662308,60.035343,60.585194,60.150906,60.484566,60.09367
48.28695,48.093334,47.792427,47.94571,47.988884,48.10355,48.266994,48.30583,48.281433,48.379032,48.247097,48.438435,47.845093,48.320827,48.11413,48.25108,48.474953,48.602856,48.251,48.42341,48.566135,48.75983,48.29678,48.170433,48.574543,48.77056,48.401825,48.65156,48.550846,48.709606,48.34094
52.42122,52.925232,52.459244,52.946354,52.700287,52.530613,52.65219,52.649662,53.0234,53.20375,52.676052,52.96463,53.060318,52.99476,53.319855,52.53167,52.915306,53.10355,52.94614,53.315647,53.484383,53.108887,53.37387,53.214638,53.74594,53.033783,53.20361,53.147095,53.080425,53.5037,53.541813
36.783516,36.60325,36.38362,36.475574,36.957764,36.420128,36.688057,36.72597,36.462326,36.50782,36.478603,36.912804,36.74201,36.63157,36.31568,37.18409,37.178932,36.626648,36.633373,36.84157,36.600147,36.798897,36.73445,36.94079,36.176098,36.681847,37.10296,36.933613,36.737244,36.83067,36.635246
40.414196,40.09786,40.32956,39.824562,39.920654,40.375584,39.63362,40.298904,40.418095,39.526356,39.969864,40.22252,40.131924,40.507965,39.693268,40.205433,40.201054,40.253044,39.995186,39.792362,40.06088,40.65748,39.944466,40.349403,40.05847,40.51027,40.560074,40.084015,40.755577,40.520554,40.06344
52.672836,52.34459,52.955757,52.79298,53.050682,53.168816,53.056473,53.012012,52.868755,53.126923,53.01084,53.306118,53.276646,53.236626,53.35935,53.005974,53.234222,53.339676,53.138496,53.14826,53.384686,53.077133,53.499176,53.100853,53.286045,53.197113,53.467113,53.24091,52.738758,53.409515,53.206917
48.50448,48.83205,48.273766,48.378242,47.999954,48.207382,48.265965,48.276253,48.62862,48.756,48.444145,48.349,48.425224,48.593903,48.53604,48.195206,48.15841,49.07133,48.767582,48.628742,48.788097,49.22996,48.257256,48.808044,49.056507,48.823936,48.660458,48.849724,49.363323,48.44916,49.16199
52.083473,52.411827,52.640182,52.136456,53.102066,52.774193,52.866467,52.20115,52.788322,53.229877,52.84056,52.840797,52.99686,52.75236,52.921608,52.7196,53.236637,52.61646,52.801334,52.790123,53.25164,52.99629,53.464928,53.366783,52.625034,52.658432,53.258617,52.800106,53.06087,53.301872,52.858387
35.62265,36.603153,36.303917,36.494408,36.042816,35.757225,36.30264,35.76144,36.39269,36.69985,36.46291,36.663025,36.54548,36.72621,36.708828,36.384743,36.53082,36.48752,36.294403,37.17504,36.666786,36.349426,36.779873,36.444656,37.06832,37.076042,36.653324,36.83738,36.41189,36.67352,37.305977
44.436462,43.86072,44.49437,44.22138,44.67449,44.24092,44.612743,44.12225,43.914383,44.32828,44.522266,44.629063,44.588753,44.37525,44.46104,44.570084,44.644287,44.526443,44.59754,44.404755,44.593956,44.95671,44.695415,44.876534,44.12113,44.266075,45.31019,44.2933,44.79382,44.513676,44.971905
42.62888,42.461033,42.635704,42.630505,42.847733,42.79282,42.671562,42.675686,42.64698,42.906116,42.87476,42.82398,42.850285,43.22512,42.720654,42.71099,42.60585,43.089676,43.148804,42.884914,42.787537,42.80919,42.917973,42.795525,43.254463,43.423897,43.13172,42.809006,42.678097,42.90643,43.457603
47.538734,48.39639,48.27475,47.706306,47.5114,47.824554,47.64664,47.737263,48.315987,47.83741,47.786858,47.955505,48.02269,48.132164,48.43534,47.811543,47.99102,47.86321,47.783504,48.14679,48.266365,48.521797,48.283432,48.35543,48.422028,48.43316,48.054054,48.36162,48.56614,48.611492,48.407776
55.912403,56.029247,56.325546,56.484108,55.86693,56.247265,56.156265,56.37883,56.270683,56.043877,55.995472,56.181416,56.245487,56.450745,56.472214,56.158504,56.302467,56.427452,56.14091,56.495514,56.698,56.496834,56.602432,56.048088,56.939697,56.64155,56.409122,56.6165,56.206417,56.786465,56.42661
45.830032,45.511707,45.479225,45.529934,45.91005,45.673008,45.34834,45.740067,45.876568,45.613537,45.78246,45.68264,45.521084,45.78824,45.28447,45.855103,45.77741,45.729404,46.048958,45.588257,45.642498,45.56816,45.8349,45.89868,45.547295,45.844246,45.941444,45.7206,45.961433,46.010826,45.597942
48.323303,48.384968,48.348747,48.923233,48.821686,48.557198,48.53034,48.43415,48.59335,48.77501,48.910393,48.746433,49.080826,48.52598,48.89591,48.6645,48.850246,48.42236,48.69115,49.210804,49.034313,48.40257,49.120113,48.873978,48.90194,48.67846,48.89609,48.857143,49.0106,49.25625,48.95236
45.05537,45.048126,45.518097,45.128506,45.15602,45.199226,45.57595,45.008392,44.99337,45.310547,45.427704,45.816605,45.49129,45.669914,45.07274,45.78926,45.412136,45.356415,45.403492,45.29549,45.15128,45.271786,45.72866,45.462532,45.382126,45.756477,45.67471,45.61621,45.44947,45.393074,45.721516
56.77948,56.886654,56.863815,56.976997,56.974937,57.08949,57.424244,57.293514,57.06257,57.219288,56.982735,56.82154,57.102406,56.974205,57.40706,57.30886,57.53082,57.41338,57.3436,57.24686,57.5812,57.52913,57.664307,57.3964,57.62797,57.027657,57.214043,57.54415,57.080578,57.447025,57.261482
40.069424,40.394802,40.38414,40.120506,39.985992,40.09116,40.032784,40.27477,40.302925,39.926056,40.068707,40.230213,40.2366,40.58811,40.373703,40.638756,40.35553,40.113297,40.24831,40.211506,40.180523,40.373913,40.47667,40.38054,40.40399,40.59845,40.270283,40.67302,40.43476,40.746143,40.571358
55.12876,54.90387,55.25409,55.112904,55.128265,55.17438,54.765903,55.10911,55.005383,54.920494,54.986065,55.25761,55.421867,55.185734,55.374405,54.720882,55.357952,54.990334,55.09607,55.31442,55.296337,55.320984,55.564217,55.126358,55.27292,55.18577,55.369305,55.21977,55.307228,55.744083,55.159744
48.05421,48.418655,48.22686,48.283173,48.087143,48.47354,48.45656,48.45903,48.444256,48.453487,48.42013,48.177986,48.52547,48.409485,48.39853,48.54726,48.20253,48.45162,48.362724,48.43203,48.573734,48.82125,48.258575,48.747314,48.706894,48.842125,48.423393,48.927227,48.90465,48.55227,48.709976
41.82371,41.550777,41.55294,41.790607,41.324722,41.54166,41.4609,41.91669,41.9612,41.587376,42.08023,41.760105,41.227234,41.73605,41.59196,41.854046,41.547546,42.047466,42.032063,41.69543,41.73113,41.89778,41.58624,41.832214,41.94889,42.16236,41.88681,42.097366,42.204704,41.93935,41.907013
50.220055,49.726856,50.29872,50.33835,49.845634,50.174374,50.102753,50.306942,50.419533,50.093864,50.534225,50.6146,50.093884,50.750534,50.13804,50.597908,50.48897,50.76682,50.560654,50.309692,50.278706,50.200172,50.36376,50.37503,50.701344,50.8312,50.912773,50.638718,50.586437,50.522762,50.670155
48.68831,48.5642,48.09983,48.52807,48.587196,48.464558,48.74631,48.872982,48.322887,48.81032,48.413345,48.52471,48.75103,48.396206,48.830093,48.703712,48.624508,48.96868,48.957577,48.710144,48.745995,48.980957,48.59943,49.00721,48.798378,48.454567,48.76642,49.119263,48.842365,48.5922,49.01078
48.916492,48.18424,48.30858,48.75602,48.639908,48.418446,48.05615,48.495438,48.70252,48.10917,48.96083,48.669647,48.427998,48.258183,48.39898,48.73892,48.627388,48.416843,48.815285,48.84433,48.6832,48.20648,48.76618,48.67138,48.439644,48.48027,48.799072,48.435085,49.290154,49.147392,48.505283
45.546913,45.800877,45.51921,45.4152,45.53557,45.42647,45.52205,45.620327,45.8824,45.82665,45.719322,45.84978,45.51002,45.96917,45.96809,45.942352,45.787315,45.776024,45.969284,45.76426,45.789085,45.853943,45.95064,46.085266,46.00549,46.136795,45.894176,46.196285,46.112717,46.274258,46.268322
50.990818,50.603363,50.77845,51.15169,50.78031,50.829487,50.8245,51.19469,50.843365,50.528603,50.828777,50.957527,51.049866,51.090397,50.971848,51.2695,51.218147,51.03734,51.013283,51.119843,51.04255,51.04546,51.101933,51.110016,51.29219,51.12931,51.369034,51.25045,51.10938,51.379627,51.293
55.310604,55.098587,55.656548,55.477287,55.371048,55.200695,55.64031,55.133507,54.95845,55.289993,55.72214,55.551712,55.38182,55.107548,55.23737,55.359367,55.6366,55.188496,55.642845,55.668503,55.258484,55.394997,56.063816,55.41794,55.47615,55.560326,55.5829,55.456783,55.58719,55.48118,55.553272
41.40951,41.692028,41.09494,41.487297,41.203712,41.247513,41.682903,41.57614,41.839375,41.778023,41.73751,41.865658,41.421864,41.64207,41.87164,42.210945,41.867935,41.950035,41.904644,41.754543,41.90176,41.575413,42.065395,42.049988,42.153423,41.599716,41.65719,42.20404,42.136417,42.136406,42.069744
48.719517,48.747787,48.638474,48.71616,48.611923,48.591965,48.48703,48.697712,48.838493,48.70162,48.77161,48.48672,48.664364,48.925648,48.82224,48.646984,48.73365,48.92443,49.0157,48.918705,48.922443,49.151714,48.77061,48.96531,49.178608,49.170197,49.030754,48.939957,49.20803,49.06525,49.319267
48.128693,48.754223,48.23027,48.498695,47.92495,48.18469,48.081074,48.476856,48.90326,48.363583,48.4881,48.307434,48.39343,48.413982,48.846603,48.557644,48.630463,48.388363,48.504658,48.695877,48.672592,48.53236,48.69518,48.90072,49.025814,48.617645,48.37806,49.066135,49.169415,49.131577,48.78133
38.759823,39.1378,38.938736,38.761143,38.7601,39.105434,39.014233,38.9706,39.151127,39.39471,39.183853,39.136677,39.026928,39.19271,39.13933,38.86876,38.94497,39.352444,39.18879,39.019855,39.15184,39.45147,39.00724,39.315132,39.337265,39.476578,39.19291,39.486206,39.59794,39.15719,39.411095
42.957115,42.417835,43.276054,43.06123,42.933388,43.05359,42.869507,42.95442,42.69921,42.40177,42.87867,42.983253,43.027607,43.16445,42.478046,43.14346,42.870014,43.323654,43.257847,42.909904,42.648933,42.78621,42.844593,43.059547,43.03876,43.281647,43.803745,42.694275,43.017956,42.496983,43.413494
46.244984,46.40915,46.80668,46.11918,46.64412,46.364574,46.651947,46.091843,46.659023,46.4631,46.781113,46.89375,46.511215,46.70438,46.558353,46.884754,47.12132,46.55267,46.78371,46.84026,46.600456,46.594044,47.29299,47.090347,46.7595,47.00374,47.22576,46.48991,46.85864,46.94026,47.114574
55.79372,55.725117,55.947006,56.091354,55.85244,55.901978,55.957222,56.0087,55.72148,55.761036,55.90218,55.874367,56.10082,56.005455,55.7653,56.447964,55.79108,55.738304,56.113804,55.94099,55.808266,55.666348,56.068798,56.037804,55.9194,56.17115,55.930325,56.447586,56.123425,56.089848,56.04759
42.55399,42.920197,42.591133,42.667435,42.520096,42.85466,42.976433,42.868683,42.860573,43.137264,43.001183,42.663826,42.697628,42.555656,43.11357,42.8149,42.838284,43.231243,43.101936,43.174538,43.00623,43.02872,42.70524,42.976387,43.132202,43.141464,42.761932,43.44167,43.351925,42.708603,43.123608
40.368202,39.827007,39.622543,39.276516,40.29625,39.91078,39.99104,40.04557,39.670975,39.605686,40.07765,39.635136,39.75832,39.570454,39.774593,40.575996,40.065994,39.746758,40.28144,39.874924,39.654297,40.294353,39.65354,40.44149,39.233093,40.050575,40.02543,40.073624,40.5202,39.978912,40.155426
49.388638,49.523224,49.547554,49.448734,49.526848,49.09115,49.24257,49.024246,49.419746,49.28935,49.417835,49.49634,49.54897,49.411167,49.075405,49.687405,49.31395,49.355392,49.586246,49.65002,49.4914,49.497417,49.58664,49.823357,49.269787,49.608864,49.852383,49.448757,49.948997,49.46587,49.74418
46.73384,46.68991,46.475204,47.057774,46.472305,46.844086,46.765633,47.245804,46.542572,46.44345,46.55871,46.70935,46.762638,46.70495,46.3744,46.794647,46.58929,46.622265,46.495712,46.892975,46.669758,46.90522,46.603073,46.497993,47.103516,47.33023,46.59803,47.24419,46.739395,46.998608,46.662045
39.930073,39.869785,40.08146,40.064606,40.121933,39.801346,39.819405,39.69471,39.615322,39.79797,40.230957,39.662624,40.05904,39.864143,39.745586,40.032978,39.60843,39.649574,40.12142,40.15817,39.77452,40.11472,39.676838,40.07718,39.61069,40.376396,40.170055,40.04684,40.477673,39.836887,40.435925
42.14543,41.803223,42.05429,42.327206,42.326553,42.204155,42.25411,42.188446,42.115906,42.411552,42.708836,42.299107,42.496624,42.413795,42.33102,42.21019,42.15539,42.657978,42.736454,42.538254,42.28438,42.4281,42.219936,42.738853,42.711063,42.754906,42.986168,42.32756,42.546658,42.162243,43.22461
42.31374,42.059643,41.743813,42.343426,41.90574,42.06751,42.174625,42.188282,42.02412,42.15098,42.59875,42.084858,42.14715,42.05869,42.24717,42.175045,42.057827,42.29689,42.320057,42.57752,42.35304,42.577347,42.00168,42.267044,42.679962,42.669533,42.27875,42.48398,43.011253,42.491383,42.859642
46.7975,46.645008,47.29489,46.548195,47.18577,46.615776,46.683304,46.243523,46.63264,46.734264,46.85989,47.19838,47.273083,47.208717,47.000797,47.128105,47.21549,46.799843,47.035797,47.103893,46.959476,46.99227,47.357616,47.208153,46.484196,46.958504,47.59008,46.788036,47.132935,47.15439,47.382812
41.66745,41.868626,41.440407,41.45589,41.957207,41.38,41.56876,41.35193,42.020157,42.233772,42.09543,42.06027,41.755535,42.127583,42.04482,41.77109,41.94979,42.032436,42.240177,42.199505,42.09872,42.02476,42.25485,42.30275,42.28744,42.326027,42.259243,41.893993,42.175816,42.390045,42.725803
55.795418,55.476604,55.65148,55.74762,55.64965,55.942253,55.782192,55.934387,55.841278,55.680046,56.03619,56.145626,55.847954,55.71469,55.621918,55.787163,55.98348,55.70495,55.88493,55.789722,55.795097,55.813545,56.25505,56.11853,56.153904,56.060135,56.052036,55.988598,56.287178,56.357536,55.81327
47.33375,47.3983,47.455956,46.90869,47.80668,47.256847,47.11215,46.812046,47.25526,47.494305,46.95328,47.248245,47.59597,47.578682,47.554264,47.290726,47.323746,47.553066,47.5408,47.47783,47.905598,47.94576,47.469032,47.691574,47.064297,47.30407,47.992363,47.190094,47.89736,47.6173,47.880283
46.05916,46.15187,46.141525,46.485424,46.240013,46.063705,46.35075,46.172363,46.187202,46.25158,46.48631,46.092228,46.269688,46.368923,46.187668,46.77417,46.17141,46.216972,46.437023,46.58695,46.431534,46.348724,46.246876,46.456886,46.437237,46.796257,46.50162,46.7094,46.684418,46.485573,46.82082
55.359394,55.18012,55.181877,55.343395,55.426857,55.77303,55.573456,55.776085,55.588,55.269077,55.338425,55.41859,55.68997,55.472786,55.798058,55.69039,55.79352,55.755955,55.62574,55.73777,55.947857,55.61953,56.015556,55.747948,56.253773,55.6276,55.680542,55.626484,55.5796,56.10896,55.7657
50.55745,50.214153,50.079636,50.864708,49.951126,49.802532,49.908092,50.211945,50.057903,50.24735,50.47124,50.262783,50.26158,50.356705,50.348404,49.981815,49.874157,50.41268,50.567593,50.5057,50.46669,50.63188,50.311146,50.205963,50.76007,50.436134,50.422684,50.553062,50.88178,50.637287,50.90328
53.27519,53.1398,53.113953,53.31058,53.468704,53.180183,53.16992,53.043648,53.46533,53.394554,53.57128,53.18049,53.59144,53.283405,53.667854,53.311207,53.378933,53.581554,53.70805,53.735905,53.959988,53.72288,53.792015,53.887802,53.831665,53.33442,53.802025,53.220665,53.888325,53.82689,54.02281
40.471565,41.046,41.11142,40.45942,40.6185,40.798576,40.489605,40.7609,41.269817,40.90892,40.84367,40.900436,40.83401,41.135136,40.892025,40.620323,41.0007,41.06455,41.02149,40.72772,40.81694,41.177155,41.16017,41.31714,41.088028,41.20656,41.130646,41.060028,40.97968,41.04198,41.008358
41.524223,40.945717,40.988586,42.004803,41.587852,41.4672,41.737373,41.460423,40.90803,41.571568,41.352802,41.685577,41.78337,41.47201,41.124702,41.574123,41.0202,42.08611,41.543564,41.858273,41.935493,41.59279,41.167217,41.30755,41.776237,41.621956,42.169476,41.49019,41.703136,41.17283,42.055237
51.058395,50.78901,50.57058,51.229946,50.94011,51.250675,50.775143,51.41139,51.03462,50.994427,50.95264,50.67671,51.10344,50.944824,51.146137,50.731487,50.608227,51.249332,51.083412,51.20235,51.45614,51.41151,50.71959,50.982292,51.472042,51.35749,51.05506,51.322193,51.34144,51.378845,51.20893
51.068676,51.1428,51.446465,51.177155,51.185776,51.46056,51.164272,51.367813,51.329563,50.90516,51.092827,50.904312,51.364822,51.042423,51.23978,51.27969,51.24307,51.22448,51.24829,51.137608,51.46666,51.706715,51.294132,51.70958,51.237408,51.21708,51.605675,51.339222,51.796402,51.407528,51.273758
48.66584,48.464478,48.914047,48.548904,49.080147,49.02326,48.83058,48.599216,48.636723,48.899784,49.2443,48.606094,49.22257,48.83714,48.600296,48.669315,48.798832,48.67267,49.092674,48.73226,48.673714,49.284134,48.77273,49.53949,48.708294,49.17684,49.44449,48.754288,49.486847,48.75564,49.363987
42.110214,42.40034,42.04135,42.28405,41.98928,41.914284,41.929676,42.098255,42.277973,42.210766,41.880054,42.44787,42.24081,42.511967,42.084763,42.267204,42.23211,42.46418,42.24591,42.38396,42.343235,42.256714,42.31065,42.285805,42.534756,42.444023,42.522163,42.521755,42.51045,42.466156,42.55937
51.68986,52.22524,52.53295,52.06137,51.99804,52.625736,52.463886,52.524952,52.44007,52.491966,52.49955,52.18623,52.393436,52.387547,52.472897,52.112762,52.40026,52.26761,52.372753,52.24521,52.228905,52.64638,52.564026,52.675133,52.770916,53.00847,52.342583,52.91881,52.39953,52.502026,52.44676
46.780357,46.792282,46.893227,46.27477,47.08185,46.72224,46.658566,46.687363,46.76749,46.65742,46.713062,46.759434,46.955544,46.852158,46.96882,47.085,47.05957,46.577007,46.99951,46.707462,46.807583,47.15202,47.173603,47.387695,46.472527,46.81401,47.078735,46.93129,47.06736,47.251743,47.040554
53.088017,53.32937,53.39486,53.006123,53.23851,53.48528,53.42405,53.47311,53.600056,53.62242,53.501053,53.55845,53.583023,53.471687,53.43433,53.40058,53.6425,53.58401,53.7431,53.158516,53.30622,53.617245,53.847195,54.205467,53.70344,53.511574,53.738953,53.78388,53.71383,53.558056,53.601803
47.20469,46.883633,47.006767,46.895065,46.987007,47.33994,47.10639,47.424385,46.91722,47.228046,46.83155,47.389168,47.39598,47.443558,47.08,46.754524,47.07294,47.62752,47.195374,46.81117,47.275925,47.852478,47.29855,47.263916,47.493965,47.248215,47.473858,47.31207,47.052856,47.30331,47.2669
55.168507,55.4899,55.37764,55.438404,55.101036,55.025772,55.457203,55.23283,55.34794,55.68236,55.418568,55.834103,55.587433,55.339127,55.774166,55.333187,55.70485,55.569263,55.557503,55.744377,55.62865,55.63917,55.991417,55.826942,55.797516,55.426743,55.694817,55.99714,55.792496,55.750145,55.78788
52.33141,51.860928,52.319916,52.421204,52.19696,52.35925,52.184303,52.412697,52.37188,52.235672,52.476345,52.283524,52.29512,52.53081,52.540623,52.36351,52.245605,52.73116,52.597572,52.402706,52.715885,52.76824,52.29693,52.57345,52.661095,52.667213,52.957207,52.555367,52.80875,52.66238,52.85747
49.890484,49.76198,49.471222,49.84631,49.75009,49.5407,49.77085,49.66038,49.47909,49.930714,49.897034,49.596245,49.81848,49.563683,49.74656,49.822376,49.628155,49.861607,49.9988,50.143585,49.923595,50.083626,49.562798,49.823853,49.717583,49.983833,49.796772,50.214474,50.357563,49.765682,50.10352
45.764027,45.539845,45.501266,45.939037,45.869316,45.935764,46.10414,46.088356,45.874214,46.180466,46.17328,46.224277,45.990055,45.926006,46.057407,46.067375,46.15777,46.20437,46.107353,46.099655,46.238564,46.04702,46.30562,46.149117,46.3153,46.080864,46.20427,46.34836,46.07889,46.370083,46.140247
46.507915,46.105087,46.298042,46.427307,46.71322,46.332474,46.21581,46.190178,46.541103,46.60083,46.57174,46.66585,46.65044,46.65047,46.63649,46.613926,46.67639,46.86275,46.885963,46.617584,46.930367,46.530907,46.785614,46.88492,46.47711,46.24077,47.221493,46.444218,47.015358,46.852287,46.90451
43.649612,43.899307,43.8471,43.521782,43.948425,43.833946,43.882454,43.914265,44.08628,44.008648,43.940968,44.038887,44.03345,43.974766,44.070595,44.076744,44.438473,44.0743,44.203827,43.968937,43.923702,44.047543,44.427425,44.547096,44.074696,43.96067,44.28687,44.186295,44.01363,44.18731,44.155342
51.71662,52.02308,52.02771,51.602448,51.42489,52.06902,51.183083,52.126503,52.367428,51.141228,51.160416,51.699657,51.824703,52.28507,51.874794,51.936844,51.853878,51.894794,51.61106,51.746002,51.9602,51.962364,51.816456,51.926193,52.286568,52.36213,51.97349,52.079575,52.098675,52.50466,51.840343
50.907204,50.55979,50.94931,50.661453,51.046577,51.04782,50.598213,50.85645,50.868305,50.564404,50.695683,50.8646,50.982647,50.946857,50.98701,50.718,50.92256,51.12774,51.07657,51.179714,51.03974,50.9619,50.94447,51.009094,51.09363,51.273537,51.466133,50.703148,51.034004,51.063305,51.281605
53.65744,53.82198,53.849937,53.68491,54.146477,53.893562,54.04936,54.007824,54.152508,53.887463,54.298866,53.4831,53.900623,53.921066,54.086468,54.51536,54.26224,53.69108,54.46828,54.029842,53.92876,54.030796,54.416862,54.762985,54.226147,54.337616,54.157017,54.242153,54.23804,54.41256,54.50834
40.58437,40.35056,40.659904,40.838215,40.669044,40.71942,40.807663,40.83607,40.82099,41.02344,41.34634,41.25949,40.94438,41.03363,41.05049,40.919,41.33312,41.007713,41.06366,40.99773,40.864353,40.767994,41.317097,41.073067,41.111034,41.031647,41.227127,41.27036,40.9552,41.297375,41.113724
47.74876,47.913258,47.88282,48.231415,47.958115,47.991344,48.2855,48.117085,48.043762,48.132442,48.1851,48.17458,48.2807,48.031082,48.272778,48.385994,48.450554,48.22765,48.2403,48.462482,48.363422,48.017338,48.65872,48.319115,48.60176,48.15509,48.26736,48.477364,48.175564,48.436417,48.381527
47.411266,47.53355,47.526466,47.53705,47.661682,47.70685,47.993313,47.615303,47.803482,48.041622,48.2458,47.863045,47.635643,47.630726,47.937515,47.936573,47.962246,47.802658,47.965675,48.071545,47.988594,47.92569,48.085835,48.11228,48.077244,48.255478,47.944225,48.18333,48.2363,48.150867,48.162968
35.79451,36.181,35.78324,36.085415,35.651157,36.007523,36.051838,36.29146,36.30337,36.04325,36.117874,36.02653,36.12584,36.157417,36.197964,36.405884,36.22708,36.470116,36.226128,36.265514,36.09193,36.216827,35.88824,36.5931,36.59703,36.429543,36.40054,36.66022,36.595097,36.094856,36.665714
40.79897,41.068806,41.091454,41.0225,40.66549,41.121513,41.262383,41.27245,41.41379,41.17689,41.32129,41.359154,40.772404,41.441628,41.040405,41.491486,41.33675,41.49206,41.235596,41.199574,41.239033,41.259083,41.383156,41.181053,41.705982,41.87014,41.275684,41.699722,41.29894,41.478714,41.34378
49.81879,49.47351,49.973015,50.110725,49.803864,50.26017,50.011166,50.182083,49.973083,49.946636,49.98536,50.253437,50.037716,50.243862,49.648285,50.06057,50.03573,50.37046,49.993423,49.969284,50.1668,49.98535,50.06177,49.845917,50.234524,50.377815,50.403797,50.281982,50.049202,50.12448,49.84642
40.850048,41.084236,40.8833,40.54364,40.82451,41.143433,41.03907,41.226906,41.596508,41.160248,41.324066,41.26672,40.766342,41.08244,41.233723,41.34457,41.43347,41.531887,41.466293,41.15485,41.105965,41.098274,41.358715,41.64853,41.50897,41.517242,41.316628,41.456924,41.422333,41.34432,41.320107
33.121433,33.495483,33.66034,33.0122,33.097206,33.19062,33.424942,33.29489,33.584015,33.33274,33.63269,33.665295,33.26513,33.813164,33.650833,33.884148,33.782265,33.607967,33.706417,33.39043,33.23676,33.58911,33.870026,33.858894,33.707146,33.906548,33.71124,33.81306,33.592506,33.71045,34.0446
47.984566,48.342304,48.286415,48.496296,48.287636,48.461025,48.311996,48.680077,48.667793,48.419464,48.475945,48.45423,48.455235,48.36549,48.440742,48.446342,48.831078,48.241646,48.297592,48.656986,48.529346,48.381836,48.734695,48.627052,48.65032,48.76493,48.51212,48.993988,48.46955,48.961353,48.205154
55.072796,55.21979,55.428574,55.109486,55.72287,55.344395,55.420094,55.08233,55.310406,55.38899,55.253468,55.08708,55.694244,55.348877,55.69883,55.75588,55.658844,55.301296,55.668385,55.59366,55.73092,55.514133,55.76071,55.978775,55.282867,55.278778,55.849583,55.51859,55.793602,55.678566,55.851
45.78346,45.668087,45.126167,45.708206,46.079994,45.368256,46.143833,45.5629,45.453236,46.08975,45.600433,46.079987,46.017414,45.6801,45.894897,46.405,46.20297,46.187187,46.026554,46.39217,46.2691,45.902718,46.03295,46.204796,45.87271,45.660034,46.380913,46.137836,46.095203,45.927,46.44636
45.88208,46.171867,45.89772,45.955425,46.100098,45.71561,45.982883,45.745773,45.86614,46.228626,46.251583,46.05852,46.116646,45.77171,46.17192,45.98382,45.946938,45.63997,46.00533,46.31192,46.222454,46.452282,46.221382,46.350037,45.837555,46.228363,46.030796,46.417694,46.620827,46.475784,46.293938
42.700558,43.154938,43.21026,42.93221,43.107353,43.270363,43.16682,43.0431,43.14948,43.192493,42.5855,43.12551,43.475792,43.614765,43.36155,43.154613,43.35113,43.591022,43.075867,43.30824,43.617535,43.59365,43.354473,43.324013,43.646614,43.43647,43.72288,43.310287,43.175297,43.36513,43.694374
39.178905,39.44309,39.15686,39.390385,39.071846,39.255352,39.078796,39.24604,39.22217,39.34727,39.266853,39.30167,39.35551,39.230324,39.414062,38.74086,38.9694,39.499462,39.268692,39.707706,39.488865,39.66416,39.181335,39.208847,39.80588,39.82041,39.400276,39.442604,39.654743,39.407455,39.772137
48.562542,48.780716,48.41748,49.020905,48.70507,48.738064,49.013474,49.049877,48.88186,49.000954,48.79619,48.941425,48.98412,48.866215,49.060444,49.26726,49.084446,49.061604,49.003254,49.201626,49.214603,48.73824,49.318054,49.004845,49.419895,48.956253,48.844833,49.464016,48.845272,49.31231,49.070232
58.583706,58.61161,58.51599,58.66631,58.481026,58.66366,58.429714,58.72597,58.909298,58.589653,58.888245,58.32074,58.65511,58.55335,58.836594,58.79688,58.471443,58.658722,59.01125,58.829666,58.820187,58.785378,58.636955,59.141235,59.013885,59.02868,58.73917,59.07079,59.41633,59.01047,59.07319
47.67595,47.710392,47.565002,47.743946,48.09575,48.083427,47.930706,47.8565,47.832485,48.300304,48.034393,47.915,48.226875,47.86758,48.241657,47.942814,47.861652,48.068897,48.149323,48.26065,48.19311,47.92189,47.82811,48.22397,47.99296,48.198837,48.163292,48.365894,48.395878,48.09619,48.34558
52.78879,52.071945,52.48726,52.73438,52.92372,53.10875,52.902245,52.970078,52.400517,52.75106,52.808727,52.839367,53.058296,52.91381,52.563763,53.08078,52.53809,52.82692,52.80294,52.615093,52.982143,52.91433,52.686752,52.75965,52.643612,52.990967,53.00546,53.064754,52.927673,53.04693,52.774696
44.0788,43.829327,43.688995,43.87749,44.109665,43.875546,44.106205,43.928787,43.52823,44.084812,43.719612,43.941467,44.217983,44.06251,44.112885,44.18218,43.93021,44.258068,44.134018,44.083023,44.254032,44.512188,43.801765,44.200623,43.91413,43.978928,44.429733,44.286606,44.437317,44.03286,44.59291
51.853615,52.032356,52.44879,52.178944,51.884064,52.175327,52.280872,52.2963,52.16816,52.229607,51.901184,52.54301,52.353252,52.87204,52.447594,52.37733,52.180912,52.586426,52.247993,52.17002,52.438232,52.61202,52.538307,52.38346,52.84446,52.854492,52.741352,52.740814,52.08126,52.587082,52.843395
52.744705,52.85836,53.076576,53.09017,53.397446,53.421215,53.048996,53.25188,53.0574,53.164387,53.09559,52.402763,53.638535,53.123394,53.582653,52.969883,52.897564,53.23565,53.54458,53.304718,53.3588,53.420284,53.0711,53.7303,53.538666,53.36505,53.528748,53.23346,53.271484,53.112892,53.91138
52.355934,52.336403,52.175087,52.21835,52.711197,52.444344,52.63927,52.283634,52.25785,52.68115,52.353413,52.71903,52.856026,52.409283,52.523293,52.656826,52.639713,52.478382,52.453743,52.74186,52.894024,52.770176,52.86611,52.800713,52.47176,52.50128,52.737026,52.707684,52.749226,52.89144,52.656826
38.55609,38.30632,38.216507,38.02237,38.066833,38.22798,37.56822,38.421925,38.53092,37.92731,38.294586,38.637657,37.933956,38.546177,37.857044,38.221535,38.328133,38.16488,38.22671,38.23341,37.879658,38.099407,38.075558,38.027756,38.020565,38.92945,38.24182,38.57567,38.56345,38.751915,37.940403
36.96706,37.10064,36.89099,36.891014,37.45211,36.995167,37.312794,36.98621,36.749653,37.15962,37.329597,36.906483,37.258995,36.573864,37.248554,37.329025,37.46784,36.806423,37.301876,37.527786,37.035423,37.123966,37.317467,37.40838,36.71916,37.01902,37.10173,37.342808,37.392033,37.1313,37.277237
46.03693,45.98237,46.01232,46.098167,46.1167,46.171043,46.135628,46.299915,46.05761,46.19687,45.957825,46.108208,46.279987,46.203476,46.509747,46.262897,46.18782,46.509827,46.270092,46.36437,46.47734,46.542545,45.970848,46.41149,46.245396,46.34829,46.617714,46.637367,46.48215,46.287964,46.594296
52.22332,52.205822,52.332275,52.55385,52.632713,52.74521,52.786472,52.73202,52.534584,52.407932,52.137245,52.461678,53.066864,52.832294,53.115673,53.26343,53.06445,52.92356,52.632225,52.87646,53.23581,52.688156,52.948643,52.995453,53.096714,52.48471,53.171005,52.954872,52.709,53.118095,53.16754
52.880768,53.151314,52.41794,52.93126,52.932846,52.793846,53.055008,52.897842,52.55443,53.135315,52.67102,52.707504,53.15962,52.624596,52.843445,52.91083,52.679253,52.75493,52.88999,53.211555,53.11175,53.28847,52.795765,53.07917,53.036243,53.07318,52.747753,53.412502,53.47516,53.05846,53.20588
51.795113,51.58807,51.768616,51.748417,51.742584,51.885906,51.774857,52.13257,51.904385,51.690678,51.784985,51.69878,51.75834,51.922424,51.91662,51.972828,52.13293,52.022156,52.044292,51.820335,51.91102,52.21517,51.83018,52.2426,52.026,52.117737,52.34487,52.243187,52.203262,52.128277,52.12161
46.966297,47.205185,47.493904,47.07727,47.343628,47.085674,47.539524,47.026333,47.15733,47.437344,47.25072,47.71881,47.413574,47.441788,47.67861,47.67137,47.999126,47.491764,47.504826,47.799866,47.456573,47.226265,47.948254,47.51416,47.410393,47.533203,47.80839,47.74834,47.353466,47.565266,47.737164
49.276062,49.55566,49.840332,49.58244,49.625618,49.44914,49.858974,49.44247,49.475613,49.52517,49.72649,49.72305,49.678432,49.497845,49.772045,49.93565,50.000088,49.53984,49.809193,50.108753,49.63691,49.512188,50.212627,49.839157,49.837505,49.978523,49.877125,49.909622,49.660942,49.782547,49.997604
52.9061,52.702564,53.14035,53.15784,52.816826,53.305653,53.598072,53.334675,53.18569,53.5605,53.488625,53.63477,53.210407,53.246304,53.558147,53.286133,53.38891,53.82311,53.414867,53.179867,53.700985,53.700832,53.646835,53.56109,53.716774,53.321808,53.695957,53.79246,53.55993,53.502945,53.47267
44.21548,44.46391,44.19303,44.324177,43.986214,44.14017,44.30193,44.46021,44.185127,44.13613,44.062183,44.351173,44.281937,44.403294,44.413403,44.308372,44.458866,44.27169,44.197765,44.404217,44.43442,44.75495,44.66746,44.31623,44.804752,44.571083,44.276264,44.69539,44.453342,44.856808,44.583237
40.979053,40.8276,40.855873,40.666885,40.936867,40.52326,40.833073,40.739895,40.571407,40.778835,40.88209,41.11146,40.76731,40.739178,40.8412,41.180466,40.84578,40.824547,41.07957,40.94203,40.688175,40.99502,40.87379,41.146523,40.423306,40.987648,41.167458,41.185215,41.208874,40.88373,41.17531
52.02447,51.562233,52.440674,52.122047,52.1052,52.16371,52.738796,52.021137,51.762287,52.218765,52.52854,52.516403,52.15197,52.149128,52.036255,52.445084,52.51491,52.433258,52.324615,52.25782,52.376022,52.648144,52.655025,52.319695,52.199753,52.42756,52.80156,52.393204,52.39464,52.208767,52.394833
53.57349,53.17763,53.66442,53.76015,53.34234,53.689327,53.731842,53.8441,53.722004,53.453552,53.652237,53.92208,53.427265,53.93666,53.758213,53.71601,53.928074,54.08164,53.73691,53.73356,54.124786,54.04123,54.207645,53.626778,54.427917,54.050026,54.190002,53.82408,53.754826,54.33387,53.95421
46.043972,46.58255,46.098404,46.378963,46.142548,45.787506,45.810055,45.87601,46.40781,46.206356,45.821106,46.2532,46.434483,46.37773,46.4915,46.22226,46.37258,46.456074,46.33902,46.799084,46.658623,46.228455,46.504894,46.46985,46.674137,46.24182,46.626537,46.398605,46.680805,46.59354,46.837994
53.084393,52.85043,52.95745,53.3178,52.8276,52.76266,52.864395,53.13779,53.19921,52.996174,53.455128,53.36557,52.92416,53.326355,52.92543,53.34494,53.32302,53.01377,53.322475,53.295116,53.009056,52.894306,53.51736,53.13118,53.452213,53.597572,53.207413,53.573402,53.26129,53.70373,53.247845
46.044907,45.81592,46.142853,46.539978,46.284393,46.046528,46.578358,46.087803,45.797394,46.577164,46.48497,46.32059,46.44608,46.446133,46.387817,46.296566,46.046448,46.649326,46.450775,46.62672,46.71302,46.825798,46.316257,46.307953,46.613205,46.721077,46.834404,46.57152,46.343204,46.2685,47.08237
43.26608,43.22611,43.527214,43.43442,43.405693,43.247482,43.062477,43.07717,43.157173,43.195267,43.468876,43.615383,43.569298,43.347748,43.190845,42.99996,43.201874,43.173283,43.340927,43.64312,43.252544,43.350204,43.5306,43.39067,43.376247,43.754402,43.720543,43.256516,43.599304,43.50024,43.646145
36.63372,36.836075,36.91366,36.72298,36.589317,36.517895,36.2404,36.373844,37.065773,36.267372,36.86178,36.595158,36.699802,37.035152,36.650116,37.09977,36.930683,36.654182,36.71184,37.06791,36.88279,36.82234,36.70789,36.92463,36.782215,37.20745,37.145565,36.764652,37.498795,37.199677,37.1973
47.370064,47.627014,47.43061,47.62731,47.60797,47.527786,47.273666,47.43897,47.592274,47.60549,47.49495,47.502865,47.901566,47.795784,47.7205,47.537617,47.303024,47.445187,47.691032,47.73476,47.742046,47.62026,47.699722,47.873436,47.91945,47.900085,47.759933,47.781654,48.0054,48.03059,48.160435
50.68493,51.38958,51.133163,51.5637,50.87127,51.18748,51.272285,51.425686,51.39761,51.419373,50.8631,50.873302,51.597363,51.5338,51.88929,51.307053,51.599487,51.61394,51.306835,51.526905,51.875755,51.702446,51.556717,51.582756,52.136208,51.232056,51.530712,51.977398,51.53732,51.714806,51.842922
53.425133,53.050663,53.322884,53.272667,53.251755,53.86514,53.26383,53.780537,53.499924,53.093468,53.23218,53.517586,53.70351,53.4071,53.417553,53.364902,53.54299,53.68814,53.44466,53.341293,53.54628,53.518578,53.544323,53.67109,53.74642,53.46907,53.74074,53.54484,53.7144,53.706455,53.336807
48.768715,48.72398,48.834297,48.497505,49.046913,48.68153,48.92063,48.638557,48.971786,48.89009,49.24002,48.87784,48.6549,48.783154,49.029045,49.255764,49.301,48.80068,49.22752,49.191082,49.06387,48.97971,49.44543,49.205193,48.87378,49.184654,49.053505,49.05334,49.167656,49.404636,49.137154
45.852863,45.57408,46.099434,45.841892,45.819794,45.944016,45.81602,46.071526,45.957462,45.658195,45.83231,46.10588,45.731407,46.254017,45.802357,46.17888,45.99918,46.26725,46.14144,45.901928,45.95116,45.91117,46.171257,45.848015,46.10962,46.371475,46.30873,46.100048,45.70124,46.118385,46.034527
54.667686,54.282448,54.43216,54.651653,55.021797,54.72806,54.28637,54.533886,54.68426,55.054836,54.888855,54.509514,55.005493,54.809948,54.79542,54.357864,54.51251,54.857147,55.19375,54.679253,54.96341,54.817287,54.72777,55.09025,54.65055,54.62081,55.14016,54.7619,55.146896,54.930187,55.00676
44.876415,45.061382,45.101242,44.62114,44.94857,45.206913,45.176403,45.088154,45.16231,44.97035,44.92839,45.07675,45.08607,45.05915,45.030003,45.29069,45.43017,45.255966,44.966194,45.126503,45.288708,45.622604,45.127533,45.418877,45.04545,45.34617,45.399033,45.385693,45.497448,45.262703,45.09916
31.439686,32.34007,31.520187,31.30727,31.506342,31.503159,31.629673,31.317944,32.02266,32.05498,31.992521,32.116756,31.673767,31.667068,31.98601,31.755022,32.11151,31.651169,31.709126,32.352577,31.777699,31.752678,31.976055,32.02704,31.991985,32.33193,31.658337,32.236294,32.608704,32.21514,32.182743
47.67609,47.929825,48.061615,47.61602,47.355835,47.43352,47.511612,47.516304,47.636505,47.446938,47.448742,47.730553,47.597866,47.92485,47.295055,47.673847,47.64128,47.85181,47.778717,47.684586,47.50376,48.04506,47.769608,47.727425,47.81231,48.127678,47.919697,47.87958,47.942837,47.565147,47.905087
48.355328,47.907364,48.44272,48.505474,48.19732,48.692844,48.846436,48.541965,48.32757,48.428116,49.059708,48.46122,48.463707,48.30285,48.292107,48.712337,48.393997,48.728645,48.66444,48.394768,48.674152,48.909294,48.60375,48.749107,48.735786,48.727066,48.75998,48.68093,49.066437,48.51669,48.67782
43.991276,43.890984,43.884888,44.00078,44.269745,43.996128,44.24385,43.74222,43.763054,44.60723,44.37263,44.324203,44.331673,43.968967,44.44927,43.89758,43.960133,44.403694,44.480633,44.45058,44.415592,44.358253,44.240955,44.410545,44.205418,44.187294,44.55432,44.288357,44.695427,44.1216,44.826923
45.056416,45.259407,44.809883,44.724037,45.14421,44.95897,45.533222,44.932877,45.18474,45.330814,45.492596,45.143894,44.906086,44.651016,44.999493,45.73142,45.323616,45.307392,45.336826,45.626995,45.40404,45.44057,45.21329,45.539192,45.01545,45.500626,45.128147,45.564598,45.766018,45.125717,45.278416
54.597237,54.411686,54.950737,54.521065,54.70128,54.733585,55.00336,54.54729,54.12347,54.82962,54.64865,54.480335,54.65872,54.70569,54.913128,54.70202,54.373154,54.746395,54.851936,54.653534,54.942333,55.418385,54.644398,54.615356,54.514584,55.039413,54.858967,55.09735,55.048054,54.719734,55.100708
47.678635,48.00732,47.40725,48.0907,47.45172,47.927345,47.492886,48.16672,48.250923,47.78658,47.55502,48.10853,48.083088,48.0246,47.92058,47.694836,48.047653,48.07635,47.74545,48.08472,48.152084,47.753788,48.166092,48.04483,48.7772,48.01819,47.990864,48.249718,48.2387,48.56477,47.972557
45.416107,45.54776,45.323906,45.82402,45.44348,45.64565,45.537678,45.73506,45.813026,45.78654,45.849792,45.71706,45.865078,45.573376,45.737988,45.59175,45.901344,45.964947,45.856327,46.089115,45.80976,45.520073,45.791878,45.922173,46.17555,45.840897,45.905357,46.04392,46.026,45.79254,45.914013
48.67521,48.80644,49.01674,49.1008,49.08764,48.916748,49.15989,48.85848,48.86361,49.424744,49.195854,49.141403,49.345974,49.077957,49.102325,49.11957,49.03927,49.31934,49.40142,49.24224,49.186092,49.00105,49.34336,49.319923,49.124954,49.095215,49.35164,49.43169,49.06414,48.897015,49.33152
50.339424,50.40501,50.73192,50.988377,50.258286,51.050262,50.73883,51.007664,50.65038,50.7433,50.66162,50.740192,50.936516,50.86083,51.144817,50.43428,50.624382,51.055954,50.65252,50.937126,51.0998,50.906258,50.838367,50.498543,51.468624,51.118362,50.806396,51.26398,50.85615,51.057426,50.94072
45.23022,45.2215,45.672356,45.43688,45.606125,45.397762,45.51491,45.39685,44.96344,45.37041,45.35612,45.204426,45.90381,45.638535,45.351654,45.564888,45.425835,45.294865,45.65687,45.249218,45.16469,45.791714,45.43732,45.935425,45.241253,45.531853,45.975792,45.66743,45.585808,45.239483,46.009773
36.64252,36.48865,36.41832,36.46539,36.37287,36.572083,36.4017,36.582188,36.298107,36.425484,36.415997,36.698063,36.67493,36.85146,36.44082,36.53059,36.603287,36.612926,36.38116,36.570335,36.573715,36.97872,36.3834,36.393105,36.582836,36.911926,36.72704,36.862568,36.96329,36.882122,36.789696
53.0481,52.878094,53.165375,52.953278,53.374527,53.088264,53.53936,52.873238,52.998035,53.569862,53.26591,53.406456,53.23848,53.24665,53.325146,53.44023,53.237286,53.663055,53.571697,53.34515,53.746414,53.6298,53.65044,53.517014,53.287888,53.264137,53.74335,53.358845,53.473232,53.323925,53.649548
47.798946,47.774097,47.545944,47.952057,48.140648,47.905373,47.73343,47.745705,47.96895,48.082333,48.0964,47.534584,48.335007,47.92836,48.432613,47.982655,48.102642,48.07821,48.29369,48.413,48.468033,48.095818,48.11231,48.336945,48.291576,47.872215,48.221107,48.070724,48.537106,48.394184,48.61907
55.737553,55.579002,55.627487,56.10357,55.492798,55.669777,56.010883,55.741337,55.738106,56.04312,55.945633,56.1658,55.738525,55.92677,56.103973,55.841995,56.03905,56.286633,55.928463,56.407005,56.47748,56.070087,56.2792,55.57637,56.579006,56.219345,56.07337,56.31632,56.205555,56.391815,56.214233
40.854374,41.341682,41.143204,41.005314,41.30085,41.040737,41.405937,41.065125,40.994503,41.574635,41.19026,41.416733,41.342796,41.12878,41.536552,41.087353,41.311153,41.108543,41.124416,41.502148,41.497204,41.757847,41.552006,41.46428,41.24232,41.517586,41.371468,41.67237,41.349846,41.588383,41.551334
47.74381,48.159756,47.922043,47.540806,47.82733,48.03781,48.05023,48.027504,48.21889,47.94322,47.892807,47.790894,48.005177,47.856873,48.043663,48.21701,48.28753,47.996952,47.942123,47.911858,48.247097,48.681328,48.134033,48.662216,48.03712,48.08436,48.182404,48.37274,48.648964,48.345043,48.07359
48.1095,48.533005,48.02397,48.20985,48.15629,48.13661,48.36518,48.48915,48.266678,48.353546,47.816708,48.481934,48.560165,48.66523,48.3812,48.798367,48.580322,48.417564,48.37676,48.40075,48.349686,48.32793,48.662796,48.591118,48.741337,48.519646,48.377182,48.98272,48.271275,48.716164,48.66972
49.14021,49.198704,48.845642,49.305775,49.087326,49.31809,49.10827,49.72187,49.518333,49.099827,49.11393,48.90704,49.180855,49.27089,49.606037,49.47433,49.321342,49.48939,49.409138,49.50076,49.627434,49.52327,49.216755,49.536087,49.857048,49.618843,49.37391,49.770924,49.493473,49.79391,49.632076
49.00041,48.528347,48.910637,48.510395,49.49623,49.105816,49.100956,48.825935,48.791866,48.955673,49.013725,48.842533,49.231983,48.917805,49.032204,49.376984,49.245823,49.223015,49.451794,49.04791,49.130985,49.206615,49.05393,49.667458,48.652706,48.921204,49.77071,48.89264,49.38597,48.912037,49.478687
45.642746,45.82197,46.05974,45.545273,45.980705,45.767803,46.073357,45.7249,46.052402,45.97003,46.491077,45.93581,45.764267,45.847446,46.128315,46.408695,46.54468,45.69672,46.305717,46.151375,45.81181,45.96448,46.454666,46.531258,45.86497,46.317978,46.194485,46.331882,46.42075,46.34266,46.301346
51.290417,51.74343,51.262695,51.681004,51.455605,51.134212,51.464287,51.380295,51.466152,51.48319,51.507347,51.581436,51.661613,51.36211,51.620384,51.72958,51.688255,51.169426,51.658985,51.995464,51.54341,51.22848,52.1615,51.773636,51.98213,51.681496,51.398636,51.875443,51.736767,52.05637,51.904053
49.781296,49.630943,49.2052,49.62662,49.59352,49.667614,49.911537,49.783676,49.8446,49.78879,49.965473,49.77122,49.40205,49.44859,49.676975,49.88055,50.047153,50.039585,49.90294,50.269703,50.134117,49.98039,49.930798,49.827316,50.290848,50.1864,49.878826,49.99219,50.303745,50.15231,49.99143
35.51133,35.829082,35.644966,35.665745,35.56949,35.67706,35.9305,35.685226,35.930477,35.99412,36.135143,35.993973,35.837704,36.10839,36.0241,36.132294,36.090935,36.12732,35.98002,36.227623,35.996376,36.03357,36.031918,36.06456,36.37776,36.48941,36.07508,36.279186,36.146706,36.136433,36.535965
50.279175,50.320606,50.59813,50.304493,50.238823,50.43486,50.29283,50.28548,50.71833,50.32043,50.74081,50.798916,50.363964,50.816833,50.181713,50.229443,50.751682,50.536827,50.556187,50.717567,50.442493,50.604687,51.059326,50.61741,51.26393,51.381493,50.901455,50.372295,50.63527,51.001038,50.880955
49.33765,49.31686,48.931503,49.656017,49.001396,49.147564,49.075657,49.65429,49.767597,48.9941,49.28895,49.44587,48.993435,49.415672,49.502327,49.548397,49.43551,49.516438,49.34134,49.764465,49.877842,49.423916,49.75007,49.361885,50.30337,49.835213,49.488297,49.62218,49.599968,50.351948,49.66903
35.971348,36.482178,36.796135,36.169693,36.426277,36.389553,36.45452,36.287834,36.571293,36.446617,36.521675,36.569813,36.818882,36.941387,36.8187,36.851276,36.89589,36.58061,36.675114,36.584496,36.377865,36.64393,36.78217,37.173637,36.673443,36.895966,37.131874,36.82476,36.6531,36.63346,37.299057
42.21064,42.481167,42.235268,42.048077,42.31543,42.400734,42.61308,42.63984,42.825005,42.34009,42.64771,42.736515,42.348667,42.558018,42.55152,43.07994,43.137417,42.457386,42.578056,42.564346,42.552887,42.553272,43.27564,43.027122,42.967297,42.81357,42.554733,42.838593,42.519993,43.2562,42.632584
55.72953,55.76769,55.90354,55.96434,55.83155,56.238796,55.96534,56.400196,56.22744,55.633537,55.817936,55.7777,56.029976,55.99962,56.129406,56.028297,56.247192,56.03269,55.934082,56.098854,56.347115,56.351547,56.411278,56.291687,56.705322,56.357407,56.236465,56.18222,56.015015,56.65895,56.111862
50.61746,50.190525,50.915337,50.44744,50.446487,50.850163,50.301228,50.68492,50.862972,50.375153,50.815666,50.635593,50.504807,50.814945,50.751617,50.39906,50.670536,51.024563,50.902596,50.58373,50.789124,50.981476,50.68134,50.861595,50.88768,51.046753,51.255356,50.62166,51.073425,50.88246,50.899014
46.118637,46.446404,46.01033,46.423656,46.062477,46.23514,45.95179,46.325336,46.730602,46.356247,46.627052,46.275288,46.251633,46.39331,46.399654,46.147404,46.34374,46.285084,46.374897,46.806988,46.536064,46.37918,46.43574,46.476288,47.01564,47.064354,46.332886,46.674824,46.85943,46.978275,46.69991
48.744144,48.844677,48.86795,48.68375,48.744827,48.73309,48.982822,48.8196,48.82476,48.982243,48.915005,49.114964,48.977627,49.06676,49.46809,48.987427,49.314342,49.06558,49.166157,49.124157,49.142742,49.205795,49.59148,49.21811,49.460014,49.060844,49.165565,49.257893,49.150692,49.52524,49.54879
42.56941,42.6092,42.338516,42.552544,41.987488,42.30905,42.568405,42.62212,42.31422,42.404083,42.39493,42.628345,42.31091,42.692486,42.371246,42.52776,42.421803,42.894825,42.55204,42.745773,42.466297,42.93078,42.350548,42.353134,43.117413,43.21293,42.62122,42.968987,42.81468,42.53306,43.071354
55.315044,55.185417,55.613686,55.706642,55.183365,55.68902,55.52529,55.775097,55.735,55.36882,55.615517,55.75235,55.687313,55.901066,55.51231,55.754303,55.7158,55.81251,55.681427,55.501015,55.704388,55.614017,55.981216,55.83851,56.25849,55.931572,55.98643,55.895325,55.744534,56.00986,55.813717
48.88628,48.545998,48.259712,48.7181,48.823524,48.735023,48.79933,48.999752,49.01749,48.782772,48.986843,48.945316,48.798996,48.808147,49.102463,49.094646,49.068806,49.152428,49.14033,49.09266,49.282845,49.07285,49.257874,49.35002,49.497334,48.98358,49.23694,48.96636,49.175808,49.538548,49.402752
50.00494,50.195847,50.213837,49.860504,50.282684,50.609715,50.423855,50.45419,50.5784,50.204327,50.30732,50.365005,50.451054,50.279022,50.5254,50.48955,50.59968,50.248928,50.32423,50.15707,50.64586,50.730698,50.969532,51.022232,50.767464,50.426285,50.56864,50.422092,50.711212,51.08189,50.493187
33.804493,34.030193,34.26555,33.97661,34.09664,34.198227,34.191696,34.21014,34.435852,34.077595,34.087524,34.24083,34.19476,34.718704,34.204548,34.682526,34.611362,34.71224,34.36347,34.274452,34.382984,34.33078,34.425503,34.47957,34.561897,34.615685,34.82168,34.401142,34.09307,34.350212,34.661217
33.475506,33.690197,33.986588,33.33541,33.5468,33.719078,33.728867,33.580917,33.711384,33.56777,33.580296,33.72972,33.672565,34.124943,33.27255,34.019012,33.762276,34.00435,33.740723,33.39019,33.59648,34.199944,33.624825,33.994087,33.58743,34.10894,34.21196,33.8397,33.933044,33.52404,33.959633
42.26401,42.097893,41.71132,42.321625,41.821693,41.882103,41.721836,42.035484,41.84537,42.08497,41.709343,42.402424,42.35446,42.444744,42.138973,41.813652,41.746094,42.45997,42.04229,42.269196,42.419952,42.341274,42.100624,41.81585,42.613243,42.20504,42.23934,42.269962,42.35818,42.48616,42.564564
53.345325,53.21161,52.85872,53.076923,53.1156,52.711002,52.96968,52.90529,52.911774,53.035698,53.056694,53.081882,52.962193,52.71447,52.95768,53.067654,52.946068,53.096966,53.29676,53.4387,53.282276,53.373135,53.239864,53.19201,53.055176,53.136307,53.108894,53.214928,53.584198,53.262196,53.249187
47.376644,47.50525,47.94348,47.549126,47.271133,47.469593,47.585205,47.46929,47.748127,47.323456,47.804195,47.561386,47.473164,47.915596,47.78528,48.094303,47.759518,47.708145,47.86926,47.682327,47.66591,47.788532,47.90882,47.941437,47.985577,48.117966,47.98891,47.938732,48.116497,47.965027,48.259186
49.06667,48.906937,49.463448,49.01973,48.996452,49.376804,49.09485,49.2474,49.341766,49.04458,49.685726,49.354023,49.278114,49.424183,49.212208,49.353745,49.42974,49.098713,49.427177,49.12247,48.989014,49.280666,49.515564,49.584114,49.384003,49.746162,49.467922,49.53061,49.667892,49.622505,49.43197
52.98115,52.734352,52.866547,53.38982,53.31893,53.556557,53.629524,53.513718,53.267338,53.607094,53.643883,53.764977,53.34259,52.993362,53.391582,53.32999,53.773438,53.47012,53.383007,53.805298,53.639866,52.925335,53.860294,53.271248,53.71529,53.551018,53.48863,53.764072,53.354473,53.770576,53.08884
47.03687,47.33967,46.831535,47.16306,47.19761,46.88212,47.01679,47.069324,47.17242,47.261204,46.907204,47.354584,47.406662,47.071728,47.241547,47.409695,47.487988,47.223156,47.30553,47.54404,47.318474,46.90616,47.531387,47.43029,47.233482,46.975906,47.27448,47.579723,47.402752,47.449265,47.258335
42.569305,42.60132,42.2213,42.00888,42.5428,42.339558,42.265263,42.288776,42.410454,42.595333,42.448036,42.437126,42.40338,42.341377,42.146343,42.39529,42.289173,42.57837,42.715694,42.436356,42.355145,42.73504,42.31499,42.74691,42.198452,42.64383,42.524517,42.581158,42.91686,42.35448,42.562893
49.55587,49.4356,49.63662,49.49607,49.455574,49.858246,49.731197,49.725777,49.724506,49.852966,49.724655,49.844566,49.706734,49.80156,49.78293,49.59456,49.64952,50.158825,49.778408,49.68644,50.11252,50.18545,49.847977,49.76436,49.98816,49.943268,49.92345,50.006317,49.999798,49.94202,49.771473
49.456345,50.063965,49.94487,49.527447,49.87877,50.051216,49.88805,49.89814,50.095936,50.050106,49.71314,49.590057,49.9217,50.11762,49.941696,49.88481,49.9375,49.87815,49.907665,49.90507,50.1545,50.404766,50.081535,50.169228,50.181885,50.471786,49.94087,50.2737,50.05888,50.28031,50.079014
32.367817,32.388992,32.031116,32.223698,32.201485,31.961025,32.14141,32.038372,32.53637,32.25743,32.7848,32.292976,32.02597,31.963522,32.151417,32.708412,32.582233,32.473816,32.522404,32.70241,32.409634,32.43602,32.03971,32.764683,32.00133,32.402863,32.697308,32.567646,33.427746,32.326645,32.576485
54.49496,54.891453,55.123344,55.12411,54.556725,54.59265,55.10177,54.996834,54.93168,54.97922,54.83055,54.719696,54.936657,55.35713,55.439495,55.477707,55.439045,55.128857,55.13809,55.15737,55.272522,55.32092,55.387863,55.131798,55.423405,55.218727,55.180553,55.8464,54.983974,55.41011,55.47795
56.47369,56.360935,56.375496,56.36159,56.63259,56.824036,56.794567,56.599262,56.595875,57.181255,56.80227,56.9016,57.030792,56.746338,57.1504,56.591248,56.65946,57.097862,56.981956,56.832535,57.126087,56.99377,56.94932,57.077133,57.054127,56.82081,56.933754,57.145443,57.07723,56.992256,57.121986
43.983253,43.530617,43.419144,43.82607,43.339233,43.90813,43.52766,44.2879,43.856262,43.292976,43.92992,43.608803,43.54854,43.63134,43.605583,43.8463,43.77664,43.945847,43.9158,43.799618,43.556465,43.82926,43.467907,43.83634,44.16721,44.174072,43.799698,44.090923,44.239265,43.956734,43.883514
49.667515,49.800705,49.643166,49.69989,49.99447,49.783524,49.994926,49.734657,49.69281,50.129333,49.862278,50.006504,50.193005,50.2088,49.833954,50.083233,49.886173,49.90313,49.987328,50.126125,50.003445,50.14795,50.0466,50.186043,50.18128,50.50135,50.183426,50.260174,50.01242,50.172424,50.512325
43.824757,43.72964,43.20089,43.179173,43.828026,43.54874,43.680443,43.564774,43.944157,43.865997,43.870987,43.632256,43.437996,43.57218,44.09085,44.149715,43.973854,44.096287,44.046276,44.184757,44.298374,44.10561,43.79035,44.03591,43.78756,43.95826,43.84891,44.01122,44.34764,44.23221,44.134716
53.883324,53.31174,53.13945,53.460743,53.466377,53.709457,53.579643,54.013298,53.7242,53.80857,53.59799,53.82555,53.478325,54.016075,53.899754,53.762833,53.81167,54.189465,53.97582,53.56496,54.066128,54.106068,53.85579,53.73111,54.23243,53.92077,53.87169,54.147373,53.936184,54.403934,53.965958
42.330906,42.379192,42.788322,42.311516,42.43293,42.869015,42.431824,42.75571,42.65248,42.57122,42.375343,42.712254,42.870876,43.004375,42.70279,42.44727,42.557327,42.97279,42.708717,42.218952,42.61154,43.018215,42.637074,43.04216,42.80742,42.792397,43.17674,42.806538,42.74796,42.674583,42.9191
46.66363,46.8143,46.545593,46.473206,46.7489,46.697514,46.98599,46.850334,46.691483,46.711514,46.619453,46.385513,46.521317,46.484867,46.939518,47.1671,46.885757,46.88854,46.92356,46.934864,47.067436,47.26036,46.723682,47.054855,46.759464,46.91652,46.850967,47.18463,47.226746,46.927647,47.04525
45.991714,45.635357,45.5941,45.711384,46.218414,45.54664,45.624184,45.471405,45.538017,45.45822,46.01429,45.414154,45.809723,45.19175,45.535366,46.248238,45.519527,45.448494,46.133995,46.045597,45.726448,45.66385,45.54591,46.268204,45.080437,45.645958,46.04349,45.65469,46.603573,45.65138,46.07905
59.465122,59.578197,59.771378,59.76012,59.65593,59.792656,60.25632,59.953983,59.466904,60.138733,59.605602,59.777412,59.92798,59.98889,60.239716,59.977173,59.83612,60.164413,60.048546,59.97107,60.16239,60.290066,60.106396,59.93847,60.320415,60.204277,60.020477,60.552067,59.705593,59.974293,60.36187
43.28345,43.80489,43.257614,43.37004,43.46649,43.460957,43.46445,43.59905,43.723034,43.93838,43.37774,43.596756,43.71748,43.80473,43.887383,43.453785,43.72395,43.816895,43.688145,43.71901,43.893787,44.007275,43.802895,43.945786,44.05351,43.81794,43.74106,44.077156,43.82445,44.028675,44.023834
44.74613,45.130016,45.196747,44.977303,44.777176,45.19135,45.30895,45.18506,45.423622,45.099148,45.18091,45.210846,45.01675,45.4724,45.40553,45.28647,45.5838,45.44543,45.00204,45.496025,45.642536,45.836422,45.469276,45.352104,45.952198,45.97567,45.578594,45.557884,45.47314,45.79562,45.69629
38.587444,38.982273,38.833603,39.052727,38.78717,38.916737,38.949,38.97251,39.10809,39.265614,39.30938,38.95195,39.0215,39.10881,39.024815,38.989155,38.898987,39.057865,39.128338,39.07797,39.099228,39.191452,39.07383,39.274353,39.317047,39.422073,39.101936,39.46995,39.341507,39.224712,39.350388
46.468807,46.848,46.40783,46.456863,46.444603,46.643753,46.78402,46.8518,47.01422,46.928516,46.724197,46.812553,46.68408,46.652412,46.959553,46.829636,47.109104,47.12498,46.863453,46.985584,47.081833,47.073395,47.109356,47.111824,47.23963,46.899773,46.789196,47.24439,46.93976,47.089584,46.85238
40.864704,41.172623,41.491608,41.498337,41.16587,41.53223,41.513638,41.4515,41.548676,41.62019,41.450954,41.432095,41.613674,41.656876,41.546524,41.564102,41.838654,41.814583,41.433712,41.435104,41.74731,41.698246,41.505177,41.76129,41.604916,41.474907,42.02778,41.970974,41.818188,41.519737,41.585804
49.72371,49.47072,50.110085,49.667786,50.446335,50.02905,50.16893,49.719925,49.792374,50.116623,50.49108,50.099606,50.137928,49.763126,49.904438,49.923088,50.386776,49.83723,50.38745,50.189377,49.874886,49.995403,50.555138,50.562576,49.83998,50.220886,50.633156,49.84052,50.098553,50.044,50.281143
52.911613,52.766052,52.875008,52.520264,53.12091,53.13617,53.191128,53.150444,53.01322,53.1729,52.92904,53.089718,52.989826,53.27532,52.969276,53.539062,53.22311,53.291973,53.382954,52.8775,53.046585,53.15387,53.177013,53.404724,53.007153,53.379242,53.316074,53.50784,53.102413,53.194695,53.213287
43.523705,43.78733,43.372612,43.832066,43.38375,43.150333,43.46484,43.306877,43.520252,43.77467,43.952374,43.667427,43.39189,43.297752,43.458164,43.50359,43.73969,43.463512,43.7237,44.18639,43.58045,43.48226,43.68674,43.480576,43.65048,43.90735,43.491413,44.062332,44.24626,43.76082,43.72337
51.3445,51.502335,51.36196,51.776207,51.144638,51.20948,51.39198,51.346264,51.20411,51.53408,51.507202,51.41235,51.453888,51.191105,51.61518,51.084488,51.291046,51.313225,51.317562,51.79338,51.75601,51.96956,51.439056,51.4209,51.65803,51.668106,51.518135,51.930664,52.18576,51.80062,51.722042
50.755257,50.97867,50.637306,50.829735,50.906425,50.727108,50.400124,50.729893,50.977352,50.661694,50.320015,50.78388,51.03605,50.777534,50.998043,50.68459,50.796513,50.86022,50.719513,51.140015,51.40526,51.013565,51.118973,50.93936,51.030613,50.709656,50.998997,50.84984,51.113274,51.433388,50.880283
48.668377,49.122486,48.507484,48.75925,48.67491,48.60325,48.317894,48.49544,49.149567,49.10948,48.83899,48.75744,48.965794,48.704536,48.923298,48.216736,48.54588,49.008675,48.885864,49.167442,49.336185,49.27536,48.924873,49.158203,49.248363,48.963387,48.91561,48.893696,49.509926,49.195496,49.10342
53.501324,53.473152,53.027,53.94291,53.382355,53.250885,53.52352,53.526936,53.24816,53.628235,53.41159,53.46089,53.672073,53.314045,53.726562,53.50922,53.419044,53.603764,53.595707,54.01533,54.004967,53.638027,53.734177,53.417336,53.992905,53.4775,53.46614,53.955734,53.893246,53.944305,53.8495
45.934685,45.423622,45.767128,45.945255,46.167145,45.86989,45.839134,45.919056,46.04177,46.11063,46.720997,46.109272,45.99898,46.09128,46.675682,46.030453,46.13002,46.059036,46.537308,46.368,46.255085,46.109783,46.388683,46.517532,46.433002,46.452477,46.579212,46.147827,46.42093,46.746517,46.98159
57.33211,57.40648,57.030464,57.569313,57.516083,56.74367,57.251556,56.90547,57.043407,57.421795,57.55603,57.21035,57.507877,57.153515,57.65916,57.575302,57.596962,56.786644,57.567715,58.00929,57.5754,57.32664,57.842457,57.58261,57.453087,57.40616,57.361927,57.725903,58.02926,58.09407,57.999573
53.6378,54.000786,53.977196,53.73119,54.01297,53.532433,53.751385,53.446663,53.82112,54.24898,53.70702,54.182896,54.19217,53.986923,54.333847,53.74282,54.110817,53.957973,54.03889,54.237457,54.29854,54.211555,54.399323,54.317245,53.899,53.86228,54.3708,54.23769,54.259792,54.305145,54.34335
54.070698,54.157364,54.051292,54.115402,54.132164,54.14245,54.083607,54.2216,54.36876,54.334354,54.365566,54.051205,54.04834,54.039974,54.337994,54.065784,54.15174,54.33059,54.58096,54.355576,54.425335,54.365444,54.535213,54.486946,54.584225,54.427223,54.25142,54.446327,54.535175,54.53279,54.40831
45.62033,46.04322,46.22194,46.24071,45.737892,45.924427,46.34501,46.124928,46.026146,46.08265,46.05543,46.054016,46.030266,46.477093,46.131737,46.476208,46.20863,46.288536,46.048737,46.420578,46.285492,46.443478,46.204487,46.072914,46.63851,46.95282,46.364017,46.753902,46.04757,46.28031,46.654873
49.76032,49.636913,49.796745,49.500137,49.8162,49.92083,49.644672,49.753082,49.69324,49.65424,49.567204,49.684303,49.764114,49.84295,50.044044,49.832844,49.781017,49.878723,49.806847,50.003597,50.08038,50.0827,49.679485,49.73288,49.730606,50.165375,49.995632,50.063778,50.192154,50.140926,50.014397
46.87614,47.038708,46.736534,46.810295,47.21724,47.15349,46.68782,46.933914,47.61359,47.19526,46.663193,47.31565,47.324978,47.378838,47.326782,46.960735,47.504543,47.648354,47.086235,47.365795,47.980984,47.35934,47.58318,47.489647,47.62001,46.97505,47.782166,46.96819,47.414116,47.867313,47.28293
49.77893,49.490097,49.73951,49.51664,50.42164,49.918465,50.15825,49.692562,49.962597,50.31132,50.362125,50.07106,49.924385,49.706047,50.27154,50.45604,50.183758,50.18158,50.477787,50.27627,50.360138,49.93514,50.232018,50.551666,49.59558,50.01024,50.49305,50.206017,50.367363,50.14702,50.280716
49.25329,48.961647,49.330948,49.109177,49.199646,49.41472,49.01045,49.304348,48.925312,48.94894,48.733475,49.110718,49.33059,49.27364,49.253624,49.199768,48.857944,49.49044,49.416294,49.055984,49.271957,49.187206,49.138386,49.052315,49.112816,49.13546,49.36781,49.29765,49.28482,49.122215,49.26394
62.55702,62.499054,62.437622,62.41952,62.90309,62.41876,62.875156,62.364635,62.389355,62.83645,62.700703,62.47736,62.811504,62.064106,62.99018,62.845547,62.792343,62.590466,63.05986,62.925243,63.033745,62.89831,63.13422,63.31357,62.516857,62.227333,62.883354,62.85656,63.253563,62.83414,62.970715
60.158627,59.81777,59.83348,59.995564,59.97251,60.150684,60.28317,60.325626,59.8469,60.076595,60.092396,60.148376,60.266666,59.8773,60.28317,60.021534,60.330116,60.149124,60.20464,60.177307,60.3056,60.631687,60.444374,60.46341,60.470577,60.1324,60.310493,60.455036,60.495872,60.538277,60.328445
41.549973,41.639786,41.89711,41.694466,41.646835,41.551796,41.66725,41.45363,41.731762,41.842274,42.276566,41.96991,41.755566,41.735504,42.169613,41.875835,41.784992,41.66243,42.123817,41.974636,41.70869,41.701973,42.070507,42.185303,41.84402,42.046883,42.070534,42.084225,42.460632,42.091644,42.438705
35.597492,35.928642,35.81478,35.461033,35.951225,35.661453,36.198883,35.54562,35.63017,36.25516,36.13008,36.034576,36.026176,35.803165,35.93316,36.403,35.86209,35.973297,36.175728,35.927418,35.747498,36.14097,35.730663,36.615196,35.45256,36.089123,36.296417,36.422096,36.551956,35.56974,36.53488
49.103817,48.825916,48.693405,48.77549,49.546524,48.977097,48.975338,48.848953,48.922985,49.160328,49.03643,48.74957,49.176994,48.83523,49.075764,49.427563,49.283318,49.055393,49.327915,49.31028,49.39436,49.209896,48.92747,49.43344,48.476753,48.87214,49.430733,49.24333,49.654934,49.222347,49.188484
45.837105,46.25623,46.47621,46.2684,45.946198,46.272423,46.322624,46.189842,46.505573,46.368637,46.56856,46.18637,46.22168,46.45088,46.834103,46.167072,46.604538,46.43377,46.348625,46.632866,46.749153,46.875595,46.707466,46.53232,46.989624,46.8479,46.60043,46.692703,46.794483,46.917458,46.895405
49.77116,49.838478,50.05423,49.67935,49.88266,50.096416,49.67362,49.9609,50.24264,49.57068,49.672253,49.686974,49.72593,49.996014,49.823673,49.93086,50.108894,50.099995,49.83833,50.110935,50.280033,50.332287,49.855446,50.052505,50.062363,50.440414,50.398964,49.96314,50.30741,50.265182,49.967457
46.97738,47.070877,47.24521,47.33952,47.281837,47.351944,47.770554,47.535397,47.33797,47.45101,47.782448,47.355793,47.330013,47.358135,47.571964,47.769455,47.991367,47.3874,47.583794,47.756157,47.425495,47.499863,47.80041,47.73639,47.842857,47.94287,47.687576,47.94856,47.48688,47.739296,47.835243
41.84416,41.515503,41.616096,41.914783,41.681892,42.041565,42.11349,42.277042,41.609596,41.846375,41.734367,41.9151,41.969925,42.319717,42.113182,42.373344,41.86474,42.3306,41.98385,41.910072,42.096493,42.252808,41.651737,41.866493,42.28158,42.40249,42.22607,42.544464,42.024666,42.139965,42.51454
48.52858,48.814186,49.232002,48.610027,49.13131,48.843033,49.258045,48.499805,48.95409,48.869915,49.268574,48.659885,49.07806,48.655075,49.53389,49.448074,49.338345,48.92416,49.181675,49.48115,49.44296,49.445805,49.338436,49.726273,48.927383,49.13598,49.550797,49.07871,49.652092,49.18625,49.732197
53.51941,53.363228,53.735832,53.637566,53.431984,53.79045,53.20723,53.79939,54.059185,53.31784,53.712753,53.430325,53.450466,53.99992,53.70847,53.81958,53.349644,53.83609,53.954224,53.58653,53.790043,53.63738,53.584473,53.890785,54.112823,54.31176,54.009933,53.839397,54.05168,54.09624,54.079117
59.129543,59.02401,59.200554,59.45565,58.948936,59.26431,59.110226,59.30495,59.27438,58.911736,59.121193,58.977245,59.285465,59.403313,59.053402,59.49855,59.21485,59.26619,59.37554,59.23171,59.395473,59.259247,59.40878,59.355667,59.726818,59.45352,59.429134,59.481373,59.7237,59.603542,59.484695
54.514,54.548325,54.724518,54.450687,54.7716,54.52338,54.502052,54.336964,54.505352,54.888554,54.528103,54.69294,54.776417,54.655296,54.819344,54.227848,54.582275,54.812748,54.80821,54.85104,54.99253,55.157906,54.82971,54.87937,54.67278,54.83026,55.117596,54.75,54.98888,54.82132,55.001194
45.642105,45.88974,46.14254,46.169098,45.58696,46.187668,45.819817,46.050823,46.23205,45.89729,46.159428,45.846325,46.09172,46.101086,46.07426,45.737213,46.09002,46.185295,45.903965,46.218395,46.294476,46.360363,46.029217,46.05903,46.516277,46.4591,46.252842,46.305965,46.508316,46.29253,46.155663
34.952766,35.235588,34.896355,34.59749,35.46726,35.595478,35.480015,35.293434,35.370556,35.47316,35.229473,35.085625,35.43179,35.057022,35.372696,35.4678,35.55756,35.594673,35.37388,35.38522,35.56309,35.658165,35.22925,35.835365,35.23801,35.35019,35.541206,35.432438,35.65451,35.26132,35.446358
48.07635,48.076336,48.179344,47.536686,48.511314,48.114704,48.29545,47.711315,48.01176,48.498344,48.43338,48.262283,48.41162,48.006718,48.623146,48.18991,48.480694,48.352734,48.692947,48.54364,48.31118,48.44404,48.542118,48.83104,48.079174,48.279236,48.654003,48.23602,48.734364,48.22331,48.87816
48.759254,48.618824,48.85013,48.835606,49.070488,48.94583,48.988796,48.919926,48.8137,49.163277,48.996048,48.985683,49.222103,49.160557,49.26316,49.06566,48.718582,49.26967,49.34405,48.942146,49.207798,49.27163,49.081116,49.494766,49.19936,49.15806,49.519054,49.19906,49.1618,49.09159,49.710495
48.32553,48.391693,48.302895,48.395893,48.3272,48.497074,48.422203,48.599915,48.555363,48.63697,48.669483,48.685524,48.437534,48.672615,48.458496,48.52204,48.477028,48.42654,48.545147,48.53704,48.550114,48.635372,48.72636,48.571106,48.787163,49.072807,48.463768,49.003754,48.695335,49.050816,48.602863
45.40919,45.580387,45.030304,45.186283,45.22625,44.995995,45.23107,45.364227,45.287212,45.39362,45.110992,45.6024,45.37428,45.59505,45.17753,45.589615,45.450035,45.329155,45.308037,45.423,45.42817,45.6973,45.62172,45.44613,45.486546,45.64663,45.28223,45.836357,45.41946,45.871964,45.479202
36.782375,37.02664,36.99598,36.59017,37.069458,36.443005,36.89868,36.49731,36.963535,36.91979,36.97171,37.063786,36.67957,36.95413,37.179756,37.359318,37.39427,36.98469,37.182407,37.225376,37.166183,37.15788,37.40372,37.315063,36.751095,36.989372,37.407207,37.070305,37.316727,37.329166,37.438747
51.115665,51.34634,51.39617,51.759014,51.27678,51.526714,51.43853,51.65132,51.77577,51.69964,51.547424,51.635666,51.52614,51.69378,51.594646,51.49482,51.77595,51.894806,51.628605,51.934086,51.887463,51.396008,51.848698,51.453766,52.128723,51.948303,51.73446,52.046356,51.47522,51.86026,51.543823
48.40139,48.29339,47.960655,48.330177,48.051018,48.31372,48.12397,48.386932,48.29657,48.09075,48.01991,48.299644,48.460484,48.13267,48.015537,48.134758,48.15407,48.71038,48.35838,48.406773,48.51034,48.53983,48.310608,48.480743,48.757656,48.236725,48.516396,48.262375,48.71911,48.286858,48.427025
57.574703,58.084366,58.283203,57.91602,58.12175,57.856895,58.32398,57.83124,58.142574,58.146385,58.28582,57.96174,58.049274,57.95172,58.496597,58.32479,58.48743,57.87,58.277725,58.636894,58.372326,58.319363,58.78242,58.55793,58.466274,58.627426,58.342163,58.46744,58.271526,58.581062,58.63595
44.06592,44.16555,44.31402,44.066814,44.209877,44.30811,44.267273,44.19792,44.27342,44.15984,44.148563,44.10478,44.274597,44.242836,44.437523,44.37476,44.45278,44.60832,44.55908,44.401054,44.442284,44.41877,44.452255,44.5588,44.507782,44.3192,44.673084,44.350056,44.605232,44.28013,44.676388
38.972317,38.606197,38.91445,38.956528,39.168022,39.198204,38.98308,39.14628,38.975266,39.038956,39.069008,39.18923,39.51334,39.643127,39.027843,39.431778,39.200718,39.388237,39.260406,38.87902,39.133194,39.32264,39.005394,39.575203,39.17197,39.26886,39.859665,39.26831,39.324326,39.266453,39.694782
41.906948,41.806805,42.174454,41.89865,42.011337,42.13184,41.87505,41.994827,41.895924,41.7235,41.927357,42.036385,42.129055,42.434093,41.761932,42.012638,41.930817,42.07591,42.006313,42.08613,41.96884,42.249866,42.08678,41.947716,42.30126,42.7507,42.372704,41.97707,41.947678,42.21653,42.416927
40.29633,40.723476,40.173164,40.06334,40.19496,40.269253,40.04346,40.319794,40.791367,40.593296,40.15498,40.420757,40.30492,40.5743,40.696217,40.357483,40.467976,40.848667,40.55866,40.466858,40.843887,40.829975,40.47254,40.721016,40.651493,40.456726,40.57197,40.76018,40.980152,40.82783,40.663197
51.4414,51.072533,51.279945,51.658226,51.477272,51.992367,51.962032,51.948917,51.382645,51.73721,51.84761,51.40025,51.82424,51.729137,51.862232,52.028595,51.59465,51.95963,51.88919,51.808407,51.843803,51.733166,51.430405,51.689293,52.063274,52.116188,51.760223,52.279137,51.951176,51.743206,52.111164
46.22986,46.350742,46.553185,46.613876,46.73178,46.730854,46.900677,46.482162,46.508446,46.797577,47.059025,46.551647,46.851635,46.47274,46.617172,46.774303,46.782856,46.512714,46.769592,46.91715,46.785538,46.74059,46.924625,46.997925,46.800068,46.964897,46.901123,46.86373,47.02851,46.805485,46.96661
62.24956,62.019012,62.33963,62.03455,62.510513,62.5559,62.44343,62.43181,62.28333,62.409435,62.165512,62.38986,62.757153,62.578632,62.93399,62.74576,62.516808,62.496067,62.62907,62.344658,62.83516,62.665524,62.866898,62.82744,62.53666,62.34127,62.660484,62.775467,62.5764,63.01449,62.7276
38.05242,38.143635,38.1425,37.940853,38.165375,37.91356,38.26514,38.025387,37.905785,38.266663,38.47168,38.501667,38.136852,37.855835,38.160732,38.076225,38.387196,38.001137,38.30042,38.31669,37.94451,38.33282,38.576607,38.46453,38.004845,38.28511,38.295937,38.401894,38.366398,38.277637,38.306927
46.5843,46.738132,46.595924,46.972115,46.5652,46.56441,46.493942,47.017857,46.87872,46.36742,46.719032,46.496464,46.91201,46.632584,47.37849,47.20355,46.90844,46.666206,46.98674,47.091507,46.87547,46.576508,46.9806,47.189354,47.108692,46.723854,46.82421,47.279404,47.036575,47.271507,47.255817
48.835663,49.120834,48.81859,48.785175,48.785683,48.895325,49.134525,49.118298,49.005245,49.066315,48.917423,49.087746,48.913857,48.79489,49.1097,49.142418,49.391666,49.141888,49.13724,49.26806,49.0396,49.12464,49.310562,49.226906,49.248592,49.18193,49.0024,49.54932,49.227093,49.19393,49.062756
34.595978,34.929348,34.69004,34.803402,34.614086,35.02176,34.391594,35.104767,35.32219,34.853806,34.798195,34.92498,34.728096,35.14273,34.800323,34.47981,34.75396,35.17087,34.799667,34.967773,35.0307,35.01818,34.7903,34.835144,35.395683,35.53385,35.020775,35.078632,34.914024,35.252953,34.91892
40.83159,40.31602,40.3265,40.54692,40.44934,40.469822,40.4405,40.669113,40.43419,40.67558,40.864353,40.790318,40.485672,40.649937,40.483086,40.432545,40.19653,40.965084,40.9906,40.38019,40.549217,41.003216,40.486397,40.88526,40.767143,40.789658,40.964417,40.71119,41.06736,40.638046,41.097603
44.5438,45.191883,45.16281,44.967564,44.641937,44.845642,45.16576,44.868126,45.075523,45.024456,45.177193,45.04294,45.029697,44.98084,45.010796,44.94815,45.088703,45.038616,44.929058,45.37796,45.08627,45.512268,45.21441,45.387573,45.553192,45.749535,45.28148,45.382446,45.357704,45.108738,45.550095
48.33198,48.165386,48.20024,48.37185,48.594223,48.401295,48.52416,48.593422,48.494446,48.80511,48.623257,48.44555,48.361347,48.658016,48.754562,48.718864,48.334766,48.83558,48.9752,48.489326,48.78348,48.71947,48.589344,48.858322,48.708023,48.79985,48.86209,48.926098,48.620426,48.77007,49.038517
42.353848,42.49058,42.08111,42.905922,42.51715,42.341488,42.283844,42.490776,42.182915,42.307373,41.86368,42.101665,42.973015,42.609722,42.46947,42.420338,42.36469,42.66785,42.333992,42.84283,42.908165,42.82719,42.17997,42.56475,42.86092,42.431175,42.989407,42.58717,42.810093,42.562195,43.133312
45.20564,45.102936,44.913742,45.442097,45.289658,45.280453,45.438694,45.495037,45.207615,45.36751,45.37516,45.378517,45.56377,45.27031,45.52024,45.69427,45.461975,45.515156,45.462433,45.642906,45.560486,45.407394,45.334267,45.68515,45.58016,45.465355,45.66682,45.833008,45.69676,45.56813,45.789295
41.89777,42.08112,42.278305,42.25841,41.946182,42.393833,42.816303,42.70029,42.35057,42.2396,42.55174,42.170574,42.265198,42.59519,42.66305,42.98016,42.828384,42.599976,42.520947,42.401047,42.421425,42.796486,42.592205,42.822723,43.071938,42.939598,42.71338,43.028774,42.491226,42.66585,43.095333
50.349255,49.950813,49.85222,49.78692,50.19448,49.870766,49.896706,49.906982,50.16572,49.968113,50.17254,50.253788,50.0084,50.003708,49.88533,50.209938,50.341606,50.28387,50.368614,50.223125,50.285427,50.39134,50.397976,50.506966,50.1018,50.104424,50.53614,49.989258,50.617947,50.442688,50.288177
50.515106,50.52302,50.454384,50.570366,50.743095,50.664536,50.936264,50.707386,50.734806,50.85784,50.654083,50.92212,50.867805,50.623333,50.967003,51.01372,51.178783,51.101494,50.990814,50.99477,51.12401,50.815117,51.267662,51.208427,51.09363,50.591095,51.20021,50.991604,50.98631,51.02318,51.057182
46.91788,46.983696,46.993797,47.326664,46.84372,46.775585,47.04734,47.207764,46.803844,46.715263,46.940704,46.8455,46.93554,46.9034,47.1131,47.228138,47.32581,46.785015,46.9604,47.304916,47.100807,47.243755,47.263367,46.973465,47.183784,47.19294,47.077724,47.505844,47.191196,47.469536,47.170956
37.600906,37.77428,38.083237,37.899162,38.304184,37.627594,38.24667,37.451622,37.38881,38.053593,37.985672,38.033684,38.353516,38.01311,37.965874,38.417984,38.129913,37.83548,38.171505,38.2241,37.90704,37.945328,38.258644,38.340088,37.633396,37.964294,38.54395,38.078075,38.07564,37.772667,38.6789
37.430157,37.69569,38.105698,37.294052,37.43869,37.672497,37.609684,37.69834,38.115715,37.330486,37.568844,37.979473,37.43652,38.37116,37.465378,38.376,38.2627,37.947712,37.78901,37.457344,37.619797,37.815163,38.1708,38.012268,37.90228,38.241653,38.24223,37.93488,37.766533,38.13572,37.882153
42.22434,42.473186,42.249123,42.405952,42.107025,42.032253,42.442314,42.152584,42.393894,42.56688,42.70923,42.589153,42.28274,42.425663,42.469254,42.418514,42.678314,42.587273,42.68754,42.769936,42.444008,42.524292,42.81878,42.63276,42.950207,42.749496,42.62523,42.70925,42.871838,42.64711,43.01112
48.99338,48.341946,48.47664,48.754723,48.854965,48.701088,49.004887,48.63948,48.711662,48.949173,49.389217,49.01939,48.77793,48.549885,49.07968,49.00665,48.922062,49.420296,49.413326,49.380802,49.197598,48.97049,49.018246,49.200363,49.220207,49.026077,49.403633,48.85979,49.474525,48.88253,49.595104
58.025692,57.987267,58.155197,57.79841,58.084076,58.289345,57.968212,58.164227,58.459503,58.16864,58.279686,58.136433,58.162624,58.30179,58.278507,58.117294,58.397808,58.247227,58.414658,58.144615,58.360077,58.45008,58.560604,58.61667,58.511627,58.504906,58.43537,58.372448,58.59183,58.737873,58.33771
41.09514,41.134773,40.913322,41.138695,41.172592,40.958393,40.571724,40.98057,41.07517,40.945526,40.77367,40.80627,41.425323,41.147724,41.47502,40.849873,41.127487,41.21923,41.19454,41.30344,41.46453,41.428005,41.060017,41.362213,41.188057,40.82051,41.493496,41.105225,41.624252,41.456505,41.579205
54.439533,54.617245,54.50817,54.506077,54.567993,54.299866,54.428616,54.40436,54.362053,54.419952,54.197586,54.563805,54.81901,54.775883,54.568398,54.732635,54.66793,54.401714,54.58166,54.78788,54.63527,54.689754,54.874115,54.738205,54.77075,54.819237,54.764416,54.83853,54.67401,54.957462,54.988045
45.98286,45.676502,45.253082,45.74947,45.818977,46.047657,45.721798,46.14524,46.00414,45.74323,46.072777,45.531826,45.715813,45.40143,45.994164,45.833305,45.672733,46.005367,46.080074,46.027138,46.23244,46.10325,45.815235,46.086273,46.192535,45.919067,45.741253,45.95958,46.45989,46.29072,45.96048
48.698925,48.969376,48.325974,48.819145,49.099144,48.728706,49.077587,48.85219,48.397133,49.20933,48.616253,48.68449,49.237934,48.606144,49.182793,48.670353,48.87676,48.72773,48.799297,49.36095,49.274166,49.418133,49.006565,49.011055,49.08957,48.988846,48.828434,49.284256,49.012207,49.214745,49.318523
44.96016,44.95416,45.247314,45.367016,44.93557,45.30176,45.405056,45.321945,45.230606,45.11905,45.6481,45.248398,45.08999,45.12893,45.28748,45.374146,45.42986,45.2121,45.1914,45.549076,45.4088,45.457188,45.395504,45.257256,45.580254,45.81665,45.404495,45.663837,45.671333,45.617756,45.43338
54.699505,55.174973,54.857033,54.617165,55.09099,54.82947,54.782986,54.653057,55.510437,55.385506,55.056763,54.958744,55.109924,55.020077,55.639046,54.746727,55.443592,55.308205,55.257748,55.48503,55.821648,55.67648,55.594902,55.77073,55.54762,55.138252,55.54474,55.155098,55.675446,55.76656,55.59386
42.424393,43.277454,42.700897,42.683105,42.377068,42.457794,42.56922,42.608326,42.989315,42.727814,42.72326,42.71795,42.7538,42.68091,42.993298,42.708984,42.852596,42.519756,42.62198,43.043774,42.906567,43.156513,43.018177,43.174797,43.181866,43.113678,42.708405,43.223545,43.436886,43.316887,43.177185
45.667522,46.177025,45.850044,46.177162,45.75448,45.919743,46.215626,46.060127,46.2061,46.20889,45.94972,46.212917,46.00028,46.221676,46.18371,46.351532,46.638546,46.14938,45.867622,46.457973,46.56182,46.27547,46.51819,46.03071,46.562695,46.357056,46.163723,46.736717,46.42053,46.779938,46.144295
42.462833,42.8539,42.52388,42.506367,42.603012,42.737408,42.834183,42.7291,43.05586,42.772633,42.994343,42.9178,42.710888,42.654224,42.92743,43.057545,42.97652,42.68655,42.751305,42.98397,43.060055,42.994183,43.21083,43.274193,43.179344,43.130814,42.85865,43.0858,43.320644,43.445293,43.06564
49.09886,48.705284,49.065033,49.169014,49.277878,49.399746,49.341457,49.46538,49.10623,49.133354,49.325848,49.06992,49.456947,49.364834,49.35003,49.60416,49.398952,49.529568,49.636837,49.221313,49.253864,49.306984,49.258396,49.734787,49.49315,49.40477,49.81297,49.509224,49.44111,49.275352,49.797913
51.03195,51.15465,51.217987,51.36353,51.22695,51.26747,51.34562,51.439148,51.250587,51.0567,50.94042,51.077057,51.515434,51.31335,51.375782,51.70148,51.291656,51.436604,51.266388,51.393818,51.66591,51.62323,51.357166,51.66504,51.480114,51.350403,51.672028,51.637897,51.44823,51.489388,51.583664
35.257492,35.44223,35.545574,35.46801,35.229034,35.402092,35.04702,35.377438,35.79062,35.080696,35.297928,35.638077,35.66726,35.931465,35.57327,35.52751,35.94783,35.817978,35.487682,35.733097,35.66166,35.46763,35.872654,35.66774,36.09832,35.683144,36.068592,35.394875,35.64833,35.936375,35.94971
52.193127,52.102257,52.297012,52.86717,52.33689,52.62851,52.5679,52.65497,52.717873,52.68844,53.09087,52.498066,52.689526,52.50843,52.68807,52.554207,52.67882,52.689453,52.761497,52.86125,52.858505,52.596527,52.761227,52.936394,53.184044,52.922066,52.93595,52.95668,53.067772,52.950768,52.946487
48.835907,49.466557,48.85019,48.95001,49.142265,49.044605,48.931904,49.259724,49.52857,48.949345,49.042213,48.564556,48.838634,48.90781,49.136497,49.503918,49.26524,48.814255,49.25263,49.48293,49.25959,49.017357,49.29901,49.34651,49.35622,49.594,48.778988,49.543625,49.35714,49.656055,49.12939
55.96703,55.718643,55.76864,55.80264,56.21305,55.78319,55.734997,55.867413,55.845844,56.017185,55.77935,56.009895,56.086533,55.818184,56.21689,55.687202,55.938187,56.00792,56.110153,56.092953,56.39927,56.41758,56.292027,56.339592,55.95984,55.84642,56.417183,55.980415,56.15036,56.441578,56.205406
45.130474,45.04033,45.548645,45.203667,45.587288,45.690376,45.561947,45.39445,45.296005,45.660885,45.570107,45.53782,45.713097,45.714005,45.90776,45.50941,45.729122,45.67597,45.628838,45.700447,45.714767,45.660385,45.625717,45.58818,45.540527,45.868073,45.924786,45.835674,45.59398,45.73477,45.902794
45.815456,45.703594,45.861595,45.502556,45.686874,45.597908,45.75912,45.558613,45.730343,45.51738,45.81085,45.976166,45.573376,45.750275,45.68154,45.933918,45.845566,45.86311,45.862576,45.93987,45.907738,46.123703,46.07917,45.95922,45.899773,46.15136,46.127007,45.750736,46.17208,46.082954,46.126476
35.627205,36.046555,35.82711,36.424046,35.887745,35.849373,35.983856,35.977695,35.946228,36.230442,36.152767,35.9688,36.320698,36.307472,36.21523,36.336693,36.012585,36.027164,36.131405,36.308983,36.158672,35.93418,36.01248,36.1913,36.314102,36.300037,36.224224,36.67623,36.44245,36.28417,36.646957
55.079674,55.124577,55.02881,55.157627,55.041283,54.81215,55.34036,54.963127,55.05291,55.232178,55.42824,54.992435,55.06741,54.94265,55.559216,55.626568,55.27944,55.37641,55.82708,55.642464,55.303783,55.03548,55.602722,55.504227,55.591217,55.28083,55.21605,55.570927,55.616188,55.26774,55.899265
48.909348,48.94482,49.412354,48.812546,49.03356,49.18318,49.001038,48.95234,49.32619,48.796894,49.03741,49.31702,49.171265,49.601475,49.216297,49.429813,49.50903,49.244972,49.18336,49.266117,49.30759,49.29058,49.592457,49.404716,49.539017,49.70923,49.72481,49.16754,49.391975,49.713223,49.63388
41.732765,42.455265,42.389847,42.150707,42.126457,42.277737,42.650185,42.15801,42.19314,42.824436,42.04006,42.75645,42.52935,42.665543,42.47469,42.129658,42.65885,42.676884,42.15774,42.576157,42.663906,42.82974,42.76398,42.40065,42.815205,42.79554,42.723904,42.86337,42.28667,42.520878,42.68451
60.77303,61.39827,61.30155,61.321316,61.109634,60.98835,60.97698,60.972267,61.32869,61.441032,61.00081,60.964073,61.38459,61.180412,61.69446,60.900475,61.433884,61.16666,61.419724,61.58091,61.66726,61.29797,61.891556,61.360886,61.66001,61.114998,61.195854,61.60615,61.444256,61.740353,61.38157
53.24388,53.044765,53.224113,53.46748,53.252777,53.506992,53.248146,53.472355,53.301624,53.418667,53.24788,53.18156,53.668472,53.639694,53.52027,53.30352,53.257706,53.757027,53.657894,53.324856,53.667973,53.640884,53.41961,53.614372,53.85632,53.443947,53.779255,53.6105,53.702766,53.558155,53.854614
43.45507,43.576958,43.555687,43.48621,43.70777,43.37994,43.76084,43.41941,43.4734,43.73003,43.902706,43.543175,43.721546,43.654007,43.66568,44.0276,44.147835,43.651794,44.02679,44.045547,43.428978,43.607365,43.72265,44.085052,43.637646,43.992546,44.066364,44.053387,44.092194,43.57944,44.291485
42.7264,43.01454,42.51748,42.862907,42.482925,42.87113,42.867382,43.177444,42.905064,42.717503,42.41391,43.109257,42.86546,42.982063,42.717175,43.193905,43.040054,43.039593,42.666714,42.958054,42.94776,42.841854,42.936485,42.828453,43.248974,43.11371,42.840862,43.4691,43.04423,43.22023,42.824
35.93197,36.095085,36.213722,35.915436,35.71888,35.741226,36.333862,35.86825,35.76819,36.02547,36.15137,36.235577,35.833344,36.23222,35.946396,36.480034,36.26787,36.29728,36.089993,36.297485,35.990696,36.483208,36.028484,35.982864,36.04794,36.65226,36.289272,36.593357,36.341896,35.959206,36.50505
41.80649,42.058723,41.875015,42.050934,42.16926,42.035267,41.714054,41.89674,42.359375,42.044296,41.999874,41.803345,42.288544,42.202393,41.843636,42.038795,42.169113,42.225395,42.11536,42.250614,42.38469,42.322983,41.971867,42.548103,42.213257,42.23236,42.6544,42.04702,42.598476,42.240036,42.38111
44.491547,44.637344,44.206482,44.16336,44.227005,44.40113,44.517235,44.555576,44.498333,44.41399,44.13438,44.568485,44.38931,44.613335,44.2038,44.740314,44.62873,44.877087,44.51418,44.55393,44.598606,44.808575,44.553856,44.538216,44.78296,44.78309,44.536537,44.803047,44.643764,44.584404,44.582314
53.067715,52.97538,53.249817,53.481293,53.20745,53.24625,53.096355,53.246754,53.263153,53.00843,53.072624,53.25823,53.482395,53.4658,53.2843,53.21075,53.45502,53.342888,53.144917,53.569214,53.741264,53.509254,53.6747,53.251923,53.759502,53.49717,53.689884,53.30357,53.31547,53.850277,53.478554
53.601078,53.502014,53.733826,53.734917,53.553673,53.80751,54.056396,53.890556,53.611996,53.804176,54.07119,53.66376,53.686718,53.361767,53.75541,53.784027,53.92868,53.83024,53.866974,53.91863,53.915028,54.211018,53.93338,53.97975,53.84401,53.95311,53.84898,54.219765,54.15384,53.829964,53.709454
51.875412,51.903503,51.689415,51.747658,52.340767,51.63444,51.8161,51.45365,51.89845,52.365253,51.978462,51.815037,52.079197,52.062912,52.373417,52.029293,52.182182,52.153366,52.447304,52.455982,52.50457,52.132168,52.312798,52.250465,52.0373,51.9718,52.3555,52.103928,52.436512,52.388622,52.645523
51.735947,51.7097,51.312096,51.791035,51.730164,51.850082,51.93919,52.09266,51.694927,51.861916,51.80955,51.43354,51.795124,51.528732,52.032112,52.137722,51.94607,51.818104,51.98087,52.056988,52.082027,51.937706,51.84576,51.87307,51.97564,51.855217,51.531063,52.457855,52.153698,52.17411,51.844967
46.55409,46.381653,46.590836,46.441795,46.519203,46.52962,46.475826,46.48462,46.372185,46.615692,46.537872,46.49912,46.69377,46.95051,46.30466,46.76418,46.493145,46.74167,46.8279,46.34945,46.49189,46.8284,46.50655,46.694237,46.4764,46.79857,46.83667,46.876804,46.861614,46.56798,46.836857
54.45905,54.786102,54.814255,54.373398,55.040962,54.80672,54.74462,54.787045,54.796318,54.630318,54.309723,54.814117,55.127693,54.87333,54.811195,54.9542,54.985226,54.602436,54.70432,54.854687,54.966312,55.033066,55.31733,55.281662,54.86221,54.988815,55.07793,54.898838,54.523357,55.23006,54.88914
47.202827,46.763157,46.704597,47.08864,47.07969,46.935028,46.969433,47.226707,47.06352,47.21204,47.163734,47.198246,47.11557,47.4148,47.303787,47.275738,47.294426,47.613926,47.559616,47.315414,47.332733,47.20656,47.30434,47.220177,47.55315,47.32399,47.469353,47.429295,47.13446,47.45466,47.63875
54.62836,54.49168,54.917236,54.293964,54.86355,54.794056,54.67343,54.652515,54.640965,54.609913,54.668137,54.6384,54.909073,54.844604,54.95306,55.002728,55.149208,54.691902,54.973362,54.768692,54.76369,54.907955,55.05847,55.05818,54.52754,54.835983,55.008884,55.02343,54.927094,55.044342,54.87096
39.68563,40.12082,39.93563,39.725487,39.545555,39.54264,39.42887,39.82368,40.26547,39.8129,39.951355,40.08171,39.459476,40.121353,39.719303,39.90519,40.17111,39.759014,39.82881,39.97165,39.770977,39.948635,40.052498,39.891335,39.890285,40.46499,39.90305,40.3955,40.139084,40.43647,39.760822
46.618412,46.720238,46.59108,46.551918,46.689095,47.123688,46.96751,47.024105,47.096992,47.049603,47.26424,46.83255,46.939903,46.807575,46.847855,46.802917,47.14944,47.03843,47.06157,46.925102,46.957245,47.197773,47.13937,47.356934,47.38662,47.28047,46.980614,47.173374,47.29904,47.184853,47.037
42.259274,42.64569,42.401413,42.403313,42.361366,42.375973,42.585907,42.513733,42.64624,42.721466,42.97073,42.649174,42.477314,42.48571,42.798626,42.72475,42.69008,42.42522,42.75609,42.887127,42.458546,42.61712,42.73056,42.97734,42.84507,43.179153,42.601784,43.156,43.031307,42.90392,43.0842
51.401867,51.371933,51.64717,51.507206,51.11084,51.587513,51.4293,51.61374,51.648838,51.41784,51.746082,51.899918,51.503944,51.656742,51.432217,51.38403,51.6004,51.539295,51.503067,51.498444,51.50327,51.78528,51.85074,51.744423,51.971035,52.058685,51.781105,51.86866,51.98533,52.006256,51.6534
45.216034,45.312935,45.474724,45.225254,45.424614,45.210766,45.287106,45.106197,45.199867,45.239014,45.044834,45.322815,45.477913,45.61364,45.17315,45.717113,45.564198,45.50299,45.529697,45.44704,45.361572,45.35897,45.411617,45.52262,45.21188,45.47226,45.848454,45.540222,45.65187,45.311874,45.695717
51.49389,51.47583,51.44802,51.73242,51.156113,51.39274,51.060806,51.711052,51.502407,50.934128,50.88555,51.33695,51.219982,51.54413,51.09743,51.198803,51.213737,51.491024,51.208668,51.445633,51.691574,51.77111,51.505512,51.126167,51.860443,51.76304,51.558147,51.501293,51.49223,51.898746,51.29831
53.569523,53.596096,53.642647,53.508465,53.56405,53.67137,53.837666,53.7883,53.664757,53.826515,53.95643,53.840042,53.523838,53.505642,53.97113,53.697502,53.926544,53.61878,53.957745,53.83876,53.733376,53.877262,54.177277,53.97239,53.972073,54.025047,53.727654,54.189156,54.076084,54.189228,53.89625
49.91617,49.84741,49.94172,49.922615,49.899025,50.00079,49.613464,49.895405,49.976772,49.628384,49.82717,49.878826,50.15433,50.139668,49.923485,49.79399,49.973854,49.873943,49.91527,50.131573,50.14264,50.166935,50.23221,49.9908,50.35747,50.29454,50.145775,49.88902,50.195995,50.50899,50.221577
56.480217,56.655342,56.86994,56.88645,56.960793,56.62722,56.941364,56.586544,56.50467,57.00586,56.54596,56.781223,57.110233,57.07547,57.045387,56.978645,56.934166,56.816788,56.890457,57.11591,57.207302,57.10623,57.12555,56.95781,56.954597,57.064133,57.258957,57.245808,56.91537,57.14644,57.342453
35.86392,35.906876,35.800842,35.555786,35.55298,35.688595,35.949577,35.67315,35.93614,35.92224,36.087475,36.025597,35.55967,35.97589,35.73603,36.197594,36.052475,36.336933,35.965084,36.107876,36.025547,36.391342,35.63626,35.996872,35.881298,36.438026,36.218292,36.281345,36.576042,35.861053,36.250294
40.027054,40.37866,40.055695,39.989902,40.10553,40.138996,40.083836,40.19876,39.989407,39.967705,39.92492,39.99241,40.299248,40.135857,40.09806,40.184143,39.836655,39.896812,40.1225,40.04124,40.061287,40.520237,40.181183,40.49922,40.315186,40.429626,40.16096,40.312183,40.51574,40.394234,40.597485
55.27125,54.716015,54.683388,55.530846,55.000763,55.045574,55.239372,55.58042,55.075375,55.082123,54.94834,55.592907,55.22193,55.455906,55.119053,55.303947,55.468475,55.6185,55.181747,55.407654,55.62151,55.46131,55.55586,55.210716,55.983433,55.449493,55.77661,55.527054,55.094803,55.839176,55.51174
50.92547,51.033607,51.306946,51.185555,51.067566,51.19552,50.9482,51.088486,51.17407,51.15136,51.07127,50.879498,51.308697,51.13578,51.414112,51.05531,50.99618,51.420902,51.36473,51.336887,51.485413,51.374565,51.154747,51.267784,51.225876,51.23176,51.36347,51.43495,51.44248,51.17448,51.337852
43.161385,43.451588,43.48021,42.974335,43.084793,43.420856,43.01153,43.317867,43.863773,43.15217,43.30057,43.708282,43.316265,43.72583,43.04552,43.242855,43.579807,43.654556,43.436493,43.324833,43.311733,43.45038,43.83772,43.70968,43.959236,43.926918,43.73572,43.272694,43.456654,43.714035,43.48936
47.978836,48.4729,48.048744,48.194187,48.21354,48.154205,48.167698,48.298496,48.431866,48.34311,48.250107,48.114613,48.299606,47.999275,48.607708,48.257458,48.42847,48.12988,48.329082,48.6254,48.514275,48.468925,48.46304,48.719055,48.507904,48.453384,48.342804,48.73061,48.781727,48.727364,48.547955
58.06065,57.68513,57.54609,57.85448,57.975876,57.462486,57.593513,57.598965,57.42997,57.79703,57.920834,57.78222,57.823997,57.418068,57.623608,57.667915,57.584736,57.562313,58.126083,58.1114,57.751774,57.71279,58.025883,57.775955,57.615234,57.805397,57.66704,57.90989,58.078854,57.95609,57.84299
44.03511,44.490253,44.67289,43.87608,44.24858,44.09766,44.31827,44.11065,44.482872,44.189884,44.27733,44.232292,44.184864,44.624786,44.642147,44.73682,44.767807,44.29563,44.509014,44.374577,44.453133,44.8191,44.831715,44.792534,44.442055,44.708527,44.65107,44.640728,44.60023,44.836124,44.856518
51.586205,51.641247,51.902763,51.834682,51.798553,51.920578,52.050335,51.848484,51.69914,51.78992,52.064163,51.95434,52.01342,51.704052,51.73448,52.019268,52.181427,51.5857,51.84916,52.022053,51.832493,51.864506,52.34134,52.030678,51.946556,52.089706,51.928097,52.191986,52.082424,52.18786,51.800007
50.023914,49.97931,50.077164,50.13436,49.805626,49.79207,49.784435,50.13832,50.357193,49.7061,50.084602,50.1806,49.826725,50.06732,49.99026,50.129074,50.2521,50.167927,50.114838,50.2076,50.237423,50.390095,50.314095,50.4793,50.41774,50.391113,50.60947,50.213306,50.457558,50.544685,50.327293
38.209595,37.86628,37.96495,38.36261,38.097816,38.86609,38.43852,38.91028,38.304626,38.111465,37.97717,38.337044,38.347755,38.60497,37.866474,38.401825,38.356396,39.015404,38.20619,38.237667,38.51253,38.504246,38.009487,38.094513,38.87481,38.786713,38.743675,38.506283,38.213463,38.26603,38.274605
41.838005,41.911015,42.003197,42.40627,41.693092,41.8557,41.95802,41.868572,42.01748,42.257233,41.938354,42.707623,42.046963,42.574802,41.841373,41.864353,42.124504,42.507896,41.83261,42.378384,42.550175,42.19923,42.45142,41.50453,42.624294,42.52765,42.37528,42.37267,42.034355,42.53874,42.120117
39.182583,39.728817,39.835327,39.927654,39.12742,39.491913,39.721127,39.69891,39.639328,39.483025,39.670918,39.831604,39.70583,39.898033,39.712734,39.92685,39.688015,39.728043,39.671085,39.865517,39.526535,39.505646,39.972942,39.71055,40.299732,40.195587,39.77036,40.186626,39.71142,39.797565,40.152843
42.09332,41.802414,41.644318,42.068832,41.846077,41.570896,41.922264,41.915665,41.616802,41.883892,41.969822,42.336338,41.896194,41.950733,41.77891,42.286766,41.987064,41.963757,41.972553,42.19336,41.93697,41.93736,42.003857,41.848488,41.825073,42.14067,42.086876,42.397022,42.17557,42.20371,42.119904
41.78725,41.657143,41.25318,41.830196,41.94297,41.77345,42.218388,41.8724,41.750214,42.19267,42.395714,42.113228,41.90119,41.600418,42.115555,42.408737,42.227646,41.920403,42.112648,42.430603,42.165672,41.76131,42.20549,42.080833,42.053253,42.085434,41.852562,42.45985,42.348656,42.364594,42.189
55.459446,55.35923,55.45749,55.411587,55.506233,55.710976,55.467247,55.71343,55.491264,55.54885,55.16188,55.50803,55.80172,55.928715,55.73132,55.601376,55.632053,55.823814,55.66246,55.519802,55.871986,55.901974,55.74274,55.677032,55.930553,55.76275,55.844563,55.903625,55.654396,55.989346,55.841305
51.989643,52.3215,51.885765,52.13875,51.82139,52.060154,51.83398,52.44618,52.470848,51.912926,51.77114,52.194748,52.12617,52.45504,51.909096,52.490543,52.59019,52.03148,52.06641,52.139137,52.111217,51.956665,52.503616,52.2304,52.54507,52.39486,52.02889,52.748497,52.238293,52.854954,51.91163
59.53127,59.33222,59.34236,59.7059,59.385536,59.523758,59.44783,59.857014,59.636505,59.567062,59.61303,59.669243,59.676056,59.52567,59.804005,59.58101,59.866283,59.696808,59.98368,59.60743,59.670246,59.39733,60.289536,59.838936,60.13802,59.38871,59.597813,59.969555,59.6468,60.12722,59.60594
52.49302,52.291214,52.61058,52.59212,52.635162,52.62925,52.49935,52.441612,52.522976,52.53397,52.95264,52.39654,52.78445,52.644123,52.5958,52.74583,52.66974,52.61793,52.98989,52.940666,52.52794,52.481075,52.614395,52.854225,52.766624,53.070045,52.920444,52.799507,53.07804,52.640064,53.120308
49.18937,49.39293,50.021187,49.46058,49.184822,49.365112,49.977974,49.509045,49.31073,49.229572,49.61813,49.580975,49.55974,49.697548,49.649117,50.130672,49.757343,49.61463,49.63372,49.63821,49.476734,50.02579,49.904526,49.955406,49.85513,50.11486,49.98523,50.005173,49.64124,49.557182,50.211765
54.185402,54.074516,54.132782,54.396217,54.260223,54.360924,54.50604,54.310867,54.09051,54.3633,54.56729,54.486206,54.352776,54.11265,54.300846,54.092953,54.363995,54.22113,54.33689,54.80305,54.483547,54.458954,54.70618,54.269142,54.8673,54.930252,54.412205,54.51343,54.537556,54.727936,54.609974
57.794044,57.933464,58.11611,57.511845,58.106422,58.134415,57.768276,57.920963,58.534775,58.284615,58.17937,58.178326,57.939426,58.20332,58.343975,57.83298,58.204998,58.262455,58.44492,58.067417,58.37279,58.27487,58.63653,58.60235,58.403812,58.434425,58.41111,58.175453,58.32595,58.666767,58.251957
49.505936,49.678047,49.67753,49.85981,49.735718,49.660637,50.18291,49.84635,49.780354,49.828056,49.988316,49.603325,49.705666,49.652134,50.129616,50.238045,49.925278,50.015327,50.094643,50.22957,50.2079,50.17548,50.10547,50.255363,50.35806,50.219673,50.16379,50.200012,50.121662,50.055244,50.5504
40.69325,40.914803,41.289925,40.693745,40.575844,41.42197,41.343353,41.283295,41.392,41.09239,41.51176,41.58391,40.802277,41.104584,41.076485,40.89597,41.271194,41.276474,40.94524,40.93119,41.21856,41.671883,41.677586,41.341805,41.724617,41.822617,41.247868,41.344955,41.321026,41.627533,41.042957
47.00588,47.31816,47.014763,46.868366,47.096825,47.194443,47.23163,47.02717,47.242893,47.419064,47.402042,47.016552,47.203938,47.035088,47.410862,47.04026,47.08865,47.27989,47.45374,47.363758,47.408787,47.677467,47.361095,47.652107,47.588566,47.536217,47.254467,47.40464,47.870113,47.437836,47.747208
38.051178,38.320995,38.071106,38.29291,38.87819,38.275845,38.50353,38.058372,38.53567,38.83017,38.910587,38.551216,38.607883,38.01187,38.787933,38.25044,38.905697,38.36774,38.613884,39.10824,38.953888,38.60852,39.032925,39.07818,38.599712,38.45098,38.98464,38.36302,38.924637,38.94369,38.915665
39.226727,38.90994,39.093285,38.723766,38.930458,39.04435,39.09705,38.95868,38.958836,38.968822,38.965466,39.485073,38.951527,39.275116,39.032227,39.130146,39.167675,39.63705,39.139576,39.176907,39.265587,39.66121,38.982185,39.22592,39.18465,39.501053,39.78745,39.14252,39.587936,39.141533,39.594666
57.055363,57.256626,56.93833,56.906174,57.53386,57.01421,57.199768,56.977627,56.806072,57.000885,56.51498,56.765316,57.495224,56.946266,57.139156,57.586967,57.202847,56.887268,57.128094,57.42794,57.439095,57.34874,57.222397,57.433372,56.818657,57.018196,57.24871,57.374294,57.3757,57.320225,57.323654
54.000023,54.036263,53.848747,54.43296,54.045204,54.388496,54.181538,54.688892,54.56016,54.47613,54.454147,54.258026,54.42622,54.691532,54.56034,54.459515,54.357983,54.460114,54.50806,54.421017,54.56805,54.335552,54.562904,54.542274,55.16729,54.88604,54.344925,54.99435,54.351196,55.051105,54.700348
49.06708,48.65313,48.569305,48.831177,49.01071,48.77793,49.23535,48.866108,48.47993,49.11644,48.939888,49.504242,48.917408,48.848915,48.693596,49.308685,49.31815,48.904724,48.93049,49.10556,49.055374,48.914032,49.341415,48.76021,48.684242,48.92887,49.008488,49.40968,49.18315,49.35649,48.73748
42.716114,42.959618,42.842186,42.553143,42.546494,42.977535,43.17164,43.132515,43.220234,43.286964,43.212967,43.599472,42.64126,43.181347,43.21178,43.07382,43.37282,43.149204,42.868816,42.941013,43.222607,43.548862,43.428104,43.21646,43.36887,43.618843,43.10502,43.739758,43.357365,43.803745,43.052555
39.442654,39.43651,39.669937,39.59262,39.46187,39.29308,39.5081,39.334995,39.387894,39.656857,39.888344,39.572735,39.41985,39.65265,39.458843,39.508686,39.33298,39.79004,39.931877,39.7564,39.43384,39.75834,39.47709,39.6911,39.66107,40.12506,39.949665,39.756783,39.844597,39.341965,40.19687
49.441948,49.363472,49.477554,50.32752,49.11905,49.173664,49.80935,49.732155,49.46198,49.50443,50.098408,49.800045,49.589455,49.288612,49.708363,49.690174,49.990112,49.69773,49.791763,50.10437,49.72524,49.64545,50.20764,49.806137,50.32661,49.638794,49.880886,50.085537,49.934097,49.89695,49.980854
43.383812,43.664726,43.44436,43.339844,43.369827,43.20587,43.48019,43.17245,43.40727,43.33113,43.48229,43.37737,43.43511,43.34762,42.97543,43.58734,43.686203,43.526207,43.532883,43.837883,43.37742,43.70123,43.49058,43.681274,43.54732,43.87117,43.738598,43.535538,43.92832,43.285973,43.74638
54.98151,55.358093,55.147636,55.617607,55.239136,55.1334,55.311466,55.318214,55.354202,55.5415,55.110195,55.4684,55.474712,55.277077,55.826534,55.3013,55.3682,55.44039,55.36117,55.839222,55.94659,55.40369,55.80413,55.440865,55.858803,55.441734,55.514153,55.866726,55.519302,55.93401,55.661472
58.598988,58.413376,58.241592,58.522594,58.49894,58.717148,58.70804,58.90013,58.73376,58.58216,58.6133,58.628662,58.556313,58.495506,58.59881,58.95937,58.95064,58.709267,58.673256,58.817375,58.989838,58.751457,58.9738,58.69587,58.902203,58.79699,58.529877,59.13794,58.852978,59.238964,58.37397
49.411297,49.400795,49.079346,49.74279,49.37638,49.10278,49.210163,49.216213,49.32453,49.479145,49.366814,49.47956,49.497482,49.16148,49.51144,49.223377,49.318813,49.651955,49.571693,50.040653,49.85204,49.3943,49.576965,49.39039,49.764412,49.4225,49.642143,49.54408,49.834385,49.616154,49.752884
47.722733,47.656567,47.63141,47.705227,47.83384,47.60774,47.78997,47.57353,47.69145,47.98861,47.989693,47.843517,47.674213,47.82264,48.26711,47.818935,47.936935,47.968605,48.155945,48.279846,48.19003,47.89465,48.255188,47.735558,48.175697,48.102036,47.896233,48.051407,48.07457,48.336987,48.348965
49.65737,49.632843,49.609398,49.663857,49.951782,49.86485,49.89794,49.7898,49.889084,49.90804,50.30503,49.62299,49.826916,49.540676,50.028706,49.97638,49.814915,49.684372,50.22707,49.997704,49.947884,49.966312,50.08957,50.468094,50.05749,50.10016,50.03396,50.00794,50.4746,50.196632,50.347675
55.1683,54.81278,54.86669,55.358196,54.764275,55.08368,54.993423,55.434082,55.153145,55.128494,54.99239,55.35897,55.22815,55.4259,55.36419,55.175613,55.30885,55.712162,55.286247,55.383762,55.54358,55.292362,55.379326,54.991318,55.785007,55.331314,55.344124,55.68675,55.121807,55.593334,55.296104
41.84829,42.389896,41.88906,42.093056,41.760216,41.845337,42.10969,42.09382,42.2961,42.329884,42.383137,42.065994,42.07306,41.895847,42.486782,42.140144,42.324287,42.221287,42.261433,42.488346,42.324554,42.496593,42.2812,42.57949,42.50139,42.335266,42.13514,42.752415,42.778854,42.427677,42.540955
50.67156,51.334705,50.441566,50.86875,50.545258,50.66666,50.573856,51.16426,51.271683,50.952293,50.54791,51.0585,51.039074,51.20996,50.96641,51.18452,51.094738,50.74884,50.798363,51.00465,50.934834,50.909584,51.08617,51.338165,51.4249,51.302887,50.798733,51.772892,51.23562,51.688828,51.099533
43.014763,43.142124,43.174232,43.07346,43.12919,43.123684,43.046944,43.13883,43.02128,43.020325,42.84352,43.194946,43.3847,43.59011,43.243427,43.539722,43.194633,43.164696,43.246937,43.112804,43.221684,43.174774,43.420155,43.215202,43.30044,43.33541,43.294525,43.48687,43.240967,43.564148,43.521683
54.6472,54.748634,54.453636,54.726353,54.75843,54.743755,54.732235,54.805107,54.80956,55.21291,54.753887,54.976536,54.915398,54.968987,54.99865,54.576725,54.71253,54.995876,54.90709,55.047802,55.243763,55.149376,55.094685,54.87568,55.279385,55.215286,54.863598,55.269814,54.944897,55.364502,55.06756
45.62735,45.840855,45.70671,45.869358,45.66047,45.783882,45.969532,45.73347,45.720222,45.967983,46.00625,45.84199,45.848747,45.318153,45.955566,45.609993,45.57849,46.073643,46.10889,46.113224,46.018578,45.948364,46.078846,46.11223,46.190495,45.827316,45.907932,45.956486,46.296753,45.693672,46.138767
53.767895,54.086178,54.273125,54.57225,53.700188,54.437683,54.87213,54.743996,54.63614,54.68676,54.709587,54.70791,54.233574,54.53228,54.90132,54.770573,54.885353,54.906723,54.55218,54.710434,54.775745,54.492268,54.90115,54.670784,55.44032,54.98958,54.674633,55.451893,54.61232,54.877716,54.803867
46.00819,46.18474,45.978897,45.977375,46.329155,46.05081,46.121784,46.02687,46.060295,46.43567,46.012264,46.19865,46.521835,46.332695,46.45319,46.253716,46.35321,46.346783,46.411972,46.36423,46.41197,46.431747,46.38094,46.604324,46.2691,46.189384,46.548397,46.513084,46.475266,46.415775,46.695312
56.350075,56.262505,56.694977,56.60387,56.229378,56.40558,56.538235,56.44478,56.5589,56.31708,56.220497,56.787273,56.5635,56.61327,56.64032,56.751064,56.76479,56.9961,56.619907,56.619907,57.023453,56.68125,57.107307,56.664696,56.897762,56.339203,57.037666,56.700935,56.71245,56.825626,56.621284
59.911636,59.574245,59.91832,59.76697,59.591766,59.781372,59.74165,59.913128,59.75089,59.58218,59.675167,59.97048,59.885197,59.989067,59.689236,59.87234,59.912655,59.95477,59.822235,59.740574,60.018074,60.36225,60.085335,59.999382,60.02326,60.050354,60.171745,60.087368,60.099926,60.233543,59.886192
52.46502,52.190254,52.200844,52.318417,52.58914,52.224556,52.52867,52.137432,52.124584,52.520035,52.694443,52.7219,52.62637,52.138996,52.796745,52.333275,52.503773,52.40758,52.83246,52.80311,52.628574,52.49169,53.142475,52.877617,52.83191,52.389793,52.771606,52.347706,52.89426,52.876175,53.157272
41.581303,41.905552,41.6838,41.911026,41.577164,41.836773,42.038662,42.086315,41.936165,41.915646,41.83418,42.0836,41.88337,42.239304,41.995953,42.153866,42.431576,41.96628,41.80887,42.10839,42.03744,42.088932,42.326324,41.940887,42.56361,42.406685,42.038258,42.501095,42.00106,42.559116,42.22948
47.00636,46.90185,46.77021,46.898693,47.039787,47.21801,46.98328,47.22055,47.359684,46.808414,47.16949,46.949596,46.894226,46.740234,47.196014,47.189564,47.30255,47.34633,47.403244,47.422817,47.311077,46.90851,47.409203,47.377403,47.613388,47.22223,47.28354,47.008686,47.427734,47.397858,47.292355
44.147144,43.664852,44.03688,43.983116,44.02675,44.077267,43.965107,44.058834,44.193253,43.921,44.341633,44.321735,43.96027,44.380173,43.928413,44.384827,44.131134,44.46533,44.380833,44.147438,44.21989,44.191395,44.211926,44.282845,44.328693,44.565018,44.66377,44.13434,44.401226,44.36687,44.50223
51.48841,51.236877,51.426926,51.35996,51.677322,51.246147,51.881474,51.27613,51.340633,51.461254,51.87704,51.43814,51.415653,51.075386,51.70229,51.959164,51.860153,51.64854,51.881023,51.991547,51.844437,51.952023,51.812325,52.157356,51.533073,51.62445,52.142136,51.62647,52.166664,51.623447,52.16899
48.06176,48.21682,48.251945,48.508904,48.104553,48.487427,48.3452,48.437706,48.353447,48.606693,48.33306,48.53129,48.64363,48.59058,48.269817,48.1903,48.405743,48.709457,48.449173,48.454964,48.501087,48.435844,48.492447,48.44745,48.837734,48.633728,48.63727,48.803017,48.58764,48.439713,48.523117
54.91437,54.756355,54.860283,55.73777,54.956306,55.0996,54.839836,55.2947,55.017902,55.066933,54.90611,54.9469,55.284996,55.383793,55.19594,55.192966,54.827484,55.229717,55.066418,55.442673,55.627552,54.95529,55.072704,54.64048,55.495613,55.392517,55.120605,55.65928,55.101227,55.608955,55.162815
29.675106,29.534304,29.675667,29.540905,30.086195,29.69441,29.571604,29.46018,29.663544,29.521032,29.227976,29.773083,29.893164,30.131786,29.707277,30.21576,29.642735,30.394484,29.749825,30.095661,30.291271,29.978712,29.351246,29.782797,29.524155,30.0016,30.671753,29.570988,29.856794,29.621204,30.375227
44.482136,44.477562,44.340317,44.58479,44.543083,44.31206,44.699894,44.459686,44.32982,44.921547,44.61956,45.108955,44.792213,44.961037,44.93641,44.771957,44.83649,44.80826,44.67016,45.07394,44.85453,44.79575,44.87427,44.623703,44.939404,45.11258,44.950687,45.214783,44.737537,45.09624,45.280174
43.97647,43.52661,43.978134,43.797737,44.401222,44.177204,44.275707,43.99113,44.169075,44.35828,44.180973,44.436752,44.178818,44.46055,44.288948,44.837635,44.565937,44.75977,44.51905,44.172703,44.63744,44.141777,44.382538,44.480423,43.914078,44.06353,44.94358,44.41076,44.346386,44.37217,44.38909
34.967373,34.76377,34.360275,35.06548,34.315468,34.649895,34.927086,34.934246,34.88379,34.99897,34.997932,35.608356,34.60516,35.176598,34.832928,35.11016,35.08028,35.485405,34.81421,35.270702,35.222534,34.969036,34.965157,34.540962,35.55207,35.396286,35.11248,35.446915,35.37354,35.40374,35.241245
44.756718,44.78683,45.138954,44.877205,44.77128,44.847576,45.01014,44.77999,44.87135,44.94999,45.04206,45.139835,45.077408,45.418842,44.90458,45.08294,45.2764,45.143017,44.996487,45.04894,45.13454,45.413113,45.392883,45.025543,45.30557,45.40219,45.346794,45.199356,45.077225,45.334454,45.346745
53.41655,53.259808,53.54354,53.46756,53.256172,53.66771,53.816612,53.743614,53.306683,53.328106,53.337395,53.773075,53.55165,53.820187,53.602997,53.74784,53.65669,53.696774,53.528538,53.57102,53.667995,53.86176,53.91914,53.56746,54.224598,54.115547,53.85034,53.874634,53.633984,54.014168,54.028645
47.717552,47.573044,47.41507,47.300007,47.50953,47.914394,47.482224,47.974556,47.79168,47.488285,47.342148,47.508083,47.472614,47.974197,47.39403,47.87061,47.659626,47.886143,47.708572,47.44191,47.70528,47.941193,47.422062,47.653236,47.814095,48.16578,47.734493,48.023106,47.946217,47.990738,47.645195
45.66551,45.884003,45.784653,45.791683,45.45893,45.638123,46.022774,45.86095,45.94968,45.701324,45.83863,46.213158,45.65338,45.93357,45.744564,46.295555,46.183983,45.997562,45.807945,46.035027,46.013943,46.01637,46.335495,46.016945,46.307053,46.236702,46.042423,46.2785,46.125748,46.31346,46.045258
42.06159,42.150555,41.90782,42.069244,42.21839,41.63055,42.445312,41.8986,41.843586,42.214798,42.547466,42.314514,41.909016,42.073677,42.258827,42.753517,42.426807,41.80817,42.33564,42.693047,42.102207,42.232647,42.468452,42.353233,42.20543,42.80963,42.267338,42.66856,42.52904,42.634537,42.892776
54.514687,54.477776,54.2955,54.962124,54.567474,54.88059,55.167126,55.206432,54.761692,54.90253,55.10751,54.72957,54.717,54.62386,54.94219,55.309765,54.873104,54.8102,54.960438,55.13585,54.99654,54.69871,54.988743,54.92549,55.37689,55.349556,54.637505,55.614296,54.95952,55.249065,55.01616
45.198532,45.24897,45.467873,45.372185,45.653366,45.64944,45.491627,45.50737,45.586426,45.5064,45.27347,45.497757,45.793114,45.90087,45.767616,45.71825,45.79867,45.778282,45.58745,45.579838,46.010014,45.842857,45.863537,45.871193,45.858112,45.650948,46.152634,45.640285,45.648735,46.035164,45.983902
54.397293,54.41825,54.712204,54.265476,54.530968,54.692856,54.261105,54.739597,54.969326,54.466618,54.676807,54.259556,54.28112,54.589787,54.79831,54.644073,54.466587,54.56155,54.925186,54.306606,54.73782,54.849827,54.745453,55.05069,54.59605,54.834183,54.73462,54.868534,54.96566,55.07834,54.62039
38.52895,38.538506,38.41205,38.953964,38.42708,38.683746,38.999462,38.890747,38.49697,38.729424,38.76208,38.754135,38.71734,38.66366,38.56917,39.097576,38.97452,38.991547,38.747147,38.934883,38.846447,38.71755,38.78969,38.590187,38.97572,38.807594,38.780724,39.2595,38.94112,38.753357,38.78626
42.465885,42.430473,42.35933,42.666195,41.961945,42.07556,42.21184,42.670105,42.55661,42.143986,42.71264,43.03662,42.25317,42.528038,42.545593,42.39148,42.87586,42.324978,42.42819,42.741337,42.251846,42.44723,43.049904,42.554817,43.098217,42.952812,42.61729,42.871174,42.588024,43.2398,42.730927
42.410786,42.65362,42.148407,42.147366,42.603355,42.29841,42.04607,42.11601,42.682697,42.681416,42.19537,42.695587,42.72887,42.604202,42.769882,42.25529,42.821728,42.68786,42.51712,42.761497,42.978973,42.773243,42.74123,42.908768,42.594997,42.307137,42.98579,42.524586,43.185463,43.08656,42.853256
40.79419,40.68341,40.87036,40.64257,40.729393,40.66004,40.470196,40.87264,40.900932,40.720284,41.024174,40.782494,40.69509,40.8577,41.10556,40.57669,40.930492,40.940323,41.21053,40.76135,40.742878,41.098267,41.11505,41.181244,40.996338,40.92862,41.11712,40.917645,41.00231,41.13515,41.20009
50.054276,50.005943,50.58477,50.231117,50.151237,50.435516,50.529026,50.497494,50.51068,50.486027,50.51262,50.762585,50.468285,51.052357,50.735023,50.58391,50.874733,50.872017,50.737988,50.40325,50.570595,50.627155,51.1702,50.691635,51.234848,50.947456,50.97496,50.773537,50.183308,50.943436,51.01948
52.11178,52.715107,52.86814,52.475372,52.457664,52.58372,52.812256,52.74371,52.850967,52.67403,52.760746,52.864212,52.82283,53.00282,52.755695,53.156956,53.22707,52.45478,52.82855,52.76403,52.42752,52.505505,53.427616,53.184326,53.134262,53.26062,52.787292,53.347103,52.532383,53.15125,52.95238
47.202713,47.708313,47.58982,47.310024,47.800926,47.650616,47.579018,47.369682,47.625546,47.725327,47.217648,47.340897,47.873623,47.438335,47.884373,47.681908,47.7003,47.846844,47.74783,47.95859,48.03884,47.709595,47.741734,47.918236,47.559723,47.50875,47.86646,47.774982,47.827892,47.55319,47.807343
41.605278,41.226902,41.78521,41.554638,41.854202,41.793545,41.472065,41.543297,41.28987,41.38961,41.518208,41.571156,42.085278,41.67976,41.602337,41.74194,41.68297,41.783993,41.86081,41.65451,41.499763,41.557095,41.46138,41.887917,41.25125,41.50946,42.262905,41.618107,41.93567,41.350033,41.936554
54.163967,53.985428,53.8413,54.57713,54.345856,54.126724,54.42293,54.457676,54.241535,54.819603,54.695812,54.47421,54.29834,54.200447,54.620007,54.241913,54.515965,54.523018,54.73642,54.750217,54.637985,54.303123,54.733116,54.47477,54.776493,54.52855,54.499443,54.930027,54.44245,54.766693,54.621742
46.027412,46.102203,45.808434,46.259384,45.761467,46.04069,46.13313,46.13375,46.26149,46.36968,46.418045,46.23625,45.948147,46.09616,46.55038,46.1818,46.26188,46.440163,46.32734,46.545273,46.638863,46.28225,46.430355,46.04332,46.72793,46.38362,46.045334,46.709972,46.772724,46.75854,46.431873
34.894928,35.40745,35.067123,34.643322,34.865547,34.82914,34.842613,34.807434,35.194004,35.020306,34.888474,35.37909,35.13125,35.244263,35.182877,35.159317,35.457603,35.242435,35.152004,35.318645,35.0165,35.063026,35.500893,35.255108,35.281223,35.25177,35.156017,35.27283,35.249165,35.32917,35.350803
50.351643,50.558434,50.348877,50.523712,50.583908,50.300236,50.61893,50.465076,50.275745,50.84319,50.546013,50.517887,50.840572,50.498447,51.05113,50.50226,50.375282,50.749786,51.05503,50.881924,50.676964,50.623474,50.991257,50.898087,51.05319,50.651596,50.60668,50.895763,50.50649,50.635265,51.33091
48.31218,47.884575,48.588905,48.06215,48.612724,48.18364,48.610447,47.95229,48.100147,48.385303,48.595604,48.583073,48.436226,48.674046,48.561905,48.995743,48.724243,48.745445,48.87122,48.6978,48.533516,48.502396,48.663704,48.724083,48.28454,48.753067,49.227825,48.499146,48.644417,48.398922,49.225822
51.02142,51.519756,50.995033,51.3789,51.170982,50.904976,51.119637,51.008614,51.250816,51.181408,51.386585,50.95153,51.22975,50.934925,51.186653,51.2362,51.42917,50.722942,51.108326,51.901947,51.361923,51.439457,51.27272,51.473007,51.440525,51.778976,51.24527,51.64029,52.0094,51.71882,51.609234
46.53803,47.00419,46.538055,46.97968,47.073433,46.714245,46.992424,46.71418,46.858562,47.247536,47.12158,46.617085,47.142593,46.681667,47.093815,47.18713,46.944027,46.749966,47.205296,47.361206,47.106464,46.820652,47.039482,47.385094,47.02315,47.035263,46.96004,47.395576,47.443363,47.07909,47.415485
49.540432,49.6929,49.532135,49.817226,49.8824,49.87774,49.922337,49.91931,49.603172,49.785355,49.87713,49.555576,50.056442,49.568443,49.647816,49.974037,49.74549,49.58859,49.9059,50.08418,49.734547,49.69137,49.911793,49.977272,49.960194,50.13713,49.67244,50.142857,49.8274,49.85044,49.92109
52.645844,52.94509,53.06153,53.113525,53.06832,52.9519,53.153194,52.919262,52.83526,53.21679,52.81763,53.058655,53.17951,53.190598,53.142223,53.118885,52.900955,53.006508,53.06429,53.195755,53.319153,53.245667,53.225407,53.201004,53.232067,53.40583,53.38418,53.466713,53.227207,53.30597,53.473965
45.447254,45.779003,45.754204,45.842808,45.62864,45.60827,46.203075,45.69502,45.88596,46.219044,46.674133,45.857006,45.69919,45.708324,46.258305,46.251358,46.031864,45.8316,46.250374,46.37653,45.938526,45.98226,46.128246,46.31115,46.24795,46.576134,45.932133,46.615448,46.46109,46.134342,46.61032
52.258545,52.521687,52.452507,52.55761,52.459763,52.098175,52.525146,52.185406,52.51235,52.743774,52.655758,52.754513,52.506718,52.42591,52.64767,52.742184,52.760628,52.534676,52.765915,52.919594,52.733273,52.418922,53.01363,52.8107,52.611263,52.60566,52.76715,52.96499,52.906982,52.824017,52.80217
48.00295,48.112885,48.189957,48.316334,48.16131,48.10865,48.214462,48.244904,48.241184,48.24039,48.41839,48.6603,48.389893,48.459183,48.088974,48.340324,48.703285,47.98446,48.142136,48.50682,48.24549,48.189705,48.92828,48.279945,48.559925,48.707718,48.351707,48.633286,48.165184,48.9464,48.224365
46.600025,46.98852,46.65132,46.9152,46.520866,46.79462,46.92326,47.249165,46.990345,46.830948,46.667355,46.777653,46.9764,47.020973,47.259823,47.083866,47.14924,47.15847,47.062904,47.056244,47.006504,47.11586,47.179905,47.270912,47.678802,47.143425,47.01464,47.499107,46.9285,47.239162,47.422703
53.6451,53.423958,53.821205,53.39148,53.898308,53.529377,53.75641,53.27958,53.563816,53.86126,53.994873,53.66527,53.693104,53.70451,53.72261,53.894608,53.825645,53.792564,54.152897,53.804066,53.79873,54.052753,53.789722,54.288742,53.46625,53.936317,54.38947,53.841457,54.466793,53.732853,54.311768
39.81016,40.002975,39.941467,39.669346,40.09619,39.80304,39.737362,39.75977,39.86781,39.850456,39.72677,39.481422,40.100086,40.064995,39.855095,40.36805,39.88112,40.087284,40.31781,39.897057,39.786472,40.0625,39.497746,40.51201,39.546803,39.99845,40.42583,40.17738,40.477074,39.57057,40.51722
55.32652,55.116093,54.668488,55.04943,55.408134,55.0775,55.094353,54.949455,55.099483,55.122986,55.26453,55.11493,55.25818,54.72825,55.382465,54.994354,55.365192,55.163006,55.46374,55.89011,55.5547,55.19979,55.612526,55.43846,55.709633,55.29731,55.3743,54.974422,55.815075,55.7005,55.736588
49.99152,49.71627,50.328094,49.95155,50.096115,50.10549,50.065926,49.7837,49.648773,49.95319,50.199436,49.918808,50.380684,50.041744,50.04325,50.130196,50.116253,50.03248,50.25251,50.132904,49.988003,50.26993,50.017426,50.228798,49.72698,50.125755,50.429268,50.22798,50.590927,49.904053,50.34937
39.5451,39.454872,39.47342,38.984524,39.637657,39.69643,39.437916,39.65993,39.513123,39.516094,39.18511,39.501198,39.64065,40.028336,39.56018,39.85635,39.67509,39.851257,39.74097,39.19271,39.53583,40.02833,39.35737,39.972893,39.41087,39.779037,40.06247,39.834904,39.8576,39.709805,39.973606
45.426395,45.428555,46.214317,45.49371,45.79294,45.70706,45.682747,45.504898,45.69664,45.300613,45.672596,45.756542,45.979164,46.09099,45.799515,46.048244,46.20882,45.738327,45.850136,45.78582,45.730644,45.93446,46.240307,46.20204,45.856888,46.002396,46.52159,45.62867,45.799885,45.991604,46.287357
44.37181,44.502316,44.237198,44.39642,44.245438,43.782276,43.898834,44.15958,44.74781,44.231445,44.329796,44.44603,44.142925,44.39377,44.89689,44.301594,44.729187,44.674656,44.534176,44.901173,45.002594,44.887558,44.778282,44.78621,44.803493,44.43537,44.974144,44.470352,44.861736,45.132336,44.999546
42.410927,42.492546,42.12021,42.578995,42.24305,42.380882,42.43997,42.651627,42.46019,42.418354,42.601635,42.32686,42.415833,42.43809,42.267693,42.61236,42.594616,42.384293,42.410748,42.619602,42.51522,42.81706,42.343334,42.615715,42.67977,42.865547,42.51019,42.975414,43.009342,42.818523,42.638577
41.471024,41.334187,41.70201,41.55504,41.715332,41.79725,41.317513,41.501446,41.721737,41.53941,41.783863,41.575146,41.775383,41.816986,41.717873,41.53182,41.490826,41.894928,41.92776,41.846104,41.749695,41.545464,41.627872,41.764458,41.83551,42.04049,42.08712,41.56206,41.902447,41.71971,42.08843
53.499577,53.38267,53.350555,53.648357,53.388313,53.49381,53.919144,53.71096,53.443966,53.6205,53.93392,53.94961,53.661102,53.531338,53.71747,53.866978,53.836273,53.446777,53.68909,53.78832,53.7111,53.830257,54.234715,53.972878,54.188805,53.976906,53.739765,54.063595,53.99144,54.29633,54.043465
36.014465,36.003212,35.934536,36.124306,35.721848,36.032814,35.765434,36.11953,36.337193,35.92808,36.261284,36.142036,35.949017,36.32132,36.196392,36.093285,36.08797,36.55426,36.300465,36.40125,36.20027,36.12111,35.98925,36.136772,36.685123,36.654686,36.418064,36.290073,36.510597,36.30109,36.66345
50.610016,50.860294,50.11512,51.094143,50.579437,50.61717,51.178917,51.101383,50.83646,51.357826,51.32198,50.819603,50.83455,50.47642,51.183495,51.193325,51.09674,50.934525,51.21003,51.37545,50.98201,50.806034,50.9128,51.33259,51.3754,51.121742,50.768658,51.917442,51.53629,51.129303,51.342884
52.178806,52.189037,52.352325,52.188725,52.651245,52.539383,52.57163,52.279133,52.49577,52.85149,52.865925,52.22944,52.67694,52.44857,52.78514,52.503716,52.649837,52.52774,52.8683,52.51626,52.800873,52.962677,52.70224,53.209366,52.56146,52.583473,52.937405,52.753506,53.176334,52.79323,53.020832
49.063465,49.166775,49.249695,48.825226,49.528366,49.329517,49.23855,49.10385,49.164448,49.275074,49.14575,49.280758,49.590965,49.216446,49.22838,49.11318,49.49927,49.176712,49.35851,49.29896,49.337723,49.606693,49.707203,49.79191,49.293583,49.333282,49.65549,49.17233,49.395042,49.50302,49.48203
48.070408,48.134747,48.088905,47.96797,48.12504,47.99922,48.172848,48.109936,48.23011,48.034496,48.316555,48.083984,47.930973,48.05503,48.273495,48.428207,48.334557,48.15926,48.3085,48.57309,48.326687,48.422848,48.292805,48.39202,48.33229,48.747948,48.36701,48.475292,48.530678,48.522926,48.558414
46.127426,45.911674,46.083374,46.244217,45.979515,46.02268,46.491997,46.265392,45.79683,46.351936,46.41752,46.3997,46.086475,46.40164,46.261623,46.38468,46.40637,46.4208,46.432648,46.48972,46.160187,46.374886,46.430706,45.972923,46.564503,46.80651,46.292137,46.79752,46.140736,46.36905,46.643707
44.80844,44.67232,44.919304,44.72105,45.190704,45.449753,45.239807,45.243763,45.07654,45.024223,45.123737,44.985256,45.274784,45.146442,44.882973,45.447437,45.265083,45.167065,45.13629,44.920906,45.154613,45.275204,45.082817,45.52546,45.03134,45.32962,45.47013,45.301258,45.328392,45.21563,45.140774
39.132957,39.52777,38.960876,39.31895,38.981773,39.352592,38.992508,39.633152,39.347187,39.264435,38.947746,39.327858,39.483223,39.77742,38.80623,39.2108,39.12552,39.380085,39.0862,39.358986,39.065308,39.353756,39.03483,39.064964,39.757263,40.120743,39.083977,39.843857,39.05438,39.438538,39.30396
35.75404,35.808617,35.916565,35.917976,35.758827,35.892387,35.815674,35.92819,35.978207,35.77088,35.649208,36.08403,35.97306,36.12555,35.859642,36.196808,36.20357,36.428375,35.939632,36.06093,36.175488,35.969532,35.98369,35.924713,35.985306,35.916515,36.387604,36.153423,36.06247,35.954777,35.988697
44.07708,44.171032,44.098396,44.364574,44.26261,44.38111,44.277782,44.466507,44.485916,44.546318,44.64033,44.552807,44.604355,44.617413,44.62673,44.45981,44.398247,44.440144,44.610203,44.462513,44.456703,44.364426,44.695587,44.83155,44.92788,44.761375,44.63403,44.78254,44.615425,44.8931,44.94504
40.674023,40.981087,40.806152,40.96305,40.843735,40.75463,40.60768,40.713028,41.182472,41.03749,41.430786,40.75743,40.83635,41.04678,40.97254,40.96984,40.83279,40.737785,41.11657,41.259983,40.997604,40.969326,40.9143,41.151558,41.137577,41.619057,40.989735,41.2831,41.553894,41.383984,41.405506
43.993717,44.029194,43.904587,43.65047,44.00569,44.11411,43.575424,44.26047,44.297703,43.699574,43.33871,44.03143,44.076115,44.61527,44.108578,44.241493,44.092873,44.339764,44.043045,43.8459,44.211468,44.31674,43.959393,44.34503,44.299156,44.375946,44.567547,44.199326,44.110878,44.54729,44.424305
47.9886,48.00528,48.10437,48.071384,48.45501,48.159607,48.14298,48.300545,48.25215,48.19837,47.97594,48.135586,48.40062,48.468983,48.417286,48.542507,48.49261,48.469536,48.573853,48.36712,48.399372,48.205,48.548203,48.639656,48.44012,48.34691,48.742447,48.43329,48.041416,48.4649,48.679157
54.81042,54.7143,54.767166,54.46502,55.135643,54.995182,55.29155,54.702187,54.79314,55.451107,54.93871,55.380993,55.068275,55.12276,55.1291,55.08781,55.134293,55.34581,55.20436,55.16852,55.38869,55.354424,55.328674,55.300377,55.157154,55.3443,55.482338,55.275967,55.30386,55.26526,55.45727
42.19126,42.609516,42.266045,42.772686,42.108246,42.1724,42.657444,42.437885,42.605762,42.87384,42.87266,42.85873,42.503136,42.680622,42.714737,42.902058,42.945827,42.70158,42.664837,43.039898,42.703888,42.40579,42.895176,42.58851,43.023434,42.93084,42.551537,43.410088,42.9424,42.954514,42.89297
54.00915,53.94956,54.228516,54.110386,53.753777,54.453667,54.222893,54.5142,54.384937,54.01661,54.140087,54.130753,54.066387,54.34686,54.119637,54.259216,54.30228,54.518333,54.243645,54.02369,54.415195,54.58556,54.40202,54.30861,54.740322,54.55529,54.35949,54.568512,54.452015,54.54472,54.160217
48.15818,48.2093,48.359894,48.444157,48.067398,48.262825,48.230953,48.212452,48.360386,48.29168,48.372013,48.59708,48.409668,48.388798,48.147976,48.11998,48.21925,48.679028,48.325954,48.703568,48.5418,48.520462,48.44558,48.353477,48.79925,48.869057,48.72357,48.457443,48.536438,48.366352,48.605553
41.916843,42.598824,42.148895,42.52873,42.037697,41.68885,42.20716,42.047073,42.07961,42.342197,42.224155,42.048054,42.333767,42.23099,42.21886,42.5493,42.338364,41.96467,42.324776,42.505882,42.168034,42.303745,42.377506,42.483543,42.27119,42.33805,42.193283,42.913723,42.64351,42.371597,42.63606
43.77971,43.68888,43.85196,43.447857,43.98169,43.53749,43.62259,43.563004,43.499683,43.664097,43.208015,43.866997,43.870426,43.924984,43.76138,43.884033,43.855442,43.932507,43.833527,43.560677,43.971817,44.2731,43.886684,44.10388,43.336727,43.47976,44.42506,43.790775,43.98319,43.88896,44.014763
52.40177,52.57879,52.660255,52.59469,52.509323,53.161236,52.880253,53.03564,52.961582,52.8134,52.922432,52.703922,52.867462,52.751305,52.93059,52.81561,52.776825,52.901653,52.869976,52.83922,52.922665,52.916023,52.907955,53.113556,53.335026,53.3125,52.85133,53.241642,53.14891,53.092567,52.97247
41.11685,41.01853,40.91439,40.61467,40.73713,41.01812,40.997253,41.144245,41.142628,41.022892,41.35153,41.214058,40.787407,41.26312,40.901062,41.158146,41.258305,41.184574,41.147236,41.05206,40.89882,41.546432,41.03884,41.20617,41.25606,41.820168,41.1191,41.484276,41.451935,41.4039,41.293766
48.833138,48.461483,48.986893,49.046825,49.17811,48.96892,49.50673,48.979565,48.419888,48.938347,48.8718,49.05568,49.296825,49.141846,49.40963,49.647903,49.35416,49.227154,49.185246,49.316525,49.375114,49.231678,49.330215,49.141815,49.114456,49.06025,49.620403,49.374565,49.049652,49.217655,49.716244
45.81885,45.95692,46.31939,46.18585,45.9581,45.91055,46.04935,45.956287,46.006287,46.027798,46.135315,46.109173,45.90526,46.03095,45.822422,46.069057,45.779163,46.083218,46.044903,46.106567,46.168797,46.4755,45.925884,46.27397,45.914215,46.547928,46.55807,46.358227,46.464825,46.026405,46.269314
53.951263,53.681385,53.209785,53.861046,53.732193,53.43948,53.891884,53.78322,53.869213,53.866215,54.16784,54.05182,53.70264,53.666912,53.87371,54.496117,54.20291,53.8656,54.238895,54.255695,54.00006,53.532967,54.33578,54.16082,54.19528,53.902695,53.85822,54.3051,54.38864,54.451374,54.18619
51.02557,51.031937,51.039818,51.08006,51.10398,50.807976,50.87099,50.89761,51.205814,51.182796,51.299465,51.15208,50.891582,50.98384,51.123768,50.99035,50.995247,51.244442,51.38966,51.516064,51.321068,51.19272,51.28823,51.221603,51.244774,51.532906,51.33104,51.27814,51.339493,51.31353,51.365
43.06189,42.92316,43.34661,43.03312,43.032143,43.154358,43.080616,43.260925,43.257805,42.870853,43.373943,43.190857,43.06055,43.34516,43.13376,43.450863,43.230167,43.266285,43.42453,43.088734,43.03714,43.361633,43.299957,43.589302,43.338356,43.640114,43.64329,43.345306,43.433723,43.363304,43.61394
48.15726,48.181507,48.69953,48.17825,48.580635,48.694946,48.402916,48.449497,48.42348,48.398117,48.07534,48.51688,48.946785,49.236576,48.795414,48.962822,48.766068,48.681854,48.5455,48.42264,48.692295,48.65836,48.58416,48.77546,48.535034,48.834,49.135563,48.89874,48.565796,48.87456,49.03484
51.24437,50.95624,51.642174,50.793537,51.493187,51.517582,51.008232,51.068226,51.334064,50.785755,51.313747,51.25113,51.252056,51.39124,50.74123,51.265038,51.458736,51.0289,51.350174,51.17171,51.044865,51.306084,51.54417,51.473587,51.079113,51.780876,51.724033,50.888958,51.502186,51.502354,51.207275
48.036896,48.34854,48.03592,47.68154,47.976425,48.204163,48.289654,48.276123,48.532326,48.31945,48.144295,48.6716,48.039227,48.272892,48.56853,48.097836,48.688126,48.502567,48.316143,48.36151,48.57922,48.66308,49.12952,48.613106,49.060528,48.55404,48.379833,48.403866,48.364826,49.061707,48.50625
38.880817,38.466286,37.78862,38.618343,38.711937,38.166157,38.102516,38.248947,38.194477,38.35234,38.22298,38.360798,38.60185,38.284542,38.339844,38.52796,38.437946,38.625652,38.5194,38.986835,38.88042,38.58504,38.145515,38.345795,38.288193,38.23661,38.728287,38.42618,39.208107,38.708412,38.787228
36.5209,36.07428,36.08628,36.145008,35.920845,36.175667,36.00827,36.443344,36.278137,35.89176,36.529213,36.14096,35.76714,36.169937,36.270752,36.403503,36.00508,36.62428,36.65584,36.33656,36.091835,36.358234,35.906433,36.247894,36.455276,36.746727,36.370045,36.434555,36.75979,36.25216,36.72022
45.381256,45.207695,45.005066,45.485123,45.287193,45.18762,45.636887,45.333687,45.31289,45.60128,45.9078,45.704887,45.246437,45.19232,45.43011,45.745895,45.59965,45.502804,45.77422,45.726692,45.520836,45.261658,45.860664,45.621483,45.753742,45.579445,45.505238,45.791374,45.959015,45.78465,45.774483
50.52432,50.420433,50.424797,50.375275,50.49858,50.926434,50.628574,50.943336,50.674522,50.711605,50.48709,50.765274,50.625114,50.60642,50.782337,50.4411,50.64521,50.977226,50.638237,50.74561,50.909626,50.97727,50.64002,50.68363,50.93982,51.052826,50.798283,51.0384,50.75954,50.922775,50.623123
54.84331,54.822273,55.15657,54.891594,55.099777,54.77333,55.362736,54.662376,55.023857,55.41278,55.74045,55.299664,55.05035,55.03821,55.269287,55.307255,55.526146,55.13234,55.5216,55.50523,55.27186,55.32274,55.781586,55.55226,55.303646,55.487984,55.4685,55.416183,55.5017,55.422176,55.62528
45.558655,45.17823,45.28607,45.313442,45.659775,45.63877,45.65136,45.76617,45.45721,45.480392,45.684475,45.387463,45.437027,45.52157,45.665455,46.07646,45.641857,45.719574,45.921295,45.576023,45.626717,45.62064,45.527203,45.80738,45.489048,45.77349,45.753082,45.931793,45.7877,45.753082,45.828842
39.848923,39.806713,39.787216,40.246105,39.723686,40.146744,39.880875,40.29453,39.984055,39.981644,39.819466,40.127754,40.19952,40.162502,39.933884,39.98537,39.820084,40.552547,40.183247,40.013374,40.066216,39.870224,39.91636,40.041878,40.470337,40.099777,40.30774,40.319695,40.097195,39.88671,40.229
46.220257,45.89674,45.54957,46.43043,46.286736,45.707443,46.49569,46.007504,45.813927,46.58094,46.68978,46.31337,46.096565,45.820057,46.80164,46.477276,46.29451,46.442947,46.65426,47.061455,46.7083,46.267708,46.435524,46.314247,46.552525,46.362595,46.420517,46.691097,46.683773,46.55881,47.0999
48.806858,48.77433,48.97869,49.055958,48.63495,48.85429,48.97062,48.808743,49.035324,48.794994,48.988,49.240192,48.907627,48.822502,49.051884,48.82401,49.15969,49.359493,49.049877,49.252693,49.345478,49.211582,49.39832,49.256035,49.593033,49.034966,49.60217,48.919212,49.551746,49.225925,49.402966
48.787132,49.264835,48.901566,49.04383,48.915802,48.875004,49.363605,48.909267,49.15823,49.544605,49.24154,49.440094,49.289837,49.264225,49.6695,49.232677,49.49117,49.301003,49.22358,49.581367,49.668808,49.581673,49.804317,49.525246,49.85782,49.42859,49.35686,49.69562,49.622223,49.85474,49.84627
42.79572,42.641373,42.511497,42.1794,42.392532,42.218323,42.227566,42.28028,42.311565,42.15391,42.491318,42.48867,42.246513,42.467766,42.229137,42.44754,42.354237,42.382973,42.61249,42.57961,42.3021,42.87964,42.5201,42.470467,42.44135,42.935287,42.492542,42.442722,42.93235,42.695312,42.804974
51.308735,51.278103,51.283012,51.584923,51.69365,51.21038,51.555336,51.298927,51.258152,51.916798,51.50867,51.522297,51.73948,51.637127,51.732777,51.666267,51.71562,51.722996,51.978874,51.694855,51.77954,51.49828,51.951874,51.77617,51.60358,51.305573,51.863777,51.89392,51.630806,51.701023,51.949875
40.465485,40.977398,40.459732,41.12758,40.722107,40.77694,41.265553,40.88041,40.762524,40.91595,41.186214,40.80026,40.93958,40.160168,40.85366,41.153965,41.252193,40.764565,40.92563,41.68164,40.896023,40.48706,41.09918,41.077774,41.251755,41.052917,40.78708,41.337418,41.355137,40.809685,41.067043
49.049427,48.710808,49.213737,48.782112,49.024467,49.12794,49.31226,48.87354,48.936764,49.24954,49.331318,49.298717,49.07469,49.216015,49.060966,49.48331,49.192085,49.52493,49.53897,48.969357,49.20029,49.27466,49.302845,49.38527,48.98153,49.16458,49.536575,49.3663,49.621346,49.03104,49.381947
46.317028,46.9155,46.72303,46.513035,46.540085,46.556335,46.89726,46.370342,46.411037,47.271095,46.543392,46.94969,47.144554,46.843533,47.02963,46.370262,46.584316,46.99751,46.754887,46.90101,46.996365,47.358837,46.93846,47.04187,47.038403,46.920135,46.974075,47.179222,47.050636,46.692635,47.349186
47.57775,47.04346,47.10195,47.993084,47.597412,47.234512,47.87593,47.622364,47.177204,47.821712,48.045284,47.810047,47.48309,47.360725,48.282475,47.56227,47.78926,47.914394,48.01794,48.35024,48.103367,47.71476,48.125397,47.559814,48.33728,47.800865,47.980858,47.91632,47.6981,48.132744,48.4983
51.115913,50.985237,50.879913,51.094055,51.081306,51.111763,51.39604,51.264584,51.084286,51.17084,51.096035,51.015697,51.117786,51.044857,51.320335,51.384384,51.429585,51.648304,51.434982,51.52937,51.57183,51.56488,51.32365,51.397804,51.63327,51.3403,51.526783,51.44985,51.448406,51.283516,51.618206
51.915012,52.04482,51.9588,51.72144,52.266937,51.700138,51.482494,51.469543,51.744614,52.00182,51.569286,51.73185,52.197742,52.12415,51.636543,51.834618,51.876987,51.731667,52.09679,51.98945,51.91171,51.98047,51.90033,52.0532,51.448334,51.941765,52.176403,51.987362,52.306786,51.993137,52.048397
53.111282,52.720486,53.15381,52.991283,53.12549,53.175568,53.346745,53.26407,52.85042,52.758106,53.313454,53.263,53.238636,53.133682,53.187836,53.60204,53.5982,52.74511,53.12887,53.187355,53.106945,53.282585,53.776115,53.29293,53.232365,53.376434,53.217556,53.420944,53.240986,53.863747,53.236782
41.427765,41.497417,41.29348,41.293823,41.54972,41.094326,41.302868,40.991512,41.23563,41.447613,41.245796,41.067715,41.450356,41.287235,41.330803,41.494606,41.208282,41.81574,41.61679,41.81019,41.796455,41.97239,40.996857,41.64869,41.184727,41.511406,41.91957,41.42804,42.028473,41.065002,41.99739
48.55757,48.67604,48.634003,48.986004,48.546165,48.383354,48.72243,48.65575,48.800266,48.825886,48.968563,48.892136,48.62115,48.764866,49.01414,48.78769,49.230576,48.885284,48.94404,49.32511,49.048847,48.812016,49.299377,48.788445,49.2929,49.0502,49.006542,49.172874,48.980656,49.291683,49.13861
45.357117,45.40629,45.521355,45.699238,45.500053,45.810894,45.714558,45.870403,45.891727,45.93119,45.763596,46.106552,45.864475,46.24127,45.91606,45.941574,45.95557,46.054863,45.873695,45.675053,46.004837,45.67848,46.26651,45.901405,46.367733,46.02613,46.024094,46.21065,45.70446,46.3756,46.010597
52.825493,52.783173,52.78421,53.23039,52.61882,53.09784,52.69995,53.339314,53.295204,52.785572,53.064564,53.00544,52.835815,52.932644,53.135906,52.81949,53.09442,53.049656,52.99567,53.201904,53.287766,52.919277,53.365574,52.890854,53.667866,53.29265,52.925312,53.34896,53.166714,53.733917,52.84873
41.836803,41.622063,41.785927,41.873253,41.76944,41.700333,41.348057,41.76684,41.849205,41.53513,41.801598,41.791363,41.85677,42.174084,41.630524,41.833763,41.660202,41.93459,41.909218,41.976765,41.8318,41.875202,41.68325,41.76896,41.947266,42.344482,42.161045,41.87672,41.937656,42.05267,42.16855
47.10396,47.422386,47.405396,47.387802,47.076897,47.149124,47.44491,47.345173,47.338257,47.37852,47.51805,47.082195,47.327156,47.56119,47.521004,47.739044,47.62274,47.408646,47.566456,47.625114,47.42833,47.661434,47.50817,47.49356,47.667778,47.851257,47.36936,48.03168,47.65236,47.605556,47.814594
49.62499,49.124443,49.701164,49.563343,49.519783,49.90324,49.83036,49.805435,49.6018,49.645866,49.896057,50.16215,49.92522,50.026863,49.78256,49.714832,49.78985,50.095974,49.872963,49.603657,49.84528,50.08896,50.060955,50.12117,50.291477,50.116776,50.43553,49.802567,49.96534,50.060287,50.30449
52.987232,53.46021,53.516388,53.50312,53.172638,53.598618,53.132248,53.430622,53.561794,53.39085,53.426228,53.137646,53.705418,53.494297,53.526623,53.065,53.152534,53.38171,53.578133,53.612114,53.4393,53.299152,53.678455,53.49785,54.073853,53.877487,53.26354,53.646393,53.511993,53.604687,53.652496
53.01794,52.23821,53.409966,53.048027,53.236916,53.63514,53.26424,53.315193,53.180042,52.96651,53.384346,53.127457,53.26545,53.494118,53.117928,53.499535,53.288403,53.79598,53.55855,53.105453,53.490044,53.22863,53.388237,53.21,53.35314,53.485023,53.824986,53.15326,53.02137,53.19514,53.260277
54.893417,55.258896,55.397728,54.74018,54.76156,55.0435,54.779953,54.970272,55.366726,54.738194,54.85658,54.776703,54.753864,55.023155,55.34735,54.905563,55.090904,55.08647,55.067448,55.22346,55.378063,55.646355,55.2231,55.24688,55.357647,55.55098,55.20663,55.24673,55.625015,55.545288,55.29119
45.136074,45.027878,44.690384,44.88452,44.818222,45.251633,45.019863,45.71169,45.435993,45.079445,45.041386,45.134888,44.87696,45.050846,45.576424,45.27618,45.29137,45.56448,45.354473,45.05901,45.410095,45.465424,45.212463,45.494247,45.579998,45.222458,45.20481,45.715626,45.418514,45.681854,45.242847
45.990437,45.452587,45.66539,45.4744,45.88035,46.079163,45.93203,45.94883,45.778854,45.690796,45.879322,46.064507,45.752426,45.92661,45.294926,46.050957,45.941555,46.107544,45.850407,45.723648,45.95172,46.206284,45.88871,45.88645,45.791367,46.23017,46.168625,45.851044,46.04903,46.02401,45.68158
51.66137,51.45561,51.59446,51.39205,51.671318,51.61075,51.868095,51.69951,51.35739,51.5323,51.570335,51.956547,51.732494,51.806683,51.7005,51.942966,51.99201,51.57133,51.69557,51.800396,51.67585,51.915413,52.14958,51.780098,51.88078,52.078064,51.87768,51.968166,51.699528,52.18995,51.98921
39.64171,39.45747,39.14499,39.395267,39.918953,39.451046,39.530533,39.603554,39.507915,39.54627,39.451725,39.45205,39.75091,39.617867,39.47227,39.939224,39.72008,39.771797,39.766777,39.72958,39.83882,39.951153,39.543034,40.063263,39.505524,39.617744,40.089706,39.64746,39.81792,39.76869,40.01111
49.315277,49.483234,49.72867,49.60553,49.444527,49.485287,49.731857,49.867435,49.81821,49.502365,49.378506,49.820995,49.62666,50.026733,49.79564,50.276943,50.32013,49.979248,49.901413,49.6226,49.806454,49.56578,50.437023,49.927788,50.07147,49.631012,50.000404,50.15475,49.306095,50.10361,49.743057
50.181705,49.529453,49.66884,49.813335,49.740852,49.90374,49.725025,50.056713,50.05167,49.990692,50.199127,50.289185,49.753613,50.380367,50.05866,50.038982,49.761703,50.477657,50.433334,49.89652,50.089012,50.147717,50.02562,50.164146,50.51896,50.522568,50.421608,50.192795,50.37178,50.430275,50.64047
46.279316,46.239952,46.335228,46.241177,46.253387,46.362804,46.324036,46.546246,46.395073,46.33592,46.550476,46.263195,46.122467,46.451733,46.24771,46.615,46.120926,46.396774,46.557804,46.360126,46.2824,46.613487,46.131855,46.53132,46.35183,47.095444,46.473824,46.889046,46.627018,46.490562,46.603844
37.91325,38.079533,38.152107,37.84722,38.030624,38.149708,38.156853,38.153946,38.046936,37.90384,38.112743,37.848167,38.076168,37.967487,38.35153,38.194767,38.03585,38.2618,38.181084,38.3075,38.196583,38.679073,37.832794,38.548714,38.207752,38.58831,38.544533,38.316097,38.5741,38.061333,38.765038
43.28007,43.027355,43.097694,43.203037,42.73384,43.34671,43.013016,43.705746,43.272785,42.79384,43.139996,43.18431,43.020847,43.284893,42.90608,43.246437,43.161972,43.467194,43.22725,43.027935,43.005634,43.409702,43.030132,43.168945,43.51905,43.620415,43.247597,43.56297,43.312347,43.29878,43.108826
46.77483,46.76519,47.163742,46.927254,47.155052,47.042656,47.14071,46.968624,46.901287,47.14342,46.89473,46.77977,47.167797,47.405334,46.848274,47.47038,47.022747,47.416092,47.438633,46.842022,47.13981,47.239223,47.0605,47.320435,46.94156,47.14975,47.527443,47.31328,47.061874,46.80807,47.366215
47.500187,48.256275,48.307755,48.296165,47.876694,48.01628,48.227077,48.008533,48.255215,48.375404,48.480896,48.127956,48.3533,48.19977,48.489483,48.22354,48.334755,47.92067,48.25119,48.459953,48.248684,48.164433,48.713966,48.49868,48.627117,48.556244,48.133102,48.787758,48.437614,48.578587,48.539238
52.814312,52.614014,53.040802,53.32594,52.757957,53.489796,53.45132,53.66198,53.042877,53.170784,53.376286,52.957397,53.106148,53.28638,53.278324,53.306126,53.28286,53.502735,53.39959,53.262917,53.155453,53.19771,53.124596,53.10219,53.83891,53.821556,53.296246,53.869934,53.162643,53.218178,53.44133
56.028484,56.374638,55.896843,56.204792,55.94191,56.093384,55.968124,56.33729,56.21343,56.27156,55.938446,56.07162,56.26319,56.272934,56.500443,55.838696,56.130234,56.003284,55.957672,56.463974,56.618275,56.80457,56.39084,56.153618,56.75274,56.681107,55.974815,56.762024,56.429783,57.058144,56.37841
47.145058,47.343315,47.24054,47.66782,47.66674,47.776493,47.414463,47.716404,47.50829,47.62235,47.079773,47.181477,48.00056,47.775963,47.761227,47.639095,47.297802,47.77662,47.595234,47.587505,48.031815,47.642105,47.444542,47.74962,47.855175,47.551117,47.84748,47.852116,47.6126,47.76598,47.89868
41.344383,41.718166,41.752914,41.488533,41.70204,41.40124,41.786057,41.436844,41.98543,41.60606,41.770832,41.627747,41.457176,41.69117,41.933388,42.37246,42.27055,41.85939,41.85328,42.091515,42.135654,41.92995,42.026463,42.216125,41.721046,41.8982,42.27724,42.012093,42.22627,42.092068,42.14464
45.58379,45.67431,45.420692,45.31123,45.61731,45.407955,45.631943,45.700993,45.39578,45.617252,45.273033,45.5979,45.471096,45.620552,45.713245,45.714966,45.70635,45.67092,45.69337,45.65897,45.731148,46.01551,45.834526,45.642616,45.629005,45.77977,45.603825,45.989056,45.525593,45.92918,45.756588
49.901474,49.8705,49.874367,50.20671,50.20507,50.037106,50.38304,50.287632,49.86723,50.04972,50.361107,49.863354,50.24013,49.7786,50.442047,50.563427,50.27288,49.84404,50.18805,50.55498,50.30397,50.334614,50.19334,50.462288,50.130074,50.419037,50.213207,50.715847,50.400673,50.468216,50.497963
54.645786,54.057346,54.620346,54.296333,54.294052,55.02668,54.708015,54.71665,54.689533,54.407734,54.838665,54.75194,54.49779,54.581226,54.514275,54.652203,54.682423,54.99573,54.678143,54.44928,54.871605,55.13301,54.55776,54.928207,54.864243,54.96991,55.174328,54.729576,55.501984,54.874275,54.754642
44.835266,44.9766,44.992165,44.870747,44.94377,44.85786,45.292103,44.934883,45.18628,45.167355,45.2288,45.37099,44.836185,45.09109,45.092003,45.36763,45.45622,45.31207,45.16605,45.307484,45.44192,45.434746,45.622723,45.362534,45.390774,45.400635,45.456303,45.348526,45.328926,45.526756,45.336864
26.85527,27.627504,27.53936,27.063698,27.03805,27.518045,27.364658,27.563618,27.735302,27.418606,27.265429,27.395382,27.230312,27.758532,27.46765,27.56046,27.63704,27.85399,27.396908,27.523851,27.381748,27.566847,27.37392,27.430286,27.756687,28.130762,27.51251,27.923168,27.234903,27.370419,27.577398
47.41305,47.25469,47.466072,47.312077,47.668724,47.79506,47.698757,47.642345,47.596092,47.583546,47.39029,47.59302,47.694923,47.578373,47.51193,47.817356,47.676964,47.989914,47.770565,47.39836,47.939423,47.867207,47.784397,48.02008,47.622204,47.417473,48.11451,47.64262,47.86698,47.67147,47.662697
57.26931,57.182545,57.098457,57.093742,57.304848,56.74872,56.91031,56.831142,57.22836,57.14909,56.909924,57.192886,57.05169,57.454918,57.411602,57.377193,57.3566,57.31475,57.485935,57.4504,57.738247,57.451786,57.748924,57.310562,57.44813,57.237274,57.560333,57.252647,57.543182,57.947735,57.69501
47.792606,48.2375,47.833878,48.08504,47.934128,48.005146,48.277145,48.160828,48.198345,48.40364,48.32677,48.063408,48.030872,47.905205,48.38346,48.111786,48.35797,48.167175,48.214577,48.62137,48.394867,48.385258,48.359867,48.32611,48.58228,48.594193,48.081627,48.741432,48.490406,48.495567,48.41357
55.840336,55.75558,55.3602,55.608154,55.59813,55.883575,55.797688,55.94881,55.688602,55.84346,55.71029,55.596615,55.739853,55.455536,55.885517,55.72284,55.657616,55.94216,56.026474,55.91527,55.944057,55.955635,55.791435,55.911804,56.104416,55.877014,55.596798,56.17214,56.33506,55.973698,55.904835
41.866047,41.589447,41.817093,41.93416,41.3984,41.65624,41.695927,42.02604,41.977535,41.135292,41.81193,41.925068,41.601387,41.844902,41.625984,42.380573,42.114525,42.05311,41.968655,41.737312,41.776447,41.791233,42.117718,42.146873,42.181255,41.80609,42.27105,41.898632,42.193993,42.107994,42.046925
43.825947,43.86716,43.87539,44.391026,43.77997,43.761852,43.810974,43.940636,43.944633,43.573215,44.140804,43.678764,44.109188,43.79326,43.7509,44.269318,43.87467,43.88945,44.05707,44.282734,43.9747,43.916317,43.86175,44.274452,44.171078,44.14103,44.267704,44.134537,44.519516,43.967068,44.382843
39.499115,39.81772,40.02928,40.069683,39.71306,39.615864,39.93158,39.582138,40.16107,39.92904,40.69568,40.125706,39.86915,39.908497,40.142372,40.322636,40.471924,39.7574,40.145157,40.47029,40.023056,39.66834,40.62507,40.236816,40.262684,40.31009,40.130913,40.287052,40.433933,40.49428,40.340443
40.460285,40.39302,40.264023,40.080055,40.237343,40.290573,40.235886,40.42414,40.12134,39.954006,39.878277,40.40121,40.34624,40.534767,39.933678,40.85281,40.481606,40.356388,40.288498,40.224335,40.090706,40.34078,40.199158,40.281822,40.05291,40.49819,40.41606,40.66322,40.53325,40.3799,40.297253
48.711166,48.4436,47.93048,48.725697,48.13295,48.23805,48.6074,48.609695,48.499302,48.56927,48.744286,48.747047,48.284767,48.715103,48.323555,48.80335,48.830265,48.7721,48.513676,49.016483,48.869747,48.873066,48.662895,48.291626,49.222275,49.18348,48.545887,49.087395,49.023426,49.20754,48.864494
50.083,50.2007,50.367256,50.771626,50.634552,50.38251,50.899567,50.639225,50.247772,50.778744,50.9175,50.23259,50.722675,50.46792,51.06569,51.03553,50.640484,50.40236,50.96507,50.88768,50.669075,50.52595,50.832684,50.962006,50.811134,50.827667,50.701733,51.268368,50.617397,50.792473,51.28384
50.744392,50.741356,51.062576,51.1459,50.88716,51.267452,51.791775,51.463333,50.900448,51.150757,51.250732,51.295685,51.227142,51.166878,51.157078,51.743572,51.581715,51.371204,51.253212,51.30633,51.16988,51.22854,51.532932,51.377625,51.624542,51.57875,51.410336,51.82925,51.04081,51.224834,51.41373
47.189396,47.31245,47.76944,47.453693,47.4802,47.69275,47.743595,47.60422,47.56728,47.7599,47.43912,48.09854,47.766907,48.170815,47.40293,47.747868,48.063957,47.880566,47.605843,47.532475,47.642765,47.64383,48.13213,47.66475,47.901432,48.02806,48.12658,48.00204,47.375587,47.880264,47.660706
46.02368,46.137424,46.25335,46.162663,46.382874,46.23169,46.54335,45.902355,46.232723,46.397373,46.832306,46.235405,46.446507,46.012737,46.48478,46.63457,46.706787,46.172585,46.52985,46.775288,46.535854,46.39373,46.689198,46.782654,46.351112,46.446175,46.60606,46.497173,47.12826,46.57808,46.777946
35.510098,35.90172,36.1718,35.694725,35.86036,35.667675,35.781628,35.720333,35.76283,35.684975,35.60801,35.671726,35.980415,36.01201,36.13829,35.862865,36.13941,35.892963,35.901726,35.779514,35.98782,36.489838,36.116997,36.36508,35.845898,35.799477,36.489647,35.944023,36.07432,36.032288,36.40934
53.18399,53.170177,53.331863,53.14493,52.83854,53.454548,53.005352,53.58246,53.46857,53.1014,52.882202,53.133377,53.150723,53.46589,53.409447,53.188267,53.272007,53.661777,53.25143,53.042034,53.5988,53.77804,53.19287,53.281494,53.491783,53.392548,53.420433,53.76328,53.611923,53.61744,53.12052
51.601414,51.235657,51.426796,51.671272,51.882027,51.780514,51.64122,51.68636,51.752266,51.930107,52.019855,51.79857,51.78242,51.819443,51.876007,51.681984,51.711945,51.90429,52.104343,51.82719,52.08293,51.773502,52.14077,51.98516,52.099037,51.92051,52.08594,51.800476,51.948517,52.25615,52.093426
38.372513,38.712204,38.408836,38.46625,38.567566,38.45875,38.267014,38.408436,38.871464,38.59697,38.76566,38.38463,38.58011,38.46618,38.731354,38.52301,38.66505,38.712864,38.780647,39.00152,38.836594,38.67815,38.6938,38.863274,38.80361,38.822227,38.714718,38.686806,39.010494,38.8321,38.890606
43.932823,43.735065,43.970802,44.024574,43.61496,43.963814,43.72202,44.084045,44.19231,43.903614,44.281456,43.990078,43.766163,44.11727,44.17157,44.102398,43.952084,44.310158,44.245388,44.02601,44.10774,44.144154,43.820328,44.15551,44.17234,44.351883,44.307358,44.453823,44.637524,44.25051,44.304962
54.339676,54.31483,54.953636,54.690437,54.85354,54.780087,55.307186,54.74301,54.79872,54.945408,55.32092,54.6567,54.621544,54.808422,55.089462,55.472946,55.031902,54.838955,55.184753,54.91997,55.209038,55.10591,55.41826,55.240623,55.007145,55.218765,55.12318,55.2646,54.953136,55.240406,55.2217
38.34489,39.052998,38.97603,38.694096,38.500664,38.32476,38.641026,38.270107,38.850468,38.805664,38.795856,38.755535,38.838932,39.06374,38.70206,39.140434,38.739746,38.782604,38.802254,38.929573,38.84512,39.02737,38.83253,39.137108,38.776123,39.146652,39.057816,39.169327,39.2925,38.82338,39.336887
49.40445,49.46118,49.77156,49.490654,49.580605,49.71418,49.73196,49.72318,49.877068,49.78364,50.25781,49.714382,49.538284,49.702,49.930447,49.864063,50.03216,49.629555,50.091087,49.848366,49.58558,49.69988,50.064518,50.16069,49.962624,50.26927,49.935604,50.16632,50.107666,50.09553,50.074905
38.79754,38.900925,38.57673,38.28365,38.710136,38.61076,38.252636,38.526733,39.01472,38.56697,38.87512,38.864555,38.76051,38.86922,38.56308,38.75297,38.79671,38.58794,38.763454,38.780945,38.658268,38.99486,38.768414,39.204185,38.704754,39.157753,38.946186,38.76112,39.393986,39.228905,39.01619
49.02855,48.71459,49.04075,48.988247,48.780373,48.85274,49.30431,48.86805,48.77621,48.852257,49.380543,49.220043,48.95025,48.762287,49.12768,49.272808,49.34049,49.127045,49.172417,49.290535,49.18387,49.385075,49.397842,49.306442,49.22236,49.142395,49.413834,49.230133,49.689507,49.27009,49.446587
55.28602,55.556114,55.154526,55.738903,55.29754,55.373753,55.31851,55.595093,55.65181,55.734432,55.44891,55.24329,55.55698,55.429733,55.918686,55.50323,55.401134,55.59758,55.614487,55.7965,56.094433,55.7602,55.60252,55.63369,55.874287,55.55223,55.40464,56.18504,56.0239,56.088543,55.676544
37.191357,37.095615,37.191727,36.91189,37.38801,37.30074,36.984547,37.33438,37.319103,37.06987,37.195076,37.142326,37.285835,37.34976,37.55215,37.547253,37.40036,37.222565,37.372425,37.132008,37.376266,37.51181,37.227245,37.655083,36.93201,37.25647,37.584084,37.512173,37.652462,37.707535,37.473503
56.341785,56.16828,55.868835,56.376236,56.613632,56.36946,56.69227,56.30113,55.957626,56.69423,56.455765,56.42919,56.897633,56.151855,56.91131,56.709263,56.42327,56.346188,56.761837,56.736885,56.75364,56.35711,56.85422,56.823975,56.680866,56.15171,56.455124,56.80002,56.93824,56.844124,57.0436
46.05351,45.77611,45.45939,45.77798,46.00482,45.881153,45.894176,45.981297,45.948505,45.93045,45.71808,45.998886,45.81403,45.91205,46.059704,46.1518,46.114937,46.387817,46.24494,46.13724,46.3637,46.026497,46.161884,46.09581,46.272675,45.868835,46.292946,46.023064,46.318123,46.3273,46.289135
48.41555,48.338314,49.255783,48.483894,48.466965,49.13554,48.860966,48.782486,48.889023,48.676468,48.896564,48.972515,48.865135,49.126976,48.51413,48.9518,48.99848,49.08481,48.887287,48.30983,48.703556,49.03458,48.981625,49.16729,48.798454,49.035294,49.38873,49.022144,49.162296,48.75719,48.740417
41.948418,41.64159,41.902145,42.512463,41.786507,41.929115,41.9473,42.18538,41.67105,41.46086,42.19487,41.783436,41.989635,41.774437,41.471256,42.102978,42.02855,41.828087,41.949356,42.339756,41.713486,41.75896,41.870525,41.7101,42.154945,42.380165,42.088764,42.128265,42.064728,41.880684,42.019012
54.543205,54.79714,54.363174,54.617016,54.9383,54.36248,54.534374,54.47797,54.97543,55.037796,54.716698,54.675507,54.671455,54.675938,55.323185,54.875698,54.66196,54.930023,55.00639,55.42586,55.547127,54.96085,55.084225,55.00708,55.05578,55.05442,54.892838,55.088127,54.952824,55.42592,55.27196
45.87664,45.513664,45.96559,45.68588,46.09369,45.72477,45.888725,45.479214,45.64513,45.86852,45.894955,46.05002,45.91667,46.141434,45.810287,46.00015,46.014534,46.12125,46.141678,45.944862,46.16741,46.22865,46.233994,46.078934,45.891136,46.01239,46.61479,45.699997,46.209972,46.12493,46.439953
45.569828,45.374,45.430588,45.659004,45.531456,45.415688,45.329697,45.61106,45.16953,45.11625,44.900555,45.616745,45.811512,45.752197,45.374977,45.697395,45.337364,45.566757,45.378162,45.51985,45.63274,45.682903,45.50132,45.508804,45.565796,45.5633,45.92419,45.623795,45.52233,45.735107,45.820267
54.524097,54.05251,53.68087,54.559246,54.561768,54.300243,54.842815,54.78435,54.296402,54.858307,54.787758,54.23205,54.2385,54.130634,54.963543,54.88719,54.599663,54.901524,55.04822,54.92669,55.037014,54.74228,54.58422,54.721413,54.87302,54.56362,54.5789,55.152107,54.762276,54.837082,54.997147
53.125065,53.485504,53.222214,53.18315,53.371407,53.360115,53.480396,53.44466,53.25237,53.55335,53.242245,53.355415,53.729233,53.420063,53.662792,53.629387,53.55043,53.13958,53.525635,53.35029,53.409866,53.554947,53.78414,53.909836,53.535503,53.40957,53.36085,54.00191,53.73238,53.85576,53.693966
40.581753,40.465134,40.566254,41.02858,40.375374,40.63445,40.31105,40.58583,40.664944,40.438644,41.01679,40.87255,40.68,40.86484,40.14096,40.648624,40.450066,40.42381,40.55876,40.82652,40.462856,40.34145,40.58241,40.430252,40.879803,41.320244,40.73217,40.871258,41.168293,41.00345,40.752914
40.548073,40.511116,39.81254,39.7569,39.973373,40.481884,39.90452,40.47809,40.539173,40.2215,40.066006,40.25994,40.048035,40.14347,39.9344,40.195965,40.07214,40.693954,40.39045,40.12183,40.2141,40.48459,39.75798,40.388756,40.243782,40.47587,40.131134,40.55524,41.061928,40.245045,40.065907
40.966747,41.158745,41.158783,40.691875,41.109016,40.952152,40.930798,40.73494,41.10815,41.072517,41.288986,41.205242,41.107822,41.143196,40.902256,41.104317,41.15096,41.068302,41.327724,41.26112,40.879036,41.14543,41.259766,41.44271,41.102066,41.569527,41.360672,41.09937,41.49537,41.12098,41.51309
53.307697,53.6954,53.41645,53.51244,53.349014,53.278927,53.24537,53.41122,53.731224,53.737072,53.152428,53.63145,53.689716,54.071293,53.711155,53.86647,53.480083,53.79786,53.73919,53.571297,53.833534,53.596752,53.64203,53.856247,53.825733,53.76219,53.837856,54.180305,53.938335,53.961487,54.019318
45.355335,45.484886,44.935852,45.392616,44.65367,45.107166,45.513714,45.621483,45.20873,45.354336,45.471863,45.46162,45.054626,45.162746,45.440945,45.25557,45.354744,45.52524,45.428337,45.472267,45.32098,45.800106,45.551575,45.390396,46.158394,45.730766,45.091984,45.95796,45.776417,45.685585,45.73764
47.554802,47.482113,47.785576,47.4294,48.191658,47.832577,47.779667,47.418964,47.71937,47.943848,47.842197,47.719997,48.068924,47.673042,47.815594,47.771763,47.66305,48.013496,48.004852,47.96373,48.21929,48.185112,47.899544,48.323044,47.571102,47.852272,48.428295,47.616722,48.084034,47.744606,48.147243
37.739365,37.71019,37.2669,37.531193,37.33233,37.497055,37.55835,37.770397,37.76879,37.52499,37.472336,37.727867,37.257305,37.69449,37.447536,37.897785,37.86013,38.166164,37.79663,37.83607,37.781822,37.74879,37.568325,37.568726,37.975784,37.912636,37.82131,37.951412,38.027855,37.78033,37.810528
50.4589,50.239796,50.78843,50.58657,50.72899,50.342545,50.676926,50.230213,50.451008,50.479572,50.82717,50.563034,50.809998,50.667736,50.760754,51.14698,50.934044,50.73462,51.0381,50.830624,50.78613,50.66356,51.00776,51.149284,50.547825,50.52324,51.30316,50.698288,51.07519,50.706516,51.24859
50.087,50.1336,50.299683,50.417183,49.857742,50.477055,50.601105,50.60396,50.476246,50.34255,50.644825,50.570766,50.293007,50.47405,50.402596,50.464504,50.707977,50.689404,50.445858,50.637047,50.500435,50.545246,50.789955,50.423508,51.231167,51.016373,50.502045,50.871426,50.510654,50.728233,50.60726
39.648525,39.620544,39.794403,39.899933,39.687653,39.49941,39.780365,39.595898,39.65417,39.696915,40.34641,39.718864,39.64198,39.524612,40.15582,39.909122,40.03943,39.632084,40.108013,40.206955,39.810658,39.785515,40.165306,39.9703,39.935593,39.952866,39.92953,40.030663,40.314342,40.14603,40.31836
39.41739,39.192867,39.171608,39.53595,39.4757,39.449833,39.545494,39.500984,39.334797,39.646534,39.657757,39.79702,39.463608,39.440285,39.4776,39.289654,39.857307,39.793888,39.534515,39.93485,39.745987,39.62175,39.746994,39.329437,39.7907,39.765045,39.819912,39.678627,39.587204,39.774704,39.621864
46.709305,46.797695,46.744064,46.700844,46.690666,46.76983,46.96655,46.666733,46.79513,46.86115,46.931595,46.90672,46.70928,46.70671,46.807823,46.907467,46.875416,46.994884,46.910454,47.094505,47.127213,47.172604,47.045563,46.974052,47.105045,47.16945,47.047386,47.02206,47.372437,47.07641,47.139095
41.615627,41.590874,42.06479,41.67404,41.674362,42.07174,42.125072,41.8757,41.786682,41.726437,42.01754,42.159885,42.16165,42.082832,41.7133,42.18268,42.103832,42.082993,41.896477,41.778862,41.835262,42.173122,42.158936,42.31434,42.115093,42.202934,42.4023,42.058186,42.16554,41.92798,42.21224
37.418922,37.68257,37.61271,37.73659,37.369606,37.35016,37.44039,37.62609,37.641724,37.460617,37.76825,37.77104,37.76234,37.70659,37.671906,37.656097,37.879196,37.568996,37.612774,37.903324,37.536373,37.763287,37.895397,37.866264,37.91867,37.944183,37.83196,37.962315,37.76976,37.92889,37.969475
45.37927,45.654377,45.07499,45.7917,45.241516,45.429436,45.667038,45.682835,45.306194,45.668118,45.43463,45.39041,45.67367,45.28739,45.527256,45.119556,45.51724,45.618984,45.313137,45.89207,45.945087,46.24497,45.651924,45.500694,46.18948,45.730858,45.4606,45.88663,45.835995,45.850075,45.756714
55.47654,54.939323,55.64206,55.759727,55.53752,55.65405,55.273907,55.54123,55.61568,54.958797,55.6299,55.04967,55.27746,55.363964,55.385166,55.732815,55.48151,55.663136,55.846077,55.73555,55.788376,55.281,55.572838,55.44632,55.664867,55.67765,55.92914,55.34534,55.873714,55.67422,55.597652
50.674446,51.172222,50.44567,51.064682,50.738518,50.824055,51.103844,51.202274,51.040833,51.04475,50.65174,50.907562,51.174652,51.05543,51.39923,51.48161,51.359722,51.115265,51.076805,51.459015,51.33541,50.87808,51.406227,51.18862,51.77274,51.134026,50.85801,51.734398,51.108612,51.585857,51.438473
47.804718,47.79689,47.30876,47.934383,47.809273,47.502308,48.056503,47.671555,47.95484,48.20408,48.715137,47.59398,47.64852,47.627857,48.024124,48.33008,48.08004,47.94633,48.383366,48.593796,48.12099,48.031826,47.879993,48.292244,48.272156,48.491585,47.951214,48.444862,48.76495,48.178684,48.673256
46.91887,47.021763,46.943794,47.417587,47.01201,46.910397,47.35851,47.297394,47.046482,47.458427,47.32021,47.308563,47.010452,47.184296,47.10225,47.390285,47.18925,47.30978,47.24487,47.42752,47.404793,47.35244,47.325195,47.095024,47.318665,47.582497,47.220676,47.905415,47.131172,47.399635,47.215378
39.26344,39.6376,39.577858,39.391464,39.587067,39.474174,39.639545,39.42896,39.67318,39.862774,39.83005,39.75634,39.627476,39.826805,39.76934,39.660194,39.84881,39.84746,39.848667,40.09379,39.725975,39.661526,40.017464,39.65896,40.021435,40.27739,39.721996,39.935146,39.465324,39.821484,40.050335
48.74771,48.963543,48.695793,48.9388,48.893234,48.752747,49.30515,48.848824,48.74046,49.37782,49.541813,48.99393,49.16964,48.810833,49.45124,49.064228,49.20155,48.8959,49.36198,49.494892,49.06089,49.215515,49.486004,49.393234,49.531475,49.38562,48.92515,49.555965,49.39551,49.35216,49.771313
56.491894,56.58288,56.52182,56.743134,56.452324,56.65925,56.907852,56.806488,56.755997,56.828068,56.97526,56.647484,56.59072,56.55014,56.72063,56.854115,56.69838,56.704292,56.780384,56.870087,57.034252,57.137596,56.9815,56.960014,57.10767,57.13082,56.70006,57.249702,57.141876,57.159306,56.845646
49.030544,48.82574,49.08024,48.780502,49.35495,49.26186,48.93073,48.823177,49.009747,49.003075,49.16504,48.807182,49.214798,48.780323,49.06493,49.002594,48.967834,49.08964,49.235653,49.24316,49.360744,49.34272,48.974857,49.369408,48.73785,49.112648,49.42505,48.95899,49.73891,49.115307,49.184666
57.31608,57.222317,57.172035,57.775784,57.45957,57.83328,57.86288,58.015377,57.556854,57.98593,57.732986,57.734337,57.89525,57.454334,57.948444,57.67967,57.92364,57.947193,57.897633,57.87053,57.91804,57.4325,58.05863,57.7678,58.160404,57.562218,57.603382,58.35971,57.624928,57.921165,57.554348
47.459633,47.525402,47.341187,47.31933,47.33384,47.04456,47.09045,47.096783,47.3271,47.527744,47.39464,47.821648,47.27928,47.55704,47.325848,47.200127,47.396664,47.40368,47.508305,47.78261,47.46558,47.35112,47.80183,47.10045,47.528748,47.85694,47.33457,47.64495,47.49044,47.853172,47.495777
45.35376,45.663715,45.582397,45.537567,45.529137,45.87645,45.690544,45.84854,45.51344,45.76306,45.003742,45.772472,46.122684,46.122253,45.626553,45.69745,45.83625,45.99976,45.59808,45.485893,45.783253,45.879642,45.812447,45.78473,45.989174,45.697327,45.966763,46.10091,45.6126,45.77701,45.807415
48.210926,47.87777,48.00643,47.681435,48.315544,47.917744,48.371746,47.85891,47.970802,48.21177,48.20765,48.433884,47.95196,48.025986,48.141617,48.392925,48.46902,48.48026,48.503265,48.299496,48.398533,48.50339,48.61457,48.548958,48.15754,48.195557,48.742275,48.091705,48.48655,48.33128,48.579227
41.830162,42.141605,42.063087,42.385685,42.021805,42.143192,42.48937,42.223778,42.306385,42.45706,42.456707,42.222008,42.34875,42.26549,42.725136,42.60772,42.595623,42.600548,42.419514,42.712265,42.74876,42.460114,42.53542,42.54075,42.76354,42.426987,42.556305,42.842403,42.673714,42.57466,42.817818
48.593285,48.49074,48.662636,48.514202,48.967896,48.768383,48.790607,48.677025,48.5065,48.577908,48.839897,48.42044,48.70808,48.529133,48.957306,48.928795,48.87559,48.54016,48.946007,49.149616,48.78014,48.76843,48.790928,48.86193,48.700687,49.17684,48.90277,48.923557,48.97828,48.96148,49.162395
45.763638,46.20236,46.237206,45.871475,45.98609,45.58889,45.496025,45.250298,45.95354,45.88614,45.723694,45.705006,46.106873,46.04685,46.004593,45.658257,45.949245,46.039444,46.030613,46.40645,46.309322,46.271294,46.093678,45.987587,45.924004,46.044907,46.3045,45.79676,46.4489,46.019085,46.375782
44.418053,43.905186,43.97056,44.06451,44.381203,43.945557,44.275806,44.00264,44.080772,44.2418,44.504864,44.331337,44.230667,44.38041,44.460556,44.891075,44.422256,44.621,44.824757,44.547085,44.42882,44.26997,44.38058,44.618996,44.294357,44.374092,44.777073,44.431305,44.75332,44.434273,45.08701
48.913727,48.89428,48.167343,48.843132,48.83133,48.678978,48.620823,48.848396,48.72172,48.855377,48.460045,48.60658,49.081013,48.91626,48.91512,48.829815,48.767876,48.96126,48.83958,49.06677,49.300034,49.277042,48.77814,49.019264,49.263367,48.854668,48.972008,49.05639,49.34113,49.35458,49.341717
59.659096,59.13337,59.60782,59.174072,59.954353,59.954388,59.638485,59.70506,59.852634,59.760498,59.7677,59.67497,59.661083,59.7513,60.36639,59.861,60.00401,60.067116,60.125114,59.886925,60.312916,59.975544,60.053364,60.07949,59.83141,59.864204,60.23295,59.869095,60.058624,60.36878,60.053673
51.391815,51.308567,51.624527,51.871956,51.67286,51.415977,51.700134,51.365574,51.394203,51.689896,51.689774,51.789204,51.755203,51.69138,51.597298,51.606823,51.710247,51.74378,51.680103,52.09259,52.01249,51.76898,52.008106,51.588432,51.92017,51.950012,52.105305,51.75324,51.712933,51.888264,52.00618
61.16624,60.736675,61.473404,61.168484,61.513992,61.81277,61.328045,61.522263,61.283257,61.22072,61.44888,61.23667,61.54294,61.32775,61.363155,61.07925,61.052937,61.337257,61.612038,61.11495,61.50702,61.56366,61.76411,61.681488,61.68464,61.637695,61.68543,61.19944,61.361668,61.68521,61.485123
39.028736,39.35355,38.765724,39.010586,39.069656,39.08728,39.131485,39.179905,39.110367,39.227364,38.79737,38.98558,39.162006,39.08908,39.049786,39.16067,39.161293,39.408043,39.089855,39.319397,39.42685,39.622284,38.90618,39.33943,39.293564,39.30609,39.372215,39.45931,39.629665,39.204857,39.42059
38.55033,38.896137,38.598557,38.855106,37.846786,38.83103,38.49488,39.15978,38.85917,38.657017,38.437435,38.89936,38.724556,39.432156,38.779175,38.6551,38.504074,39.220592,38.50464,38.72859,38.74148,39.12038,38.363083,38.393654,39.628754,39.686913,38.63524,39.59736,38.888336,39.0424,39.118267
45.00259,45.124992,44.74704,44.911488,44.83863,44.76764,44.454258,44.88608,45.042732,44.563015,44.523888,44.731293,44.966816,44.908722,44.703632,44.707817,44.79758,44.931637,44.736336,45.063164,45.199837,45.46636,44.771236,45.1314,45.082497,45.0923,45.242283,44.859978,45.4617,45.2742,45.130005
34.77048,35.041046,34.960278,34.483894,35.1027,35.11749,35.14756,34.85663,34.979927,35.13432,34.863937,34.973595,35.271152,35.40687,35.498184,35.526714,35.10194,35.373203,35.20058,35.13345,35.324066,35.51201,34.912567,35.548035,35.12601,35.414288,35.536453,35.377544,35.54173,35.21781,35.967663
54.854504,55.06474,55.218887,54.874557,55.157288,55.157505,54.831318,55.08436,55.54912,55.20173,55.417793,54.876396,55.040215,55.200127,55.358147,55.05564,55.277794,55.1562,55.563416,55.326923,55.25256,55.214733,55.46312,55.595467,55.450806,55.64554,55.336178,55.37399,55.426304,55.55585,55.422707
44.362827,44.29947,44.465645,44.30512,44.032555,43.982895,44.080887,44.12624,44.4821,44.230755,44.377342,44.814087,44.13603,44.762627,44.308475,44.493984,44.690098,44.665462,44.5271,44.53202,44.4645,44.391376,44.8678,44.275307,44.685818,44.678993,44.69221,44.568703,44.53686,44.839935,44.60613
42.344173,42.794823,42.9066,42.68922,42.323708,42.53976,42.228634,42.538303,42.755302,42.292965,42.17217,42.703884,42.77574,42.895832,42.86889,42.431282,42.630554,42.778828,42.496574,42.822308,42.843346,42.807827,42.846962,42.68519,43.069588,42.87362,43.002644,42.743412,42.829906,42.97682,43.016945
40.3029,40.39245,40.186157,40.294434,39.911224,40.162014,40.402885,40.470333,40.215065,40.241585,40.275467,40.42391,40.1227,40.401573,40.332176,40.385765,40.3465,40.534546,40.288795,40.381264,40.4445,40.909595,40.388477,40.342606,40.723537,40.7342,40.411125,40.76999,40.655552,40.628498,40.665817
37.36003,37.65115,37.35469,37.21665,37.274605,37.56712,37.33245,37.561214,37.63699,37.337887,37.241234,37.38763,37.48437,37.62313,37.391037,37.51377,37.460022,37.74228,37.44546,37.474903,37.63008,37.932125,37.385475,37.716354,37.775486,37.82511,37.68586,37.656456,37.879784,37.66038,37.758198
50.796616,50.68932,50.83407,51.302322,50.355843,51.061134,51.079544,51.21503,50.73962,50.8313,50.953358,50.89715,50.83378,50.852127,50.93016,50.82848,50.67589,51.26747,50.83099,51.201103,51.18715,51.262344,50.694,50.61322,51.51005,51.495293,50.975822,51.51405,51.328274,50.99068,51.11807
46.320503,46.398705,46.275467,46.130116,46.313927,46.447536,46.35924,46.337173,46.675014,46.84208,46.77772,46.47161,46.43702,46.39723,46.86548,46.245567,46.596767,46.79058,46.747375,46.520035,46.862934,47.094563,46.570595,47.033363,46.652283,46.55349,46.81088,46.832855,47.323277,46.83854,46.853176
43.578392,43.762596,43.791588,43.40205,43.651688,43.55196,43.43225,43.37907,44.05677,43.54009,43.616993,43.877167,43.72439,43.93212,43.888405,43.578217,44.16583,44.005558,43.63443,44.0917,44.285362,44.389256,44.127247,44.113625,44.14539,44.052803,44.446404,43.551254,44.223316,44.35469,44.218388
56.689335,56.75295,56.546783,56.696438,56.510086,56.620132,56.39558,56.646946,57.07432,56.539864,56.818363,56.909138,56.75908,56.771374,56.92825,56.561428,57.015068,56.626522,56.695877,57.121964,57.112755,57.007748,57.25384,57.097435,57.463345,57.155655,57.02597,56.847584,57.42642,57.727753,57.13319
44.933258,45.23259,44.624634,44.660133,44.82116,44.779854,44.69844,45.097088,45.099697,44.795048,44.395683,45.006588,44.978947,45.107265,44.96166,45.155754,45.236202,45.072803,44.91869,44.99439,45.097023,45.18648,45.165436,45.21325,45.186535,45.00003,45.037605,45.306744,45.105995,45.448036,45.054134
51.42278,51.124577,51.322205,51.239353,51.448784,51.392532,51.411037,51.35691,51.681404,51.629555,51.62581,51.81742,51.450207,51.84777,51.69677,51.927322,51.545776,51.951363,51.82908,51.564373,51.97809,51.630085,51.879055,51.780792,51.753483,51.753685,51.916164,51.78883,51.751446,52.049118,51.875446
40.17448,40.190605,40.132874,40.170036,40.025375,40.383286,40.23656,40.30933,40.48861,40.382854,40.774414,40.368988,40.10476,40.13866,40.686928,40.165375,40.605,40.537888,40.505157,40.748356,40.53646,40.422787,40.518845,40.331642,40.755077,40.7192,40.340405,40.64365,40.89982,40.752926,40.569733
42.669445,42.88498,42.950195,43.193,42.838196,43.08104,43.182507,43.08513,42.998142,43.428043,43.279007,42.927166,43.243305,43.208885,43.376797,42.84429,43.10543,43.519573,43.278027,43.347668,43.394127,43.545876,43.082104,43.263336,43.640938,43.4562,43.430027,43.5386,43.335606,43.093452,43.68399
50.557816,50.449413,50.643776,50.791683,50.621002,50.355408,50.073284,50.203472,50.876762,50.315975,51.16294,50.59041,50.657703,50.32761,50.304398,50.4662,50.619366,50.424187,50.962307,51.076023,50.484497,50.165535,50.87992,51.02424,50.754818,50.85041,50.999035,50.339977,51.283024,50.744747,50.87919
54.30289,53.838818,53.99643,54.19836,53.924683,54.263824,53.982635,54.350277,54.50212,53.91505,54.368458,54.180084,53.923164,54.26842,54.131382,54.29896,54.47138,54.49976,54.378986,54.308163,54.570232,54.409367,54.47236,54.27755,54.730972,54.473404,54.50292,54.30836,54.734035,54.852646,54.26965
39.338978,39.46636,39.62686,39.185017,39.546936,39.51034,39.631847,39.582104,39.31516,39.47386,39.55061,39.68689,39.63806,39.6748,39.691235,39.725426,39.583084,39.32216,39.556812,39.37586,39.392498,39.968136,39.770287,39.957993,39.474472,39.90686,39.77883,39.88527,39.678604,39.891792,39.963
43.201263,43.245018,43.377907,42.864765,43.022186,43.261818,43.35655,43.38476,43.323696,43.448185,43.6599,43.866707,43.285664,43.590607,43.517754,43.4464,43.699432,43.410164,43.656055,43.29283,42.889217,43.32784,43.78465,43.701942,43.63081,43.91375,43.472103,43.893265,43.483536,43.65301,43.741535
46.48775,46.351315,46.38212,46.15447,46.15271,46.527878,46.392067,46.702736,46.869118,46.297943,46.889492,46.615017,46.134823,46.501812,46.413754,46.852245,46.88965,46.623646,46.774033,46.475777,46.379402,46.5131,46.80733,46.805023,46.770485,46.936447,46.518116,46.89183,46.906647,46.967937,46.46389
48.427837,48.43432,48.30449,49.051422,48.527122,48.374817,48.779305,48.546837,48.240902,49.016033,48.746212,48.748375,48.801647,48.48753,48.933506,48.429043,48.704983,48.80569,48.66603,49.254356,49.086647,48.848526,48.78259,48.43457,48.94522,48.784264,48.786148,49.21779,48.878674,48.877033,48.979946
52.872692,52.35569,52.409264,52.81228,52.39798,52.724854,52.740578,53.14435,52.70521,52.655396,52.654694,53.120102,52.54046,53.004456,52.306107,52.945705,52.834404,53.089317,52.825478,52.516304,52.796776,52.860645,53.0061,52.610947,53.13055,53.009087,52.869118,53.183025,52.67114,53.153378,52.524563
50.751354,51.197243,51.0913,50.772167,51.02436,51.27424,51.017876,51.142338,51.595493,51.386967,50.935528,50.86545,51.118702,51.48394,51.58777,51.110973,51.331528,51.650055,51.372723,51.20597,51.77683,51.785294,51.320053,51.63504,51.727184,51.496284,51.58783,51.499374,51.581753,51.62965,51.647224
51.411583,51.00772,50.893524,51.20587,51.305183,51.351067,51.335953,51.570312,51.117153,51.004528,51.248356,51.083633,51.316406,50.988056,51.479618,51.52087,51.480495,51.372593,51.462627,51.601418,51.50822,51.428265,51.460823,51.388443,51.546978,51.3487,51.304493,51.509727,51.463734,51.657978,51.461815
53.494267,53.70748,53.605316,54.236656,53.609154,53.7485,53.900993,54.062687,53.61415,54.226555,53.716537,53.9273,54.074936,54.027485,53.77996,53.757977,53.73497,53.894184,53.90813,53.806786,53.9378,53.88938,54.027367,53.831306,54.172554,53.97937,53.84869,54.638103,53.825153,54.05514,53.871338
45.73411,45.91504,45.827927,45.54903,45.604607,45.486954,45.713608,45.708218,46.198822,45.7418,45.993553,45.774033,45.493828,46.15937,46.225132,46.687073,46.195526,46.066605,46.381195,45.934395,45.971718,45.830963,46.186047,46.344795,46.096798,46.124,46.08235,46.384773,46.438347,46.388145,46.51702
45.0426,44.503853,44.90555,44.955517,45.047142,45.102573,45.211338,45.218754,45.10835,45.14283,45.553284,45.404217,44.80278,45.36501,44.933872,45.384182,45.374405,45.30475,45.477238,44.94105,45.12774,45.11962,45.65533,45.225998,45.447567,45.487206,45.43992,45.275154,45.11393,45.636967,45.295353
41.38159,41.22613,41.325577,40.7945,41.5306,41.245625,40.98211,40.966633,41.503857,41.27086,41.280865,41.59337,41.15595,41.641518,40.94194,41.39228,41.35462,41.35605,41.360485,41.111343,41.522503,41.71981,41.50947,41.60211,41.03408,41.612724,41.847626,41.13002,41.816444,41.837307,41.405117
41.32364,41.932648,41.54541,41.42352,41.502823,41.535378,41.617886,41.47937,41.6365,41.75477,41.362797,41.372246,41.905186,41.640144,41.866688,41.88123,41.649403,41.903534,41.72284,41.90647,41.869934,41.977707,41.430115,42.03341,41.670525,41.747673,41.808517,42.142414,42.157013,41.50463,42.103546
40.566044,41.157417,40.678154,40.7434,40.61911,40.669643,40.63147,40.977104,41.338642,40.62533,40.464924,40.89669,40.76552,40.90483,41.145535,41.114822,41.341557,41.154827,40.842865,41.209484,41.263023,40.983204,41.26689,41.254906,41.42832,40.958252,41.176105,41.153027,41.059307,41.422993,41.12036
62.756237,62.1608,62.491463,62.245308,63.317307,62.588726,62.721436,62.19493,62.45857,62.92924,63.256474,62.640995,62.808105,62.166454,63.023,62.698273,62.86767,62.50621,63.370483,63.08804,62.961773,62.625618,63.35606,63.251053,62.428486,62.529083,62.995403,62.49606,63.20826,63.068832,63.054783
55.098507,54.881535,54.96633,55.670357,54.94902,55.187546,54.950954,55.444176,55.162704,54.953705,54.64558,55.102596,55.450714,55.46654,55.219364,55.128654,55.26761,55.64176,55.136242,55.334232,55.734707,55.421688,55.256413,55.15953,55.819206,55.11055,55.755905,55.430927,55.351326,55.56176,55.430202
53.466236,53.56386,53.242943,53.850574,53.547684,53.166912,53.583565,53.390186,53.24722,53.671112,53.503197,53.59242,53.803463,53.471897,53.71262,53.63218,53.62249,53.498802,53.70211,54.106167,53.831364,53.58548,53.965122,53.60585,53.948757,53.64988,53.615654,53.93267,53.760532,53.92815,54.038486
53.025482,52.84565,52.959007,52.74889,53.1484,53.22472,52.988575,53.148083,53.076168,52.935585,52.914776,53.117523,53.260868,53.236725,52.998543,53.243984,53.258724,53.045868,53.100735,52.96828,53.276237,53.33961,53.470783,53.309067,53.17303,53.202797,53.2318,53.214397,53.184444,53.636703,53.041073
45.321545,45.491455,45.667816,44.916664,45.71035,45.341118,45.652378,45.287117,45.456074,45.473137,45.75096,45.643692,45.39584,45.16493,45.38383,45.741093,45.858646,45.267952,45.75176,45.566475,45.255486,45.679607,45.958893,46.163284,45.11512,45.70919,45.79302,45.618393,45.735413,45.54828,45.59184
51.97796,51.600376,51.88241,52.300766,51.94433,52.18153,52.096962,52.242638,52.058075,52.161808,52.456585,52.523453,52.159904,51.963955,52.10231,51.732067,52.23456,52.23827,52.128593,52.39584,52.412514,52.138832,52.759193,51.977432,52.684696,52.354378,52.22334,52.230328,52.02334,52.67471,51.974136
36.441692,36.686367,36.455635,36.41329,36.224724,36.1119,36.40553,36.321117,36.542713,36.250996,36.531704,36.500412,36.08606,36.434414,36.479416,36.686623,36.8682,36.67211,36.602543,37.03891,36.53104,36.584087,36.652584,36.37918,36.77111,36.976295,36.62856,36.715702,36.80534,36.677464,36.86378
53.85443,52.89143,53.05345,53.415928,53.48876,53.519054,53.36197,53.623795,53.01894,53.20296,53.216553,53.627625,53.46206,53.029114,52.802673,53.27714,53.18236,53.688374,53.438908,53.197323,53.54027,53.739113,53.242645,53.44036,53.05139,53.07721,53.791477,53.33321,53.776344,53.303654,52.995293
53.800323,54.459133,54.010254,53.638756,54.311966,53.85179,53.999153,53.622066,54.26022,54.304592,53.836845,53.868008,54.216743,53.95288,54.22644,54.12818,54.23416,54.154366,54.387516,54.462505,54.480312,54.307487,54.60732,54.6158,54.261845,54.11711,54.22312,54.121113,54.43384,54.309063,54.448742
38.646587,39.075954,39.581306,38.933815,38.958344,39.201332,38.84358,38.991104,39.35034,39.065475,39.106308,39.34531,39.096176,39.455875,38.841705,38.930744,38.99628,39.24386,39.1367,38.974747,39.00617,39.12046,39.38987,39.190453,39.190784,39.660805,39.419712,39.197433,38.955063,39.13944,39.051506
40.618282,40.770195,40.986572,40.244953,40.862473,40.83655,40.79937,40.72072,40.913994,40.64944,40.58655,40.9538,40.78298,41.088726,40.838703,41.254436,41.007885,40.920162,40.79539,40.65077,41.019363,41.257256,41.091087,41.17,40.631737,41.06907,41.184074,40.989933,40.94292,41.203724,40.95297
40.380104,40.233,40.129776,40.39437,40.44581,40.109936,40.523933,40.10725,40.15659,40.404755,40.58686,40.581047,40.426388,40.28903,40.31963,40.718243,40.635303,40.52826,40.50662,40.888634,40.609325,40.50974,40.530144,40.528435,40.42633,40.603065,40.796814,40.562454,40.87676,40.54793,40.866013
48.48115,47.856754,47.97564,48.50707,48.31151,48.545967,48.654842,48.50813,48.58233,48.5623,48.955853,49.112587,48.34103,48.412823,48.337868,48.73346,48.771088,49.045925,48.83139,48.834347,48.75446,48.114162,48.96207,48.632767,49.168034,48.770454,48.994102,48.56801,48.880013,48.841877,48.76192
39.011448,38.74893,38.53408,38.193195,38.967476,38.940235,38.674416,39.12805,38.873425,38.586876,38.018265,39.248505,38.80865,39.225,38.494083,39.05684,39.087654,39.32725,38.729946,38.501286,38.966106,39.288887,38.88301,39.08078,38.78226,38.93258,39.447006,38.831615,38.64371,39.13318,38.78946
60.091866,59.63832,59.63916,60.473637,59.834564,60.270695,60.16858,60.372234,59.986977,60.125347,60.006756,60.023262,60.15471,60.065617,60.25499,59.924507,59.955883,60.66235,60.272907,60.456696,60.737362,60.301376,60.223965,59.911606,61.036762,60.318565,60.33239,60.35953,60.388355,60.46088,60.442684
52.039623,52.075718,52.106834,52.0145,51.767982,51.991074,51.694847,52.0772,52.33139,51.865803,52.19475,52.06689,51.657948,51.981663,51.81133,51.89085,52.316494,51.84761,51.992058,52.156284,52.106514,52.191536,52.266846,51.92241,52.086567,52.455276,51.982357,52.391068,52.592937,52.676888,51.652924
39.235073,39.609367,39.62526,39.208523,39.263885,39.505234,39.320465,39.436058,39.730446,39.271614,39.231182,39.627995,39.427433,39.883495,39.13482,39.694317,39.85949,39.708588,39.461117,39.515217,39.440086,39.504223,39.773487,39.512344,39.75619,39.939804,39.72538,39.64414,39.513447,39.689915,39.48766
55.19593,55.232487,55.07129,55.144894,55.474854,55.165855,55.38963,55.21468,55.194267,55.697166,55.476887,55.30266,55.569347,55.20015,55.521767,55.34984,55.451538,55.341976,55.69937,55.47222,55.480373,55.609745,55.631733,55.917793,55.37827,55.32953,55.56584,55.740444,55.73561,55.55306,55.709293
45.146286,45.154118,45.345116,44.823555,45.197937,45.11517,44.94389,45.00357,44.986546,44.951843,45.108406,44.898987,45.0889,45.094025,45.169548,45.16956,44.99279,45.04784,45.43564,45.109383,44.9545,45.31287,45.10284,45.333725,44.898697,45.380867,45.253242,45.252365,45.54243,45.13413,45.44316
42.701424,42.82087,42.61921,42.619976,42.41461,42.40241,42.628036,42.673054,42.56583,42.45138,42.29119,42.65064,42.67653,42.942295,42.76969,42.835445,42.664753,42.953453,42.648746,42.712536,42.98866,43.45353,42.76918,42.89576,43.08204,42.899933,43.05084,42.900753,43.016136,43.02222,43.317295
50.410637,50.719833,50.732048,50.75903,50.484413,50.92559,50.555416,51.01415,50.938477,50.620773,50.40382,50.43368,50.78665,50.804638,50.884575,50.58337,50.771652,51.06579,50.77752,50.906315,50.9899,50.967926,50.666916,50.85005,51.217926,51.082672,50.965805,51.123787,50.86322,50.85353,50.873966
43.98868,44.59856,44.546608,43.936016,44.181725,44.66258,44.66224,44.43472,44.55889,44.55177,44.606304,44.287296,44.288853,44.21678,44.397194,44.276672,44.45573,44.429043,44.45251,44.44701,44.38888,44.967293,44.51533,44.860207,44.704346,45.08615,44.460922,44.766594,44.91821,44.44856,44.620388
51.260468,51.06998,50.416977,50.935047,50.968956,50.6074,50.783756,51.114563,51.044136,50.9546,50.877796,51.082405,50.754063,50.758915,51.266,51.081272,51.230446,51.05407,51.171524,51.34414,51.37025,51.291866,51.28908,51.221054,51.25453,50.975624,51.077244,51.348145,51.464462,51.762436,51.247364
45.98888,45.916557,45.407036,46.271503,45.688965,45.885223,46.213287,46.29402,46.042957,46.17584,46.149666,46.33667,45.938652,45.846428,46.197598,46.012543,46.119965,46.597233,46.268204,46.560966,46.381607,46.104126,46.3502,46.153847,47.056526,46.35122,46.231964,46.40763,46.241383,46.32593,46.564625
54.68747,54.91221,55.051285,54.743797,55.165283,55.03399,55.053432,54.699356,55.00251,55.22846,55.026264,54.91116,55.110092,54.90417,54.952408,55.18385,55.142605,55.03957,55.20547,55.274063,55.231266,54.991653,55.169956,55.233368,54.79544,55.205185,55.211815,55.325413,55.402725,55.040157,55.016388
44.454155,44.779423,44.6846,44.425243,44.633156,44.3502,44.21233,44.079025,44.87273,44.764877,44.961617,44.802944,44.81218,44.591026,44.886703,44.289375,44.667503,44.635082,44.905052,45.018406,44.81135,44.79721,45.034874,45.22068,44.88236,44.843338,45.052372,44.547897,45.37681,44.99868,45.26471
52.489544,52.03717,52.143257,52.066605,52.435608,52.28551,51.98442,52.23177,52.22166,51.911175,51.975754,52.32551,52.34981,52.283325,52.189804,52.532898,52.429455,52.376877,52.4567,52.39037,52.403168,52.177017,52.383198,52.42562,52.14781,52.227814,52.670605,52.248234,52.668762,52.589993,52.37774
45.775417,45.905807,45.71927,45.532852,45.88498,45.86789,45.90989,46.050415,46.04116,45.910416,46.045155,45.748226,45.74762,45.769276,46.24819,46.1649,46.025497,45.88811,46.179157,45.949017,46.015816,46.264725,46.071285,46.4703,46.02603,46.1867,46.017807,46.33667,46.332283,46.348076,46.289253
48.880444,49.12814,48.7632,49.46914,48.961052,48.570248,49.11593,48.790134,49.22083,49.288757,49.25913,49.09701,49.194687,49.09255,49.63321,49.51788,49.55986,49.423332,49.402077,49.87612,49.87726,49.15002,49.75087,49.325905,49.739735,48.96604,49.369495,49.535122,49.607166,49.73874,49.75593
48.394093,48.36467,48.32083,48.135983,48.32084,48.56088,48.60449,48.40933,48.445858,48.597626,48.886852,48.3336,48.34139,48.3388,48.76555,48.48407,48.414963,48.56942,48.7236,48.751675,48.624146,48.98216,48.379517,48.814606,48.796875,49.165848,48.622032,48.85205,49.28003,48.741657,49.138584
43.352974,43.52,43.94716,43.65137,43.4498,43.41289,43.495125,43.24694,43.386314,43.194447,43.64372,43.609245,43.693905,43.565617,43.553493,43.66533,43.7396,43.49352,43.642017,44.071087,43.438885,43.437298,43.799976,43.58854,43.732597,44.02912,43.936264,43.60312,43.851788,43.549427,44.06754
52.771828,52.407585,52.835068,52.418518,53.178688,52.900436,52.874657,52.68539,52.571556,53.051964,53.027786,52.698223,53.119343,52.94003,53.18044,52.98976,52.777885,52.938187,53.36871,52.75393,52.947205,53.173336,53.00277,53.40027,52.64706,52.921288,53.268463,53.028717,53.127464,52.96939,53.428818
52.25682,52.29161,52.19615,52.627476,52.223755,52.068512,52.078884,52.291027,52.32765,52.157993,52.02194,52.130936,52.344208,52.37131,52.144634,52.47028,52.286804,52.531895,52.414337,52.61737,52.626312,52.392838,52.28597,52.331238,52.488617,52.421036,52.632084,52.591988,52.589287,52.43478,52.48814
48.30943,48.343575,48.80638,48.92456,48.394608,48.876606,48.90351,48.821724,48.92703,48.88213,49.281227,49.083008,48.715096,48.7921,48.768322,48.706497,49.108208,48.88323,48.780792,48.94025,48.97141,48.820038,49.28447,48.89892,49.304523,49.21222,49.07635,49.181953,49.0562,49.2296,48.78284
41.159245,41.1147,41.127815,41.31429,41.04969,41.2383,41.105732,41.24059,41.697906,41.407726,41.77921,41.42946,41.03669,41.42963,41.641968,41.391853,41.311226,41.742607,41.6617,41.62762,41.729137,41.394802,41.507816,41.513504,41.894653,41.78913,41.630627,41.571995,41.904755,41.831623,41.855247
53.671265,53.51589,53.64849,53.302567,53.95971,53.73329,53.649937,53.629364,53.569477,53.584984,53.19664,53.47956,53.999084,54.04479,53.70143,54.33314,53.7341,53.848717,53.87219,53.49666,53.956524,54.093872,53.558834,54.234604,53.360905,53.687866,54.274628,53.989174,54.10953,53.87079,54.101208
58.38829,58.05347,58.602547,58.245136,58.215454,58.655464,58.55162,58.58377,58.24216,58.339764,58.28388,58.99868,58.550125,58.661922,58.31852,58.4277,58.66216,58.709023,58.56936,58.421795,58.353306,58.31112,59.05164,58.288826,58.83193,58.78945,58.616375,58.710567,58.215908,58.685078,58.33043
48.873547,48.776695,48.964317,49.22903,48.969826,48.939884,48.765823,48.80023,48.790783,48.98727,48.898335,48.86853,49.481747,49.21539,49.19142,48.92825,48.81978,49.19322,49.09866,49.24887,49.335033,49.267487,48.878788,49.183884,49.185547,49.086746,49.5032,49.196445,49.51486,49.12411,49.624146
54.95773,54.601337,54.661095,54.897984,54.78991,54.641964,54.80775,54.775925,54.88293,55.067863,55.14418,55.060905,54.745686,54.977905,55.245422,54.82651,55.049717,55.199684,55.43,55.054504,55.23241,55.06372,55.513325,55.13652,55.49118,54.94581,55.2331,55.0658,55.336742,55.509136,55.49009
41.506416,41.834652,41.613464,41.653706,41.896095,41.694225,41.3552,41.673973,41.66341,41.460636,41.236706,41.33283,42.183815,42.08088,41.654575,41.911346,41.505295,41.567062,41.785572,41.65105,41.657093,41.852413,41.494904,42.264206,41.81901,41.927536,42.188473,41.78769,42.059647,41.8576,42.45648
49.184677,49.11911,48.995415,49.13765,49.574455,49.068962,49.384224,48.91608,48.851997,49.50269,49.080505,49.214676,49.66923,49.323757,49.28421,49.3735,49.2762,49.45266,49.44025,49.60804,49.60753,49.665943,49.288784,49.589363,49.25022,49.342743,49.806133,49.386074,49.610573,49.26022,49.93793
41.247547,41.23801,41.05716,41.340637,41.093086,41.269714,41.452374,41.80418,41.17032,41.0548,41.06993,41.236465,41.203114,41.47307,41.127167,41.99834,41.3175,41.341587,41.26023,41.18873,41.270752,41.50697,41.2376,41.30562,41.365356,41.661346,41.211044,42.018555,41.183502,41.575256,41.312344
44.93185,44.55389,44.67894,44.40702,45.306023,44.778423,44.94621,44.663254,44.73738,44.98692,44.992584,44.9704,44.83381,44.839447,44.984833,45.2839,45.008858,45.05795,45.243404,45.049732,45.13368,45.11744,44.993088,45.29921,44.52906,45.0338,45.41396,44.962666,45.20768,45.087345,45.300938
43.90981,43.873592,43.930145,44.628483,43.96499,43.898155,44.168205,44.127308,44.068634,44.253647,44.385536,44.247448,44.28217,44.073105,44.216354,43.980686,44.11662,44.62813,44.455524,44.621765,44.44451,44.18817,44.460712,44.32341,44.885082,44.303345,44.64158,44.26883,44.21258,44.125877,44.74641
50.092655,50.264565,49.98855,50.488773,50.421547,50.06005,49.931995,50.008343,50.16896,50.578415,50.314552,50.095837,50.721043,50.238262,50.93552,49.930626,50.12425,50.25501,50.47507,50.83526,50.849903,50.45991,50.519527,50.435806,50.586014,50.23774,50.377617,50.552624,50.698418,50.8326,50.879143
49.051464,48.806477,48.56584,48.98519,48.907562,48.74042,48.476734,48.66333,48.89032,48.939373,48.480145,48.679832,48.976524,49.18456,48.77431,48.818356,48.524067,49.621494,49.163795,49.198517,49.441406,49.18535,48.41638,48.849396,49.128498,49.06369,49.47023,48.90771,49.446285,48.798904,49.473034
42.948868,43.24755,43.147636,43.43773,42.90909,43.19962,43.50639,43.409294,43.120575,43.474068,43.4448,43.324036,43.255836,43.088013,43.67495,43.016163,43.62008,43.318363,43.18274,43.569256,43.57337,43.84791,43.583374,43.3743,43.76229,43.476242,43.393444,43.889156,43.715034,43.72975,43.55925
53.701496,53.567535,53.850258,53.32714,53.919968,53.536125,53.431324,53.27115,53.8779,53.47557,53.775127,53.504765,53.508488,53.598927,53.400234,53.713425,53.91332,53.65593,53.8804,53.82323,53.981388,54.10356,54.0037,54.061363,53.487526,53.8554,54.19212,53.399075,54.235706,54.013878,53.75757
39.70362,39.9534,39.67463,40.058495,39.817398,39.67357,39.897327,39.798145,39.711548,39.94086,39.78884,39.860756,40.159504,39.879025,39.876522,39.779423,40.17162,40.09177,39.990635,40.245636,40.092777,40.07241,40.320564,39.96087,40.34979,39.821327,40.061172,40.00445,39.93047,40.020813,40.211926
52.920135,53.108116,53.205032,53.320263,53.09552,52.84784,53.139893,52.91434,53.23991,53.489433,53.515266,53.219536,53.219963,53.08442,53.600998,53.13741,53.30887,53.203644,53.492,53.400784,53.588387,53.553307,53.634094,53.732605,53.372948,53.151726,53.59661,53.608215,53.90309,53.653893,53.678677
46.07884,45.599583,45.97606,45.87145,45.987694,45.853313,45.579258,45.851067,46.225483,46.01486,46.120556,46.287106,45.737488,46.37174,46.11517,45.832317,46.150948,46.55651,46.347862,46.161823,46.387604,46.201294,46.256397,46.007683,46.26678,46.336937,46.670094,45.969967,46.20085,46.4789,46.335728
41.257908,41.553757,41.029472,41.473522,41.13787,40.93283,41.605263,41.245564,41.365726,41.82677,42.23686,41.591362,41.245087,41.327957,41.102177,41.663155,41.434734,41.28491,41.772644,41.772366,41.099724,41.446747,41.619404,41.745193,41.766193,42.17221,41.23792,42.070293,41.87354,41.5152,41.92627
54.181084,54.60485,54.73873,54.378845,54.326477,54.81497,54.38554,54.797024,55.115017,54.61543,54.631306,54.46684,54.54964,54.66758,54.930573,54.456886,54.796806,54.6979,54.70394,54.57707,54.885246,54.942493,54.92767,55.090546,55.056324,54.96702,54.797432,55.05209,54.99474,55.17488,54.64508
40.042206,40.2062,40.671417,40.252754,40.367302,40.69254,40.791,40.58311,40.315292,40.46575,40.727234,40.3073,40.588474,40.648064,40.515125,40.700718,40.54257,40.581047,40.709625,40.398388,40.325756,40.75966,40.67518,40.789024,40.775078,41.035324,40.707623,40.785606,40.439693,40.41393,40.95541
49.3116,49.50412,49.387367,49.65093,49.30593,49.52626,49.643505,49.59704,49.76866,49.734615,49.80617,49.652397,49.563194,49.659866,49.802135,49.722786,49.70442,49.868004,49.909447,49.82601,49.81652,49.65027,49.90519,50.005463,50.31953,49.953705,49.91222,49.99704,50.13853,49.947784,50.208885
49.83537,49.838207,49.711166,49.594486,49.682655,49.772713,49.895752,49.871525,49.767128,49.626553,49.94673,49.7979,49.607845,49.32467,49.65041,50.02198,49.987514,49.77605,49.996582,50.107716,49.68833,49.740623,50.001957,49.916695,49.774323,50.03012,49.64621,50.119686,50.152958,49.834736,49.652996
43.564735,43.483833,43.84075,43.773014,43.767365,43.431347,43.439674,43.388966,43.508755,43.539574,43.551437,44.022327,44.043858,43.753666,43.778057,43.640263,43.808235,43.85302,43.833557,43.919598,43.861214,43.58867,44.251472,43.832603,43.708622,43.438896,44.174477,43.58018,43.630276,43.84041,43.91888
54.456543,54.003777,54.457634,54.334606,54.644814,54.16901,54.164223,54.217785,54.236103,54.337086,54.658752,54.471596,54.539074,54.558628,54.375317,54.50054,54.490417,54.220848,54.80314,54.40584,54.3093,54.470814,54.751846,54.826797,54.26358,54.57219,54.902386,54.481483,54.64621,54.771015,54.818882
46.64005,46.939175,47.06337,47.206066,46.79367,47.10608,47.162518,47.3021,47.218277,47.109528,47.468956,47.143204,47.17844,47.194546,47.381065,47.24605,47.451538,46.96676,47.190426,47.370876,47.07299,47.079926,47.529633,47.384018,47.693302,47.678276,47.179195,47.739204,47.229374,47.63661,47.447685
43.544888,43.564465,44.258156,43.562492,43.71396,43.57691,43.55085,43.65638,43.928978,43.261795,43.885284,43.816505,43.5217,43.85158,43.78917,44.14921,44.05746,43.68721,44.050804,43.758396,43.57144,43.625183,44.274605,44.110565,43.684395,44.02794,44.212654,43.78073,43.76995,44.010727,43.970627
43.772594,43.89754,44.277145,44.354877,43.69226,44.346977,44.222004,44.48783,44.200836,44.122524,44.331676,44.42063,44.284054,44.650753,44.071342,44.18242,44.364483,44.23942,44.08433,44.053493,44.07888,44.319054,44.513752,44.164574,44.834778,44.82676,44.349167,44.73518,44.118645,44.62014,44.32185
52.81354,52.959877,52.438515,52.827644,52.490173,52.60002,52.64876,52.76357,53.012344,53.046234,53.23062,53.096947,52.80052,52.845764,53.23961,52.663673,52.917942,52.87274,53.11928,53.392014,52.99867,52.864384,53.29425,53.030525,53.734875,53.458923,52.714638,53.319565,53.428528,53.603146,53.48642
45.983444,46.494823,47.053337,46.385277,46.19776,46.70993,46.86864,46.70553,46.757954,46.560543,46.674706,46.63955,46.550735,46.771,46.631504,46.688786,47.097366,46.72488,46.463608,46.519596,46.759224,47.202442,47.166206,46.84471,46.92165,47.03669,46.835903,47.08611,46.49562,46.8759,46.493458
54.692432,54.94132,54.86377,55.13147,55.02749,55.042103,55.370296,55.16336,54.938744,55.174965,55.16766,54.48351,55.040455,54.618015,55.36226,55.30581,54.927994,55.021835,55.295555,55.252174,55.42554,55.48544,55.0427,55.569763,55.233826,55.15674,55.178318,55.58875,55.626587,55.150715,55.486538
48.414455,49.285473,48.774055,48.950798,48.91784,48.798443,49.179276,49.01385,49.16061,49.346027,48.4778,48.861385,49.229702,49.243244,49.726006,49.171673,49.293552,49.46302,49.09281,49.47971,49.83236,49.51469,49.598763,49.363205,49.879314,49.14604,49.249348,49.5692,48.85704,49.54581,49.694862
57.684597,57.52868,57.56231,57.852688,57.706055,57.70063,57.73036,57.8169,57.569584,57.83386,57.79111,57.75722,58.163727,57.987846,57.81692,58.05013,57.798813,57.82431,58.217216,57.811687,57.620728,57.5538,57.996117,58.177757,58.12857,57.8993,57.999027,58.233524,58.05183,57.919476,58.32427
40.069714,39.97378,39.70118,40.322422,39.809723,39.90493,40.13595,40.167984,39.641823,39.697853,40.001724,39.931404,40.046677,40.07434,39.75344,40.47834,39.934505,39.936214,39.99995,40.406185,39.8736,39.929634,39.82318,39.77555,40.363087,40.62265,39.96992,40.440765,40.306084,40.14116,40.513515
41.61653,42.25944,41.600227,41.395607,42.219322,41.646736,41.969173,41.562492,42.157383,42.340885,42.129612,41.62089,41.811268,41.57883,42.500496,42.260353,42.203568,42.013443,42.42644,42.522083,42.35083,42.025173,42.312626,42.483925,41.93824,42.01171,41.85757,42.26846,42.376095,42.230366,42.4257
48.510677,48.851994,48.338554,48.51074,48.603317,48.70316,48.671684,48.735092,48.94529,49.008476,48.73693,48.705494,48.75691,48.998055,49.105793,48.933624,48.953228,48.958313,48.936714,49.189674,49.09521,48.82578,48.960323,48.83689,49.35999,49.332497,48.67186,49.339005,49.032192,49.352425,49.22666
45.226368,45.80884,45.97133,45.34888,45.50338,45.481255,45.448586,45.206326,45.752453,45.497585,45.359077,45.62348,45.86171,45.879528,45.653893,45.736008,45.86804,45.709507,45.70523,45.673653,45.78258,45.78138,46.18138,45.978653,45.812103,45.641586,45.944653,45.637764,45.863472,45.82511,45.916843
47.346123,46.74874,46.92823,46.866722,47.19139,47.382565,46.979496,47.342075,47.112305,46.7822,46.870903,47.1829,47.09962,47.02873,46.932487,47.260582,47.303238,47.33368,47.059566,46.95035,47.440697,47.507397,47.095028,47.264244,46.888866,46.961746,47.54684,47.127823,47.6001,47.505524,46.851696
44.2722,43.941658,44.212082,43.97903,44.26059,44.35496,44.191563,44.087753,44.092102,44.03101,44.390587,44.087696,44.32636,44.33731,44.14234,44.559044,44.27674,44.327953,44.502274,44.243744,44.203888,44.367695,44.12493,44.50557,44.175243,44.493683,44.617386,44.3005,44.913303,44.308376,44.70536
50.621086,50.61761,50.730415,50.45148,50.79351,50.565132,50.362003,50.330555,50.553165,50.79545,50.604225,50.413197,50.744034,50.557404,50.88159,50.264282,50.39784,50.791157,50.94377,50.763363,50.944218,51.158443,50.580482,50.962494,50.516087,50.689735,51.043526,50.67864,51.299324,50.709747,51.084194
46.053074,45.972908,46.24949,45.98721,46.16723,45.660625,45.853786,45.685944,45.59913,45.985355,45.73885,46.07978,46.25359,46.412148,46.234856,46.263924,46.03329,46.221714,46.41676,46.298862,45.99976,45.987755,46.20898,45.94831,45.901802,46.167534,46.369465,46.262314,45.97507,45.990993,46.674675
44.205772,43.92046,43.667984,44.024254,43.933098,44.1361,43.92321,44.269394,44.03498,44.05686,43.734287,44.2051,44.03678,44.531887,43.807613,44.334236,43.89651,44.4385,43.99021,43.98662,44.456375,44.403667,43.94233,43.773438,44.266674,44.42858,44.126167,44.46198,44.21004,44.552467,44.069954
53.441067,53.53916,53.69648,53.88673,53.73533,53.59044,53.62486,53.753136,53.761765,53.627647,53.89497,53.47894,53.889774,53.661255,53.949425,53.85121,53.91337,53.608753,54.049023,53.99052,53.8076,53.681244,54.137295,54.17888,54.08682,53.874863,54.00107,53.999523,53.91714,54.068733,54.16362
55.623356,55.701794,55.909416,55.655643,55.733803,56.09125,56.174793,55.996807,55.742397,56.00659,56.053127,55.71367,55.858604,55.625473,55.99588,55.84799,55.809505,55.90811,55.96235,56.005833,55.98217,56.426373,55.745438,56.232758,55.990135,56.45381,56.078148,56.42497,56.430668,55.899864,56.148064
41.018024,41.463806,41.501793,41.39906,40.855804,40.871067,40.827038,40.989517,41.585636,41.29277,41.454018,41.60682,41.167553,41.76042,40.969902,41.180016,41.18215,41.409046,41.388996,41.381702,41.162796,41.290318,41.530266,41.370705,41.663616,41.94586,41.535133,41.56226,41.487774,41.50821,41.59436
38.440304,39.06277,38.695488,38.518757,38.47071,38.13142,38.60917,38.22095,38.99156,38.670277,39.368393,38.810184,38.605053,38.608124,39.1798,39.184776,39.305695,38.550694,39.19841,39.49344,38.544712,38.378983,39.390606,39.296516,39.22272,39.199883,38.754307,39.06865,39.372482,39.163887,39.651512
44.32276,44.327152,44.48072,43.870987,44.411957,44.562363,44.060078,44.432632,44.50037,44.33396,44.134346,44.31343,44.403946,44.7153,44.46742,44.415375,44.356194,44.52509,44.438557,44.164402,44.484962,44.840363,44.201096,44.595314,44.126427,44.73197,44.653713,44.698524,44.683903,44.67876,44.457085
41.21418,41.2758,40.851486,41.21522,41.53727,41.427555,41.359425,41.435535,41.398785,41.445816,41.555477,40.943768,41.47829,41.064587,41.694767,41.49942,41.322304,41.57323,41.848045,41.753418,41.53785,41.362225,41.30793,41.91178,41.754337,41.52545,41.57037,41.499672,41.837337,41.41649,42.096703
53.6634,53.855145,53.98271,53.64311,54.059547,53.785538,53.93504,53.63994,54.003853,54.091995,54.13332,53.92806,54.03162,54.01481,54.1846,54.330853,54.148964,53.88578,54.230347,54.27967,54.1478,53.971783,54.301655,54.31965,53.910522,54.31517,54.131794,54.35911,54.2535,54.307556,54.30501
48.523243,48.13831,47.99881,48.387444,48.54843,48.65433,48.75146,48.779266,48.279507,48.295963,48.50187,48.270073,48.412113,47.955193,48.282173,48.71783,48.39588,48.590527,48.564243,48.573494,48.6988,48.798405,48.363884,48.80108,48.55032,48.541832,48.69229,48.604244,48.89972,48.525524,48.563534
54.458664,53.64686,53.901352,54.497242,54.391167,54.219685,54.65214,54.521698,53.987953,54.339542,54.182243,54.84549,54.440598,54.486366,54.121563,54.775314,54.71491,54.82595,54.59038,54.295387,54.67304,54.39624,54.911762,54.5269,54.68028,54.08145,55.059055,54.505028,54.3058,54.6878,54.547623
60.868816,60.53474,60.510612,61.044563,60.893555,60.733044,60.88855,60.95943,60.751575,60.721466,60.841873,60.739807,61.11665,60.635704,60.995483,61.158875,60.935917,61.014072,61.202023,61.146122,61.229073,60.850376,61.339714,61.227127,61.282444,60.649445,61.061638,61.034664,61.02947,61.1992,61.149044
50.883343,50.52091,50.59558,50.818584,50.904167,50.91863,50.66261,50.958126,50.98359,50.821617,50.75361,51.005833,50.88911,51.21294,50.403687,51.079308,51.113266,51.013355,50.964485,50.633274,51.083977,50.918686,51.204987,50.950996,50.968166,50.88262,51.186993,50.995564,51.027996,51.415157,50.641594
44.01548,44.32712,44.339996,44.23098,44.18824,44.38218,44.601875,44.49288,44.392723,44.14946,44.307423,44.128464,44.285618,44.218884,44.510807,44.718006,44.50354,44.468018,44.466984,44.47632,44.545273,44.68245,44.610973,44.792496,44.767555,44.619164,44.60651,44.631634,44.61673,44.544888,44.791386
54.735775,54.10376,54.544525,54.621967,54.71634,54.65666,54.511806,54.691475,54.53155,54.483307,54.723316,54.533802,54.66765,54.724064,54.584873,54.957207,54.806736,54.70222,54.940155,54.45787,54.78342,54.79075,54.705063,54.959488,54.445305,54.521156,55.147083,54.86507,55.196835,54.986176,54.776363
34.950752,35.007915,34.686462,34.399193,34.854378,35.023903,35.070724,35.025803,35.08515,34.896717,35.207233,34.695713,34.711937,34.6483,35.14314,35.449528,35.11468,35.157284,35.230713,34.981415,35.02916,35.3953,34.713177,35.539055,34.79557,35.113625,35.06979,35.336582,35.842552,35.030235,35.30267
50.99075,51.27717,50.962112,51.04022,51.222275,51.24832,51.447315,51.402626,51.129856,51.33513,51.07871,51.4156,51.29289,50.985092,51.149296,51.298794,51.343063,51.05225,51.038578,51.4226,51.403217,51.52417,51.54221,51.43019,51.342365,51.563194,51.17073,51.725376,51.27895,51.638584,51.089954
40.108856,40.69675,40.080856,40.53694,40.397095,39.92507,40.308563,40.142735,40.371655,40.91657,40.399452,40.699875,40.684605,40.73698,40.613743,40.34859,40.834984,40.361935,40.39381,40.85696,40.767788,40.654823,41.03208,40.487076,40.775707,40.564476,40.458626,40.977966,40.497997,41.127846,40.761135
46.03866,46.353336,46.398254,46.273724,46.40518,46.29398,46.7135,46.214306,46.46011,46.70691,46.631004,46.6925,46.567055,46.46213,46.935616,46.64195,46.770557,46.70553,46.568146,46.989124,46.967308,46.78916,47.008774,46.800278,46.902405,46.825607,46.829433,46.82494,46.64676,46.876984,47.049667
53.468468,53.98585,53.975403,53.92339,53.76262,53.77048,53.571877,53.89811,54.033337,53.652103,53.831665,53.59598,54.150013,53.909737,54.10651,54.00621,54.03747,53.51988,53.97675,54.199947,53.7482,53.694996,54.092022,54.306503,54.150173,54.28099,53.949944,54.349533,54.082577,54.231308,54.230816
43.55648,43.812214,43.06028,43.82383,43.11058,43.703033,43.527634,44.039307,44.21831,43.6777,43.813446,43.519913,43.35388,43.562546,44.074524,43.77038,43.836933,44.072857,43.74213,44.050713,44.272892,43.977524,43.680275,43.883804,44.64307,44.02407,43.65411,44.28434,44.56752,44.455486,44.0309
44.607582,43.93438,43.88414,44.155033,44.40632,44.01004,44.048943,44.022808,44.41814,44.144814,44.53136,44.29674,44.124622,44.418736,44.284077,44.68624,44.533775,44.611732,44.607533,44.410503,44.861633,44.757957,44.44906,44.699425,44.361576,44.209534,44.970127,44.15247,45.19446,44.95397,44.84266
48.483063,48.595398,48.32097,48.738766,48.23284,48.39912,48.875736,48.658672,48.386784,48.551403,48.577675,48.687553,48.704437,48.554108,48.51804,48.976704,48.816956,48.78176,48.62157,48.947308,48.696968,48.807102,48.726612,48.760986,49.07342,48.896187,48.738922,49.161552,48.99579,48.71189,49.01929
44.99422,45.21545,45.431747,45.636105,45.25186,45.189995,45.409054,45.151974,45.474644,45.473812,45.914196,45.15967,45.516403,45.334366,45.720345,45.33575,45.747818,45.53918,45.726322,45.93098,45.672794,45.610256,45.783417,45.825424,45.992172,45.667297,45.886127,45.575558,45.908527,45.61608,46.14961
51.57906,51.607254,51.70024,51.5103,51.721687,51.588646,51.83005,51.722446,51.554928,51.601334,51.576263,51.371613,51.901333,51.689987,51.840424,52.13759,51.987072,51.80245,51.919468,51.75449,51.8511,52.2196,51.767876,52.267807,51.62936,51.693893,52.08475,52.113792,52.064995,51.763706,52.102913
54.66215,54.99595,54.79429,55.2895,54.585663,54.496178,54.7954,54.710693,54.67684,54.881786,54.394432,54.670334,55.04907,55.01969,55.074234,54.960793,54.715622,55.12818,54.893993,55.216022,55.46409,55.171406,55.116673,54.708977,55.349842,54.809654,54.931305,55.311924,55.062557,55.143955,55.25792
49.182636,49.4318,49.60324,49.503014,49.71775,49.55921,49.605755,49.551647,49.540615,49.73226,49.89123,49.37744,49.840923,49.455395,49.98958,49.79871,49.508953,49.29092,49.90907,49.627808,49.589436,49.676254,49.778553,50.33277,49.537563,49.747803,49.8361,50.058506,50.0366,49.8512,50.120876
52.423115,51.961006,51.800446,52.720615,52.296333,51.951733,52.084225,52.426826,52.18446,52.363247,52.651363,52.387356,52.235256,52.284927,52.55799,52.492073,52.340614,52.313244,52.67429,52.890743,52.482555,51.987278,52.505844,52.16867,52.646725,52.6511,52.313534,52.84993,52.43032,52.89754,52.687702
38.67879,38.449078,38.759453,38.39192,38.955887,38.61257,38.78358,38.357853,38.559746,38.782,38.76256,38.95029,38.791435,38.824757,38.890404,38.818615,39.037666,39.089363,38.884556,38.975864,39.174736,39.205765,39.074707,38.924515,38.640457,38.767876,39.394283,38.610634,38.999905,38.969337,39.161774
45.692432,46.210716,45.765457,46.182617,45.592545,45.182266,45.50915,45.40459,46.186478,45.926964,46.085197,46.31895,45.81013,45.898865,46.38626,45.76549,46.403015,45.838554,45.978996,46.743034,46.381874,45.7639,46.902103,45.956642,46.674904,46.018623,46.012768,46.110016,46.35905,46.922016,46.416985
46.01698,46.143482,46.355156,46.26474,46.520126,46.209686,46.215508,46.05868,46.058506,46.348,45.998978,46.11676,46.73415,46.713474,46.53308,46.529476,46.3007,46.502144,46.543343,46.540165,46.540714,46.405045,46.387844,46.501114,46.410587,46.49537,46.816116,46.495014,46.326584,46.360233,47.030563
52.054443,51.951782,51.83306,52.188633,52.28913,52.37233,52.66254,52.538242,52.03277,52.337246,51.9706,52.19365,52.386368,52.115425,52.575375,52.734806,52.280357,52.57582,52.370426,52.39034,52.79562,52.558334,52.422504,52.553772,52.555424,52.23134,52.51154,52.75474,52.39813,52.543686,52.590466
45.25545,45.542065,45.487106,44.840454,45.19844,45.473946,45.137756,45.444435,45.686962,45.25998,45.370132,45.32021,45.29108,45.463528,45.537907,45.314125,45.452553,45.37097,45.521263,45.150085,45.364677,45.901207,45.59275,45.96016,45.559834,45.712875,45.53336,45.597866,45.894924,45.835682,45.618843
48.51837,48.82884,48.83692,48.75973,48.717354,48.519367,48.731133,48.58529,48.96485,48.754784,49.05669,48.785023,48.78366,48.67557,49.2201,48.859127,49.183594,48.684147,48.972664,49.234863,49.062275,49.086052,49.28887,49.384834,49.179348,49.068565,49.23872,49.048695,49.418205,49.381798,49.437454
53.367363,53.46192,53.07634,53.12889,53.63472,52.990253,53.265347,52.9748,53.239464,53.57281,53.12458,53.35924,53.56225,53.149876,53.564762,53.46808,53.374584,53.47365,53.615166,53.662857,53.840763,53.703968,53.636593,53.8743,53.21982,53.075737,53.70776,53.48951,53.89378,53.613197,53.763676
42.45289,42.453686,42.422546,41.954884,42.782387,42.494923,42.354923,42.375614,42.72893,42.874027,42.54612,42.926655,42.80037,43.11636,42.814598,42.703266,42.83394,42.90677,42.9508,42.497334,42.693604,42.849995,42.905903,43.24981,42.6975,42.85196,43.227108,42.753426,42.775364,43.010887,43.232937
49.193764,49.046604,49.13456,48.911495,49.729927,49.323784,49.433956,49.32951,48.996204,49.41987,48.909027,49.27792,49.732166,49.65969,49.61214,49.56336,49.13048,49.507767,49.643024,49.094234,49.574085,49.871094,49.573208,50.03067,49.480675,49.384842,49.978683,49.37098,49.245415,49.584496,50.215286
49.187195,48.499374,48.690384,49.173046,48.807915,48.95732,49.286667,49.247143,48.850567,48.717873,49.352688,49.169724,48.731056,48.82146,48.87485,49.316147,49.078476,49.212505,49.15391,49.146072,49.285404,49.406467,49.29288,49.16996,49.529453,49.332016,49.39868,49.117123,49.444286,49.478104,49.393436
38.001358,37.7916,37.3824,37.88885,37.545982,37.875954,37.184875,37.996197,37.9791,37.41197,37.830326,37.3341,37.678123,37.93035,37.43558,37.80283,37.315563,37.90874,37.96475,37.795876,37.629486,37.80721,37.020126,37.83741,38.031902,38.338196,37.859203,37.926083,38.58533,37.861637,38.196915
47.21699,47.96546,48.09291,47.525753,47.51793,47.357468,47.385536,47.362926,47.7598,47.425953,47.40033,47.248814,47.657623,47.904663,47.611755,47.70735,47.93623,47.428574,47.72278,47.770733,47.561535,47.892166,47.95321,47.902695,47.751194,48.007637,47.851093,47.88236,47.80356,47.82277,47.972458
51.280724,51.69413,51.79068,51.378387,51.811516,51.518948,51.699917,51.35056,51.62259,51.91751,51.756573,51.37026,51.856228,51.58817,51.964813,51.501667,51.97561,51.564976,51.898994,51.813755,51.935135,52.249374,52.13751,52.245476,51.723053,51.69261,51.986702,51.858486,52.044666,51.946156,52.072083
51.490345,51.58847,51.492653,51.479687,51.383232,51.642612,51.780293,51.713634,51.70256,51.927094,52.053997,51.638424,51.402985,51.302155,51.960266,51.559334,51.640476,51.722195,51.923985,51.765865,51.847458,52.01069,51.874275,51.94763,51.88781,51.90792,51.559456,52.21938,52.297176,51.992332,51.800644
36.34689,36.21345,36.50447,36.50751,35.99353,36.198082,35.974945,36.457523,36.24549,35.834446,36.181255,36.399338,36.219475,36.589317,36.000675,36.294193,36.14284,36.553684,36.368626,36.322273,36.095215,36.3475,36.26978,36.09121,36.548927,36.75123,36.5569,36.38597,36.204426,36.277054,36.49834
51.687668,51.682674,51.272156,51.602226,51.828194,51.72942,51.732098,51.67952,51.61119,51.956738,51.621983,51.47735,51.829514,51.469067,51.844727,51.686363,51.403233,51.872902,51.875736,51.86844,52.238018,52.1973,51.65341,52.007385,51.81734,51.715446,51.796513,51.972706,52.31455,51.961697,51.99861
53.48247,53.236824,53.88437,53.581127,53.755142,53.74315,54.115665,53.88006,53.773113,53.811554,54.020325,53.64707,53.442623,53.967075,54.100605,54.453255,54.043896,54.03061,54.035393,53.892456,54.22403,54.252037,53.98522,53.973686,53.811016,54.345284,54.202488,54.40661,53.825756,54.201508,54.112785
46.67294,46.84305,46.98133,47.38758,47.082855,47.31815,47.035473,47.557274,47.099007,47.015057,46.889645,46.909977,47.511715,47.488636,47.46911,47.32412,47.104996,47.229187,47.188877,47.378963,47.28271,46.982502,47.20761,47.177956,47.721897,47.6317,47.30844,47.679287,46.711105,47.471706,47.564034
35.80124,36.491062,36.73925,36.26059,36.101295,36.4286,36.267887,36.165062,36.534218,36.632935,36.09357,36.515427,36.521988,37.027603,36.434845,36.477013,36.443504,36.93604,36.44745,36.449417,36.5087,36.460514,36.26401,36.406082,36.54288,36.902267,36.883625,36.91945,36.549683,36.196423,36.758904
43.225044,42.678505,42.93444,42.742527,43.61316,43.120174,43.141895,42.739273,42.92531,43.2286,43.464115,43.42487,43.23893,43.11408,43.172897,42.961002,43.20806,43.24453,43.317104,43.503696,43.48391,43.628757,43.346252,43.5271,43.1621,43.58728,43.96591,42.7647,43.617935,43.524643,43.864796
44.3994,43.74117,44.09272,43.90321,44.377014,44.264637,43.87196,44.345455,43.923428,43.840576,44.14681,44.048843,44.292297,44.397705,44.09573,44.26761,44.100643,44.222134,44.484344,44.055996,43.891636,44.31601,43.94059,44.38492,44.000473,44.52838,44.60325,44.205257,44.252605,44.25279,44.59553
44.0618,43.85189,43.884087,44.16384,43.65793,43.97738,43.8584,44.095867,43.832253,43.592155,43.92571,43.896824,43.926235,44.054012,43.51782,44.13832,44.07674,43.992558,43.80307,44.124092,43.944252,44.168015,43.744762,43.71264,44.06031,44.38566,44.070778,44.28728,44.424137,44.131447,43.932606
47.19418,47.67275,47.826958,47.895145,47.409393,47.740685,47.71554,47.707905,47.760254,47.884968,47.7688,47.53415,48.04475,47.858265,48.134674,47.60001,47.903202,48.060898,47.946945,48.09284,47.914795,47.82333,47.910732,47.96245,48.34768,48.0,48.006573,48.231533,47.92851,47.719067,48.268517
49.67826,50.00318,50.33956,50.122486,50.2481,50.105244,50.13991,49.83493,50.391678,50.318623,50.54334,50.451126,50.40134,50.425133,50.16062,50.286404,50.413292,50.063503,50.2915,50.51825,50.41054,50.09706,50.94542,50.509033,50.565155,50.727448,50.519577,50.30308,50.228146,50.728645,50.47035
51.55135,51.646866,51.370384,51.324448,51.872696,51.60909,52.121895,51.6348,51.792686,52.16927,51.732662,51.978134,51.80187,51.87218,52.2246,52.298378,52.02497,52.116596,51.903522,52.056793,52.52191,52.43643,52.131958,52.333405,52.01599,52.037323,52.201595,52.30963,52.15762,52.39759,52.37032
53.563362,53.55155,53.634346,53.329803,53.39376,53.800663,53.71987,53.821808,54.089245,53.672462,53.62668,53.95761,53.346382,54.00337,53.711437,53.80153,54.12631,54.171085,53.78238,53.77466,54.156242,54.11012,54.27645,53.760918,54.40816,54.26248,53.970177,53.956745,53.822483,54.417725,53.741318
47.07603,47.14263,47.316277,47.06617,47.11979,47.029816,47.247433,47.128906,47.070103,46.795044,47.242752,47.06834,47.05273,46.965458,46.75853,47.622005,47.498394,47.04895,47.367012,47.432823,46.80308,46.970528,47.301434,47.36721,47.046963,47.53894,47.351814,47.38832,47.369938,46.98794,47.23648
42.869774,42.950516,42.899773,42.9288,42.76957,42.41304,42.460983,42.542973,43.00649,42.823566,42.640835,43.247017,42.837406,43.294716,42.296814,42.72909,42.759914,43.234528,42.8497,42.97222,43.063316,43.281425,42.953083,43.02745,43.031635,43.27668,43.579838,42.79697,43.03762,42.975414,43.168434
35.15326,35.446568,35.614998,34.901653,35.177727,35.401527,35.31836,35.30794,35.50445,35.1104,35.298817,35.46415,35.331055,35.665436,35.209427,35.884624,35.691055,35.446873,35.438564,35.18896,35.138634,35.495396,35.468426,35.736473,35.238667,35.709717,35.66769,35.670944,35.72339,35.46737,35.55424
51.944664,51.813625,51.986862,51.878284,52.072968,52.412117,52.168053,52.24896,52.20939,52.01213,52.199562,52.189373,52.2021,51.985466,51.986584,52.281902,52.15417,52.23245,52.345486,52.042618,52.187263,51.977673,52.53826,52.429527,52.403496,52.21714,52.219112,52.200546,52.31782,52.35841,52.053997
50.436596,50.27018,50.334023,50.46215,49.91926,50.557358,50.64506,50.954758,50.46568,50.32064,50.649208,50.578857,50.201527,50.345016,50.74444,50.529716,50.726315,50.72445,50.55894,50.65167,50.517605,50.82047,50.623524,50.50035,51.082962,50.99729,50.468956,51.1608,50.747055,50.864014,50.643585
45.78946,45.711178,45.721794,45.660427,45.707718,45.8129,45.64689,45.87209,45.965363,45.85918,45.95918,46.036602,45.737846,45.977818,46.028965,45.67744,46.030746,46.05453,46.023045,46.061882,45.979805,46.058697,46.085983,45.994843,46.25983,46.315407,46.15009,46.075066,46.132656,46.32123,46.206703
45.231144,44.81821,44.97892,44.83271,45.27247,45.058723,45.16477,44.835503,44.902756,45.250736,45.411404,45.537876,45.208103,45.045567,44.95969,45.007137,45.18011,45.271168,45.432148,45.14977,45.155888,45.34217,45.513485,45.512314,45.170338,45.20185,45.639023,44.962666,45.63478,45.300407,45.51686
42.0717,42.62996,42.75975,42.467358,42.35975,42.626892,42.542324,42.298004,42.79741,42.436535,42.591618,42.314747,42.713295,42.699165,42.73975,42.597755,42.703156,42.817703,42.55412,43.009167,43.00163,42.941536,42.7877,42.806458,43.16512,43.09024,42.92733,42.611485,42.948105,42.759823,43.136356
53.138786,53.09435,53.22499,53.46523,53.333557,53.1254,53.443817,53.306194,53.157085,53.22894,53.313232,53.56701,53.55335,53.5077,53.570755,53.685574,53.562263,53.279396,53.4183,53.739353,53.604034,53.343174,53.977913,53.49125,53.843365,53.67742,53.6159,53.65676,53.260445,53.96976,53.86466
48.584953,48.50801,48.873344,48.696873,48.703697,48.90559,48.95237,48.847527,48.889614,48.790176,49.022,48.89584,48.747505,49.028633,48.85116,49.15397,49.108818,49.018158,48.903587,49.063625,49.088776,49.03742,49.083977,48.857887,49.078896,49.419792,49.09449,49.22049,48.9535,49.208794,48.996048
48.79278,48.417263,48.787415,48.484062,49.22312,49.000145,48.824375,48.757854,48.625515,48.66087,48.636234,48.530155,49.03809,48.86073,48.745132,48.772625,48.780804,49.001755,49.098488,48.642838,49.13732,49.365772,49.148895,49.24427,48.90435,48.73259,49.3925,48.403896,48.86802,48.988457,49.19219
57.859154,57.688156,57.7601,58.07299,57.82605,58.120808,57.772095,58.154053,57.993484,57.65426,58.084618,57.662666,58.158333,57.818287,57.936226,58.045197,57.884937,57.71919,58.06648,58.040134,58.04043,57.901478,58.18275,58.172348,58.32992,58.135223,57.86697,58.1779,58.32335,58.447296,58.01848
37.869247,38.19188,38.46055,38.203472,37.87538,38.261463,38.55091,38.638454,38.13416,38.039455,38.19387,38.45123,38.181625,38.42404,38.044117,38.811634,38.668774,38.28654,38.231674,38.184795,37.77632,38.202774,38.349472,38.41478,38.311928,38.79368,38.439426,39.039623,38.071514,38.14561,38.284916
41.688473,42.415733,41.98664,42.40534,41.980743,41.759357,42.308342,41.93398,42.196762,42.42014,42.2523,42.166126,42.29697,42.223312,42.72502,42.409664,42.409985,42.29683,42.375004,42.845108,42.56603,42.25494,42.62839,42.527588,42.92003,42.486046,42.426414,42.709396,42.580544,42.58444,43.13697
40.069897,40.045067,40.31221,40.025288,40.445663,40.381493,40.492966,40.229572,40.1866,40.205166,40.11427,40.414707,40.37369,40.525375,40.273483,40.879852,40.613728,40.549385,40.456924,40.35823,40.43567,40.30459,40.484352,40.561127,40.26123,40.485962,40.878975,40.4849,40.471455,40.40838,40.66995
51.050983,51.038883,50.888283,51.22362,50.9914,51.202347,51.347904,51.413414,51.427227,51.48693,51.644886,51.294247,51.203957,51.571198,51.234203,51.682285,51.425735,51.479977,51.69728,51.310795,51.25178,51.21379,51.523926,51.639557,51.916767,51.83203,51.381737,51.889023,51.570786,51.655807,51.765907
46.050667,45.94629,46.217506,46.052498,45.84883,46.091976,45.661148,46.08434,46.106213,45.875805,46.0807,46.115112,45.927105,46.36271,45.787563,45.855503,45.782104,46.06253,46.116364,45.95603,45.948982,46.193077,46.01313,45.90046,46.17471,46.66407,46.172077,46.24318,46.286015,46.33366,46.116196
54.44126,53.415386,53.828865,54.06343,54.38008,54.308125,53.627266,54.14826,54.007996,54.090755,54.47806,54.19783,54.178757,54.38448,54.001682,54.03359,53.744816,54.094666,54.51903,54.054867,54.090282,53.963726,53.876747,54.139854,53.986782,54.59221,54.483086,54.187675,54.62956,54.58717,54.4077
37.32652,37.139275,37.224007,36.89403,37.29426,37.36625,37.437344,37.374073,37.593845,37.36329,37.61501,37.770344,37.181217,37.443024,37.71474,37.64255,37.8845,37.868595,37.61547,37.6007,37.70505,37.695385,37.833786,37.748734,37.698368,37.65384,37.867313,37.52457,37.65531,37.87995,37.767708
56.687958,56.644833,57.287544,56.423985,57.10679,57.136612,57.05933,56.730877,56.976685,56.948586,57.142097,57.207863,57.29173,57.143555,57.206696,57.10655,57.305798,56.94079,57.324383,56.916325,56.97246,57.090046,57.7723,57.676666,57.20456,57.20775,57.49337,56.961723,57.190918,57.373978,57.442467
52.596622,52.624542,52.652344,53.079937,52.671074,52.695934,52.791702,52.950134,52.50065,52.730473,52.315544,52.815228,52.970448,52.93652,52.91131,52.986034,52.732014,52.99779,52.91698,52.978237,52.99038,52.57335,53.061066,52.584045,53.144875,52.803566,52.86771,53.25463,52.572517,52.97083,52.972794
50.344334,49.6048,50.535286,50.195583,50.228767,50.428226,50.003902,50.11885,49.88469,49.603024,49.63138,50.431828,50.48637,50.51142,50.05606,50.135014,50.075687,50.709126,50.16628,50.115105,50.533886,50.496464,50.26954,50.12113,50.29362,50.166634,51.16087,49.766937,50.341583,50.230453,50.50519
41.26194,41.476017,41.337585,41.614376,41.33409,41.45587,41.601673,41.62045,41.387955,41.555244,41.76051,41.502666,41.596188,41.29604,41.802902,41.592148,41.27591,41.49717,41.65763,41.812897,41.531467,41.62804,41.48653,41.839096,41.831787,41.940437,41.60407,42.00209,41.91191,41.633976,42.09517
37.934597,37.52105,37.597885,37.519238,37.92418,37.805115,37.71033,37.77078,37.777073,37.717804,38.182117,37.80967,37.74005,38.03589,37.88446,38.21302,37.86207,37.91,38.20844,37.879753,37.77839,37.928185,37.81527,38.10589,37.874054,38.2837,38.135788,37.951073,38.292538,38.17961,38.463234
40.719677,40.806072,41.04303,40.511425,40.90573,40.615894,40.937782,40.494297,40.491367,40.934383,40.883488,41.180008,41.097233,40.856354,40.93145,41.043053,41.191204,40.805367,40.985363,40.918457,40.707733,41.035572,41.178726,41.19329,40.43248,40.781227,41.207558,41.14663,41.17993,40.857513,41.11593
48.632793,48.202477,48.9048,48.610924,48.881767,48.969994,49.16982,48.73839,48.364742,48.576424,48.8856,48.94715,49.031975,48.684875,48.76987,49.1693,49.135628,48.896297,48.913376,48.934517,48.81325,48.84444,49.087406,49.012466,48.725292,48.894096,49.335384,48.88896,48.957245,48.765675,49.05086
54.914528,54.924328,54.568832,54.95477,54.911385,55.02179,54.846962,55.07573,54.85358,54.592308,54.27111,54.514175,55.124622,54.97344,54.663685,55.307117,54.935436,55.003063,54.95937,54.886955,55.15534,55.032455,54.80309,55.205116,55.188156,54.82872,55.21934,55.090256,55.497425,55.131447,55.188168
53.455276,53.44035,53.37198,53.15473,53.295242,53.022762,53.077106,53.129417,53.276733,52.997086,53.000732,53.33672,53.169636,53.337578,53.117306,53.423965,53.459885,53.1934,53.297695,53.447865,53.54417,53.623955,53.791454,53.230988,53.3046,53.40885,53.317345,53.34968,53.49058,53.86712,53.222137
46.66618,46.63629,47.481438,47.049133,46.861115,47.065468,46.68089,46.691586,47.084938,47.140686,47.382473,47.487858,47.20193,47.74368,46.840137,46.834995,47.172604,47.12996,47.31551,47.07217,46.737926,46.57253,47.46557,46.9066,47.312687,47.741676,47.47928,47.210083,47.036602,47.23564,47.302628
51.606956,51.884583,51.754944,51.725792,52.03691,51.602695,51.75178,51.638622,52.059464,51.958725,51.497925,51.883644,51.909687,52.046135,51.798656,52.18231,52.455273,52.167793,51.955967,52.321156,52.345665,51.94056,52.204178,52.05774,51.889793,51.961967,52.383965,52.148445,51.918724,52.156456,51.91685
45.33547,45.443237,45.34973,45.200832,45.626717,45.127758,45.78614,45.127388,45.456726,45.8807,45.783585,45.77919,45.490067,45.508137,45.641617,46.052612,45.9847,45.778667,45.84618,45.933212,45.803234,45.743206,45.88565,45.98655,45.416317,45.701912,45.965073,45.967167,45.92878,45.68092,45.98544
57.622875,58.0443,57.82605,58.213947,57.698517,58.183167,58.13483,58.23693,58.645847,58.261215,58.19811,58.09832,58.231636,58.338383,58.463284,58.35251,58.64118,58.527283,58.331913,58.53297,58.67501,58.072742,58.751713,58.51671,59.289112,58.452866,58.346375,58.665836,58.49589,58.823696,58.51366
58.01309,57.78969,58.32345,57.920002,58.220512,58.486404,58.311726,58.421207,58.33427,58.11678,58.35316,57.96613,58.244297,58.260815,58.402412,58.429615,58.469704,58.3223,58.492214,58.054646,58.464375,58.675644,58.561104,58.736076,58.402817,58.420662,58.582306,58.489243,58.48036,58.633762,58.360542
51.881275,52.1932,52.406525,52.19543,52.36125,52.06687,51.94624,51.87097,52.30453,51.78281,51.827484,51.86643,52.425587,52.339,51.9482,52.605667,52.25862,52.07497,52.35188,52.282463,52.37663,52.007286,52.62806,52.55616,52.277443,52.138107,52.596424,52.000233,52.37563,52.387234,52.450256
55.603455,55.580956,55.830917,55.72657,55.73059,55.755836,55.77785,55.732533,56.039722,56.01876,56.447212,55.923763,55.715927,55.69065,56.15507,55.703514,55.975307,55.831272,56.274395,56.09217,55.966595,55.92558,56.381855,56.324844,56.281025,56.26178,56.076626,56.119556,56.308697,56.337013,56.248978
45.588234,45.178402,44.935265,45.27427,45.055405,45.441643,44.988018,45.6561,45.42496,44.921974,45.38789,44.983994,45.09805,45.040367,44.881535,45.322006,45.136883,45.51091,45.426277,45.350685,45.25503,45.46945,44.878067,45.276497,45.371834,45.573235,45.196335,45.475925,45.791683,45.308147,45.093056
53.89396,53.500843,53.622536,54.22248,53.568222,53.96543,53.787655,54.27338,53.9133,53.71088,53.67477,53.86121,53.906204,54.306393,53.792248,53.999302,53.973816,54.372826,53.928913,53.99989,54.303146,54.160664,53.977627,53.671333,54.626236,54.276253,54.1906,54.27704,53.885174,54.361576,54.07032
49.713657,50.13043,50.1128,49.992073,50.10987,50.277,50.317142,49.936268,50.23653,50.49055,50.11347,50.25941,50.592537,50.569054,50.199253,50.332283,50.471573,50.478207,50.25996,50.445248,50.553333,50.348312,50.613255,50.397934,50.69994,50.545113,50.45,50.51434,50.3467,50.44354,50.5416
45.01687,45.03089,44.80413,44.9635,44.89543,45.01116,45.288624,45.176884,45.18585,45.243114,45.37177,45.28839,44.788692,44.820625,45.177658,45.149693,45.307323,45.362823,45.25945,45.38626,45.40271,45.425236,45.43857,45.276604,45.48127,45.39952,45.196808,45.454334,45.4962,45.46682,45.233784
40.40928,40.08507,40.097755,40.323875,40.15164,40.409725,40.31215,40.745045,40.24647,40.29851,40.52849,40.29338,40.12942,40.46656,40.453094,40.56656,40.33889,40.532307,40.677128,40.26115,40.214966,40.41578,40.275475,40.33426,40.543617,40.71422,40.343758,40.89365,40.529747,40.60976,40.597412
53.414032,52.668934,53.02249,53.08141,53.13244,53.294937,53.308582,53.39035,52.75959,52.89135,53.033863,53.442802,53.07885,53.289097,52.867027,53.492138,53.06493,53.188305,53.207077,52.954556,53.170986,53.34228,53.283543,53.036377,53.162426,53.45365,53.38716,53.393944,53.359802,53.550343,53.209362
30.74747,31.704731,31.114153,31.160263,30.438526,30.796886,31.107525,31.176687,31.469442,31.101906,31.161638,31.154202,30.765577,31.316092,31.204102,31.393421,31.40829,31.289865,31.008472,31.469069,31.24309,31.435085,31.370266,31.042063,31.756592,31.785551,30.84375,31.869583,31.385292,31.540924,31.353605
41.416286,41.738945,41.586594,41.683735,41.531273,41.561275,41.719967,41.773884,41.48973,41.591877,41.318977,41.695503,41.76358,41.882767,41.731743,41.893593,41.929676,41.67738,41.541325,41.871475,41.754707,41.87046,41.784508,41.650024,41.871727,42.000183,41.839596,42.197678,41.70994,41.978355,41.94234
43.348206,42.981277,42.78321,43.236057,43.25905,43.080406,43.49969,43.185524,42.815826,43.421753,43.541023,43.200874,43.25934,42.863594,43.762096,43.314045,43.240376,43.511047,43.55211,43.759502,43.643787,43.661667,43.273113,43.381546,43.463734,43.30442,43.423325,43.567657,43.832233,43.443203,43.962585
48.265114,48.286392,47.71369,48.235783,47.741783,47.99945,48.598392,48.360172,47.99512,48.36884,48.662697,48.257484,47.923042,47.62985,48.339672,48.18747,48.347813,48.268482,48.354206,48.63808,48.32017,48.664673,48.450275,48.30796,48.783035,48.53299,47.88669,48.817978,48.882004,48.504925,48.49406
43.96837,43.580204,43.517403,44.20963,43.849594,43.884842,43.669273,44.109913,43.931923,43.850124,44.370396,43.80028,44.004658,43.96767,44.015804,43.654533,43.732845,43.9697,44.163376,44.132626,44.06199,44.259247,43.918472,44.253456,44.590733,44.410576,44.31239,43.996372,44.39907,44.42195,44.66596
44.763477,44.41519,45.592957,44.713875,45.474594,45.124046,45.403214,44.41678,44.450523,45.311005,45.342678,45.64021,45.689533,45.397984,45.22622,44.884136,45.241062,45.256927,45.300373,45.18829,45.181744,45.508415,45.706303,45.495934,44.997128,45.332573,46.163406,44.764576,45.108086,45.004627,45.926792
57.130497,57.236214,57.405273,57.354218,57.659683,57.162075,57.538082,57.124924,56.93812,57.530384,57.261475,57.09555,57.753895,57.39104,57.761208,57.554253,57.459618,57.28516,57.804443,57.67154,57.52037,57.51668,57.772533,57.781403,57.500088,57.40242,57.714245,57.660812,57.52829,57.49172,58.155315
54.852016,54.25385,54.333694,54.69403,55.030014,54.905956,54.402466,54.80016,54.79213,54.709213,54.56106,54.734615,55.022484,55.040813,54.930725,55.025757,54.534485,55.10387,55.19237,54.79691,55.18641,54.481888,54.90286,54.931587,54.996536,54.705353,55.13069,54.771755,54.947422,55.241932,55.130196
44.64817,44.80568,44.694534,44.58508,44.833252,44.850456,44.80125,44.976704,45.061657,44.959816,45.09472,45.01948,44.776558,45.140854,45.208176,45.04997,45.06201,44.734657,45.032475,44.959633,44.96977,45.088383,45.27756,45.261658,45.30552,45.532288,45.028572,45.32807,45.122288,45.724785,45.393547
39.788746,39.446297,39.47751,39.880714,39.248734,39.453987,39.3746,39.71015,39.359745,39.27805,39.58179,39.859947,39.495213,39.706066,39.421818,39.500557,39.52491,39.825428,39.635166,39.9011,39.47572,39.537018,39.529327,39.203842,39.970196,40.055733,39.752743,39.80649,39.796097,39.728405,39.887257
45.355705,45.396976,45.18225,45.588017,45.332268,45.234947,45.412727,45.503765,45.420616,45.17215,45.977253,45.272995,45.49882,44.986435,45.658607,45.67645,45.735104,45.022392,45.680313,45.912514,45.271297,45.317265,45.758698,45.967293,45.77004,45.66304,45.46044,45.75146,46.078274,45.881332,45.95144
58.502148,58.38346,58.305054,58.554375,58.828346,58.57935,58.91941,58.417854,58.37345,59.09909,58.447914,58.726334,58.89656,58.68053,59.08537,58.6383,58.75293,59.15831,58.967464,59.08937,59.39752,59.03942,59.039684,58.86412,59.13531,58.663597,59.1563,58.891163,58.97051,58.953728,59.33245
50.797447,51.014507,51.041428,51.15373,50.589424,50.77761,50.610687,51.125095,51.16316,50.588062,51.014233,50.83376,50.822906,50.775856,51.117676,50.875755,51.274796,50.77575,51.00759,51.26979,50.92272,50.885998,51.314716,51.025375,51.298954,51.16693,50.903366,51.358273,51.198975,51.444653,50.90935
44.487095,44.491486,44.31041,44.35281,44.575912,44.247387,44.405792,44.10368,44.420773,44.411743,44.662865,44.478878,44.449802,44.414715,44.406242,44.516766,44.67726,44.397488,44.576473,44.953804,44.671936,44.78499,44.615288,44.760437,44.666813,44.919067,44.921364,44.44717,45.23916,44.856915,45.115444
38.44299,38.081978,37.81926,38.42715,37.96869,38.13267,37.90616,38.400963,38.375107,38.166195,38.34657,38.32325,38.07206,38.56499,38.009037,38.58329,38.07144,38.78553,38.47552,38.512897,38.338917,38.137794,37.751923,38.047043,38.474827,38.806953,38.44393,38.710167,38.66037,38.33049,38.551254
37.98039,38.372257,38.548515,38.017887,37.90689,38.23809,38.09949,38.392017,38.572906,37.936836,38.421246,38.09899,38.101845,38.65932,38.1734,38.56026,38.61461,38.38267,38.55831,38.280098,37.859417,38.2953,38.48468,38.563095,38.745502,39.02839,38.42868,38.583103,38.28616,38.376766,38.698032
53.19209,53.033913,53.127525,53.19113,53.301857,53.26464,53.175613,53.14689,53.420235,53.39408,53.40899,53.352295,53.324814,53.25573,53.305553,53.26243,53.153305,53.54201,53.52728,53.335278,53.728657,53.614197,53.51747,53.740227,53.518982,53.383392,53.757908,53.34389,53.84391,53.62766,53.59479
41.321503,41.462933,41.266335,41.201458,40.992447,41.03704,41.33786,41.16798,41.146973,41.187088,41.279087,41.540367,40.96532,41.33466,41.21829,41.457664,41.106327,41.35186,41.268463,41.543568,41.43422,41.56645,41.55068,40.97931,41.561356,41.872055,41.089035,41.60554,41.494297,41.67136,41.51955
41.367886,41.501102,41.91903,41.535927,41.77562,41.56502,41.74501,41.439747,41.443768,41.6902,41.62131,41.816353,41.819355,41.96777,41.787235,41.82013,41.935158,41.764027,41.783638,41.916603,41.758675,41.826,42.02623,41.7276,41.712914,42.057663,42.12922,41.87546,41.591522,41.831398,42.115383
47.599873,47.430973,47.51181,47.61372,47.297203,47.333466,47.349354,47.539104,47.523354,47.30369,47.53488,47.39981,47.35469,47.463276,47.405735,47.5437,47.4037,47.796326,47.7164,47.619675,47.69139,47.902744,47.506187,47.642586,47.694904,47.70305,47.800396,47.676243,47.924587,47.597073,47.76131
43.127884,42.903217,43.438545,42.945442,43.11525,43.817093,43.711433,43.613045,43.429966,43.294136,43.595318,43.627678,43.257328,43.457787,43.45406,43.34817,43.62613,43.690647,43.350227,43.097065,43.640057,44.08797,43.79679,43.727142,43.87951,43.789536,43.851086,43.469765,43.683056,43.848625,43.567738
35.457542,35.738155,35.753845,36.09827,35.71985,35.631416,35.990097,35.824493,35.623672,35.94504,35.875717,35.75413,35.951477,35.863125,36.22176,35.8792,35.868935,36.163963,35.935555,36.336193,36.187984,36.15538,35.93255,35.890305,36.27149,36.15172,36.19261,36.226414,35.837193,35.880726,36.52863
48.65842,49.194855,48.858612,48.79897,48.69715,49.0115,49.008453,49.228107,49.23823,49.081955,49.07457,48.863976,48.967056,48.97708,49.233032,48.99596,49.205246,48.91428,49.034958,49.09683,49.081345,49.441544,49.248558,49.467453,49.5077,49.497894,48.952396,49.624344,49.36046,49.51691,49.260437
43.058723,43.55298,43.137894,43.3062,43.606552,43.125336,43.2825,42.917618,42.996952,43.790157,43.24464,43.33157,43.82225,43.16105,43.479008,43.161026,43.202766,43.14727,43.338722,43.77076,43.59302,43.468754,43.444725,43.45289,43.05519,43.288918,43.299538,43.69452,43.67224,43.41242,43.544674
46.08535,46.4868,46.346024,46.218273,46.474068,46.202244,46.71107,46.283676,46.222927,46.782494,46.549736,46.167404,46.358593,46.202717,46.817932,46.611332,46.567814,46.451626,46.704075,46.724728,46.658543,46.854496,46.587444,46.75244,46.37413,46.616776,46.491756,47.02835,46.745106,46.50985,46.86005
65.46293,65.64178,65.59613,65.84525,65.80684,65.50877,65.82787,65.6552,65.745995,65.92943,65.800934,65.54836,65.80123,65.427704,65.90509,65.78084,65.89021,65.71548,66.0313,66.18251,66.12348,65.88097,66.213936,66.14742,66.03734,65.84944,65.93172,66.137215,65.982666,66.03911,65.95388
53.760918,53.58087,53.869545,53.9198,54.15702,53.53636,53.948864,53.610237,53.68796,53.897446,54.12278,53.723385,53.91815,53.788254,54.301445,54.294323,53.88049,53.84712,54.33052,54.299355,54.240067,54.040314,54.231613,54.31346,53.90059,54.050148,54.336308,54.09806,54.195766,54.2258,54.64848
62.153126,61.62916,61.645676,61.95736,62.31259,62.00058,62.159657,62.00599,61.96062,62.271927,62.243797,62.212135,61.9535,61.600822,62.025352,62.080227,62.355904,62.130955,62.332256,62.342884,62.55442,62.111786,62.642883,62.164772,61.994484,61.829544,62.18601,62.214005,62.363354,62.570786,61.741283
42.43036,42.15609,42.374084,42.403214,42.206116,42.73895,42.527237,42.767513,42.399887,42.097885,42.51677,42.613647,42.30904,42.314613,41.951965,42.5845,42.427414,42.626026,42.453487,42.44083,42.25098,42.347424,42.436474,42.366333,42.650482,42.9039,42.563087,42.58614,42.574112,42.39672,42.264145
53.63294,53.551662,53.56333,53.633514,53.753,53.77297,53.561535,53.832104,53.66792,53.81473,53.771168,53.518517,53.82271,53.493454,53.83395,53.389187,53.774952,53.79895,53.918636,53.944096,53.866966,53.97359,53.813736,53.866768,53.812237,53.863953,53.788685,54.001884,53.872562,53.871635,53.70748
45.309364,45.394985,45.46765,45.80441,44.847458,45.531815,45.476128,45.7567,45.931366,45.580032,46.106567,45.590084,45.14398,45.53698,45.722282,45.400852,45.71832,45.96251,45.746365,45.851326,45.80046,45.735306,45.786526,45.50109,46.42696,46.144737,45.57738,46.088387,46.041676,45.977108,45.734623
49.17858,49.156277,49.22943,49.174187,49.265,49.583607,49.26754,49.531597,49.34649,49.194164,49.13663,49.327156,49.579433,49.088295,49.556885,49.150932,49.295506,49.608425,49.383797,49.464745,49.643627,49.559166,49.571,49.58268,49.636883,49.29476,49.50652,49.42189,49.425697,49.50035,49.35401
39.148624,39.99802,39.702744,39.578182,39.441727,39.699013,39.901676,39.852375,39.737957,39.905247,39.55149,39.829597,39.892403,39.760006,40.222206,39.65498,40.18124,39.73023,39.60565,40.028717,39.881607,40.013596,40.267284,39.930473,40.28576,40.027267,39.68558,40.3765,39.67736,40.178036,40.005314
52.721363,52.49831,52.779335,52.550526,53.059532,53.31326,53.294003,52.978046,52.904835,52.946033,53.39857,52.90252,53.043053,52.503513,53.022648,52.85459,53.306877,52.968716,53.18205,53.196136,53.062557,53.214718,53.347572,53.56163,53.348125,53.283195,53.376087,52.888203,53.463215,53.163395,53.290806
46.29732,45.730812,45.683052,45.674793,46.352814,46.168026,45.98628,46.071827,45.75245,45.866554,45.837437,45.921593,46.143147,45.85218,45.638206,46.342476,45.966183,46.097553,46.23715,45.79789,46.075657,46.165718,45.961773,46.24626,45.541965,45.741272,46.21131,45.97298,46.390606,46.054115,45.880657
43.11472,43.3017,43.084274,42.856014,43.229828,42.898746,43.235287,42.872875,43.28226,43.30989,43.62849,43.202587,43.002678,43.217022,43.26158,43.57897,43.39243,43.05213,43.438183,43.506027,43.28061,43.574646,43.354202,43.694138,43.223057,43.814713,43.444447,43.540012,43.960636,43.646675,43.845913
53.640873,53.75129,53.46959,53.7315,53.841896,53.516598,53.79546,53.69066,53.828945,53.909172,53.727333,54.11338,53.830265,53.873276,53.653133,53.88696,54.147068,53.77046,53.995174,53.970646,53.99037,53.71642,54.720303,54.056084,54.339355,53.86477,53.953476,53.90442,53.740635,54.457783,53.957733
34.386833,34.63936,34.87643,34.379562,34.566734,34.56797,34.403378,34.348053,34.45137,34.093136,34.11681,34.42047,34.600914,34.74753,33.88131,34.722496,34.61574,34.63753,34.311344,34.62586,34.43071,34.820786,34.212383,34.53103,34.22563,34.998337,35.09439,34.450222,34.76058,34.209415,34.61362
46.88767,46.975235,46.9831,47.070465,46.95076,47.267677,47.14287,47.12422,47.094738,47.11384,47.368706,46.872364,47.276783,46.855995,47.323338,46.939156,47.065994,47.183044,47.148964,47.41509,47.407322,47.56092,47.11558,47.385223,47.45558,47.4236,47.23534,47.352135,47.687984,47.312725,47.44513
53.547268,53.518948,53.541405,53.50997,53.801346,53.679646,53.70129,53.67591,53.832726,53.667606,53.718136,53.96283,53.99522,53.770905,53.921368,53.854843,54.11557,53.883656,54.042114,53.96785,53.92096,53.66134,54.521862,54.311684,54.338696,53.790237,54.176304,53.71542,53.79143,54.23133,54.200123
46.177418,46.12659,46.55047,46.274765,46.162407,46.30071,46.239628,46.109203,46.07979,46.137016,46.352352,46.3918,46.333546,46.486164,46.22098,46.091743,46.245678,46.209286,46.213657,46.378094,46.428158,46.721943,46.603546,46.152115,46.517353,46.77205,46.505627,46.33657,46.54004,46.69059,46.554787
49.925247,49.745472,50.255478,49.450275,49.983055,50.192688,49.533962,50.082935,50.224205,49.589325,50.005493,49.768852,49.932735,50.21606,49.7021,50.053257,50.097683,49.82063,50.252968,49.462536,49.595642,50.082447,50.09865,50.46779,49.750187,50.23697,50.2486,49.99371,50.215954,50.22417,49.878357
35.70395,35.921555,36.49816,35.705185,36.048973,36.018143,36.05577,35.84392,35.87413,35.982178,36.15966,36.03514,36.244648,36.462177,36.164703,36.339134,36.054893,35.99936,36.258747,35.795094,35.80102,36.40461,36.141724,36.551674,35.852886,36.444557,36.552128,36.304962,36.272263,36.04585,36.70605
49.59553,49.36776,49.56627,49.737183,49.823303,49.63672,49.75502,49.744972,49.710808,49.72808,50.211845,49.62574,49.69612,49.76691,50.088528,49.978268,49.92534,49.556953,49.973286,50.07075,49.992725,49.984116,50.06222,50.033516,50.02187,50.25309,49.989517,50.08359,50.07127,50.458603,50.30929
67.579735,67.32545,67.607414,67.72796,67.772865,67.517365,67.351364,67.62916,67.44433,67.30529,67.4105,67.24374,67.53934,67.39723,67.58176,67.43704,67.47835,67.22395,67.744896,67.7596,67.780815,67.68422,67.903145,67.644394,67.69297,67.78354,67.73324,67.659035,67.75175,68.114815,67.653465
55.601093,55.884087,56.067795,56.33668,55.934082,55.41,56.074745,55.521088,55.594635,56.310184,56.427006,55.823524,56.0565,55.634468,56.54157,55.706665,56.253605,55.822186,56.519802,56.690224,56.078445,55.839535,56.74978,56.090973,56.374817,55.96379,56.04423,56.343853,56.188675,56.133663,56.64717
52.577602,52.325287,52.455116,52.27496,52.885353,52.548214,52.803143,52.569748,52.84544,52.947083,52.802357,52.808014,52.63605,52.8241,53.1648,53.57898,52.908104,53.207478,53.430836,52.717487,53.089535,52.564404,53.066284,53.41385,52.64706,52.549103,53.226906,53.14432,53.093616,52.986664,53.2545
51.711517,51.25934,51.65509,51.771137,51.33442,51.97288,51.638783,52.022915,51.62411,51.476986,51.728104,51.599144,51.733772,51.8336,51.626766,51.912453,51.469906,52.0627,51.934616,51.50143,51.692127,51.77524,51.453594,51.75908,51.932404,51.952133,51.905632,52.127914,52.12533,51.693775,51.855064
52.39838,52.839363,52.8743,52.88708,52.870453,52.94171,52.959774,53.029705,53.00089,52.939766,53.130436,52.522995,53.120663,52.908943,53.007244,53.106377,53.14742,52.64691,53.10722,53.126225,52.838852,52.926353,53.210003,53.380737,53.267895,53.393272,52.932045,53.428345,52.973675,53.18111,53.209526
45.761986,46.065437,46.36563,45.352383,45.90068,45.831852,45.74441,45.452606,46.0062,45.61018,45.997616,45.905647,46.00625,45.863625,46.034138,45.911705,46.210327,45.712917,45.981735,46.04433,45.910244,46.37545,46.34098,46.47905,45.839176,46.172142,46.290398,45.77933,46.569504,46.219925,46.31473
46.270535,46.13352,46.29902,45.909756,46.38302,46.147346,46.386143,46.004707,46.314568,46.622475,46.449894,46.767853,46.266575,46.40951,46.210506,46.597313,46.518856,46.6422,46.621468,46.194187,46.549454,46.56371,46.746536,46.705025,46.040764,46.224968,46.747387,46.54788,46.730312,46.51249,46.353806
57.49905,57.486294,57.738983,57.597557,58.119377,57.60456,58.128674,57.450363,57.26703,57.92267,57.882122,57.38399,57.896206,57.618954,57.841923,58.13867,58.03717,57.389168,57.9654,58.047997,57.9976,58.02849,58.203194,57.87288,57.50941,57.887703,57.789017,58.096733,57.897743,58.056942,58.002304
45.89643,46.023773,46.56405,46.044205,46.045967,46.20015,46.361782,46.065197,45.85647,45.87274,46.352844,46.11654,46.31453,46.165108,45.98504,46.427845,46.211887,45.80592,46.155754,46.134903,45.90519,46.36115,46.510006,46.30815,46.10422,46.584152,46.190857,46.392967,46.288544,46.258453,46.321503
54.36569,54.457375,54.68805,54.03243,54.83828,54.733047,54.78063,54.267956,54.693436,54.73386,55.248432,54.284397,54.625126,54.21562,54.982426,54.82549,54.641743,54.46775,55.045567,55.06089,54.75707,54.922318,54.68763,55.360924,54.55507,55.242043,54.864727,54.800457,55.461224,54.742325,55.26848
49.990604,49.64734,49.395058,49.572945,49.84413,49.727077,49.813526,49.93467,49.76977,50.01276,49.81018,49.99149,49.69475,49.799973,49.863483,49.90191,49.981853,50.26948,50.222137,50.00207,49.981514,49.99534,49.93629,50.0114,50.022987,50.004105,50.083664,50.1571,50.06711,50.012096,50.081627
47.12681,47.07104,47.05358,47.44736,47.3499,47.045048,47.444542,47.053738,46.98576,47.53203,47.293407,47.497005,47.4549,47.34558,47.416317,47.232437,47.37664,47.481064,47.2758,47.742912,47.851368,47.733433,47.62385,47.289474,47.604874,47.501328,47.713066,47.508575,47.49164,47.68458,47.769295
40.41439,40.409916,40.76317,40.12619,40.555893,40.875343,40.82246,40.53384,40.479576,40.510418,40.68338,40.531937,40.790768,40.606827,40.57756,40.84305,40.65771,40.75717,40.58428,40.457294,40.72197,41.300232,40.48427,41.092926,40.4172,40.86689,41.04352,40.783478,41.202744,40.567005,40.897774
42.53453,42.985924,42.681366,42.892956,42.71763,42.911037,43.159657,43.067192,43.057034,43.114746,43.00413,43.13578,43.11542,42.99905,43.539936,42.963345,43.252502,43.076874,42.868034,43.288357,43.475685,43.537613,43.50025,43.436325,43.800655,43.306755,43.24062,43.413563,43.25809,43.73547,43.62526
50.99594,50.86351,50.768677,51.033245,51.19313,51.07492,51.204838,51.161243,51.03524,51.164192,51.101913,51.274284,51.37979,51.17475,51.467606,51.350876,51.256886,51.18456,51.094803,51.45078,51.62902,51.553276,51.376694,51.514603,51.455204,51.406067,51.529182,51.477493,51.42942,51.7889,51.652195
58.884773,58.14291,58.08737,58.676807,58.431526,58.841015,58.696712,59.028973,58.667076,58.538746,58.607914,58.18399,58.385914,58.520325,58.75245,59.250175,58.562485,59.23274,59.012905,58.648853,59.239616,58.892567,58.268627,58.6351,58.782097,58.56768,58.70907,59.21427,59.384743,58.900146,58.674335
27.895214,28.285889,27.880976,27.942423,27.93829,27.449799,27.800323,27.72126,28.076313,27.982218,27.988155,28.185837,27.927322,28.266993,27.87419,28.286955,28.51698,28.205639,28.0937,28.461224,27.972094,28.158424,28.078308,28.228586,28.056942,28.363693,28.502596,28.278606,28.278896,28.125912,28.558153
38.93779,38.826004,39.140045,39.224678,38.934166,39.683693,39.594242,39.7454,38.816437,39.007397,38.712757,39.551342,39.622566,39.714153,39.199425,39.631977,39.15142,39.567238,38.95688,38.986816,39.28201,39.392212,39.26069,39.07083,39.695625,39.620842,39.472904,39.739914,38.887276,39.38344,39.45859
43.735336,43.870274,43.98345,43.115345,43.587975,44.040783,43.474716,43.889423,44.25803,43.50848,43.682877,44.016056,43.583073,44.00522,43.87347,43.783985,44.02551,44.038742,43.860413,43.760963,43.81261,44.045944,44.032887,44.057297,44.044563,44.397385,44.013737,43.899155,44.063118,44.265396,43.83148
42.370583,42.31321,42.363792,42.51974,42.3676,42.303745,42.44955,42.507725,42.339767,42.20088,42.32544,42.59676,42.627823,42.588654,42.585373,42.818497,42.812214,42.585026,42.49748,42.722614,42.6289,42.539837,42.819515,42.596695,42.72512,42.538452,42.78912,42.7182,42.537273,42.843403,42.804214
46.44882,46.713364,46.35795,46.811558,46.473457,46.119423,46.733963,46.46737,46.612507,46.833485,46.69457,46.92404,46.515755,46.535263,47.00195,46.839905,46.843826,46.816788,46.789707,47.18223,47.091545,46.83351,47.112602,46.89132,47.095425,46.800537,46.943184,47.121468,47.013237,47.14715,47.23122
49.60993,49.278263,49.32808,49.208523,49.64045,49.37318,49.330093,49.176144,49.378475,49.28046,49.465485,49.557648,49.537678,49.42335,49.41761,49.42058,49.765484,49.547916,49.64615,49.762024,49.69812,49.7336,49.81483,49.757446,49.650845,49.585686,50.012897,49.212006,50.02538,49.87191,49.920597
40.66298,41.07414,41.00435,40.973354,40.819412,40.987732,40.946823,40.951153,40.936108,41.105724,40.963696,40.752064,41.27556,41.40778,41.15156,41.132683,40.859264,41.220173,41.179703,41.191578,41.055004,41.24991,40.902588,41.13436,41.416195,41.58776,41.11823,41.46929,41.150635,41.012913,41.68704
51.283512,51.383583,51.532288,51.5061,51.44848,51.579617,51.348507,51.646317,51.61195,51.146202,51.249687,51.288128,51.58215,51.309246,51.2932,51.549892,51.71256,51.5308,51.529305,51.57058,51.597805,51.510113,51.751827,51.75123,51.620506,51.45082,51.754616,51.562004,51.593243,51.612465,51.312195
48.582947,48.93007,48.592987,48.6611,48.593216,48.786503,48.94836,49.000595,48.864986,48.86707,48.936104,48.499763,48.63861,48.508324,48.990868,48.902443,48.718983,48.79816,48.99082,48.94989,48.938446,49.21134,48.903355,49.1668,49.164116,49.185173,48.650955,49.322525,49.20367,49.044983,49.090515
41.95909,41.71493,41.683815,41.846092,41.563667,41.916786,41.80897,42.147675,42.148384,41.86487,42.464283,42.045715,41.693012,42.00827,42.391655,42.146088,42.210903,42.19869,42.353867,42.213562,41.943184,41.91557,42.121704,42.150215,42.538376,42.45603,42.041405,42.439854,42.48189,42.496517,42.510735
31.974945,31.679861,31.927485,32.03098,31.517143,32.03137,31.686785,32.11622,32.097878,31.790766,31.91795,32.479298,31.71492,32.549522,31.777012,31.899578,32.110023,32.567642,31.842163,32.032078,32.099197,32.159164,31.79208,31.60998,32.387856,32.657364,32.544388,32.235638,32.22115,32.304916,32.18639
53.728508,53.865044,53.42096,54.060284,53.27363,53.69576,53.42939,53.938103,53.830208,53.650845,53.535862,53.64716,53.80109,53.782803,54.051422,53.618507,53.487225,54.007042,53.888397,54.140816,54.030396,53.663258,53.782963,53.570618,54.57583,54.05001,53.539783,54.25043,54.164906,54.17206,54.1169
51.481045,51.547016,51.405624,51.956047,51.432083,51.813553,51.814484,52.11816,52.052113,51.974464,52.271347,51.855236,51.673492,51.888397,52.077885,51.857643,52.167686,51.773647,51.97416,52.02503,51.969032,51.822426,52.245045,52.03322,52.629337,52.347565,51.809433,52.507946,52.146797,52.648796,52.086796
46.50599,46.472,46.637535,46.84812,46.507973,46.6332,46.88999,46.72093,46.33138,46.87621,46.795757,46.980865,47.026493,46.902092,46.90019,46.684536,46.639965,46.859318,46.840176,46.828693,46.781628,46.945145,47.037273,46.824417,47.17812,46.997032,46.939148,47.142113,46.794056,46.918568,47.279705
33.352028,33.716663,33.72757,33.212776,33.630188,33.30079,33.534912,33.09488,33.65307,33.76556,33.884842,33.987923,33.525463,33.65542,33.80987,33.725124,33.983013,33.659737,33.834908,33.973396,33.620853,33.583454,34.0878,33.879845,33.555954,33.897408,33.930584,33.751415,33.99857,33.867874,34.059418
46.795998,46.989998,46.75128,46.756584,46.811966,46.42719,46.950233,46.6556,46.799076,47.064606,47.11948,47.005333,46.78781,46.843327,47.276394,47.055626,46.94262,46.95314,47.232056,47.295425,47.071323,47.22753,47.28813,47.276634,47.226746,47.26886,47.067047,47.28379,47.25043,47.272728,47.672848
60.32444,60.788918,60.957115,61.17944,60.63868,60.81728,60.80227,61.072502,61.080444,60.73072,60.544632,60.850445,61.007378,61.274044,60.895126,61.124683,61.250725,60.703705,60.697758,61.064384,61.22023,60.828224,61.582077,60.847794,61.523098,61.288612,60.95332,61.4663,60.567635,61.70545,60.795204
51.611168,51.749474,52.099236,51.807102,52.03161,51.896378,52.14588,51.631996,52.172157,52.503216,52.73416,52.16041,51.99238,51.811344,52.602592,52.15076,52.240925,52.172,52.50245,52.450138,52.37579,52.11178,52.408432,52.62047,52.048916,52.291534,52.432556,52.519444,52.75761,52.29679,52.52602
59.846344,59.60864,59.813316,59.617676,60.102386,59.953106,60.05037,59.776283,59.847954,60.09093,59.81556,60.48517,60.158504,59.9547,60.313103,59.92716,60.35293,60.09075,59.96342,60.297104,60.49083,60.2338,60.614258,60.257393,60.196796,60.0858,60.51065,60.128426,60.211998,60.67508,60.22017
37.179165,37.124096,36.938004,36.81783,37.03569,36.93463,36.87458,36.93745,36.895344,37.11895,36.91538,36.947865,37.084652,37.1304,36.904083,37.01836,36.860107,37.31305,37.289833,36.754444,37.192562,37.56473,37.13558,37.167046,36.874805,36.785378,37.080536,37.109016,37.393986,37.10328,37.123753
50.525566,49.95119,50.329315,50.43134,50.897644,50.430096,50.563225,50.11258,49.92773,50.643097,50.811466,50.275608,50.773804,50.250294,50.490715,50.45781,50.204292,50.45067,50.90133,50.62033,50.627354,50.73565,50.410915,50.834435,50.15965,50.435272,50.991074,50.397102,51.103542,50.36751,51.09474
43.537685,43.652058,43.62999,43.60129,43.347702,43.729057,43.620293,43.665577,43.617737,43.469738,43.620884,43.63744,43.679905,43.726086,43.60512,43.551968,43.41658,43.86097,43.616333,43.846375,43.803383,44.070667,43.61697,43.703537,44.188137,44.264305,43.82831,43.791298,44.027565,43.805202,44.12578
45.59437,45.318928,45.771797,46.19942,45.59903,45.720966,45.722965,45.887203,45.796177,45.73823,45.939587,46.096962,45.941235,46.24718,46.015125,45.94228,46.065903,46.161892,45.961052,46.08109,46.10094,45.793957,46.150536,45.851425,46.444687,46.165596,46.47748,46.131237,45.90795,46.299217,46.38405
48.04692,48.215866,48.16494,48.32755,48.070816,47.92206,48.00933,48.145836,48.478058,48.142754,48.5316,48.52621,48.03067,48.322212,48.148968,48.303986,48.626087,48.002346,48.207813,48.68947,48.317806,48.175144,48.759563,48.28911,48.59353,48.877922,48.377266,48.58456,48.427544,49.00084,48.337044
39.047146,39.196327,39.160675,38.979256,39.168266,39.237656,39.335606,39.277138,39.52489,39.14317,39.331463,39.20621,39.04957,39.36787,39.1578,39.816055,39.495182,39.682243,39.51129,39.480442,39.38965,39.38813,39.233112,39.667038,39.494644,39.79017,39.736603,39.51904,39.58203,39.27661,39.700985
49.787235,49.80759,49.88877,50.06997,49.94786,49.85833,49.944263,49.758408,49.85334,50.21412,50.20406,50.128113,50.127796,49.856434,50.27257,49.558002,49.916824,50.033802,50.007954,50.370773,50.459167,50.46606,50.321842,50.13159,50.33041,50.233154,50.29042,50.14577,50.40475,50.4403,50.39048
60.842186,61.263107,60.642906,61.044365,60.89946,61.000183,60.875893,61.351242,61.163357,60.985172,60.51802,60.463238,61.118088,60.95839,61.362568,61.1423,61.148582,60.944336,61.096325,61.182,61.45198,61.33089,61.242764,61.257782,61.512394,61.01699,60.778866,61.6494,61.291416,61.685,61.12107
51.282322,51.269543,51.247063,51.587036,51.194427,51.28645,51.56535,51.136955,51.23918,51.860302,51.504288,51.566647,51.545483,51.473408,51.64411,51.478916,51.469204,51.975414,51.809696,51.711323,51.861305,51.490448,51.622948,51.467514,51.775234,51.32753,51.72576,51.889767,52.13555,51.45618,51.885616
57.04389,57.055885,57.14306,57.478386,57.308495,57.11629,57.12141,57.145157,57.027386,57.589348,57.049496,57.199936,57.66502,57.436913,57.80254,57.04635,57.073235,57.49424,57.489906,57.51579,57.792656,57.583412,57.41179,57.457756,57.55033,57.24466,57.665073,57.706844,57.53416,57.589954,57.864536
48.487953,47.98984,48.315887,48.545822,48.785347,48.58943,48.532696,48.513714,48.267647,48.406364,48.761005,48.328934,48.706757,48.535763,48.584026,48.75959,48.514874,48.541122,48.896072,48.73852,48.607098,48.479027,48.611496,48.77301,48.664387,48.78189,48.955997,48.554058,48.769974,48.720715,49.110947
56.649097,56.310883,56.20835,56.89704,56.5383,56.822308,56.414066,56.943096,56.81997,56.978207,56.464916,56.998844,56.84367,57.098564,56.77648,56.367924,56.99741,57.09451,56.604977,56.81954,57.392143,56.917065,57.07105,56.38764,57.269608,56.762527,56.895626,57.15659,56.767574,57.61933,56.440525
53.204285,53.68934,53.607803,53.255325,53.290764,53.58113,53.48571,53.623318,53.66065,53.305046,53.249073,53.00849,53.50978,53.479874,53.674026,53.797432,53.77395,53.50062,53.664616,53.567097,53.561363,53.742474,53.622395,53.87729,53.731846,53.717148,53.509476,53.99293,53.90779,53.691917,53.691887
41.373383,41.438225,41.65461,41.191315,41.44831,41.366066,41.710167,41.31868,41.20662,41.511623,41.63853,41.696873,41.432304,41.589294,41.422123,41.6225,41.697083,41.499554,41.619335,41.6384,41.36329,41.832935,41.80188,41.580635,41.529114,42.022392,41.704014,41.747112,41.61748,41.598587,41.868362
54.166218,54.02887,54.428055,53.980465,54.40989,54.516464,54.056606,54.21719,54.585857,54.07553,54.669907,54.23181,54.396782,54.28627,54.232407,54.21312,54.308117,54.086147,54.576637,54.211075,54.27761,54.487774,54.67105,55.053535,54.56037,54.725967,54.786453,54.1112,54.914616,54.78931,54.677914
35.385426,35.536983,35.63925,35.27749,35.298424,35.547646,35.802147,35.754276,35.576256,35.31935,35.523033,35.582478,35.530754,35.87847,35.633617,36.356525,36.288372,35.85705,35.759754,35.599976,35.376118,35.724754,35.696354,35.938004,35.72628,35.890316,35.96406,36.149593,35.819817,35.653847,36.01037
50.204983,50.119812,50.219604,50.21365,50.265892,50.276394,49.88845,50.249565,50.341022,50.105873,50.35743,50.058594,50.34692,50.240902,49.947906,49.838856,50.057713,50.196533,50.352222,50.261986,50.27816,50.631268,50.316082,50.534683,50.468555,50.62784,50.520794,50.143024,50.504414,50.457996,50.39016
46.849827,47.121113,47.130386,47.590454,46.744553,47.021534,47.50734,47.38006,47.240154,47.248913,47.270306,47.592785,47.245384,47.419624,47.597584,47.770676,47.889988,47.392483,47.13861,47.685333,47.574993,47.24432,47.713467,47.286713,47.832165,47.522682,47.520412,48.149094,47.564507,47.88628,47.568928
49.310078,49.28662,49.444397,49.623226,48.84243,49.472248,49.47256,49.603634,49.32238,49.15125,49.402744,49.82884,49.347652,49.566444,49.41208,49.38727,49.559246,49.514244,49.29854,49.64833,49.460423,49.383713,49.915653,49.06787,50.226017,49.964676,49.36185,49.809647,49.547256,49.966682,49.540924
51.30932,51.490364,51.513115,51.4759,51.588455,52.030083,52.068188,52.037952,52.021534,51.652218,52.012444,51.55952,51.592598,51.539482,52.024845,52.067085,51.97198,51.86721,51.873966,52.074734,52.068935,51.974052,52.06297,52.227257,52.49613,52.45495,51.92253,52.10356,51.979454,52.223103,52.156605
39.90694,40.000046,40.127396,40.20259,40.132187,40.05373,39.970383,39.96487,40.45156,40.035564,40.608765,40.151993,40.265335,40.092773,40.354343,40.285316,40.606865,40.10815,40.28987,40.464043,40.41879,40.340466,40.471516,40.826256,40.37998,40.266647,40.803844,40.230724,40.999565,40.692078,40.658165
35.142227,35.355232,35.417534,35.32516,34.99477,35.22245,35.10134,35.23113,35.511715,35.024643,35.46175,35.332256,35.162346,35.381844,35.364254,35.140465,35.558147,35.481735,35.185814,35.727886,35.54422,35.757286,35.434513,35.324852,35.779026,35.89781,35.66166,35.37462,35.71843,35.691875,35.68173
45.461906,45.099403,45.264572,45.536663,45.77233,45.426838,45.829258,45.435837,45.151035,45.71069,45.756657,45.603233,45.689537,45.385906,45.596935,45.929985,45.497063,45.786404,45.948032,45.79029,45.6864,45.564735,45.588257,45.90059,45.479324,45.611115,46.048744,45.77902,45.829853,45.41545,46.12697
37.32236,37.625164,37.836662,37.33922,37.302757,37.696247,37.52802,37.57161,37.583256,37.571396,37.391674,37.726147,37.81179,38.153374,37.66168,37.788864,37.882614,37.908863,37.671757,37.486507,37.52069,37.77939,37.750137,37.667114,37.792942,37.90518,37.845737,38.033974,37.73933,37.704926,37.88651
43.412704,43.095715,43.094597,43.199635,42.93888,43.04189,43.216385,43.247185,43.616653,43.367096,43.947224,43.47724,43.024708,43.29988,43.914486,43.348415,43.669262,43.948746,43.833504,43.73564,43.771164,43.818382,43.727375,43.74733,44.068474,43.590477,43.75472,43.54023,44.016163,43.87346,44.116142
40.232487,40.67385,40.124863,40.365067,40.15705,40.191868,40.041492,40.143814,40.57607,40.77369,40.392082,40.636646,40.40698,40.445442,40.512585,39.82856,40.036728,40.674484,40.300705,40.727375,40.889587,40.91808,40.379604,40.428528,40.77917,40.807808,40.489826,40.663113,40.93482,40.776134,40.69465
38.359726,38.57195,38.431824,38.096905,38.493446,38.42124,38.42727,38.167828,38.385677,38.48926,38.38195,38.550346,38.794384,38.725506,38.7226,38.73351,38.72947,38.732143,38.640575,38.8657,38.583538,38.658188,38.516304,38.770515,38.62107,38.81994,38.85566,38.69304,38.95035,38.57982,39.209663
50.605633,50.50206,50.801704,50.33488,50.674774,50.801823,50.727894,50.745262,51.048717,50.764526,51.161434,50.858425,50.480507,51.041096,50.90287,51.022785,50.989002,50.897903,51.0964,50.897663,50.817875,51.004707,50.98692,51.174828,51.122437,51.667152,51.17752,51.09614,51.150368,51.2835,51.30649
53.07997,52.805943,53.361473,53.731224,53.063095,53.41429,53.275917,53.443626,53.139256,53.26183,53.631046,53.18707,53.39601,53.35906,53.277786,53.049755,53.171284,53.419464,53.552994,53.42269,53.356216,53.316402,53.518257,53.231667,53.86333,53.67691,53.53415,53.541245,53.441563,53.44803,53.581642
50.67278,50.545284,50.93849,50.82383,50.471237,50.92011,50.647568,51.033363,50.939083,50.68047,50.74658,51.13799,50.795635,51.050415,50.663937,50.483852,51.03955,51.11089,50.771828,50.762123,50.916485,51.13185,51.187187,50.838966,51.308693,51.190002,51.213356,51.019424,50.79638,51.184784,50.728493
53.135826,53.099762,53.28991,53.383686,53.002716,53.5965,53.32453,53.59436,53.44453,53.33489,53.40263,53.48843,53.422974,53.56948,53.253944,53.33949,53.31863,53.64103,53.56752,53.353035,53.347046,53.201405,53.66531,53.35163,54.039124,53.820824,53.390385,53.716873,53.39195,53.58288,53.44766
47.341026,46.6885,46.652756,47.08947,47.098022,46.975273,46.787296,47.15207,46.9255,46.786247,47.567585,47.023804,46.91511,46.847187,46.66357,47.14352,47.00699,46.75903,47.306072,47.243893,46.729877,46.857716,46.953934,47.125244,47.01283,47.52426,47.07971,47.16984,47.534267,47.36298,47.185123
50.892815,50.599674,50.490646,50.856316,50.939323,50.743187,51.34758,51.063343,50.752087,51.099007,50.99584,51.127605,50.847313,50.693176,51.11417,51.36973,51.10995,51.306366,51.171986,51.116306,51.41817,51.377827,51.275208,51.379356,51.167522,50.900085,51.350224,51.346405,51.183544,51.235153,51.300232
32.87987,33.502106,32.988297,32.944344,32.919014,33.0086,33.113068,33.102844,33.364456,33.385735,33.190186,33.594994,33.2325,33.45855,33.366848,33.29715,33.25418,33.37404,33.154835,33.506367,33.270504,33.35915,33.357674,33.437527,33.65066,33.85293,33.310516,33.69968,33.432987,33.567623,33.734196
46.22522,46.570538,46.37648,46.49458,46.7333,46.97383,46.74374,46.677387,46.773094,46.750328,46.69153,46.50001,47.145523,46.45626,46.92328,46.74124,46.812885,46.607548,46.628807,46.852894,47.059864,46.86291,46.88135,47.306755,46.961662,46.653114,46.91692,46.88584,47.27278,47.05737,46.946636
44.889046,45.972218,45.901108,45.28026,45.583145,45.445805,45.759354,45.205303,45.558216,45.778423,45.23984,45.701546,45.952946,45.77434,45.822163,45.60605,45.65586,45.519253,45.48581,45.879673,45.82205,45.946083,46.19005,46.01906,45.94952,46.03054,45.831303,45.857357,45.52573,45.78343,46.139565
47.18548,46.910698,47.107857,47.43569,47.138992,46.90972,47.4013,47.27981,47.165905,47.32109,47.47258,47.638855,47.10797,47.415825,47.677727,47.528812,47.7268,47.64128,47.69899,47.65138,47.529327,47.25622,47.972984,47.430565,47.907085,47.450325,47.79212,47.60756,47.307312,47.79955,47.954426
46.214775,45.966686,46.374588,46.29815,46.231613,46.496384,46.293873,46.297844,46.107086,46.549545,46.669373,46.303173,46.480316,46.43626,45.93076,46.088116,46.05641,46.562027,46.66851,46.151085,46.063835,46.461246,46.117157,46.45964,46.292088,46.701538,46.604725,46.56774,46.660286,45.94993,46.48112
44.42938,44.39104,44.624336,44.228645,44.639412,44.144733,44.250603,44.02987,44.34014,44.220028,44.598595,44.300705,44.57799,44.34345,44.44258,44.657898,44.72612,44.395123,44.741707,44.813995,44.389767,44.577465,44.564163,44.882973,44.14274,44.56195,44.94378,44.410927,44.913334,44.405975,44.92042
34.77282,34.78978,35.17611,34.125847,34.89222,34.94658,34.80184,34.50242,34.775925,34.62169,34.90582,34.991558,34.749508,35.06971,34.19003,35.060043,34.69553,34.980633,34.966995,34.665886,34.43602,35.064995,34.67087,35.071487,34.473656,35.57241,35.242744,34.664818,35.080765,34.450462,35.067047
52.360134,52.171272,52.814842,52.565228,52.360077,52.918434,52.847946,52.967934,52.848698,52.695496,52.819145,52.99356,52.679752,53.311974,52.709457,53.156685,52.904037,53.164238,52.972626,52.531715,52.69732,52.72781,52.928463,52.991302,53.270042,53.43553,53.272625,53.282364,52.70144,52.968884,53.11931
57.27084,56.99308,56.95247,57.1942,57.149864,57.240517,57.176586,57.438206,57.239136,57.004135,57.305172,57.226467,57.238148,57.076447,56.99151,57.292404,57.385494,57.16515,57.357334,57.351162,57.265392,57.315037,57.609158,57.448265,57.610535,57.48359,57.291847,57.383823,57.376854,57.663048,57.21601
40.854298,40.694748,40.970695,41.31768,41.29825,40.98675,41.33381,40.921658,40.770767,41.25068,41.741714,40.96231,41.351048,40.826942,41.659378,41.284374,41.462013,41.11195,41.53953,41.839966,41.277744,40.985424,41.413128,41.33938,41.300743,41.264214,41.449596,41.39065,41.467342,41.246567,41.875267
46.114235,45.953545,45.812737,45.750465,46.37246,46.37462,46.186253,46.096767,45.841423,46.329155,46.062313,46.088795,46.570015,45.900265,46.21534,46.010174,46.06728,46.25371,46.3025,46.14797,46.24882,46.468117,46.019367,46.61685,45.96398,46.017647,46.435863,46.263714,46.69853,46.086678,46.408764
51.40602,51.131275,51.284668,51.671085,51.11119,51.44986,51.375393,51.659245,51.17057,51.14563,51.234436,51.270733,51.595844,51.44196,51.700768,51.31014,51.53522,51.634815,51.429157,51.61515,51.714317,51.809456,51.543766,51.37677,51.9785,51.481583,51.663315,51.715015,51.69238,51.786884,51.79829
39.906586,39.872215,39.882744,40.21947,39.636246,39.908783,40.249226,40.240524,39.691452,39.971767,39.717995,40.2313,40.116753,40.39539,39.699432,40.28217,40.31598,40.399628,39.9381,39.906555,40.098648,40.344273,40.29583,39.790466,40.39424,40.076424,40.1848,40.49941,39.85579,40.13914,40.0522
40.484314,40.745876,40.493164,40.765865,40.584846,40.778824,40.916096,40.887966,41.27511,41.126106,41.54634,40.920826,40.53103,40.661575,40.96265,40.983955,41.183815,41.08857,41.222748,41.219456,40.98257,40.768383,41.184467,41.281998,41.439983,41.354774,40.984097,41.293194,41.350914,41.197098,41.160877
42.52854,42.8795,43.074997,42.96158,42.488495,42.770077,43.090782,42.764874,42.847443,42.89017,43.170567,42.93844,42.911385,43.072758,43.150906,43.22074,42.988976,43.084293,43.068142,43.25779,42.978443,43.038113,43.137253,43.014297,43.42672,43.51532,43.05098,43.426533,43.24347,43.039043,43.571827
58.384754,58.512413,58.589134,58.46912,58.73368,58.856487,58.839985,58.748375,58.82131,58.854195,59.00384,58.42073,58.841827,58.629917,59.22224,58.789314,58.958187,58.574677,59.042667,58.826096,59.04809,59.05803,59.311295,59.320312,59.241974,58.933044,58.816067,59.051613,59.183437,59.426605,59.19349
37.377552,37.344162,37.536964,37.473858,37.462296,37.469707,37.798374,37.4645,37.59559,37.566822,37.841652,38.03085,37.65899,37.76417,37.755936,38.033897,37.990246,37.876137,37.77344,37.759514,37.795933,37.72588,38.14754,38.037148,37.98809,37.779694,38.179203,37.777714,37.934044,37.991226,38.195896
47.300415,46.975636,47.345192,46.82259,47.153,47.352585,46.799004,47.12453,47.499348,46.928978,47.178726,47.384678,47.068874,47.50917,46.702324,47.16392,47.274017,47.45787,47.324554,46.95249,47.23977,47.417828,47.361214,47.360313,47.193405,47.532112,47.656033,47.01461,47.533924,47.487614,47.05083
46.99956,47.48357,47.36663,47.590572,47.531517,47.512043,47.818382,47.676247,47.348183,47.89945,47.172905,47.365154,47.89739,47.66564,47.955864,47.989906,47.62128,47.785248,47.612595,47.655895,47.964077,47.78291,47.570515,47.84926,47.568027,47.48123,47.75464,48.418255,47.564514,47.61066,47.83878
44.531414,45.02352,44.702003,45.0425,44.745506,44.99548,45.20637,45.23267,45.19937,45.07766,45.09416,44.843227,44.86092,44.652515,45.304855,45.16135,45.35216,45.084496,44.929737,45.438236,45.47489,45.22548,45.357983,45.149506,45.468838,45.2107,44.89112,45.596127,45.16666,45.474453,44.960674
36.820633,37.11366,37.177345,37.59187,37.362595,36.94561,37.121613,37.0801,36.97554,37.46141,37.147385,37.09607,37.672497,37.644253,37.451202,37.396587,37.33411,37.336185,37.431187,37.509228,37.36187,37.252487,37.232265,37.4421,37.307404,37.34562,37.783386,37.70029,37.28584,37.275726,37.961514
52.046658,52.403194,52.343178,52.080185,52.57154,52.013405,52.27193,51.94745,52.603447,52.712982,52.23807,52.57128,52.485737,52.365543,52.836823,52.503494,52.652657,52.64548,52.62481,52.631207,53.072777,52.755833,52.980556,53.090363,52.371994,52.13939,53.013783,52.584026,52.779427,52.859184,52.762394
45.76146,45.231365,45.660477,45.5327,45.57849,45.9464,45.351223,45.846607,45.733585,45.162807,45.60941,45.62609,45.637238,46.107143,45.31918,46.10806,45.592117,45.907925,45.90578,45.610943,45.487503,45.301285,45.522793,45.502678,45.8244,46.251152,45.896435,45.735825,45.736744,45.813404,45.806828
49.858803,49.938328,49.54061,49.9097,49.851547,49.75031,49.785515,50.036465,49.818687,50.123726,49.898067,49.694477,49.961636,49.737236,49.91553,49.97981,49.88948,49.90921,50.068096,50.03917,49.956944,50.135597,49.63281,50.16327,49.717983,49.998634,49.903824,50.610226,50.39076,49.986355,49.95605
56.190502,56.32096,56.217346,56.271828,56.217323,56.21304,56.10284,56.332943,56.528305,56.343086,56.163815,56.279152,56.466305,56.6425,56.741886,56.50159,56.629116,56.44658,56.503902,56.54026,56.764545,56.583588,56.759556,56.61264,56.799244,56.510582,56.55282,56.78892,56.673664,57.106575,56.72554
54.86204,55.072254,55.205017,55.12317,55.069084,55.19319,55.171497,55.317562,55.239834,55.186028,54.990894,55.40159,55.43185,55.354477,55.581757,55.309944,55.638767,55.15971,55.265636,55.265995,55.375683,55.235767,55.84856,55.576042,55.59645,55.23741,55.486,55.685085,55.306786,55.85799,55.405922
39.39175,39.850002,39.601425,39.42401,39.839745,39.315304,39.738735,39.287384,39.67936,39.952625,40.082764,39.8513,39.774036,39.709972,40.10633,39.84982,39.937847,39.42248,39.96129,40.07086,39.779602,39.936382,40.25322,40.35533,39.919853,40.094673,40.00041,39.955463,40.209248,40.274097,40.59403
47.197582,47.565662,47.171974,47.519455,47.181503,47.167953,47.14252,47.332024,47.713284,47.451748,47.701885,47.2608,47.252678,47.224724,47.78934,47.170166,47.786972,47.34328,47.580338,47.98067,47.73295,47.514458,47.906914,47.56864,48.06688,47.68367,47.37458,47.713455,47.941067,48.147118,47.733948
49.81702,49.84005,50.343605,50.01,50.21132,50.366123,49.93268,50.164963,50.266228,50.170876,50.339817,50.37818,50.489647,50.580997,49.919292,50.02501,50.39402,50.032475,50.353264,50.03008,49.885143,49.949036,50.686058,50.46714,50.42749,50.62947,50.50932,50.275936,50.03867,50.500904,50.23545
40.761196,40.903984,40.827507,40.97411,40.905296,41.024796,40.75364,41.125683,41.176006,40.706573,41.097267,40.513397,40.79658,41.010883,40.798782,41.25097,40.979225,40.89867,41.03306,41.201736,41.030148,40.986633,40.81279,40.950676,41.102924,41.567825,40.921158,41.26678,41.14067,41.236393,41.044224
43.416412,43.649567,43.55478,44.369827,43.356636,43.753708,43.782158,44.110283,43.860256,43.81883,44.082573,43.576675,43.777935,43.846176,43.67924,43.84276,43.875267,43.810493,43.71756,44.103912,43.911198,43.889847,43.670975,43.714844,44.321316,44.349983,43.821796,44.532265,44.07748,44.06034,43.919712
46.98788,46.515812,46.23123,46.677456,46.74547,46.974983,46.81754,47.022182,46.661526,46.76787,46.828964,46.986225,47.04524,46.645195,47.08818,46.71711,47.03345,47.121582,46.897583,47.141163,47.180653,47.071266,47.057915,46.91227,47.3344,46.82634,46.943104,46.956898,47.173046,47.332413,47.09021
42.764606,42.8178,42.9936,43.560772,42.64818,42.71772,43.33326,43.090958,42.88259,43.233074,43.308178,43.54968,43.074142,43.36933,43.61988,43.45008,43.387184,43.435566,43.241657,43.644547,43.36592,43.0479,43.455177,43.06491,43.80967,43.556526,43.55469,43.88109,43.309063,43.523754,43.95008
52.353943,52.22098,52.43447,52.54699,52.417137,52.644016,52.564472,52.843594,52.5551,52.539337,52.63662,52.648514,52.80414,52.846966,53.1034,52.779015,52.8633,52.684845,52.821987,52.689453,52.77009,52.604687,53.174244,52.77411,53.201576,52.80033,52.670174,53.07227,52.453068,53.278812,52.97267
51.469433,51.395294,51.66709,51.4823,51.604828,52.13866,51.67737,52.09302,51.901634,51.666073,51.581226,51.77784,51.917328,51.89771,51.800377,51.71768,51.982555,51.913864,51.796593,51.42771,51.88397,51.943245,52.06963,52.117615,52.06631,51.794136,52.041027,52.02116,51.862083,52.188335,51.638214
48.642075,48.564335,48.659508,48.279697,48.938126,48.66213,48.631897,48.47719,48.756187,48.97552,49.151527,48.86464,48.919006,48.59982,48.54164,48.426598,48.84524,48.66637,49.021347,48.658287,48.660194,49.234097,49.03468,49.555763,48.63866,48.91282,49.240784,48.67307,49.232224,48.871445,49.01778
48.619537,48.267906,48.50006,48.472836,48.23584,48.832756,48.547405,48.914745,48.471714,48.385082,48.46895,48.526814,48.655724,48.799274,48.74685,48.55555,48.5914,49.10613,48.75592,48.65479,48.666866,48.921978,48.458645,48.536484,49.115402,49.035805,48.808838,48.934444,48.7266,48.664257,48.95621
41.99516,42.383858,42.38215,42.32668,41.90657,41.96907,42.07285,41.8714,42.2428,42.01339,42.37557,42.36502,42.343945,42.253075,42.131985,42.37605,42.44234,42.11219,42.240925,42.61443,42.145275,42.090046,42.52594,42.36325,42.4826,42.530334,42.392437,42.44133,42.820686,42.420906,42.593784
52.631832,52.595894,52.524826,52.549488,52.729126,52.487564,52.85981,52.595894,52.354282,52.725163,52.6178,52.463097,52.658165,52.313118,52.61062,52.893982,52.792614,52.617573,52.818684,52.793053,52.79126,53.058388,52.66125,52.976463,52.35222,52.59057,52.849655,53.085033,53.196026,52.655098,52.769344
56.009647,55.795143,56.074516,55.945396,56.12973,56.212685,56.147175,56.173897,56.153614,56.245255,56.06126,56.338192,56.22572,56.37192,56.579582,56.359367,56.213478,56.358562,56.347343,56.09976,56.648823,56.421093,56.633545,56.39669,56.402645,56.215393,56.452774,56.51796,56.388058,56.853855,56.422527
36.953373,37.178917,37.10251,36.90304,36.954277,36.845043,36.703773,36.906586,37.114433,36.877518,36.809975,37.337475,37.180218,37.143074,37.188423,36.918575,37.173084,37.255535,37.08364,37.266518,37.08844,37.206543,37.181553,37.384933,37.180733,37.1882,37.586964,37.113903,37.358814,37.217003,37.490273
50.515854,50.3833,50.534653,50.733685,50.541298,50.53124,50.602608,50.758427,50.589893,50.77926,50.64844,50.658043,50.65079,50.768353,51.016857,50.655804,50.726532,51.03051,50.97534,50.854935,50.966793,50.861454,50.88793,50.763466,51.02061,50.814346,50.96539,51.08603,50.71572,50.934925,51.049946
41.699608,41.45232,41.764053,41.60779,41.492332,41.697754,41.4655,41.64865,41.26887,41.352196,41.43381,41.736607,41.77549,41.860336,41.246056,41.62781,41.48411,41.6283,41.551506,41.48899,41.379417,41.789154,41.411503,41.447754,41.42358,41.939026,41.846348,41.829792,41.865414,41.57776,41.680397
48.737644,48.558872,48.4104,48.66305,48.570183,48.966972,48.855965,49.04017,48.65567,48.63423,48.45304,48.47597,48.76975,48.53444,48.627213,48.84799,49.023247,49.210224,48.825462,48.848186,48.98189,49.05316,48.516342,48.854965,48.912125,48.67112,49.01656,49.080215,49.211723,48.640743,48.71178
36.186554,36.03263,36.213913,36.161217,36.1772,35.477715,35.992462,35.523018,35.82363,36.19816,36.535587,36.400208,35.864914,36.301685,35.89929,36.266876,36.138412,36.17926,36.534855,36.482784,35.966183,36.091015,36.348434,36.059654,35.98682,36.562195,36.526382,36.159332,36.431606,36.130543,36.787407
48.440956,48.51787,48.44941,47.87579,48.63829,48.088505,48.089832,48.082214,48.480007,48.271816,47.95702,48.311188,48.540337,48.859833,48.693424,48.775253,48.686977,48.554047,48.67308,48.39701,48.741375,48.94636,48.746384,48.971184,48.353752,48.402863,48.972553,48.446537,48.722862,48.95418,49.071377
40.19247,40.083347,40.201088,40.052654,40.322914,40.327553,40.32888,40.18989,39.684547,40.218548,40.006413,40.16254,40.589912,40.253445,39.977432,39.97702,39.944736,40.30409,40.192158,40.07753,40.19532,40.869877,40.112827,40.352722,40.138485,40.355972,40.516052,40.217415,40.343582,40.019524,40.53784
45.445244,45.78138,45.340775,45.804344,45.336296,45.31319,45.208515,45.68459,45.95963,45.322887,45.552963,45.60405,45.60578,45.56937,45.73146,46.075405,45.73131,45.474968,45.671173,45.87825,45.71156,45.296112,45.759773,45.99214,45.84727,45.682396,45.672195,46.118565,46.163605,46.17999,45.814148
54.77653,54.469234,54.82032,54.742943,54.768005,54.71322,54.73745,54.762604,54.284073,54.702896,54.317493,54.891663,54.991955,54.76271,54.80572,54.52878,54.75263,54.902542,54.709408,54.73301,55.035526,55.205162,55.02534,54.617775,54.650227,54.565758,55.01502,54.949852,54.690735,54.93657,54.679607
39.67901,39.270077,39.500328,39.542812,39.341606,39.81673,39.623283,39.98756,39.429604,39.11614,39.362206,39.657085,39.555668,39.75476,39.110977,39.812466,39.545895,39.951096,39.47521,39.482403,39.52263,39.89909,39.361736,39.46515,39.78694,40.04872,39.894337,39.725254,39.546814,39.532406,39.596535
47.49537,47.665913,47.24508,47.050396,47.962044,47.55093,47.815617,47.461445,47.686092,48.044773,47.42714,47.571293,47.719063,47.6188,48.125183,47.929028,47.849827,48.046917,47.87815,47.90545,48.403824,48.3637,47.873604,48.225456,47.683296,47.65365,48.047943,47.933857,48.02717,48.068832,48.164955
50.577827,50.29687,50.27543,50.650215,50.55452,50.50236,50.435883,50.499077,50.504246,50.412434,50.479404,50.604656,50.648415,50.574398,50.526146,50.532322,50.778206,50.722298,50.644985,50.843433,50.926044,50.705875,50.860966,50.664597,50.98381,50.62603,50.99545,50.538906,50.97682,51.039154,50.882595
33.600075,33.589817,33.368343,33.285973,33.444046,33.273476,33.383102,33.413544,33.496098,33.372406,33.2751,33.291515,33.309658,33.82984,33.48563,33.76576,33.525253,33.96699,33.66416,33.538143,33.83783,34.24676,33.341465,33.65177,33.644707,33.77081,33.951885,33.593655,33.90691,33.678043,34.135952
54.123775,53.971188,54.246895,53.957195,54.582176,54.33287,54.435326,54.208603,54.303493,54.423485,54.322563,54.21767,54.425323,54.482285,54.150158,54.786823,54.58136,54.451458,54.579132,54.299816,54.47395,54.626755,54.317528,54.946983,54.093616,54.60003,55.015438,54.61144,54.70265,54.40584,54.649467
43.83785,44.01137,43.944565,43.64181,43.58171,43.854042,43.919212,43.988075,43.965,43.762,43.83277,43.80723,43.629,43.915096,43.54022,44.348793,43.93966,44.056145,44.026844,43.72651,43.732124,44.113968,43.71879,44.077354,43.714687,44.20391,43.922794,44.430267,44.374893,43.793324,43.817474
51.669144,51.81743,51.808754,51.852814,52.35163,52.059643,52.38833,51.93322,51.8893,52.462063,52.270054,51.96104,52.09268,51.778282,51.96001,52.269608,52.07489,51.977623,52.265217,52.277508,52.282516,52.15511,52.273537,52.37935,51.901566,52.31893,52.18905,52.441315,52.202354,52.122437,52.119125
52.05881,52.313255,51.991165,52.4613,52.143044,51.896027,52.246574,52.118366,52.10076,52.396126,51.897736,52.105602,52.281494,52.16072,52.09333,52.336704,52.266384,52.369625,52.226635,52.383907,52.643055,52.656536,52.20311,52.48342,52.25302,52.112236,52.61431,52.69518,52.794514,52.352818,52.429
43.081562,43.470966,43.192665,43.305798,43.236984,43.204876,43.148987,43.42552,43.42364,43.3366,43.048542,43.074013,43.50981,43.621113,43.45127,43.572838,43.46384,43.44065,43.365593,43.41574,43.524467,43.702538,43.232655,43.66754,43.474293,43.56356,43.59376,43.87727,43.603268,43.605534,43.70791
46.07838,46.080593,46.274117,46.408333,46.316032,46.084732,46.19869,46.191895,46.38863,46.34755,46.453987,46.43648,46.41437,46.66534,46.57696,46.476963,46.601585,46.456226,46.511337,46.62041,46.613575,46.53918,46.653038,46.69233,46.73616,46.721626,46.987667,46.588116,46.59421,46.863976,47.045998
42.215065,42.28759,42.499306,42.8897,41.93878,42.30568,42.45753,42.542595,42.45854,42.293438,42.92238,42.722107,42.266273,42.232903,42.746372,42.571167,42.758278,42.510517,42.617126,43.04333,42.37632,41.990326,42.766182,42.300766,42.948566,42.851562,42.498142,43.049675,42.867096,42.726192,42.701286
57.168476,57.10451,56.981903,57.355934,57.31717,57.179516,57.445602,57.325027,57.34471,57.476673,57.214626,57.431515,57.457188,57.342827,57.674877,57.505276,57.888233,57.692375,57.514385,57.851795,57.942867,57.52018,57.889385,57.551224,57.897503,57.359055,57.741524,57.70442,57.514347,57.896004,57.679394
48.935585,48.993065,48.776176,48.94229,48.900604,48.882683,49.042274,48.92999,48.925022,49.048492,49.243862,49.09236,49.021362,48.77328,48.97846,48.989704,49.03369,48.85796,49.013363,49.3039,49.153645,49.307144,49.234165,49.218323,49.203754,49.355186,49.016098,49.31512,49.50418,49.408073,49.207138
48.500065,48.5002,48.715134,48.871174,48.542274,48.484512,48.488052,48.63201,48.68265,48.545216,48.64563,48.654243,48.75507,48.851894,48.7333,48.946693,48.981712,48.765278,48.892612,48.843147,48.723915,48.554413,48.83798,48.89186,48.784008,48.741096,49.123837,49.075542,49.058037,48.910316,48.98306
41.17503,41.129097,40.94892,41.237812,41.11236,41.019627,40.622013,40.980453,40.9682,41.02038,40.694317,41.110336,41.39302,41.32427,40.62302,40.750095,40.877434,41.404392,41.170834,41.18475,41.042435,41.142155,40.762478,41.100708,41.140812,41.205017,41.591125,41.037216,41.42352,40.857327,41.341885
42.85841,42.95454,42.696465,43.00663,43.009155,43.060566,42.980347,43.03714,43.163246,43.395256,43.309357,43.03891,43.0373,42.991894,43.180252,43.121243,43.010956,43.353855,43.44498,43.289448,43.22884,42.90697,43.085064,43.24653,43.26679,43.251038,43.129925,43.482433,43.489326,43.168076,43.31051
48.956566,48.71919,48.82026,48.86214,49.138985,48.832214,49.160625,48.7641,48.613712,48.949394,49.006268,49.00504,49.17248,49.003563,48.987633,49.22719,49.010384,49.01762,49.166676,49.20391,49.130093,49.34465,49.082047,49.393654,49.104103,49.25889,49.564655,49.067333,49.460342,49.13909,49.762306
40.544174,40.095245,39.942215,40.168537,39.89937,40.024437,39.750782,40.178097,40.122993,39.979908,40.218273,40.595234,40.11943,40.236813,40.19017,39.858265,39.840553,40.552544,40.3699,40.30344,40.234493,40.350582,40.246914,40.12043,40.595448,40.41822,40.36229,40.128666,40.580185,40.481495,40.585545
49.595528,49.35599,49.879227,49.41109,50.184937,49.968025,49.779167,49.746937,49.63988,50.066875,49.686916,49.995453,50.2472,50.1999,50.06532,49.916653,49.93984,50.076,50.07031,49.76369,50.01973,50.067795,49.995213,50.211716,49.586327,49.98018,50.459736,50.082237,49.69552,49.98249,50.13758
44.812378,44.962658,45.05005,45.481087,44.55966,45.172894,45.12039,45.26922,45.231987,45.261635,45.572086,45.42808,45.049976,45.24218,45.09689,44.754143,45.07334,45.362175,45.138943,45.47678,45.246864,45.183834,45.464916,44.886826,46.07537,45.91143,45.098274,45.56775,45.259212,45.497635,45.32731
38.498688,38.791096,38.761047,38.773586,38.431366,38.43727,38.678787,38.628624,38.316128,38.511322,38.60547,38.635376,38.668163,38.795265,38.51945,38.76204,38.64059,38.455414,38.529503,38.89656,38.479134,38.894444,38.652485,38.4235,38.718212,39.24546,38.577084,39.14253,38.728344,38.77582,38.932648
47.78354,47.5655,47.986534,47.407867,47.661575,47.751987,47.790955,47.420574,47.32241,47.668873,47.65647,47.937035,47.9001,48.060616,47.541725,47.787277,47.58073,47.807926,47.79839,47.595963,47.675335,48.22576,47.763912,47.800224,47.646626,48.152756,48.108395,47.83861,48.219265,47.784122,48.19992
55.289955,55.057274,54.75248,55.49606,55.477318,55.27433,55.16944,55.529575,55.107845,55.578587,55.445312,55.046154,55.522118,55.27335,55.57447,55.20722,54.983433,55.128075,55.546204,55.47841,55.53053,55.576286,55.14426,55.61434,55.520527,55.633636,55.40896,55.85987,55.740925,55.822598,55.83241
52.43566,51.96949,52.590744,52.049873,52.382202,52.368748,52.043964,52.079052,52.40335,52.14627,52.51621,52.37551,52.054283,52.73448,51.88553,52.503357,52.326797,52.325,52.6013,52.09829,52.31235,52.443962,52.497704,52.297737,52.138123,52.83177,52.68585,52.296963,52.77857,52.72088,52.352406
44.964176,45.450844,45.318504,45.164368,45.657295,45.571095,45.324852,45.426437,45.406227,45.564365,44.7948,44.846462,45.710922,45.61499,45.430035,45.526367,45.17065,45.594517,45.401024,45.249104,45.840042,45.97295,45.06587,45.82463,45.217953,45.45926,45.809826,45.714405,45.583195,45.359562,45.648537
52.744263,52.95005,52.88971,53.003757,52.947304,53.367542,53.12433,53.258118,53.107048,53.052837,52.81339,52.679905,53.177105,52.974136,53.23315,53.020374,52.99586,53.208103,53.031055,53.11816,53.56544,53.48575,53.138306,53.210426,53.47245,53.202393,53.12814,53.371014,53.41319,53.410435,53.15342
44.422733,44.3435,44.486626,44.432777,44.351418,44.3543,44.25922,44.329185,44.40567,44.405933,44.300945,44.607956,44.53643,44.660065,44.504223,44.565388,44.481937,44.88474,44.719803,44.657467,44.597023,44.396782,44.56941,44.441093,44.592182,44.577393,44.795547,44.656475,44.65054,44.47891,44.750526
41.292255,40.91257,41.45433,41.07064,41.535606,41.63706,41.48874,41.442192,41.108562,40.995697,41.318626,41.35485,41.60394,41.504055,41.413445,41.849453,41.60504,41.5761,41.583153,41.552254,41.24688,41.28339,41.33557,41.570663,41.339336,41.754303,41.917545,41.435715,41.426422,41.282124,41.85547
41.145336,41.509163,41.19657,40.971325,41.406548,40.99697,40.885197,41.0866,41.60574,41.222485,41.24611,41.285686,41.381584,41.318882,41.233765,41.48043,41.62717,41.292183,41.4777,41.532837,41.287945,41.31507,41.47923,41.870445,41.154465,41.407234,41.6255,41.447453,41.58603,41.51445,41.47916
44.88911,45.018932,45.216446,44.699547,44.885796,45.071877,45.002575,44.87793,44.89087,44.55931,44.944767,45.017216,45.010056,44.92706,44.598675,45.022186,45.054653,44.696716,44.85285,44.916424,44.84046,45.315796,45.34836,45.189377,45.092068,45.36351,45.112736,44.861588,45.318493,45.25496,45.058968
46.824104,47.52747,47.347054,47.739017,46.931,47.081593,47.388557,47.275738,47.450302,47.550163,47.648003,47.523518,47.673424,47.386944,47.898853,47.627995,47.42503,47.33194,47.69382,47.75769,47.386604,46.954235,47.990105,47.808296,48.118706,47.51259,47.331318,48.088913,47.748394,47.712055,48.05287
39.10419,39.502098,39.20652,39.173923,39.053795,38.97818,39.214886,39.07757,39.38253,39.576138,39.612835,39.63135,39.253292,39.548992,39.656498,39.250584,39.38001,39.38105,39.41088,39.73672,39.479137,39.65532,39.640564,39.453445,39.80443,40.02732,39.382114,39.801113,39.654766,39.878334,39.986595
37.88778,37.99887,37.40818,37.613865,37.561745,37.465218,37.502163,37.851425,37.70729,37.6377,37.30213,37.748886,37.809135,37.824707,37.575565,37.775734,38.04895,38.198055,37.85448,37.917435,37.737995,38.044773,37.662243,37.877823,37.894936,37.695595,37.96531,38.02299,37.895695,37.67646,37.923153
40.96841,40.973377,40.837044,41.299038,40.49254,41.1244,41.078022,41.66085,41.292427,40.77084,41.326042,40.714893,40.796486,41.322254,41.216797,41.550606,41.260765,41.362072,41.25855,41.3029,41.055267,41.285416,40.8546,41.088577,41.863667,41.913597,41.043365,41.86035,41.342052,41.4245,41.57153
42.833286,42.748585,43.2082,42.829,42.974174,42.68108,42.499928,42.678223,43.05515,42.274693,42.742172,42.706905,42.918613,43.215405,42.329582,43.389423,43.053486,42.93495,43.08124,42.814644,42.72928,42.881275,42.925232,43.328873,42.693226,43.094177,43.642784,42.667,43.123497,42.841904,43.180416
55.603615,55.772076,55.092705,55.920403,55.34304,55.479725,55.574604,55.814316,55.703815,55.90568,55.79183,55.61819,55.603416,55.309696,56.030396,55.494717,55.58946,55.805153,55.919266,56.272568,55.940586,55.59348,55.76071,55.721893,56.354183,55.947014,55.44327,56.33253,56.2301,56.05732,56.018143
57.130444,57.550083,57.291054,57.335907,57.09967,57.395412,57.314636,57.483097,57.501335,57.562737,57.299644,57.217056,57.47455,57.300964,57.77012,57.0333,57.213196,57.54146,57.451523,57.69499,57.74215,57.977962,57.433662,57.70862,58.00337,57.899574,57.46358,57.911625,57.84255,57.712727,57.83633
36.69997,36.56032,36.700584,36.45599,36.43342,36.57265,36.00196,36.76841,37.175667,36.04405,36.72691,36.624084,36.310955,36.972164,36.364,36.744785,36.816975,36.81779,36.91311,36.511116,36.414898,36.603527,36.75776,37.008057,37.00053,37.113968,37.145546,36.458355,36.92824,37.038208,36.944427
46.074184,46.271816,46.13614,46.453712,46.029793,46.18457,46.07823,46.193638,46.170414,46.30711,46.451748,46.03942,46.317825,46.127693,46.059692,45.8258,45.98653,46.242287,46.295334,46.554478,46.262688,46.523186,46.103863,46.263405,46.60046,46.77105,46.290638,46.485226,46.670025,46.24182,46.533493
51.268166,50.949455,51.8396,51.206284,51.3687,51.325657,51.58508,51.31213,50.84077,51.04534,51.032166,51.47557,51.447235,51.76169,51.170708,51.766953,51.70747,51.386402,51.448044,51.121166,51.217068,51.626698,51.74937,51.31172,51.149136,51.50872,51.8668,51.582737,51.180443,51.429367,51.519028
45.158035,45.38601,45.35914,44.97022,45.583656,44.963535,45.24998,44.83796,45.233856,45.615593,45.186565,45.463665,45.588207,45.605286,45.791073,45.392033,45.722954,45.65925,45.80215,45.669792,45.60083,45.58759,45.858047,45.868156,45.497555,45.321945,45.998714,45.414135,45.579155,45.54559,46.221783
38.897903,38.739426,38.654427,38.58848,38.912956,38.46996,38.543194,38.779438,38.88626,38.49057,38.62373,38.685383,38.67396,38.913105,38.5273,39.1721,39.330055,39.00811,39.012157,38.852444,38.802406,39.06383,38.871124,39.203865,38.608517,38.756073,39.4008,38.83296,39.000977,38.93421,38.9955
49.672714,49.694183,49.65103,49.85149,49.58004,49.791595,49.670998,49.785572,49.916077,50.021614,50.094494,49.800934,49.733315,49.92178,49.609608,49.637096,49.584457,49.963066,50.000317,49.838074,49.95014,50.07179,49.85738,49.913147,50.162167,50.300644,49.887653,50.148136,50.249996,50.055115,49.983307
46.025627,45.97898,45.890137,46.102406,46.43206,46.338737,46.463722,46.188225,46.32798,46.701824,46.586628,46.013454,46.28169,46.204567,46.42183,46.47979,46.469112,46.682377,46.612167,46.604366,46.793762,46.640064,46.21431,46.620735,46.380684,46.51645,46.66049,46.65488,46.791042,46.386,46.64664
60.088604,60.14878,59.90116,59.95333,60.036858,59.864292,60.1329,59.905243,60.08653,60.00164,60.054375,59.946503,60.127502,59.86231,60.53322,60.256,60.478523,60.153442,60.43998,60.59363,60.48003,60.302734,60.70561,60.510437,60.669643,60.09874,60.27598,60.26365,60.72218,60.65607,60.715477
45.509453,45.382923,45.304146,45.058796,45.56717,45.51484,45.29049,45.190937,45.511127,45.55983,45.46507,45.75139,45.501747,45.23078,45.35881,45.3346,45.525604,45.678,45.663265,45.508476,45.66078,45.514202,45.706688,45.768837,45.2963,45.28482,45.769554,45.376038,46.11541,45.621006,45.414303
45.156094,45.831497,45.394234,45.203354,45.347626,45.211685,45.59694,45.49248,45.59886,45.840466,45.254696,45.649563,45.271515,45.642227,45.770844,45.585754,45.72757,45.648315,45.611282,45.640327,45.775284,45.88431,46.044373,45.65074,45.846035,45.833862,45.439255,46.123913,45.42563,45.9971,45.700146
31.747917,31.610514,32.27083,32.206852,31.903597,32.349308,32.17063,32.481697,32.166195,31.888222,32.0265,32.428173,32.267048,32.855072,32.198906,32.54438,32.716686,32.540886,31.997753,32.070435,32.28678,32.25606,32.396923,32.042477,32.49342,32.552765,32.7728,32.555225,31.775778,32.578144,32.305195
47.020428,46.049187,46.697914,46.88815,47.06983,47.01591,46.66299,46.890312,46.34332,46.376823,46.53098,46.59526,47.061657,46.94515,46.321594,46.965206,46.727985,47.16517,47.021553,46.68868,46.79352,46.827763,46.400585,46.78997,46.529785,46.72216,47.6105,46.56085,46.974983,46.47129,47.014153
47.588596,47.772728,47.85402,47.33102,48.127754,47.61297,47.31895,47.463024,47.79773,47.547474,47.31623,47.509846,48.015453,47.97664,47.880474,47.884373,47.843433,47.644924,47.931065,47.76978,47.876816,47.932014,47.90065,48.296944,47.494087,47.762108,48.29435,47.664604,47.94771,48.04004,48.19056
43.63026,44.05321,44.047745,43.79741,44.052147,43.968037,44.458332,44.0216,44.079575,44.35657,44.464867,44.131847,44.11693,43.906925,44.509632,44.497673,44.358463,44.10209,44.44481,44.311497,44.101883,44.27042,44.438675,44.87265,44.26823,44.412964,44.40304,44.670673,44.51096,44.226795,44.756336
48.861248,48.728447,49.107727,48.29701,48.713837,49.018497,48.939514,48.80061,48.919632,49.02509,48.670322,49.37909,48.751423,49.376453,48.828423,48.94348,48.9571,49.382103,48.86685,48.643776,49.21746,49.63453,49.08021,48.938316,48.900692,49.399185,49.330936,49.205715,49.120438,49.245667,48.943848
41.38148,41.456543,41.01635,41.144207,41.383354,41.06598,41.164127,41.283123,41.600384,41.445507,41.227566,41.64866,41.240826,41.573868,41.55854,41.68147,41.79032,41.740143,41.582493,41.758675,41.71694,41.446854,41.651707,41.60399,41.616062,41.581635,41.757607,41.691353,41.66032,41.908913,41.759468
45.321026,45.62471,45.101112,45.667027,45.46035,45.19952,45.657913,45.226208,45.57316,45.962708,46.05811,45.821964,45.58727,45.15038,46.070126,45.423626,45.600998,45.670483,45.70142,46.50746,46.121006,45.71348,45.955833,45.793633,46.1611,45.97032,45.64663,45.92972,46.164394,46.053654,46.240887
44.562664,44.33893,44.30207,44.190243,44.730896,44.497944,44.62045,44.397835,44.542927,44.45892,44.87608,44.65455,44.552067,44.260155,44.34291,44.874493,44.77623,44.478073,44.72568,44.710907,44.60346,44.72132,44.7655,45.11251,44.396385,44.702667,44.9081,44.554455,45.119305,44.787186,44.749405
49.155537,49.384583,49.31035,48.693264,49.60961,49.28678,49.561306,49.1943,49.124657,49.33206,48.969673,49.419758,49.383793,49.279446,49.527695,49.63369,49.67739,49.298084,49.435966,49.56237,49.431023,49.61922,49.690765,49.727264,49.25345,49.628548,49.654884,49.553158,49.407143,49.582672,49.723644
45.37302,45.69854,45.826813,45.46088,45.693535,45.687954,45.598427,45.588562,45.815815,45.494717,45.63456,45.505592,45.845486,45.62559,46.216076,45.862385,45.755573,45.828003,45.978848,46.009506,45.925743,45.77454,46.057568,46.176537,46.05313,45.872726,45.98885,45.780567,45.911766,45.928604,46.320724
42.3058,42.826385,42.891724,42.777985,42.5466,42.467705,42.827126,42.411526,42.632042,42.836384,42.778835,42.906662,42.815113,42.72704,42.80553,42.581543,42.97358,42.753628,42.482452,43.291206,43.07367,43.22734,43.018917,42.738144,42.954815,43.24334,43.032547,43.069553,42.929695,42.967953,43.021305
46.853783,47.16832,47.18611,46.991596,47.73925,47.213245,47.244373,46.83442,47.10148,47.476242,47.33227,46.893238,47.71712,47.126987,47.41917,47.418278,47.137455,46.990868,47.418865,47.489906,47.52153,47.5326,47.236324,47.954353,46.895794,47.350006,47.68797,47.37292,47.785557,47.32768,47.816433
51.879913,51.695072,51.56053,51.920227,51.436584,52.167076,51.886917,52.394012,52.089962,51.870193,51.835476,52.25341,51.92725,52.363033,51.821457,51.90545,52.040997,52.27353,51.898144,51.83283,52.140034,52.132053,52.374916,51.79731,52.94247,52.472763,51.872448,52.35705,51.878296,52.69259,51.957333
51.649006,51.506912,51.95826,51.71551,52.043137,52.051086,52.09505,51.85659,51.95392,51.94973,52.055298,51.786278,52.118725,51.86116,51.928642,52.18011,52.077213,52.242798,52.261295,51.88282,52.160145,52.29892,52.000507,52.76088,51.969074,51.965057,52.78433,52.013916,52.48023,51.83328,52.411106
46.20564,45.9129,45.863266,45.779175,45.667183,45.804577,45.937542,45.937263,46.161606,45.967648,46.25432,46.36587,45.630665,46.20277,45.88777,45.99022,46.289658,46.379475,46.21594,46.05728,46.201275,46.562214,46.393337,46.181053,46.54145,46.454567,46.38129,46.12799,46.59856,46.575146,46.38742
50.708496,50.832436,50.23236,50.952755,50.59546,50.34727,50.392265,50.591164,50.794815,50.99786,50.724064,50.506355,50.851654,50.793556,50.601994,50.45958,50.539494,50.912624,50.878746,50.92308,51.08357,51.295696,50.527905,51.14238,51.087452,50.87429,51.085682,51.044636,51.47621,50.976093,51.263992
44.59432,45.170933,45.04074,44.906887,44.87329,44.660606,44.835114,44.707535,45.31802,45.209003,45.27121,44.95781,44.92745,45.175415,45.18421,45.22918,45.216225,45.086037,45.439102,45.267433,45.048946,44.916904,45.413063,45.5132,45.34501,45.36418,45.25303,45.39948,45.399845,45.270508,45.57633
40.31031,40.68901,40.3509,40.83288,40.39225,40.49623,40.407433,40.6595,40.651413,40.62177,40.843334,40.508442,40.72724,40.822746,40.43918,40.739586,40.42695,40.33994,40.694656,40.77503,40.37832,40.416126,40.57212,40.776375,41.03852,41.27527,40.54395,41.103344,40.955166,40.92336,41.08537
37.823734,37.834,38.099792,38.03595,37.92193,37.851017,37.89159,37.747093,37.509563,37.937786,37.616726,38.142666,38.391838,38.30813,37.862125,37.791363,37.91317,38.204697,37.830112,38.03681,38.06608,38.43377,37.865086,37.95881,37.935116,38.100517,38.580986,38.08534,38.11826,37.847183,38.43646
53.2463,53.07683,53.235138,53.38302,53.468254,53.326584,53.584274,53.43539,53.385166,53.752296,53.67473,53.74304,53.500217,53.757652,53.735313,53.67682,53.68355,53.731697,53.94548,53.679325,53.637016,53.33901,54.12551,53.66514,54.057755,53.836258,53.751083,53.847664,53.347363,53.944477,54.032913
45.816494,45.895855,45.466934,46.23754,45.612457,45.703743,45.796406,45.93766,46.126167,46.011414,45.778088,46.276447,45.991436,46.41089,45.964153,46.138588,46.02959,46.406296,45.95207,46.32275,46.458103,46.048473,46.13834,46.015594,46.866592,46.40062,46.42022,46.32266,46.346992,46.582394,46.614723
56.992256,56.77693,57.109756,57.149456,57.024055,57.18346,57.473778,57.12855,56.891544,57.196526,57.27588,57.502285,57.2319,56.950657,57.105576,57.254803,57.377464,57.108723,57.045208,57.30718,57.42331,57.464573,57.532272,57.320457,57.232273,57.326942,57.478127,57.552456,57.59615,57.537422,57.144615
44.10015,44.68546,44.070137,43.921543,43.915184,44.34355,43.858288,44.503746,44.683426,44.056267,43.92819,43.887505,44.109108,44.215794,44.191483,44.24682,44.25038,44.23875,44.13888,44.20241,44.32797,44.61409,44.061172,44.480103,44.408195,44.573227,43.99078,44.7226,44.73351,44.614216,44.070896
39.532043,40.03868,39.750374,39.69253,39.52227,39.635292,39.607014,39.864834,40.091057,39.902607,39.59075,39.933548,39.79462,40.146233,40.157223,39.851074,39.95439,40.198826,40.041664,39.84563,40.014317,40.04252,40.166004,40.19245,40.40923,40.006447,40.10766,40.211292,40.00901,40.21215,40.35028
34.976627,34.93901,34.92447,34.871456,34.94362,34.89392,35.047188,34.770348,34.630188,34.82626,34.945694,35.184727,34.855812,34.52097,34.494034,34.895573,35.011734,35.051018,34.755325,35.38417,34.9136,35.118782,34.64531,34.778572,34.513733,35.244717,35.239506,35.05918,35.42061,34.601387,34.819736
44.982822,45.556454,45.38459,45.166756,45.163887,45.27924,45.459656,45.470406,45.721817,45.447536,45.470276,45.49383,45.358498,45.53787,45.76956,45.576614,46.008316,45.475098,45.526062,45.656525,45.574944,45.688698,46.05212,45.9312,46.048664,45.816467,45.650356,45.881706,45.592335,46.03608,45.83976
38.312553,38.623104,38.912056,38.545654,38.73822,38.570435,38.87471,38.511112,38.818344,38.66363,39.00389,39.07803,38.865593,38.829716,38.99998,38.95591,39.31263,38.78593,38.876343,39.14251,38.8381,38.82373,39.515358,39.256973,39.173763,39.118774,39.324394,38.80554,38.78862,39.146626,39.35873
51.20394,51.231144,51.311256,51.60567,51.352707,51.919403,51.71592,52.022324,51.742268,51.735374,51.459164,51.54025,51.67524,51.66297,52.0132,51.645397,51.787216,52.041355,51.63263,51.667942,52.16833,51.87438,51.797787,51.74491,52.188522,51.734665,51.824787,52.187664,51.69592,52.07941,51.66246
47.253956,47.183086,46.97941,46.90954,47.453484,46.99202,46.776142,46.90841,47.379456,47.1699,47.16956,47.11931,47.263653,47.11697,47.192192,47.308395,47.154232,47.312332,47.481834,47.416176,47.439514,47.33595,47.11881,47.75135,46.958405,47.23394,47.68957,47.18589,47.84323,47.391407,47.548313
47.242504,47.123226,47.303253,46.45967,47.3124,47.401375,47.148426,47.25038,47.368214,47.07755,47.092346,47.15873,47.071346,47.219727,47.286293,47.257164,47.17552,47.45205,47.451187,46.892056,47.390923,47.951748,47.369614,47.836716,47.16121,47.426933,47.631874,47.151756,47.594456,47.47752,47.455544
36.739704,36.915813,36.94375,36.9811,36.52765,36.800983,37.006565,37.168766,36.74731,36.548115,36.614082,37.286167,36.943184,36.94303,36.76325,37.352287,37.057278,37.10477,36.79917,37.031605,36.696728,36.762486,37.02118,36.90757,37.05434,37.155,37.072845,37.410427,36.781544,36.847527,36.968704
51.767517,52.00844,51.69242,51.993813,51.484154,52.056293,51.85927,52.29233,52.136143,51.973656,51.94483,51.703327,51.922974,51.72621,52.348278,51.848137,51.889637,52.156273,51.980255,52.14127,52.30472,52.361565,51.880474,52.132095,52.436153,52.166687,51.78891,52.646732,52.503044,52.324894,52.04152
52.378353,52.150936,51.914345,51.73763,52.84915,52.566948,52.33453,52.35474,52.297474,52.578297,52.70617,52.006954,52.555656,51.85594,52.8355,52.30691,52.46182,52.107983,52.843784,52.47402,52.51387,52.614754,52.619843,53.102425,52.20058,52.26158,52.353287,52.45709,52.963436,52.825413,52.665646
47.615685,47.87484,47.32052,47.57884,47.47847,47.101536,47.208878,47.42984,47.470116,47.517246,47.472404,47.54262,47.528336,47.56485,47.450768,47.375187,47.509754,47.276047,47.67705,47.815582,47.407616,47.715252,47.734436,47.72187,47.80019,47.92399,47.529194,47.821445,47.89791,47.961914,47.978313
50.01835,49.690613,49.845146,50.0357,49.826912,49.768948,49.48701,49.77693,49.771194,49.65486,49.830376,50.079216,50.204002,50.106384,49.800724,49.74863,49.90448,49.879814,49.96277,49.98183,49.98432,49.95638,50.212486,49.938835,50.10778,49.914635,50.18069,49.883583,50.194298,50.35885,50.11238
50.970535,50.707516,51.10163,50.652447,50.99877,51.094856,50.9843,51.042534,50.92546,50.68032,50.795547,51.321804,51.167976,51.27746,50.86693,51.25183,51.253357,51.031174,51.009293,50.844833,51.01037,51.242626,51.458706,51.33573,51.14847,51.255104,51.483498,51.04208,51.06617,51.45508,51.19084
48.47281,49.1559,48.27746,48.33801,48.507538,48.26795,48.364807,48.24087,49.07141,49.032215,48.83037,48.804836,48.64038,48.641243,49.32679,48.37888,48.810215,48.741287,48.725906,49.503826,49.341488,49.164486,49.15169,48.983574,49.426872,49.280083,48.596672,49.012554,49.31284,49.614544,49.381237
46.289772,46.774998,47.065918,46.54669,46.592957,46.643394,46.550365,46.62006,46.57472,46.454014,46.3503,46.349003,46.814552,46.95888,46.66075,46.82928,46.572582,46.46204,46.64753,46.544136,46.555542,47.02992,46.60267,46.961075,46.58676,47.11029,46.953335,47.04587,46.866047,46.738132,47.04794
53.246353,53.06686,52.8842,53.676388,53.151573,53.055992,53.347935,53.43622,53.036583,53.426483,53.139675,53.246677,53.400185,53.42103,53.47494,53.59398,53.39733,53.58146,53.462498,53.667465,53.735012,53.33907,53.48529,53.05677,53.65918,53.330765,53.303295,53.95388,53.31278,53.66832,53.511757
50.722206,50.94543,51.032158,50.885395,51.062843,50.935555,51.149685,51.03845,50.915615,51.168095,50.901657,50.71105,51.020073,51.228943,51.315628,51.42566,51.1449,51.221306,51.3875,51.25982,51.15797,51.18103,51.03204,51.235916,51.148014,51.46911,51.270054,51.643032,51.112335,51.080246,51.579308
50.16494,50.445606,50.194588,49.89546,49.72699,50.12915,49.920418,50.118156,50.67514,50.204872,50.50764,50.160995,49.561863,49.846073,49.9363,49.719215,50.11566,50.257378,50.24977,50.187107,50.34854,50.79492,50.292732,50.41291,50.455933,50.679825,50.132267,50.366795,51.12201,50.56905,49.988865
44.036686,44.6332,44.459755,44.61506,44.213806,44.309288,44.83835,44.368988,44.380257,44.98353,44.731,44.9263,44.728523,44.774635,44.833504,44.42687,44.973785,44.585182,44.50815,45.00939,44.73105,44.818584,45.205097,44.6028,45.295444,45.098328,44.64634,45.197063,44.661354,45.04413,45.095943
45.939095,45.998543,45.894905,46.12723,46.001213,45.892796,46.03903,46.20536,46.234676,46.109776,46.374195,46.131676,46.084454,46.181664,46.25108,46.26456,46.25951,46.157906,46.41859,46.267513,46.188107,46.24813,46.56503,46.550087,46.63188,46.433945,46.32302,46.409576,46.232643,46.592663,46.60115
50.97379,50.618176,51.434967,51.10176,50.799225,51.356472,51.085445,51.359764,51.172985,50.72431,51.40032,51.194782,51.11791,51.35485,51.180992,51.187466,51.170807,51.15413,51.25054,50.857903,51.126984,51.43476,51.58358,51.36454,51.597748,51.53302,51.45357,51.25188,51.28315,51.639038,51.35014
44.10441,44.47322,44.747032,44.50841,43.93154,44.608875,44.252193,44.725735,44.701927,44.32337,44.334984,44.520336,44.35984,44.855145,44.606922,44.19106,44.39385,44.84746,44.5686,44.478188,44.464005,44.595592,44.71487,44.35981,45.283276,45.14743,44.575676,44.83002,44.318947,44.684483,44.72342
50.63687,50.61369,50.812683,50.82897,50.81048,50.927784,50.98873,50.962223,50.93485,51.08802,51.249832,50.697186,50.844612,50.822075,51.260757,50.99489,50.910522,51.07922,51.186363,51.115433,51.234955,51.26359,51.013016,51.174988,51.127075,51.27207,51.06253,51.40106,51.230488,51.185486,51.24254
56.59104,56.4755,57.011566,57.051502,56.910583,56.68323,56.52701,56.52236,56.872135,56.800564,57.084618,56.917187,57.03943,56.839546,56.76946,56.65786,57.09189,56.694775,56.95964,57.17807,57.018456,56.72214,57.243668,57.020973,56.839092,56.970055,57.347786,56.916775,57.17734,57.19074,56.896168
50.8307,51.287464,51.194496,50.968983,51.43615,51.03149,51.06981,50.99317,51.304764,51.377132,51.18992,51.108315,51.51177,51.31872,51.328556,51.42408,51.4788,50.988983,51.520866,51.309856,51.197506,51.151466,51.679256,51.89103,51.214554,51.287865,51.488716,51.517628,51.42126,51.530865,51.574493
39.534992,39.42717,39.54316,39.614178,39.686783,39.4685,39.87304,39.41383,39.355747,40.012215,39.918846,40.02966,39.785313,39.523228,39.851086,39.677162,39.86503,40.080544,39.882915,40.12762,39.954296,39.829056,39.94828,39.66391,39.634697,39.712067,39.964714,39.97898,39.799686,39.61166,39.914574
45.934753,46.02791,46.43209,46.076717,46.25817,46.324047,46.561455,46.412437,46.249874,46.32517,46.574635,46.441917,46.155266,46.371536,46.158848,46.687347,46.59911,46.177757,46.40902,46.29853,46.150284,46.3655,46.67234,46.495766,46.261715,46.87716,46.44368,46.817364,46.176685,46.535397,46.279114
52.365707,52.24443,52.237267,52.68916,52.306107,53.198414,52.850876,53.46047,52.903343,52.62487,52.464443,52.61819,52.718014,52.743935,52.621006,52.87057,52.893745,53.087994,52.584713,52.43014,52.999043,52.94718,52.676548,52.939568,53.291702,52.877457,52.903515,53.325798,52.790466,53.078194,52.441845
43.114033,43.420086,43.277184,43.26019,43.231155,43.10983,43.350246,43.020554,43.1444,43.469475,43.2177,43.59803,43.338577,43.478157,43.40558,43.38251,43.592648,43.377136,43.26929,43.833035,43.564186,43.348007,43.694683,43.02086,43.519936,43.731415,43.347317,43.70899,43.471657,43.710644,43.537476
48.94532,48.968666,49.093628,48.93534,49.257378,49.15285,48.778313,49.12047,49.09282,48.889774,48.92168,48.9157,49.24513,49.158943,48.724922,48.99572,49.14447,48.837257,49.106956,48.973038,48.96461,49.181137,49.19338,49.34601,48.944126,49.286377,49.336926,49.121536,49.179363,49.314774,48.99256
46.576626,46.626366,46.889183,46.56349,46.86901,47.01414,46.607773,46.767303,46.785423,46.702297,46.763275,46.676266,46.92604,46.765427,46.924183,46.372684,46.496193,46.802795,46.795734,46.85999,47.060738,47.2536,46.96841,46.948486,47.03414,47.20066,47.00481,46.68619,46.89022,47.101997,47.03024
53.078926,52.478683,52.597885,52.79096,52.646408,53.000446,52.815956,53.355247,52.55142,52.291492,52.037086,52.99862,53.00347,53.2163,52.538998,53.227333,53.21309,53.15943,52.635983,52.652767,52.927876,53.11234,52.848503,52.685593,53.043064,52.871513,53.232754,53.16628,52.725086,53.198784,52.734222
45.05175,45.05926,45.372765,44.869827,45.169853,45.18665,45.30151,45.249107,45.28755,45.005936,45.48701,45.045498,45.056602,45.230076,45.491547,45.498455,45.62842,45.3021,45.56064,45.44387,45.14465,45.561405,45.40474,45.753258,45.462692,45.798927,45.700302,45.467083,45.567062,45.428688,45.88926
53.811707,54.030807,53.494164,53.620598,53.720596,53.771687,53.807484,54.079605,54.059135,53.749947,53.361,53.788067,53.71745,54.181488,54.10835,54.29242,54.11576,54.094955,53.890648,54.191887,54.315228,54.174328,54.083836,53.919968,54.498905,54.432007,53.9085,54.405514,53.964676,54.629192,54.26597
51.475258,51.289265,51.700485,51.01364,51.40883,51.649895,51.47558,51.629833,51.51746,51.38895,51.400883,51.713024,51.38878,51.61842,51.45528,51.66402,51.849182,51.55629,51.4578,51.323395,51.52709,51.961872,51.603733,51.68258,51.16942,51.8191,51.79091,51.96635,51.77528,51.851936,51.246796
56.338223,56.29666,56.169456,56.670284,56.345993,56.20431,56.084198,56.302315,56.533165,56.366875,56.52976,56.356087,56.50999,56.30192,56.621212,56.310463,56.21587,56.455788,56.698437,56.8277,56.74568,56.340443,56.674408,56.70291,56.936436,56.60019,56.65966,56.550896,56.91538,56.875473,56.923008
58.26005,58.300648,57.662064,58.40366,58.37223,58.308823,58.42026,58.509342,58.46907,58.868736,58.51314,58.177406,58.49488,58.185555,58.68904,58.29875,58.691727,58.53076,58.59367,58.76716,58.963924,58.791576,58.57833,58.75859,58.849113,58.416695,58.441517,59.01428,58.992332,59.00505,58.609676
40.27004,40.233425,40.45999,40.173397,40.25338,40.355297,40.369026,40.637142,40.38711,40.052937,40.17414,40.440945,40.277657,40.695656,39.932316,40.86459,40.552143,40.589634,40.497482,40.14796,40.087772,40.492466,40.392464,40.6222,40.371544,40.80153,40.76984,40.67233,40.197033,40.31044,40.465042
44.57166,44.812744,44.754517,44.796425,44.744514,44.62692,45.02008,44.798424,44.778088,45.034924,45.17266,44.813835,44.770786,44.78037,44.82415,45.064503,45.17694,44.884163,45.130764,45.169125,44.765564,44.907295,45.12109,45.065582,45.01744,45.256508,44.928493,45.370186,44.993523,44.909622,45.12087
41.768642,42.000324,42.211548,42.12969,41.73333,42.47887,42.02631,42.537018,42.81556,42.13982,42.407978,42.11244,42.036903,42.615986,42.627155,42.435448,42.50688,42.730556,42.50692,42.235733,42.436825,42.22879,42.34711,42.565323,43.029118,42.772697,42.59392,42.734108,42.58512,42.69095,42.661343
40.99419,41.20047,41.13845,41.18832,40.853592,40.978233,40.913254,41.208744,41.272854,41.06616,41.38201,41.302177,41.188656,41.493084,41.18883,41.319332,41.32339,41.11125,41.354496,41.306778,40.9057,41.044453,41.417526,41.323692,41.585472,41.733788,41.21323,41.632854,41.33649,41.560154,41.58442
38.10674,38.677006,38.731743,38.555904,38.6258,38.41883,38.314438,38.271904,39.002808,38.616676,38.634895,38.800816,38.87689,39.25114,38.901226,39.115536,38.84091,38.844852,38.910988,39.085598,38.76834,38.20034,38.986126,39.04341,39.122402,39.236397,39.206123,38.866955,38.74081,38.990246,39.513004
49.739464,49.85893,49.96189,49.669365,50.093056,49.742218,49.948013,49.69916,49.98393,50.162872,49.977116,49.86199,49.97595,50.04081,50.467712,50.238937,50.23844,50.15167,50.23704,50.2679,50.43195,50.387424,50.16072,50.38768,49.880516,50.10697,50.422916,50.383804,50.39904,50.336643,50.487564
33.966923,35.048084,34.10116,34.057632,33.811394,33.882347,34.10281,34.02252,34.486645,34.31881,33.918552,34.489388,34.209503,34.412342,34.363285,34.21213,34.2058,34.377296,34.081627,34.65149,34.433365,34.640858,34.469067,34.4674,34.938442,34.842728,34.204876,34.641182,34.713734,34.640224,34.878292
50.882584,50.59428,50.63346,50.79214,50.80268,50.877026,50.84634,50.87732,50.714348,50.770306,50.830326,50.810173,50.97601,50.91005,50.660442,51.018227,50.696064,51.081375,51.038177,50.892242,50.99194,51.10504,50.816196,51.08368,51.062504,51.109573,51.16541,51.01197,51.215485,50.935734,51.201786
37.176525,37.06231,37.063606,36.861343,37.179688,36.816692,36.30975,36.729244,37.425327,36.65167,37.21648,36.930973,36.89373,36.93329,37.01382,37.005604,37.274563,36.97962,37.270298,37.24379,37.132076,37.034573,37.113914,37.42955,36.75364,36.975647,37.513268,36.77008,37.836716,37.45935,37.19282
42.333267,41.98484,42.083076,41.848747,42.151085,42.238895,42.10145,42.253452,42.13252,41.96147,42.337185,42.161957,42.153,42.37901,42.163788,42.34118,42.216568,42.23978,42.44516,41.967587,42.16215,42.643368,42.41633,42.539474,42.421555,42.466774,42.435425,42.187077,42.58828,42.64066,42.659214
56.25028,56.231316,56.293076,56.1376,56.574913,56.065525,56.644413,56.0578,56.048637,56.41772,56.475815,56.063297,56.38434,56.010113,56.261456,56.761375,56.549103,56.180283,56.635902,56.504875,56.50509,56.790558,56.585007,56.922737,56.032833,56.29837,56.660263,56.60048,56.906,56.382652,56.669365
42.45832,42.82351,42.97072,43.012104,42.471252,42.94112,42.874485,42.916145,42.89314,42.870987,43.230923,42.898163,42.86014,42.842403,43.048767,42.856712,42.911255,42.83775,42.981445,43.25105,42.712467,42.646652,42.957882,42.850723,43.318344,43.5569,42.829834,43.448704,43.219193,42.998264,43.198853
42.223087,42.44061,42.56919,42.782566,42.126503,42.35503,42.42414,42.43327,42.61576,42.455982,42.581512,42.826214,42.524025,42.777954,42.48464,42.557457,42.73817,42.675655,42.47011,42.696865,42.733776,42.580547,42.949444,42.530952,43.048088,42.798378,42.851166,42.830112,42.83422,42.982113,42.76951
45.892883,46.126736,46.15934,46.35677,46.019127,46.188602,46.133965,46.331715,46.05268,46.098087,45.858986,46.232933,46.415848,46.421024,46.04697,46.38664,46.17204,46.17867,46.027287,46.23238,46.2531,46.22896,46.19863,46.157425,46.28637,46.460213,46.33626,46.719707,46.20642,46.381226,46.221058
46.276863,46.503708,46.540375,46.33773,46.5534,46.68427,46.461563,46.490376,46.45502,46.324993,45.972755,46.057,46.685223,46.66378,46.53982,46.761402,46.366356,46.770897,46.559933,46.515526,46.868687,46.859272,46.32505,46.676483,46.569843,46.616684,46.83458,46.65343,46.8256,46.502277,46.842697
51.075928,50.981255,51.543243,51.474884,51.264862,51.375977,51.25211,51.132584,51.446808,51.20252,51.677036,51.407635,51.50303,51.70385,51.445633,51.696033,51.48769,51.400085,51.617027,51.66157,51.45181,51.163403,51.56299,51.635826,51.747,51.96936,51.95456,51.57493,51.902966,51.71265,52.053627
46.06602,46.32568,46.83029,46.942608,46.24894,46.69669,46.699703,46.6219,46.529842,46.746998,46.584793,46.583855,46.740086,46.878365,46.848957,46.30577,46.566467,47.047142,46.62897,46.800243,47.031113,46.973465,46.833775,46.51171,47.303345,46.999542,47.051006,46.95806,46.647274,46.717266,47.033745
41.764046,41.751106,41.020622,41.286274,41.549484,41.397087,41.200027,41.46501,41.7694,41.656147,41.38009,41.785736,41.642628,41.74945,41.62725,41.86982,41.692047,41.816227,41.640152,41.799038,41.929188,41.71036,41.515408,41.769745,41.579456,41.64229,41.68402,41.94512,42.261913,42.145508,41.777225
46.460735,46.32958,45.735085,46.561134,46.225716,46.44951,46.154846,46.74215,46.42789,46.208317,46.09008,46.253017,46.432186,46.219105,46.309677,46.20532,46.168396,46.507874,46.172966,46.5219,46.891216,46.81776,46.310677,46.385925,46.87278,46.45172,46.38341,46.56145,46.73472,46.97101,46.39205
54.087105,53.993114,53.926476,54.01859,54.0633,53.968708,54.196724,53.867985,53.97607,54.362953,54.38354,54.137447,54.148,54.050156,54.329975,54.08353,54.32216,54.181736,54.41077,54.400307,54.421463,54.45059,54.510006,54.33972,54.419907,54.265564,54.287262,54.412724,54.800602,54.5707,54.568684
44.075764,43.982754,43.9497,43.781605,43.662956,44.013092,43.84417,44.198,44.158794,43.770714,43.860302,43.880444,43.594738,44.05594,43.842,44.194576,43.98754,44.441143,44.2202,43.917576,44.08599,44.220364,43.967625,43.891136,44.16015,44.25991,43.973713,44.29171,44.213043,44.089687,43.911602
48.421177,48.276756,48.62393,47.97365,48.547874,48.698666,48.304127,48.318123,48.71995,48.457542,48.58984,48.488815,48.42771,48.728436,48.47613,48.357445,48.59368,48.737938,48.60713,48.498905,48.817104,49.1041,48.607746,48.79007,48.60982,49.03443,49.0074,48.424618,48.973976,48.89286,48.754494
56.73149,56.001137,56.22264,56.204994,56.76033,56.43138,56.478844,56.36064,56.307648,56.522697,56.644825,56.55173,56.42034,56.364075,56.816196,56.661453,56.5615,56.642735,56.837185,56.665943,57.00624,56.878174,56.782505,56.723785,56.409496,56.481873,56.87132,56.568527,57.007122,57.093468,56.833076
51.50487,51.468678,51.300926,51.480648,51.08422,51.44561,51.32089,51.605408,51.640877,51.436325,51.485172,51.410847,51.432007,51.482697,51.618862,51.185963,51.623642,51.8447,51.595722,51.592976,51.864784,52.115517,51.738503,51.672234,52.1572,51.623383,51.655792,51.708294,52.002186,51.942436,51.72789
39.467224,39.40597,39.729668,39.622543,39.156944,39.6397,39.613956,39.901184,39.69794,39.493515,39.37889,39.984352,39.54851,40.10021,39.761967,39.70907,39.796696,40.269054,39.66053,39.41175,39.873814,40.11177,39.89211,39.730743,40.184345,39.84115,40.18591,39.98665,39.640007,39.939705,39.94136
49.85626,50.147507,50.101913,49.9921,50.09848,50.019165,50.439648,49.910374,50.252144,50.553894,50.411026,50.40054,50.152145,49.930267,50.50116,50.332184,50.242832,50.41429,50.264236,50.52142,50.820133,50.700226,50.567696,50.604187,50.290398,50.327263,50.447083,50.62295,50.74539,50.52541,50.429234
55.345245,55.160328,54.85428,54.981842,55.533295,55.03175,55.03658,54.981995,55.084797,55.332695,55.165432,55.251194,55.428246,55.103306,55.267475,55.14059,55.384518,55.122417,55.4511,55.529575,55.470192,55.40863,55.579224,55.54799,55.25131,55.21778,55.44576,55.255028,55.64197,55.712605,55.517296
43.445477,43.491123,42.9989,43.397907,43.094185,43.07136,43.123825,43.332638,43.359882,43.514988,43.338196,43.767895,43.48665,43.404026,43.884155,43.03451,43.40271,43.691063,43.484386,43.775215,43.78015,43.719128,43.829384,43.457603,44.062904,43.45524,43.45018,43.655178,43.68489,44.029213,43.90546
35.79877,35.67669,36.086517,35.415493,35.743294,36.207306,35.95983,36.14208,35.900883,35.74066,35.988277,36.206894,35.848118,36.346527,35.73644,36.280525,36.088192,35.991104,35.879707,35.593555,35.67807,36.1622,36.00376,35.935883,35.811626,36.559624,36.023945,36.328987,35.885994,36.21449,35.858734
48.669323,48.62093,49.055565,48.657074,48.605576,48.69963,48.93997,48.58308,48.39736,48.718575,48.4322,49.393066,49.125854,49.296413,48.761375,48.844128,49.19227,48.90603,48.533054,48.820118,48.968704,49.304058,49.32307,48.752213,48.990852,49.0484,49.332176,49.062363,48.882633,49.2464,49.087982
47.774162,47.84108,47.87352,48.23947,48.13369,47.95912,48.37763,47.96162,47.756428,48.44806,48.158607,48.126953,48.30437,48.15375,48.177578,48.389957,48.17914,48.338017,48.32723,48.50474,48.353493,48.034172,48.262882,48.066475,48.2452,48.312485,48.284462,48.64239,48.137234,48.07669,48.459896
43.754456,43.682022,44.034904,43.97626,44.08207,43.936714,44.10883,43.955734,43.854313,44.03778,44.184162,44.09072,44.348045,44.11817,44.30292,44.183826,44.35781,44.18032,44.238766,44.25137,44.144047,44.268703,44.307117,44.526344,44.190994,44.159386,44.661537,44.266827,44.190006,44.176598,44.6353
44.186935,44.193783,43.95656,43.530754,44.50898,44.375957,44.227734,44.11674,44.177853,44.642757,44.103443,44.138706,44.36104,44.188374,44.08255,44.08993,44.10298,44.59451,44.49132,44.012653,44.441048,44.885056,44.103474,44.72992,43.917023,44.2465,44.51159,44.33265,44.574497,44.096195,44.30493
58.03156,57.620064,57.85665,58.02167,58.432877,58.217117,58.848953,58.196293,58.017147,58.684544,58.94012,58.159008,58.184887,57.92276,58.632057,58.57221,58.382736,58.403023,58.74541,58.53715,58.714996,58.779503,58.6274,58.90313,58.548504,58.586678,58.663235,58.643867,58.711494,58.591022,58.95441
39.69465,39.89869,39.57596,39.880863,39.62285,39.47396,39.45207,39.758625,39.931675,39.709488,39.827198,39.66909,39.58659,39.68727,40.195297,39.640133,39.830723,40.008335,40.073376,40.289234,39.96896,39.85958,39.829697,39.975014,40.263012,40.094612,40.067467,40.015724,40.20757,40.084293,40.462383
52.823944,52.411774,52.72854,52.52473,52.63301,52.50779,52.544106,52.637127,52.732418,52.542183,52.9622,53.069424,52.70284,53.01994,52.75968,53.027504,52.89693,52.68611,53.050575,52.627567,52.6786,52.805397,53.31392,53.10121,52.949814,52.988266,53.054802,52.891678,52.998,53.389984,53.13368
37.465652,37.91613,37.394966,37.907322,37.042564,36.936817,37.3308,37.23257,37.408974,37.62042,37.76871,37.703484,37.41553,37.358387,37.57235,37.205605,37.36697,37.64441,37.642338,38.17818,37.53032,37.624397,37.65817,37.377106,38.06335,37.93802,37.42515,37.889584,38.015224,37.577946,38.086067
38.56909,38.81456,38.25718,38.33783,38.334488,38.315914,38.752495,38.7317,38.697453,38.64344,38.59857,38.702126,38.2164,38.632244,38.882614,39.18178,38.885498,38.858818,38.76087,38.896294,38.830086,38.91967,38.764286,38.742424,38.895096,39.031273,38.54639,39.298153,38.928734,39.084488,39.00247
47.049496,47.35707,47.50834,47.90156,47.528374,47.39443,47.39464,47.585125,47.395206,47.48737,47.135365,47.5443,48.038303,48.060192,47.891026,47.954105,47.606262,47.53437,47.51993,47.810066,47.82129,47.29244,47.827034,47.563705,47.865505,47.720047,47.838737,48.125736,47.253735,48.00338,48.017273
39.4644,39.712093,39.65979,39.412544,39.63794,39.521034,39.524742,39.572414,39.63796,39.328247,39.214157,39.379154,39.70877,39.78676,39.67805,39.939236,39.795143,39.84424,39.72374,39.682117,39.823605,39.988705,39.7268,39.98147,39.749928,39.676773,40.07192,39.675034,39.827427,39.745644,40.093758
30.003414,30.710718,30.42595,30.293417,30.183762,30.043941,30.279043,29.956894,30.36923,30.533716,30.601227,30.210842,30.337675,30.403639,30.738224,30.403242,30.39167,30.39122,30.40144,30.94025,30.551617,30.756441,30.21532,30.51061,30.46497,30.955387,30.512121,30.825562,31.03252,30.487083,31.12991
55.400925,55.344707,55.42991,55.78316,55.538414,55.64075,55.388313,55.65299,55.473248,55.29255,55.221832,55.13669,55.671227,55.368134,55.5594,55.489605,55.36818,55.637035,55.557705,55.77596,56.02726,55.671036,55.66391,55.427147,55.799618,55.500626,55.6017,55.62872,55.65561,55.792828,55.49734
45.120575,45.371815,45.318497,45.281555,45.344078,45.399784,45.287247,45.280796,45.320656,45.3502,45.573235,45.12275,45.51662,45.25542,45.62787,45.220844,45.371586,45.19685,45.444695,45.7574,45.474236,45.635265,45.444412,45.59868,45.656242,45.87095,45.44806,45.61207,45.814606,45.68262,45.868134
50.749752,51.011658,50.83306,50.68661,50.914032,51.400673,51.339653,51.388653,51.177284,51.18619,50.750446,50.999058,51.073387,50.950726,50.98053,51.20425,51.509903,51.250477,50.982483,50.820385,51.354034,51.538086,51.3097,51.458504,51.220078,50.990356,51.219376,51.56077,51.433056,51.385468,50.749996
53.154316,53.198307,53.219566,53.37661,53.079742,53.11544,52.8269,53.292427,53.490746,53.2612,53.00373,53.170197,53.14936,53.481236,53.398163,52.95303,53.34248,53.60887,53.425888,53.400032,53.64675,53.55558,53.373425,53.334824,53.6567,53.435196,53.693897,53.51759,53.55757,53.670162,53.469734
43.08879,43.056717,43.3704,43.20588,43.08663,43.48463,43.371574,43.530018,43.22236,43.13659,43.352543,43.497997,43.55641,43.558735,43.015827,43.411617,43.37796,43.4835,43.45043,43.132183,43.019238,43.328903,43.637363,43.552742,43.73059,43.685158,43.53466,43.489246,43.11864,43.302464,43.48509
45.037376,44.72809,45.145515,45.41268,44.555893,44.86247,44.666897,45.1163,44.97373,44.63434,45.174503,45.227467,44.954323,45.447933,44.964718,44.87074,44.81692,45.099037,45.01756,45.090733,45.01493,45.233868,45.13845,44.850212,45.6435,45.684555,45.355133,45.21245,45.230473,45.52841,45.52974
47.580536,47.493553,47.29077,47.293068,47.371674,47.461124,47.1783,47.56678,47.32144,47.136597,46.620167,47.280815,47.542667,47.86688,47.250336,47.65127,47.092148,47.88255,47.42352,47.391098,47.69121,47.854237,47.04616,47.37068,47.599144,47.761917,47.765682,47.616367,47.568573,47.484535,47.810604
55.16948,54.921776,55.710556,55.173668,55.637085,55.552273,55.547855,55.419823,55.40168,55.360264,55.44572,55.30308,55.300755,55.679974,55.23044,55.89652,55.520283,55.478123,55.691612,55.17406,55.60014,55.618916,55.751595,55.631844,55.18205,55.72631,55.852413,55.637276,55.35047,55.66111,55.378834
47.719425,48.006516,47.644974,48.05924,47.579872,47.524254,47.73928,47.629288,47.91315,47.972557,48.290947,47.82983,47.801514,47.657524,48.272785,47.68556,47.788925,47.7947,48.03091,48.524555,48.18481,48.092464,48.160595,48.004982,48.517822,48.3573,47.809437,48.219784,48.55301,48.422455,48.55301
42.89856,42.91013,42.855827,42.68384,43.202057,42.677242,42.44076,42.596832,42.982903,42.902756,43.172222,42.720566,42.954315,43.1097,43.00938,42.975494,42.878838,42.67624,43.254517,43.203552,42.877934,42.929333,42.966743,43.17167,42.773705,43.41188,43.09505,43.00438,43.270683,43.330013,43.44838
36.068623,36.275482,35.544815,35.869812,35.62433,35.709602,35.907005,36.24491,35.981693,35.781643,35.817062,36.063194,35.67563,35.96756,35.700443,36.461185,36.141094,35.928535,35.980556,35.96726,35.711426,36.01101,35.87645,36.07544,36.0521,36.26129,35.79922,36.61286,36.394444,36.26643,36.052486
56.037544,55.599876,55.578682,56.27459,55.996803,55.720688,55.857685,55.980194,55.50628,55.83247,56.27443,55.858196,56.08112,55.616917,55.950924,55.88941,56.008938,55.484272,56.10817,56.381844,55.881493,55.74016,56.29557,55.796944,56.07992,56.077744,55.724293,56.246323,56.100853,56.43421,56.050354
47.555073,47.742317,47.02485,47.675983,47.084015,46.736813,46.828514,47.15866,47.564114,47.377,47.368427,47.500023,47.323914,47.344288,47.69638,47.103836,47.27395,47.53113,47.569485,47.918125,47.794216,47.66548,47.670723,47.56022,48.0001,47.46267,47.48775,47.60273,48.0498,48.04036,48.00893
41.03036,40.75216,40.693535,40.91394,40.849945,41.014233,40.69242,41.131737,41.24101,40.898315,40.943268,41.189896,40.915718,41.357983,41.026894,41.185562,41.065643,41.542316,41.251858,41.09223,41.228367,40.991375,41.004227,41.1326,41.436127,41.333008,41.46993,41.182426,41.27087,41.36389,41.396473
45.48329,45.28108,45.531914,45.417637,46.03714,45.81993,45.72551,45.61176,45.495674,45.90513,45.34152,45.651237,45.94149,46.113102,45.537094,45.91127,45.93772,46.02202,45.818302,45.54685,46.063892,45.963535,45.83075,45.77987,45.4948,45.64138,46.23885,45.838196,45.606762,45.86433,45.752705
45.881622,46.40071,45.99801,46.08735,46.01123,45.903004,45.807945,46.168392,46.416653,46.14719,45.700153,46.30344,46.221607,46.459282,46.370014,46.031605,46.447292,46.270454,46.091194,46.369118,46.49186,46.392544,46.63958,46.37178,46.703346,46.358963,46.41725,46.45509,46.150154,46.856182,46.428265
40.57377,40.44971,40.421883,40.74105,40.411972,40.684834,40.562202,40.85474,40.663696,40.74625,40.69448,40.943226,40.680073,40.668793,40.53983,40.568188,40.5989,41.048588,40.66345,40.72023,40.811943,40.85228,40.555653,40.7147,40.801624,40.863663,40.94685,41.06597,40.898125,40.73211,40.64572
42.413876,42.785824,42.427734,42.3809,42.719963,42.417446,42.397003,42.131382,42.60497,42.975376,42.549183,42.710854,42.8564,42.55594,42.892532,42.106358,42.54794,42.88701,42.813107,43.002308,43.052002,42.976562,42.939938,42.936813,42.945377,42.636658,42.962097,42.514755,43.085335,42.819016,43.202152
46.51208,46.666313,46.42028,46.317497,46.61563,46.45466,46.526398,46.578674,46.588436,46.651234,47.01694,46.454887,46.389305,46.340206,46.65926,46.61134,46.60874,46.272617,46.919247,46.872704,46.343193,46.6182,46.76883,46.870323,46.683315,47.204895,46.39607,46.962585,46.92523,46.897003,46.905327
50.489006,50.57405,50.772095,50.871567,50.681305,50.76783,50.683334,50.950233,50.912643,50.62364,50.51471,50.542168,50.647293,51.061028,50.726025,51.04576,50.855446,50.973858,50.849567,50.798237,51.113934,50.975655,50.913464,50.820625,51.075424,51.114647,51.10549,51.123425,50.75785,51.14568,50.908627
41.95592,42.13832,41.492256,42.309586,41.611427,41.84872,41.73474,42.316734,42.442192,42.112648,42.182774,42.294754,41.775036,42.077686,42.242416,42.03554,42.286842,42.168163,41.94744,42.470215,42.397484,42.122402,42.085667,42.081337,42.651726,42.512955,42.118774,42.75206,42.664795,42.908264,42.204952
35.04962,35.36679,35.46884,35.16748,35.584343,35.396103,35.559937,35.202614,35.389256,35.47779,35.767467,35.451954,35.450474,35.20243,35.422146,35.511105,35.623154,35.2872,35.437763,35.78988,35.52437,35.618954,35.723186,35.68122,35.328384,35.834507,35.61224,35.52942,35.573143,35.574593,35.60119
39.099167,38.952156,39.52694,39.177364,39.227936,39.634254,39.263298,39.24632,39.351646,39.225304,39.45399,39.265835,39.562046,39.72141,39.034332,39.645973,39.184486,39.753933,39.51027,39.195717,39.32592,39.42604,39.015297,39.5325,39.27124,39.755524,39.869114,39.480106,39.71688,39.047222,39.62295
47.37792,47.484264,47.383133,47.233135,47.418808,47.410892,47.457188,47.182022,47.424946,47.366096,47.511364,47.39857,47.36054,47.39435,46.95988,47.571957,47.36139,47.374878,47.40881,47.600056,47.5763,47.758568,47.499676,47.529343,47.46478,47.93672,47.54834,47.491444,47.982143,47.61268,47.53394
46.251522,46.415684,46.42726,46.636395,46.439285,46.805183,47.033863,46.9399,46.680347,46.946415,47.227444,46.630623,46.53916,46.343952,46.76761,46.77276,47.043087,46.61524,46.843235,46.82457,46.64194,46.77288,46.910866,47.00493,46.949337,47.04338,46.667053,47.383835,47.05383,46.90892,46.696438
51.093357,51.24223,50.99581,51.411575,51.4703,51.114334,51.055496,50.94564,51.38229,51.44386,51.344166,50.928593,51.60675,51.124374,51.422546,51.200134,51.37423,51.590626,51.743267,51.87952,51.613316,51.265285,51.201424,51.91285,51.6163,51.30406,51.982384,51.296375,52.091217,51.176697,52.095966
55.90312,55.29466,55.191376,56.06519,55.98301,55.5514,55.734097,55.862263,55.03627,55.689625,55.550423,55.91572,56.3002,55.80009,55.619335,55.83222,55.707035,55.499264,55.763622,56.034798,55.73572,55.6539,55.912933,55.689835,55.86292,55.806686,55.922287,56.045506,55.612595,56.114902,56.095192
43.558193,43.23371,43.62632,43.44505,43.397446,43.62272,43.430008,43.673622,43.623608,43.521946,43.841915,43.909496,43.366238,43.664745,43.560696,43.432777,43.5968,43.603527,43.59305,43.32935,43.718082,43.997032,43.89973,43.680122,43.60949,43.81198,43.836475,43.77704,43.904545,44.184174,43.501274
55.005238,55.03276,55.399315,54.96646,55.240013,55.327934,55.286842,55.205273,54.89072,55.046894,55.003094,55.234478,55.486206,55.162197,55.108444,55.183136,55.41221,54.996075,55.209404,55.223995,55.034866,55.320885,55.533817,55.38147,55.156525,55.407272,55.381107,55.43071,55.227825,55.30754,55.215485
45.44519,45.570045,45.539253,45.51522,45.631065,45.584713,45.507122,45.314285,45.558704,45.984108,46.20481,45.679985,45.624187,45.208637,46.07897,45.042854,45.403206,45.606094,45.98086,46.142822,45.76695,45.710514,45.839134,45.81443,45.8798,46.010757,45.654118,45.772675,46.267475,45.823124,46.12863
43.6346,43.5306,43.56417,44.147503,43.459816,44.108322,43.739906,44.106987,43.89398,43.931408,43.882973,43.47137,43.95149,43.986256,44.207867,43.710106,43.744343,44.460175,43.97744,44.075996,44.361225,44.20555,43.42586,43.78221,44.446674,44.098137,44.143482,44.3568,44.458233,43.969925,44.30141
38.31041,38.184177,38.52819,38.163933,38.646408,38.588478,38.384045,38.41487,38.44748,38.632618,38.55065,38.61854,38.523434,38.90867,38.39024,38.62402,38.4132,38.773617,38.811108,38.338314,38.461323,38.542698,38.562416,38.633545,38.420822,38.901627,38.89798,38.632553,38.449757,38.545914,38.794716
43.905964,43.846283,43.97985,43.504513,44.203026,44.081726,44.34749,43.88575,43.610363,44.205532,43.974678,44.028557,44.149487,43.981907,43.785995,44.079193,44.103363,44.1831,44.184593,43.9559,43.925247,44.58569,43.950443,44.417747,43.780792,44.31134,44.478718,44.18362,44.280983,43.73175,44.37877
48.66905,48.17257,48.76658,48.374943,49.016663,48.617542,48.483486,48.32665,48.435165,48.576973,49.094418,48.68165,48.607666,48.720848,48.62696,48.726315,48.42108,48.45598,49.002174,48.873707,48.60234,48.63197,48.773003,48.72941,48.401665,49.31131,48.96907,48.567883,48.831028,48.90881,49.101498
49.46119,49.489292,48.791016,49.41902,49.66948,49.528946,49.98508,49.716473,49.392944,49.848263,49.58267,49.170666,49.615192,49.291008,49.894276,50.1972,49.701675,49.707382,49.731422,49.977104,50.168365,50.016895,49.496307,49.891182,49.76564,49.68447,49.49631,50.257984,50.112785,49.96667,50.015488
51.434044,51.737007,52.136017,51.70336,51.695656,51.898148,51.931324,51.97621,52.182724,51.81424,51.98863,51.934307,51.81195,52.177223,52.194798,52.191254,52.45376,51.925377,52.125652,51.89333,52.043957,51.97484,52.740192,52.262962,52.415764,52.20816,52.13496,52.29246,51.853027,52.574852,52.096596
36.594856,36.57668,36.577293,36.734974,36.72313,36.763466,36.886314,36.933155,36.881042,36.6844,36.84402,36.97711,36.794003,36.867634,36.665863,37.022263,37.253803,37.054394,36.734802,36.97655,36.99683,37.15584,36.93425,37.177177,37.062107,37.09826,37.443275,37.002052,37.02538,37.078472,37.08135
39.63971,40.145153,39.88598,39.808647,39.688263,39.475994,39.86147,39.707504,39.833664,40.05677,40.13398,39.906895,39.52424,39.90702,39.739506,39.90285,39.999958,39.607834,39.983967,40.051373,39.716404,40.06418,40.19488,39.83922,39.942394,40.44748,39.673016,40.396862,40.074306,40.21606,40.027565
35.49192,35.711548,35.375977,35.181488,35.201477,35.77255,35.030296,35.853657,36.253635,35.239506,35.13572,35.660595,35.343155,36.087757,35.22795,35.713196,35.636078,36.04155,35.45965,35.226604,35.713898,35.86069,35.35557,35.88211,35.95087,36.01204,35.99456,35.713394,36.012108,36.02059,35.578793
58.828167,58.761982,57.999863,58.546124,58.22399,58.179317,58.036232,58.481655,58.62846,58.35601,58.604664,58.610806,58.29114,57.979485,58.247078,58.165863,58.481674,58.276188,58.577663,58.997715,58.451233,58.38507,58.62932,58.499306,58.774113,58.7472,58.154438,58.76371,59.230865,58.97565,58.333744
48.91015,48.56914,48.10325,48.660286,48.700623,47.96822,48.32677,48.300613,48.183006,48.545902,48.382435,48.720467,48.43219,48.280144,48.665794,48.38024,48.550007,48.60134,48.687622,49.13489,48.89301,48.840115,48.6781,48.474167,48.559532,48.54097,48.815308,48.635532,48.9791,48.953125,48.998848
54.115566,54.078037,54.136795,54.13301,54.34044,54.41265,54.51287,54.264793,54.354244,54.77423,54.484043,54.398933,54.38279,54.44549,54.712498,54.254402,54.421642,54.789547,54.623814,54.63256,54.902973,54.8558,54.563644,54.63418,54.82271,54.77018,54.771988,54.72408,54.73861,54.700035,54.894394
54.970985,54.43189,54.51349,54.362743,54.829643,55.112225,54.697628,55.002895,54.801132,54.711037,54.827026,54.95096,54.81521,54.68752,54.623062,54.65876,54.839893,54.973442,54.96344,54.727676,54.846664,55.0187,54.90831,55.02997,54.929676,55.066093,55.0022,54.85041,55.11866,55.107605,54.71708
42.92101,42.979233,43.401,43.282932,43.066597,43.509758,43.664898,43.44461,43.164017,43.35186,43.228905,43.458824,43.482433,43.658707,43.482494,43.538956,43.340363,43.708057,43.172054,43.316044,43.75456,43.99323,43.41075,43.470955,43.741714,43.808235,43.84628,43.759815,43.446888,43.562855,43.78697
51.21923,51.14386,51.218124,51.27155,50.89646,51.126427,51.17986,51.394848,51.189426,51.15418,51.422855,51.10559,51.262985,51.51271,51.58821,51.21194,51.445187,51.333317,51.440914,51.42593,51.32678,51.830616,51.42987,51.452026,51.893322,51.818733,51.437035,51.742985,51.623882,51.77824,51.94119
42.135418,42.06154,42.245537,42.375084,42.09304,42.169003,42.484768,42.269936,42.22991,42.163536,42.33485,42.733192,42.533436,42.788353,42.479168,42.959564,42.71851,42.556915,42.307293,42.597527,42.577297,42.45887,42.707657,42.532654,42.81477,42.734505,42.87351,42.74082,42.56,42.86505,43.008987
43.763885,43.654545,44.000557,43.862545,43.65193,43.781982,44.051785,43.854855,44.00623,44.083153,44.534214,44.514473,43.76199,44.163395,43.914597,44.17762,44.19512,44.040405,44.11735,44.05629,43.892273,44.069565,44.332985,44.20594,44.19937,44.613663,44.330814,44.440273,44.33634,44.37875,44.297928
43.994244,43.883675,43.716568,43.957783,43.91823,44.162323,43.756382,44.16106,44.60693,44.055496,44.38965,44.05699,43.99871,44.376026,44.585533,44.161816,44.343582,44.469257,44.261585,44.53163,44.711987,44.40621,44.256638,44.35119,44.878246,44.69835,44.451454,44.326317,44.65768,45.01549,44.71404
42.11373,42.224598,42.093857,42.309486,42.297287,42.198677,42.593018,42.467518,42.132603,42.327133,42.533684,42.186203,42.330486,42.092014,43.034103,42.534985,42.600117,42.372437,42.553123,42.90801,42.551674,42.65527,42.52275,42.69799,42.80413,42.737045,42.59116,42.81966,42.637676,42.70739,43.212418
52.929707,53.39586,53.746185,53.985416,52.961655,53.68133,54.113373,53.994164,53.687626,53.879333,54.1315,53.863117,53.6771,53.792366,53.965317,54.148632,54.099472,53.66381,53.86633,53.784664,53.517666,53.28615,54.33297,53.79265,54.41955,54.142357,53.4742,54.85143,53.644394,54.01685,53.786293
39.62078,39.47654,39.441856,39.493473,39.78003,39.557423,39.912098,39.61464,39.55442,39.96009,40.093277,39.759785,39.590176,39.542988,40.052532,40.126465,40.047764,39.928513,40.15067,40.023884,39.855846,39.717205,39.91574,39.936462,39.614677,39.770798,39.876026,40.188,40.11268,39.881653,40.085938
55.524883,55.05965,55.132233,55.20876,55.81263,55.708813,55.926395,55.551613,55.43332,55.849056,56.099285,55.496147,55.6087,55.08925,56.0906,56.194515,55.733147,55.68999,56.084747,55.9329,55.96095,55.524498,55.742104,56.041756,55.380333,55.562965,55.636444,56.10611,56.23015,55.871635,55.843292
50.435616,50.44061,50.473175,51.068012,50.392387,50.885277,51.102882,51.259445,50.79551,50.835037,50.90934,50.771942,50.83635,50.824524,50.805374,50.975403,51.207836,51.13874,50.868336,51.011936,50.979927,50.96103,51.04648,50.95231,51.58736,51.1567,51.037655,51.449917,50.790604,51.03361,50.97992
39.344303,39.24316,39.677032,38.95699,40.130447,39.372272,39.817093,38.883934,39.45872,39.854763,39.843204,39.947487,39.74157,40.017323,39.61579,40.24762,40.20251,39.73358,39.95808,39.808517,39.7879,39.769817,40.05003,40.252937,39.260838,39.909706,40.62686,39.55058,40.013157,39.84893,40.43278
48.37618,48.71667,48.658165,48.21278,48.03646,48.245193,48.004143,48.306793,48.658367,47.870205,47.954514,48.235695,48.15279,48.516533,48.247437,48.54849,48.33827,48.50163,48.4322,48.387154,48.431084,48.614723,48.44446,48.544594,48.602917,48.687378,48.569927,48.48843,48.914494,48.611473,48.588966
50.271706,50.29217,50.202736,50.202652,50.361717,50.557896,50.371464,50.570152,50.46684,50.598797,50.566433,50.308254,50.61482,50.510708,50.67808,50.280647,50.65073,50.489407,50.599087,50.498802,50.620117,50.848988,50.7141,50.73121,50.80873,50.69056,50.479725,50.818687,50.68615,50.933224,50.65761
42.28203,42.082108,42.784103,42.447266,42.083763,42.569202,42.646523,42.702103,42.63625,42.120026,42.98312,42.65015,42.0491,42.69812,42.379135,42.97216,42.631535,42.72397,42.83141,42.507195,42.229965,42.3797,42.77003,42.60829,42.99856,43.371925,42.82738,42.791748,42.578804,42.643433,42.899937
52.92026,53.496815,53.326286,53.304245,53.11608,53.24962,53.25317,53.44071,53.424618,53.30373,53.18339,52.92528,53.38,53.659943,53.432755,53.44601,53.186718,53.21263,53.367455,53.516705,53.456066,53.697174,53.470444,53.456535,53.93395,54.15957,53.200535,53.887177,53.252064,53.751366,53.802166
39.63093,39.452545,40.14956,39.865562,39.97895,39.77461,40.031563,39.74655,39.587685,39.92932,39.994183,40.280197,40.042156,40.211163,39.98142,40.0716,39.891476,40.196968,40.186565,39.94714,39.88139,39.96803,40.23136,40.12861,39.986267,40.23353,40.63267,40.013706,39.71217,39.84765,40.53589
56.647972,56.45264,56.797462,56.52783,56.781403,57.047665,56.50632,56.817944,57.067734,56.79309,56.757267,56.784985,56.996464,57.042133,56.90112,56.719124,56.85246,57.082996,57.009026,56.6725,57.13403,57.07212,56.987923,57.249382,57.032696,56.952354,57.300617,56.91802,57.20722,57.21893,56.950665
52.389816,52.199326,52.3451,52.18165,52.599556,52.32594,52.321926,52.2453,52.391914,52.554966,52.595814,52.592808,52.484077,52.35531,52.366188,52.35551,52.43717,52.392956,52.556362,52.513844,52.644245,52.812508,52.646793,52.820396,52.270317,52.64624,52.82004,52.56386,52.81653,52.777493,52.56374
49.61847,49.635834,49.987778,49.94914,49.873672,49.985977,49.743935,49.9327,49.791515,49.76285,49.88237,50.004105,50.176456,50.18619,49.481544,49.943478,49.661022,49.72764,50.011745,49.721874,49.542797,49.701763,49.961105,50.225334,50.059048,50.409203,50.297832,50.072433,49.982094,49.926617,50.20111
47.27831,47.505707,47.241364,47.33915,47.3276,47.205482,47.42059,47.480762,47.49483,47.474384,47.488235,47.524345,47.36681,47.25298,47.764175,47.412605,47.687344,47.486694,47.5255,47.863964,47.698757,47.751793,47.83085,47.7088,47.806747,47.731346,47.553356,47.826973,47.612324,47.921474,47.746254
38.487385,38.417183,38.587334,38.450905,38.91784,38.33391,38.65998,38.37673,38.118176,38.505836,38.04783,38.9405,39.227642,39.388157,38.453682,39.217545,38.86196,38.76882,38.772953,38.4931,38.513092,38.66343,39.00018,39.004303,38.647068,38.621147,39.426304,38.651936,38.316864,38.718662,39.46943
51.72876,51.593716,51.723717,51.738552,51.668037,51.728493,51.74238,51.713818,51.993042,51.80576,51.681896,52.210358,51.692783,51.97134,51.804333,51.849045,51.97135,52.27429,51.805267,52.068443,52.383804,52.162045,52.114567,51.944405,52.20256,52.141304,52.43077,51.959213,52.15902,52.294224,52.025906
37.721146,37.775547,38.057472,37.855522,38.02153,38.39406,38.276775,38.480736,38.256252,38.00623,38.764835,38.09577,38.027214,38.045177,38.161797,38.417694,38.56672,37.818623,38.26495,38.136787,37.717434,38.057045,38.30348,38.62432,38.2898,38.83777,38.270508,38.62119,38.323765,38.48655,38.30927
46.733418,46.738926,46.470963,46.36015,46.898026,46.3457,46.341747,46.153343,46.689117,46.840847,46.69914,47.058483,46.75896,46.441936,46.75426,46.386417,46.816273,46.772564,46.865555,47.1608,46.957943,46.717087,47.077198,46.948135,46.58675,46.635323,47.031097,46.542694,47.16631,46.990196,46.90159
44.720978,45.122295,45.272438,45.27034,45.251816,44.767372,45.128002,44.782505,45.122498,45.323975,45.546917,45.025826,45.347195,45.46508,45.56606,45.69443,45.43196,44.992954,45.615387,45.69677,45.18096,44.869087,45.59902,45.465195,45.35826,45.6364,45.374638,45.68972,45.340374,45.499897,46.007458
54.874035,54.681267,54.478027,55.295868,54.735466,54.739346,54.812508,54.991375,55.02884,54.906925,55.265144,54.63421,54.713146,54.711086,54.62423,55.053226,54.866432,54.959465,55.158,55.207573,55.1726,54.920612,54.948887,55.00621,55.299393,55.184418,54.972687,55.25167,55.473938,55.23106,55.018127
39.95904,40.215565,39.899796,39.6891,39.941353,39.659985,40.251263,39.78576,39.932175,40.1476,40.17285,40.0772,39.71106,39.697655,40.294632,40.329445,40.375366,40.117073,40.19129,40.388935,40.275803,40.51084,40.26961,40.320023,39.927437,40.14322,40.15111,40.448277,40.657608,40.27735,40.382843
53.236565,53.32985,52.7864,52.9495,53.50953,53.096893,53.118538,52.972317,53.105415,53.72444,53.206936,53.23649,53.53326,53.028152,53.373787,53.103954,53.14612,53.185856,53.575073,53.285847,53.49984,53.447956,53.49767,53.753326,53.10561,52.93335,53.28015,53.497227,53.902897,53.55574,53.45621
47.076664,47.05653,47.766754,47.183834,47.547256,47.35386,47.39303,46.928715,47.057407,47.488987,47.53196,47.266384,47.61261,47.447323,47.8637,47.370625,47.392612,47.471684,47.753834,47.586563,47.58576,47.520275,47.70303,47.524727,47.233784,47.44021,47.767906,47.476036,47.643467,47.41414,47.938705
42.59749,42.402073,42.27572,42.09318,42.62783,42.22026,42.27156,42.164017,42.211906,42.300026,41.954754,42.449245,42.557945,42.604786,42.17115,42.701828,42.628952,42.677074,42.605816,42.289837,42.58693,42.73941,42.55146,42.696877,42.13803,42.082268,42.93418,42.331974,42.81907,42.514626,42.660496
39.710026,39.669537,39.833244,39.905853,39.748367,39.727707,40.155033,39.959137,39.54138,39.914715,40.10483,40.077564,39.78123,39.782867,39.924854,39.81513,40.159454,39.91086,39.84211,40.202995,39.902832,40.330902,40.101444,39.86376,40.08114,40.38581,40.14406,40.273914,39.897507,40.07497,40.1857
46.56325,46.664886,46.956436,46.418198,46.695747,46.961193,46.96587,46.850315,46.939808,46.836304,46.86224,46.795696,46.729187,47.028534,46.94498,47.234165,47.025833,47.141754,47.13985,46.736477,46.87707,47.06403,46.932953,47.274643,46.965816,47.224884,47.24459,47.229534,47.217533,46.919395,47.22715
45.938683,45.39151,45.995117,45.924305,45.716484,45.787018,45.84814,45.63421,45.677143,45.66612,46.13632,45.65815,45.629787,45.74193,46.149296,45.816536,45.651997,46.354515,46.106365,46.17161,46.435295,46.51614,45.744328,45.806396,46.006046,46.099533,46.40672,45.809353,46.51165,45.940155,46.456646
42.818596,42.54379,42.864105,42.276333,42.990494,42.843494,42.831467,42.558456,42.57533,42.776676,42.8955,42.961838,42.912823,42.78841,42.708836,43.071075,42.774223,42.97723,43.0966,42.803486,42.672333,42.948513,42.70479,43.21369,42.38807,43.04062,43.293766,42.87307,43.233707,42.602844,43.17539
49.538578,49.930492,49.761673,49.730946,49.98829,49.869,50.11048,49.815853,49.97147,50.41973,50.493504,49.672245,49.87002,49.663822,50.18321,49.78547,49.775566,49.824802,50.362053,50.129955,50.096836,50.27687,50.324055,50.426163,50.27199,50.377335,49.818718,50.305763,50.260387,50.193157,50.372845
40.52179,40.645405,40.349922,40.66213,40.40558,40.63682,40.548637,40.806686,40.71589,40.692875,40.623253,40.961716,40.8,40.694283,40.530792,40.740944,40.7487,40.838005,40.690624,40.69686,40.636417,40.598015,40.778164,40.898262,40.91789,40.769096,40.812073,41.073467,40.96583,40.864235,40.72986
46.11133,46.130985,46.037468,46.0771,46.24199,46.278957,46.605717,46.522877,46.08376,46.31716,46.12935,46.429665,46.308304,46.10662,46.805443,46.650578,46.71234,46.465668,46.463226,46.51162,46.458664,46.44426,46.570927,46.680305,46.500553,46.31128,46.611843,46.86735,46.544983,46.610985,46.725132
46.3127,46.15694,46.175537,46.32421,46.36747,45.97937,45.942757,45.979107,46.020615,46.079357,46.41331,46.092186,46.497025,46.16656,46.01331,46.203434,46.396744,45.927986,46.45194,46.36838,46.017563,46.32191,46.264893,46.67031,46.044926,46.22467,46.66177,46.27048,46.962917,46.36643,46.652546
36.848564,36.91777,36.764908,37.335686,36.763245,36.87384,36.92301,37.084415,36.97871,36.997597,37.05611,37.42092,36.985916,37.065155,36.891308,36.973167,37.200302,37.20273,36.865055,37.51666,37.171772,36.86535,37.161743,36.709793,37.395096,37.448067,37.19384,37.39783,37.083206,37.32682,37.073807
42.970318,42.740482,42.947983,42.81354,43.32643,43.00488,43.213814,42.9864,42.906246,43.19349,42.990086,43.13559,43.178356,43.12863,43.250015,43.349525,43.476307,43.55358,43.41067,43.305107,43.372444,43.315582,43.262234,43.407104,43.00705,43.042908,43.756252,43.232037,43.16405,43.073227,43.484573
40.637367,40.94318,40.457703,40.060173,40.450195,40.37318,40.021248,40.417263,40.735405,40.327568,39.891384,40.584354,40.461506,40.791298,40.260532,40.61008,40.431973,40.64781,40.469124,40.268326,40.61503,40.906372,40.467834,40.744926,40.31778,40.55043,40.665222,40.636093,40.966312,40.837296,40.49454
46.122253,46.111473,45.903397,46.552597,45.89183,46.089832,45.858215,46.29879,46.23854,46.098564,46.19059,46.1838,46.1134,46.165276,46.32736,45.879776,45.97804,46.346836,46.209526,46.595818,46.49058,46.22901,46.196434,45.987595,46.79801,46.57804,46.26177,46.462967,46.529537,46.631405,46.49364
47.347404,47.40847,46.96457,47.24712,46.927498,47.27103,46.886,47.549248,47.85214,47.33709,47.47057,47.48958,47.227695,47.300938,48.023956,47.149765,47.555927,47.723686,47.637817,47.640503,47.728016,47.46197,47.6964,47.718994,48.134586,47.44761,47.431763,47.744408,47.967014,48.155888,47.73176
34.454018,35.292057,34.581,35.02897,34.312325,34.47513,34.77926,34.807854,35.014217,34.8596,34.788506,34.860474,34.89293,34.9307,35.243305,35.02289,35.13655,34.94112,34.823696,35.28203,35.067913,34.974434,35.206696,35.074303,35.650112,35.05332,34.79759,35.441895,35.312862,35.36027,35.484173
49.999126,49.598183,49.47982,49.836643,49.968254,50.046314,50.020424,49.97759,49.997807,49.993717,49.75934,50.22453,50.127068,50.076912,49.905037,50.129093,50.2585,50.496193,49.837883,50.226128,50.69937,50.530792,49.993855,50.21769,50.27408,50.08042,50.686523,50.105553,50.50786,50.441475,50.212746
59.72462,59.537895,59.659203,60.003113,59.802406,60.086548,60.17221,60.268738,59.95186,59.95135,60.182823,59.978184,59.89272,59.689697,60.213516,60.08856,60.39649,59.96221,59.98163,60.458855,60.311882,59.972996,60.415173,59.900314,60.43549,60.365837,59.891037,60.54622,59.96977,60.585087,59.836563
59.183514,59.07053,58.964264,58.93091,59.60128,59.391514,59.876163,59.250076,58.825222,59.534904,59.448994,59.39067,59.539288,58.77575,59.58475,59.301746,59.541534,59.032047,59.34885,59.732346,59.603485,59.8247,59.811405,59.74958,59.482185,59.56346,59.443054,59.562557,59.668877,59.7527,59.69958
47.813564,48.23212,47.520058,48.382683,47.753624,47.60258,47.898804,47.938118,47.983475,48.170013,47.705093,48.32065,48.104458,47.93973,47.861736,47.904957,48.22662,48.02056,47.75722,48.454323,48.479675,48.02796,48.561924,47.80107,48.495365,47.92237,47.88348,48.437145,48.121094,48.633415,47.843708
53.4561,53.749474,53.98311,53.9087,53.88378,54.198963,54.095535,53.92732,53.838844,53.886456,53.855026,53.863014,54.4301,53.961273,53.842564,53.899593,54.022774,53.805878,53.747875,54.07362,54.153454,54.22205,54.26145,54.254272,54.319942,54.267166,54.19271,54.133606,54.100616,54.19129,54.096725
52.530964,52.028072,51.96244,52.41302,52.43268,52.490242,52.67846,52.754208,52.203217,52.25115,52.393414,52.58431,52.285625,52.430904,52.06264,52.91431,52.7959,52.484165,52.453922,52.70875,52.477695,52.342373,52.601593,52.235123,52.674526,52.93113,52.521107,52.83764,52.397434,52.834316,52.37662
53.399403,53.3277,53.43023,53.67847,53.368355,53.652058,53.767174,53.825207,53.615494,53.678688,54.068844,53.97808,53.735123,53.792614,53.798508,53.871677,53.850544,53.520523,53.95245,53.794212,53.46406,53.29817,54.366158,53.876717,54.4364,54.19113,53.5961,54.148335,53.68453,54.281803,54.066372
44.426388,44.01648,43.626312,43.85566,43.97367,43.987762,43.931908,44.209686,44.091145,43.996788,44.39545,44.21143,43.86106,43.947025,43.932747,44.065247,43.96596,44.1855,44.402874,44.14806,44.0292,44.333523,44.23578,44.286102,44.42719,44.451836,44.03502,44.167637,44.545563,44.49367,44.383266
44.960835,45.050808,45.39714,45.086372,45.338127,45.32411,45.469982,45.19418,45.309307,45.465042,45.40123,45.282814,45.53905,45.66927,45.587414,45.62511,45.524902,45.639687,45.62204,45.292973,45.631016,45.743893,45.70935,45.837357,45.616093,45.50843,45.871605,45.56467,45.490025,45.570854,45.95446
51.72693,51.54645,52.078094,51.65288,51.90528,51.80201,51.916325,51.762844,51.817287,51.786182,52.091125,52.10331,52.178616,52.029316,52.028713,52.30335,52.194614,51.92256,52.194054,51.88977,51.846134,51.972183,52.35586,52.507393,51.852627,51.979736,52.39955,52.15666,52.115166,52.11702,52.27209
29.887093,30.099855,29.983301,30.271646,30.240993,29.56285,30.285686,29.78925,29.847834,30.159595,30.280493,30.308361,30.298035,30.259796,30.23293,30.662525,30.626862,30.15829,30.221786,30.678394,30.25875,30.268196,30.415665,30.446901,30.143517,30.291897,30.730028,30.429745,30.332626,30.31223,30.926466
41.099186,41.793106,41.66004,41.453384,41.36438,41.30875,41.072113,41.159256,42.000427,41.63166,41.70025,41.80681,41.79387,41.79625,41.768948,41.252716,41.841553,41.592373,41.713463,41.88658,41.667614,41.441277,42.270878,42.019608,42.170242,41.803024,41.860954,41.57755,41.835514,42.07334,42.006214
47.72413,48.133953,47.758255,47.789833,47.650475,47.69037,47.738873,47.694016,48.088345,47.969887,47.86683,48.178738,47.884953,48.072193,47.82843,47.580597,48.17586,47.8985,47.770325,48.2139,48.157906,48.36842,48.368725,48.124023,48.583115,48.446625,48.183407,48.05325,48.393097,48.584442,48.295418
56.521996,56.55184,57.258926,56.594196,56.784966,56.711636,56.772076,56.769695,56.91575,56.72928,56.971867,57.031506,56.85178,57.125477,57.018932,56.94686,57.377686,56.622196,56.974174,56.73184,56.85116,57.140774,57.647,57.275375,56.931713,57.12767,57.27653,57.156223,56.82534,57.52545,56.965607
53.736404,53.66732,53.14479,53.16757,53.72065,53.646255,53.556717,53.82936,53.79207,53.661488,53.250916,53.393326,53.517788,53.64029,53.65535,53.958153,53.6541,53.954334,53.827705,53.6344,54.06452,54.149166,53.57506,54.00003,53.728127,53.77867,53.749672,53.98072,53.95625,54.018745,53.760426
50.241226,49.946247,50.07596,50.392487,50.149696,50.257713,50.089725,50.37624,50.059986,50.122852,50.47361,50.280575,50.2625,50.084404,50.12346,50.03988,50.12809,50.066933,50.288437,50.4393,50.192253,50.25608,50.340088,50.150528,50.3968,50.62774,50.227097,50.497055,50.432938,50.56409,50.253113
47.975647,47.70632,47.4598,47.911922,47.78321,47.937897,47.777676,48.252087,47.62427,47.833813,47.54683,47.852245,48.035366,48.06663,47.87177,47.908134,47.721725,48.044636,47.897484,47.851868,47.962494,48.194862,47.64843,47.886955,48.113026,48.15526,48.01645,48.365467,48.018776,48.16002,48.15034
49.352337,49.46128,49.88584,49.757946,49.502914,49.91335,49.835716,49.82414,49.76203,49.48978,49.68726,49.790848,49.693638,49.656826,49.754036,49.47642,49.880947,49.834515,49.541676,49.946983,50.055565,50.156208,50.082455,49.842384,50.31991,50.222313,50.200935,49.77171,49.884853,50.096016,49.929337
48.39765,48.22183,48.269547,48.14669,48.721603,48.567062,48.619667,48.596832,48.621452,48.991756,48.600193,48.42389,48.657387,48.855717,49.3204,48.956177,48.71048,49.182133,49.306118,48.462765,49.02491,48.86669,48.83811,49.239082,48.81217,48.427383,49.057053,49.019833,48.862213,48.902836,49.35811
58.428425,58.150806,58.49415,58.396935,58.370102,58.48315,58.355175,58.505997,58.447155,58.154957,58.424297,58.75015,58.866726,58.699696,58.62256,58.6497,58.854855,58.4346,58.582928,58.565266,58.52572,58.549667,59.058655,58.97657,58.948547,58.635063,58.997753,58.62057,58.76646,59.09913,58.926346
51.66042,51.932293,51.97058,52.54602,52.156403,51.838367,52.512512,52.094315,51.629013,52.273365,51.992706,51.96474,52.621918,52.10745,52.493206,52.57173,52.311756,52.12817,52.26224,52.646736,52.381138,52.17335,52.360504,52.433258,52.428738,52.182556,52.506756,52.79917,52.153,52.158478,52.878014
50.97863,51.093586,50.73233,51.28331,50.831596,51.33772,51.078842,51.311337,51.463085,51.686607,51.326878,51.441597,51.292587,51.267265,51.595245,50.8328,51.067524,51.720837,51.218452,51.539738,51.90101,51.582436,51.22672,51.281067,51.931602,51.583435,51.339012,51.814686,51.824623,51.769382,51.449535
48.86976,49.027847,48.725624,49.037605,48.815598,48.99767,49.73944,49.44671,48.77692,49.192307,48.968815,49.21212,49.18546,48.924896,49.32937,49.813465,49.459316,49.30081,49.215572,49.232334,49.260082,49.313347,49.55365,49.372223,49.482555,49.08027,48.98734,49.94879,49.083633,49.311554,49.315098
47.19226,47.22187,47.12039,47.27444,46.89187,47.211807,46.947712,47.182148,47.54238,47.183903,46.891506,47.241444,47.18234,47.588696,47.185127,47.228294,47.08401,47.931164,47.25583,47.22931,47.985546,47.77536,47.354095,47.203957,47.766777,47.29013,47.565357,47.33549,47.656513,47.633877,47.373684
61.584324,61.994083,61.539818,61.84573,61.895058,61.904976,61.943348,62.072506,61.928722,62.44564,61.7755,61.530224,62.047806,61.969757,62.33048,61.773327,61.72596,61.903664,62.077816,62.01927,62.38741,62.543957,61.922283,62.306313,62.30284,62.289864,61.87921,62.730244,62.308247,62.43541,62.3175
58.97978,58.86664,58.93033,59.11261,59.296288,58.980606,59.16202,58.976562,59.128933,59.428814,59.32291,59.374813,59.39123,59.166,59.346138,59.21364,59.295822,59.26459,59.399315,59.559544,59.49453,59.330475,59.442486,59.68818,59.39348,59.47593,59.74217,59.500557,59.552025,59.5342,59.692806
55.899776,56.135403,56.03749,56.20961,56.08506,56.240814,56.020264,56.247494,56.18446,56.508087,56.01065,55.90516,56.493626,56.434647,56.68478,55.80334,56.26952,56.47294,56.53233,56.34365,56.511524,56.492695,56.4495,56.42994,56.870007,56.322205,56.397045,56.613487,56.42231,56.54174,56.74876
56.839455,56.990837,56.776817,57.299778,56.636536,56.74146,56.579918,56.963844,56.869923,56.85359,56.73947,56.912735,57.008556,56.890434,56.678173,56.532494,56.854527,56.878292,56.966705,57.236195,56.906082,56.74799,57.14441,56.703262,57.41002,57.1726,56.82474,57.231945,57.051758,57.152195,56.87729
47.124905,47.337563,46.87771,47.046597,47.62265,47.11947,47.570568,47.134125,47.41572,47.787796,47.50159,47.529,47.4306,47.335842,47.466183,47.84665,47.569973,47.625492,47.742134,47.879185,47.670513,47.346233,47.63207,47.910736,47.565926,47.747757,47.723248,47.750023,47.60761,47.55463,47.968243
46.66528,47.092125,46.934143,46.77549,46.605392,46.91831,46.91415,47.17605,47.168472,46.819347,46.852474,46.81035,46.9157,47.020985,47.23721,47.25573,47.14266,47.00199,47.16096,46.83701,46.914368,47.17705,47.15863,47.580963,47.36554,47.14778,47.136112,47.51077,47.432354,47.303486,47.39789
43.317722,43.35421,43.371086,43.74438,43.450043,43.23944,43.66259,43.392994,43.272713,43.669266,43.679474,43.594517,43.623573,43.564407,43.819736,43.57069,43.610237,43.73051,43.694237,43.985832,43.907246,43.80111,43.931484,43.53631,43.990936,43.757095,43.76528,43.824223,43.591568,43.842346,44.12308
37.188564,37.461304,37.567024,37.642296,36.9833,37.508,37.15486,37.844097,37.84537,37.114113,37.00504,37.7844,37.442825,38.243534,37.27278,37.68603,37.96778,37.942337,37.301464,37.509285,37.515816,37.41338,37.684864,37.307686,38.165424,38.03663,37.936123,37.91423,37.20916,37.914547,37.52614
50.265636,50.102615,49.91944,50.038185,50.26352,50.45117,50.615654,50.425648,50.192043,50.61458,50.680008,50.241573,50.311016,50.085808,50.33236,50.438282,50.41776,50.391987,50.49432,50.374012,50.539326,50.83319,50.407738,50.624603,50.424583,50.57125,50.27943,50.811993,50.886356,50.61109,50.42358
54.84376,54.2757,54.57965,54.84646,54.693565,55.00305,54.969456,55.17738,54.68291,54.81604,54.941593,55.037243,54.951645,54.826103,55.086285,54.92541,54.94919,55.203053,55.162384,54.842785,55.02026,54.95082,55.175472,55.0971,55.334736,54.90773,55.191563,55.171513,54.985935,55.176582,55.14438
48.067547,48.380833,48.055824,47.884033,48.13745,48.140232,48.23736,48.37239,48.478798,48.451584,47.946075,48.2935,48.12697,48.488934,48.64435,48.46906,48.467392,48.71091,48.55247,48.301426,48.623817,48.64762,48.58578,48.654846,48.694336,48.462616,48.50636,48.753475,48.384304,48.693592,48.67706
45.59044,45.796257,45.628006,45.771374,45.698296,45.645336,45.60624,45.589363,45.78107,45.573296,45.88387,45.605026,45.872482,45.342285,45.49953,45.82312,45.876812,45.533016,45.761963,46.01151,45.724094,45.735252,45.755016,46.165955,45.624275,45.752068,45.945915,45.894997,46.4886,45.78998,45.784935
47.49913,47.420753,47.63948,47.22978,47.646744,47.75004,48.002777,47.710453,47.62786,48.059864,48.10545,47.619576,47.597755,47.664387,47.978077,47.88839,47.856728,48.03395,48.12892,47.69524,47.846478,48.261707,47.833622,48.14261,47.730335,48.044113,47.905933,48.225807,48.011253,47.749935,48.060013
47.389965,47.595528,47.288536,47.63989,47.34783,47.480724,47.158073,47.340042,47.821545,47.46511,47.60525,47.57192,47.555153,47.537292,47.519016,47.28539,47.55094,47.58031,47.496418,48.00586,47.93797,47.552574,47.784046,47.54065,48.133133,47.920563,47.65669,47.568157,48.131973,48.14586,47.77247
38.285202,38.862778,38.966095,38.32896,38.713173,38.361504,38.62189,38.15339,38.4395,38.52641,38.7897,38.4736,38.89228,38.56496,38.847744,38.701447,38.84227,38.344078,38.75312,39.075054,38.472668,38.89581,38.91267,39.068253,38.575897,39.044647,38.864365,38.73101,38.936104,38.630325,39.335423
44.59319,44.383495,45.038033,44.57282,44.540092,45.171806,45.18117,45.29117,44.586067,44.47569,45.042934,44.946426,44.830757,44.98897,44.657856,45.17836,45.15446,44.65578,44.687496,44.639946,44.460346,45.14579,45.020153,44.88298,44.9605,45.595314,44.891342,45.369213,44.634754,45.08629,44.785995
47.378338,47.29981,47.040764,47.69058,46.995842,47.181183,47.448414,47.52328,47.01922,47.46434,47.32613,47.86449,47.40401,47.558327,47.156742,47.45827,47.48859,47.371887,47.31143,47.610836,47.266045,47.185642,47.641727,46.955597,47.792885,47.7731,47.212696,48.0647,47.456787,47.775436,47.422306
51.12193,51.12866,51.204384,51.670967,51.02722,51.289165,51.549168,51.645275,51.20844,51.16888,51.195595,51.343018,51.33912,51.240704,51.469093,51.807526,51.37454,51.53394,51.431427,51.514286,51.575928,51.275578,51.57172,51.376907,51.7243,51.400764,51.430004,51.94745,51.44731,51.556282,51.48111
34.94357,35.51828,35.578423,35.239677,35.65654,35.21669,35.325428,35.03651,35.465107,35.68296,35.469265,35.516212,35.635082,35.434784,35.836605,35.537,35.711445,35.511497,35.651608,35.878704,35.576313,35.35895,35.620186,35.881134,35.211117,35.55564,35.96703,35.73245,35.715668,35.448643,35.93954
38.4875,38.519566,38.779846,38.493416,38.62921,38.625652,38.72792,38.666317,38.76529,38.724228,38.51554,38.619087,38.65552,39.18553,38.497814,39.270103,38.915382,39.29543,39.017433,38.47252,38.80708,38.998856,38.582676,39.06938,38.61378,38.835846,39.39719,39.04454,38.925343,38.512222,39.070427
46.982803,47.43841,47.550102,47.408543,47.056732,47.19911,47.426243,47.43383,47.65099,47.462738,47.26691,47.479298,47.364468,47.77419,47.705067,47.546253,48.20057,47.757122,47.488914,47.61927,47.746864,47.794254,48.010124,47.663757,47.990833,47.603157,47.88087,47.95749,47.516003,47.922092,47.701878
53.84163,54.410965,53.84214,53.903522,53.884895,54.356922,54.200382,54.589794,54.61795,54.23531,54.06884,53.957245,54.17629,54.128742,54.650806,54.349743,54.606182,54.22388,54.314884,54.336193,54.43817,54.432053,54.573223,54.757416,54.959934,54.503647,54.076534,54.878628,54.614025,54.922844,54.427536
57.39916,57.112568,56.773445,57.305153,57.381035,57.44558,57.37007,57.64933,57.411278,57.531933,57.320747,57.327995,57.466507,57.32567,57.895847,57.55754,57.582203,57.667553,57.751465,57.640976,57.87247,57.41764,57.762077,57.613472,57.960297,57.34252,57.426785,57.840557,57.67658,58.08144,57.71594
43.54474,43.631676,43.79419,43.732597,43.470108,43.737747,43.963516,43.901165,43.814323,43.84948,44.196426,44.273533,43.702515,43.94781,43.828556,43.920914,44.023247,43.825253,44.005066,43.847347,43.621754,43.766422,44.460438,44.031075,44.409668,44.363922,43.920406,44.208595,43.861893,44.257473,44.146072
46.854065,47.18094,47.29799,47.069088,47.403038,47.381023,47.46117,47.43183,47.398537,47.31097,47.82895,46.812687,47.487946,47.084988,47.71319,47.83491,47.409637,46.99649,47.771908,47.416702,47.120174,47.341682,47.43567,48.24672,47.35886,47.681267,47.421707,47.85327,47.72263,47.44555,47.93243
47.714912,48.10763,47.95513,47.634296,47.700478,47.51379,47.616116,47.557632,47.858685,47.779922,47.705276,47.769066,47.49844,48.033386,47.586823,48.125713,47.58912,47.65973,47.912968,47.94651,47.77587,47.904724,47.794235,47.727768,47.679237,48.50911,47.713104,48.27436,48.162018,48.0625,47.99954
49.343197,49.592495,49.40879,49.705925,49.52259,49.63236,49.789524,49.725437,49.741856,49.866756,49.62018,49.61094,49.771336,49.70811,49.748455,49.981876,50.026173,49.93006,49.707447,50.010143,50.12685,49.785667,49.95803,49.681816,49.93464,49.788597,49.672817,50.28246,49.773556,49.997395,49.59985
35.50369,35.74072,36.03631,36.12883,35.47108,36.03093,36.31836,36.163395,35.672863,35.809464,36.00385,36.441097,36.10118,36.203445,35.474117,36.51123,35.941048,35.904865,35.782135,35.694397,35.59743,35.64588,36.33413,35.843018,36.186943,36.299202,35.863926,36.5364,35.728157,35.97505,35.828514
68.62998,68.5165,68.329124,68.88887,69.056984,68.66055,68.945045,68.7467,68.8749,69.203964,69.089005,68.57225,68.88928,68.27248,69.57489,68.925804,69.078384,68.99516,69.377884,69.61054,69.56959,68.80249,69.311935,69.32073,69.24186,68.738464,69.04867,69.27861,69.32993,69.3401,69.29383
45.556236,45.58422,45.664955,45.94328,45.791748,45.8669,45.778156,45.850872,45.98974,45.631123,45.612843,45.80465,46.12378,46.050102,45.913525,46.31674,46.171993,46.22216,45.944767,46.087166,46.322945,45.72405,46.235317,46.05864,46.27995,45.73825,46.282497,45.96565,45.928505,46.187317,46.08718
49.691338,49.505688,49.183952,49.43385,49.442,48.845387,49.072838,49.151985,49.411427,49.26194,49.158447,49.667866,49.47779,49.527885,49.740482,49.72911,49.805164,49.664658,49.670864,49.912346,49.87181,49.510788,49.948185,49.548317,49.580727,49.182213,49.737457,49.58744,49.7586,50.068348,49.845364
39.917904,40.04098,40.142723,39.810375,39.90548,40.43261,40.602055,40.44732,40.32002,40.42567,40.719177,40.53444,39.9302,40.238388,40.38519,40.454094,40.189552,40.381844,40.4257,40.085556,40.228203,40.54746,40.608852,40.541664,40.6902,40.934196,40.185028,40.746605,40.44621,40.627003,40.51305
46.26594,45.722954,46.0364,45.8087,46.161423,46.115128,45.976257,46.110703,45.972057,46.114582,45.976112,46.373543,45.99767,46.350937,46.19218,46.014736,46.03239,46.620335,46.37391,46.05573,46.344025,46.54884,46.1148,46.220947,46.180298,46.38336,46.74366,46.15755,46.310738,46.30546,46.524967
51.258045,51.21693,51.11493,51.146244,51.25605,51.340576,51.325333,51.393707,51.57236,51.16591,51.448414,51.006878,51.12105,51.050243,51.454254,51.66426,51.668896,51.54954,51.60497,51.65462,51.672062,51.510067,51.46419,51.675682,51.549465,51.468636,51.52785,51.579815,51.905655,51.624416,51.48945
60.96848,60.599785,60.577858,60.99866,60.992348,61.289276,61.080963,61.23294,61.13778,61.44868,61.294865,61.02949,61.013084,60.9066,61.431755,60.94179,61.31621,61.230118,61.17159,61.24336,61.72553,61.41531,61.19459,61.148643,61.265274,61.13539,61.17089,61.693684,61.775887,61.830933,60.944912
38.804314,38.83234,38.693832,38.998024,38.783257,38.876446,38.903515,39.03002,38.987637,38.76105,39.103493,39.044014,38.865208,39.056488,39.045692,39.277115,39.08461,38.89042,38.916138,39.25507,39.128487,38.973198,39.173355,38.948975,39.346916,39.449425,39.014915,39.288326,39.210445,39.588146,39.302456
51.58517,50.935493,51.227325,51.414017,51.579224,51.410206,51.51136,51.346283,51.124798,51.544037,51.648106,51.6671,51.558964,51.4279,51.120613,51.476475,51.63827,51.668083,51.670113,51.604603,51.482937,51.63501,51.389378,51.634308,51.307476,51.63833,52.085762,51.603874,51.926254,51.427547,51.673237
32.83354,33.472507,33.12332,32.957096,33.016487,32.88584,32.96981,32.88328,33.294556,33.223713,33.01225,33.384033,33.323795,33.4076,33.293552,33.47287,33.478535,33.15981,33.030323,33.38484,33.30963,33.31613,33.296677,33.467777,33.08711,33.336292,33.409527,33.64299,33.634686,33.536953,33.464676
48.37671,48.267704,48.337654,48.78487,48.524406,48.44908,48.90056,48.706512,48.18631,48.77331,48.52079,48.463245,48.73389,48.686893,48.981426,48.884533,48.774616,48.870842,48.718624,48.931377,49.039173,48.98019,48.726315,48.539078,48.873848,48.736168,48.811146,49.242874,48.601143,48.847206,49.06923
51.76126,51.963726,51.80577,52.184715,52.01085,51.80879,52.38197,52.01417,51.606445,52.27782,52.086334,51.841713,52.152496,51.911194,52.306854,52.13754,52.172153,51.978416,52.277935,52.441948,52.147057,52.273144,52.27216,52.23124,52.434093,52.3329,52.170685,52.602493,52.274853,52.190628,52.72053
45.20609,45.77565,45.292847,45.432888,44.856606,45.192265,45.35268,45.472076,45.750336,45.785442,45.560825,45.88049,45.298714,45.54991,45.58529,45.374577,45.71294,45.677807,45.55077,45.55087,45.564804,45.591007,45.939156,45.636475,46.002262,45.67044,45.333874,46.20887,45.925575,45.958553,45.48862
55.104668,55.027157,55.53929,55.09742,55.326935,55.423756,55.34715,55.210613,55.527504,55.278255,55.772636,55.286343,55.405598,55.098614,55.543602,55.34489,55.63932,55.452362,55.68913,55.573265,55.476658,55.580887,55.67613,56.048264,55.50913,55.589577,55.916916,55.43545,55.936478,55.492596,55.697414
47.879124,47.89629,48.46794,48.13924,47.88263,48.275017,48.573215,48.105278,48.16985,48.196606,48.986023,48.33766,48.02614,47.962864,48.493195,48.279175,48.648067,48.268833,48.513466,48.72952,48.157127,48.239388,48.718666,48.37287,48.73611,48.915222,48.40461,48.568123,48.668514,48.392868,48.67358
46.995132,47.372364,46.831245,46.733326,47.345123,46.96219,47.17178,47.036846,47.347378,47.378387,46.95067,47.188892,47.198025,47.18534,47.176086,47.33148,47.746525,47.2966,47.318638,47.40121,47.471504,47.538754,47.61277,47.73324,47.342754,47.233315,47.527958,47.396645,47.466072,47.610962,47.41556
44.986153,44.81739,44.71,44.835827,44.795677,45.000694,44.825527,45.053204,45.169228,45.239933,45.147125,45.50122,45.006783,45.298847,45.067596,45.004864,44.947235,45.342113,45.17331,44.91347,45.247143,45.187923,45.2795,45.222244,45.35586,45.27836,45.237404,45.377155,45.37246,45.574596,45.207718
50.203724,50.926113,50.813866,50.843704,50.65751,50.68059,50.522827,50.39241,50.860626,51.08994,50.295353,50.744762,51.10967,51.346764,50.8512,50.606823,50.544807,51.073654,50.696648,51.115814,51.358078,50.880207,51.00747,50.556946,51.298744,51.230637,50.911903,51.094276,50.699654,51.06124,51.10921
51.22678,51.893333,51.78784,51.895264,51.710274,51.554733,52.092415,51.631985,51.77939,52.366043,52.17441,52.021698,52.01954,51.84716,52.423096,51.917164,52.06286,51.656414,52.083855,52.228798,52.034195,51.905655,52.536987,52.332207,52.35328,52.1959,51.947807,52.5962,52.148502,52.379475,52.51368
55.66063,55.543354,55.547173,55.687443,55.779488,55.7303,56.047287,55.985413,55.253952,55.967117,55.454338,55.453148,55.66747,55.631725,55.77022,56.00758,55.42691,55.792778,55.975254,55.50267,55.858505,56.15393,55.572697,55.822067,55.493526,55.77137,55.726753,56.451412,55.912754,55.70588,55.840164
41.62247,41.637993,41.520065,42.260765,41.53414,41.943146,42.392467,41.98583,42.00749,42.19956,42.791424,42.317802,41.842625,41.567314,41.95055,42.234596,42.228546,42.0781,41.963745,42.50356,42.227814,41.9399,42.15068,42.19861,42.503754,42.4383,42.15621,42.576054,42.818527,42.29173,42.237534
42.469692,43.130833,43.0963,42.720345,42.680023,43.009117,42.734413,42.857506,43.08816,43.00082,43.181046,42.797993,43.13766,43.394783,42.95375,43.23918,42.75066,42.475113,42.937836,42.821068,42.611076,42.99117,42.80462,43.308853,42.99268,43.82103,42.806187,43.684437,43.501236,43.328667,43.376602
51.709675,51.461487,51.856384,51.661285,52.03839,52.16119,51.633904,52.044315,52.01993,51.499958,51.580574,51.46656,52.015385,52.107807,51.541405,52.192856,51.787457,52.05757,51.98766,51.682503,52.047237,52.020485,51.718117,52.18129,51.827835,52.11766,52.352737,51.84684,51.88856,51.94695,51.89145
40.037113,40.30388,40.13542,40.474396,39.956512,40.084274,40.02883,40.21238,40.356754,39.909874,40.187828,40.045162,40.241188,40.358658,39.825203,40.345795,40.178703,40.291138,40.248566,40.34353,40.2705,40.305367,40.36137,40.360107,40.749058,40.54136,40.42555,40.252754,40.519768,40.39423,40.538094
57.87748,58.00714,58.164185,58.243256,58.175377,58.088802,58.245792,58.05985,58.17903,58.16194,58.49389,58.2155,58.425175,57.923157,58.39272,58.336124,58.4154,57.918716,58.45184,58.510536,58.20192,58.053173,58.683147,58.865036,58.498,58.34922,58.547215,58.480392,58.77052,58.54513,58.672543
37.815098,37.970825,37.252403,37.24195,37.63906,37.457954,37.39806,37.716686,37.597836,37.714695,37.354546,37.782997,37.598145,37.916668,37.236122,37.743977,37.614716,37.648422,37.62851,37.582108,37.428112,38.01798,37.38327,37.783714,37.51033,38.157303,37.653137,38.066956,37.901005,37.855343,37.7932
48.237877,48.14717,48.167114,48.136787,47.984955,48.569996,48.540688,48.88268,48.524532,48.106403,48.47678,48.29369,47.944134,48.462196,48.465904,48.7249,48.54388,48.423,48.40296,48.307262,48.45632,48.732788,48.571396,48.45478,48.98271,49.122116,48.307682,48.915703,48.516808,49.05675,48.544727
49.912415,50.33545,50.09027,50.04655,50.153023,49.845676,50.123158,49.915306,50.396763,50.304405,50.510548,50.26425,50.34331,50.34775,50.60691,50.46808,50.376522,50.02209,50.468918,50.59177,50.385902,50.437763,50.725094,50.958946,50.746548,50.726967,50.51992,50.55499,50.763138,50.897594,51.15348
45.776127,46.30337,46.2387,46.35124,46.01197,46.25921,46.14995,46.354168,46.628414,46.493557,46.576126,46.195957,46.321117,46.561222,46.60176,46.159054,46.58332,46.44661,46.547188,46.680027,46.421658,46.28525,46.73436,46.48667,47.14611,46.96254,46.376003,46.78502,46.319477,46.75484,46.753307
46.81161,46.619137,47.033394,47.15674,46.709442,46.87538,46.517525,46.96908,46.915665,46.440365,46.67836,47.016376,47.026325,47.365276,46.451786,47.34034,46.97376,46.915733,46.911762,46.848145,46.73122,46.42409,46.954338,46.71129,46.88553,47.14824,47.164864,47.179897,46.914745,47.104347,46.789444
42.83895,43.129353,42.94715,42.9514,43.172546,42.989853,43.13452,42.970676,43.280773,43.312992,43.287384,43.24647,43.189682,43.16034,43.074314,43.532257,43.71842,43.05788,43.217373,43.33529,43.24847,43.113007,43.41652,43.55249,42.992832,43.22126,43.425144,43.621056,43.660595,43.526344,43.177433
43.199814,43.537144,42.98961,43.31844,43.233566,43.39887,43.355263,43.392242,43.495205,43.579018,43.298027,43.16731,43.475266,43.319862,43.58925,43.323257,43.24272,43.761913,43.412487,43.79511,43.91167,43.90928,43.182255,43.59233,43.84659,43.758736,43.518196,43.76196,43.9401,43.572144,43.855934
51.083843,51.441082,51.492737,51.134754,51.435127,51.4533,51.18447,51.426308,51.4527,51.273335,50.932194,51.115967,51.346134,51.49902,51.491318,51.463535,51.079964,51.348316,51.39114,51.366398,51.575756,51.659924,51.23582,51.60592,51.338753,51.836746,51.60741,51.717968,51.557106,51.59971,51.61508
57.295593,57.036064,57.348053,57.593853,57.341537,57.577114,57.747044,57.75341,57.52319,57.511932,57.752674,57.62983,57.38801,57.429523,57.763466,57.840157,57.82186,57.6614,57.7728,57.712753,57.814983,57.450268,58.086502,57.644882,58.006454,57.737717,57.67224,58.009914,57.63317,58.076763,57.628216
51.009514,51.010307,51.281433,51.57576,51.117615,51.517555,51.402035,51.565807,51.2007,51.368465,51.571354,51.07261,51.619244,51.42832,51.673817,51.155914,51.50682,51.342426,51.48583,51.510944,51.500576,51.602028,51.653435,51.452354,52.007496,51.64698,51.4401,51.76925,51.512283,51.756516,51.745594
38.981285,39.134354,39.1203,38.87254,39.0282,38.531303,38.592167,38.505203,38.952106,38.723553,38.714115,39.137993,39.1228,39.235165,38.954266,39.015495,39.08944,39.111523,39.053307,39.25207,39.161068,39.26395,39.258587,39.238922,39.029934,39.067062,39.579956,38.7918,39.298374,39.220623,39.583084
41.84716,42.459488,41.798958,42.27465,41.8562,42.002796,42.08798,42.098133,42.57592,42.254955,42.41426,42.279827,41.99059,42.00086,42.65569,41.837563,42.355705,42.37058,42.280624,43.011272,42.71006,42.282906,42.86805,42.305595,43.52078,42.805588,42.180557,42.27377,42.547276,42.979134,42.892925
49.56056,49.64875,49.504257,49.329693,49.210617,49.74349,49.614323,49.787933,49.976486,49.585026,49.95702,49.51839,49.244694,49.399113,49.84319,49.493793,49.882286,49.906097,49.862144,49.864567,49.814148,50.072857,49.798817,49.92125,50.24768,50.165504,49.683323,49.967556,50.341984,50.030815,49.87413
44.435116,44.08736,44.689934,44.818016,44.548668,44.844513,44.80117,44.704494,44.42861,44.533512,44.90974,44.817245,44.77747,44.849564,44.60829,44.94719,44.667618,44.82589,44.87829,44.754475,44.626846,44.401173,44.81742,44.653206,44.962185,45.062088,45.071106,44.887363,44.849567,44.76047,45.067947
44.98206,45.021156,45.208054,44.965355,44.963898,45.626286,45.69289,45.536682,45.1808,45.44591,45.395416,45.61325,45.228756,45.33403,44.902733,45.197205,45.737423,45.53114,45.087452,45.298542,45.234795,45.698402,45.434063,45.233437,45.571507,45.94905,45.448174,45.791225,45.3336,45.35774,45.026554
52.673298,52.757328,52.777977,52.771797,52.416634,52.77507,52.4413,52.810307,52.810406,52.623856,52.477104,52.800148,52.976967,53.043365,52.506756,52.469055,52.772457,52.884872,52.70249,52.592403,52.80728,53.127007,52.91555,52.91195,53.15145,52.9205,52.999172,52.961746,53.088074,53.04704,52.812782
48.231594,47.928898,48.08052,48.179024,48.015083,48.116325,48.304005,48.32814,48.39827,48.182922,48.46778,48.733376,48.063934,48.432858,48.447342,48.5745,48.415726,48.57195,48.415195,48.374233,48.643013,48.52584,48.80586,48.523438,48.81349,48.625946,48.66559,48.53295,48.51285,48.990738,48.66946
49.604454,49.68869,49.555702,49.264416,49.62008,49.88247,49.83138,49.920937,50.10882,49.845627,50.08463,49.66002,49.420017,49.620358,49.77046,50.05255,50.23504,49.930176,50.13302,49.86114,49.778557,49.81472,50.08354,50.104546,49.986984,50.159004,49.69805,50.213448,50.106846,50.10029,49.682663
40.775692,41.30866,40.92655,41.417175,41.00173,40.905537,41.278885,40.89124,40.64809,41.253277,40.82106,41.353134,41.613667,41.07448,40.8851,40.86043,40.909008,40.967785,40.71312,41.46184,41.35454,41.485504,41.358475,41.071632,41.46415,41.30358,41.21285,41.331905,41.245567,41.247623,41.42923
46.677074,46.570766,46.697296,46.55129,46.83721,46.28307,46.535046,46.22012,46.22741,46.621227,47.02761,46.56109,46.57606,46.364273,46.41555,46.582596,46.482174,46.215015,47.018917,46.873356,46.255062,46.53696,46.807243,46.770355,46.31598,46.93567,46.6748,46.663395,47.034657,46.58731,47.0138
46.385334,46.360226,46.02002,46.51422,46.33143,46.62822,46.627747,46.698566,46.64236,46.812885,46.43598,46.646267,46.621838,46.82675,46.780907,46.788597,46.597286,47.054474,46.56441,46.701084,47.182354,47.00323,46.474846,46.749016,47.090286,46.85862,46.90919,47.130463,47.098583,47.074932,47.015656
48.07286,48.538788,47.72026,48.270737,48.074944,47.69364,48.16761,47.98109,48.112286,48.43425,47.839436,48.14555,48.223213,47.812656,48.807713,47.99811,48.431206,48.520287,48.133205,49.079765,49.04352,48.759583,48.44796,48.222168,48.623623,48.088234,48.267696,48.624874,48.591694,48.63264,48.61921
45.72846,45.438786,45.542053,45.504536,45.79178,45.858387,45.46833,45.720436,45.96804,45.513573,46.187252,45.4274,45.75349,45.5637,45.876987,45.915665,45.886555,45.753094,46.24934,45.800636,45.672874,45.666157,45.751835,46.464394,45.892,45.847893,46.1726,45.712574,46.626118,45.98763,46.288334
50.956566,50.66428,50.60633,50.60403,50.823586,50.837185,50.961338,51.013443,50.93325,50.720192,50.62226,51.124313,50.733395,51.042248,50.71834,51.56905,51.222843,51.147564,50.909096,50.890316,51.1484,51.098797,50.93067,51.149445,50.83654,51.090996,51.33762,51.330044,51.301777,51.311504,50.959747
40.884045,41.378544,41.481117,41.306755,41.061615,41.239437,41.382023,41.224907,41.408554,41.209904,41.374355,41.085297,41.39461,41.216553,41.619087,41.64329,41.557133,41.46867,41.541912,41.50024,41.425087,41.404495,41.510406,41.806046,41.540512,41.330254,41.62581,41.69614,41.859306,41.32137,41.789665
43.712563,43.618862,43.664474,43.956234,43.288902,43.90493,43.71128,44.26754,44.048264,43.54481,43.788597,43.86546,43.47646,44.175137,44.00728,44.011543,43.937252,44.133446,43.806286,43.86525,44.12272,44.06364,44.021355,43.593384,44.619976,44.4181,43.861233,44.333992,43.924343,44.58177,44.02631
35.655117,35.85091,36.095078,35.667866,36.11637,35.86879,35.948627,35.491367,35.645237,36.223103,35.92468,36.505974,36.491825,36.355633,35.992214,35.84168,36.04256,36.024986,36.003548,35.971928,35.96309,36.14585,36.409443,36.291725,35.94958,36.101677,36.537636,35.97076,36.085987,36.106552,36.523167
43.192123,43.32416,43.688828,43.59592,43.560577,43.516205,43.53198,43.51781,43.28853,43.43829,43.17706,43.586193,43.899815,44.097637,43.49961,43.727974,43.672356,43.64067,43.55695,43.50519,43.576973,43.684715,43.78109,43.663727,43.791656,43.83156,44.09665,43.76729,43.356655,43.718925,44.049538
52.796795,52.964687,52.618164,52.697025,52.85083,52.508167,52.400814,52.42487,52.895267,52.936947,52.68669,52.725895,53.042427,53.070004,53.00929,52.60025,52.795147,52.71874,52.862427,52.943962,53.32271,53.470207,53.09689,53.227135,53.081093,52.89833,53.136593,52.906044,53.574635,53.60588,53.393566
52.135307,52.141468,52.314293,52.18825,51.96869,52.27104,51.86348,52.15651,52.17719,52.25771,52.346203,51.93022,52.292496,52.21631,52.53756,51.68077,52.048084,52.354095,52.512936,52.386677,52.28557,52.48002,52.225067,52.19687,52.54375,52.50583,52.20086,52.47579,52.665466,52.366707,52.533962
47.67964,47.979965,48.27617,48.05767,47.754135,47.90546,48.174767,47.79274,48.136326,48.045635,48.621162,47.945503,47.896034,47.859856,48.012535,48.14981,48.42742,47.984123,48.32746,48.356823,48.00811,48.066956,48.560955,48.28573,48.354958,48.39656,48.13387,48.330185,48.55487,48.187492,48.257534
43.81834,43.695507,44.407387,43.351215,43.959915,44.10967,44.165314,43.644676,43.527695,43.6637,43.81431,44.061977,43.96189,44.210278,43.717793,44.10323,43.874508,44.043613,44.008373,43.876472,43.72751,44.33603,43.985806,44.00289,43.86366,44.665627,44.429405,43.840855,44.08401,43.751648,44.482677
56.836052,56.226974,56.312996,56.94453,56.747368,56.497314,56.861927,56.777916,56.556217,56.76009,57.040054,56.58956,56.66162,56.48178,57.223198,57.19156,57.12736,57.053715,57.370487,57.186478,57.146267,56.588223,57.17926,56.926613,57.073532,56.46646,56.987823,57.119225,57.16939,57.142982,57.21733
35.899914,36.28429,36.29821,36.173786,35.85749,35.942757,36.14498,35.937912,36.033295,36.030304,36.050896,36.24945,36.027374,36.06008,36.001568,36.11295,36.208725,36.224567,36.0268,36.296955,36.20606,36.441936,36.19688,36.187347,36.17182,36.333473,36.4416,36.359005,36.633644,36.137604,36.34446
46.983074,46.92063,46.824303,46.991955,46.726784,46.675167,47.12819,46.885563,46.775246,47.115856,47.226757,47.473606,46.94108,47.310875,46.931774,47.205837,47.251106,46.99992,47.087967,47.267807,46.93288,47.18509,47.36566,47.02346,47.445976,47.67698,47.189594,47.530003,47.30748,47.507874,47.558563
40.542603,40.4707,40.109543,40.434948,40.71463,40.393543,40.50784,40.34248,40.19847,40.72434,40.58129,40.62079,40.795544,40.409477,40.406185,40.71248,40.42808,40.524643,40.68438,40.822124,40.48192,40.4952,40.250664,40.77896,40.26175,40.688934,40.773872,40.864727,41.105244,40.45144,40.942913
33.610806,34.046116,33.522705,33.76689,34.036514,33.617348,34.064518,33.537163,33.369717,34.12791,33.89669,33.819454,34.206608,33.63806,33.877216,33.763695,33.734386,33.78068,33.792995,34.50962,33.965046,34.191895,33.807346,33.921074,33.920662,34.293137,33.878696,34.077488,33.99004,33.730167,34.474503
64.28324,63.799652,63.793144,64.23019,64.2678,64.25194,64.066124,64.3907,64.34962,64.21951,64.36323,63.835384,64.16047,64.07245,64.45295,64.54502,64.03756,64.4265,64.82203,64.25341,64.57835,64.188225,64.284744,64.694016,64.4977,64.19082,64.41929,64.54185,64.82294,64.61449,64.57911
41.238827,41.340824,40.515335,41.501232,41.17553,41.07268,41.471485,41.33148,41.221012,41.442917,41.1908,41.593792,41.44642,41.24556,41.464737,41.577564,41.45845,41.551735,41.13902,41.933342,42.002777,41.54767,41.625763,41.3058,42.010967,41.474785,41.38039,41.690536,41.639675,42.013565,41.751392
46.131733,45.99023,45.919334,46.25415,46.609833,45.78079,46.037045,45.7511,46.18887,46.074432,46.377434,45.943275,46.272514,46.10217,46.293003,46.782078,46.483017,46.22436,46.656506,46.881134,46.464798,45.941277,46.258976,46.717934,46.13827,46.30564,46.920956,46.172157,46.826485,46.366848,47.052723
48.340603,47.866608,48.173653,48.33067,48.700844,48.367477,48.478535,48.21271,48.183235,48.649334,48.66399,48.619232,48.471874,48.423687,48.41501,48.62237,48.70792,48.600296,48.753162,48.713787,48.6203,48.233078,48.636192,48.483894,48.251816,48.512947,48.899906,48.62357,48.666443,48.60896,48.618584
53.754025,53.75485,53.7781,53.531647,54.130882,53.63335,54.062008,53.52452,53.474663,53.955288,53.75512,53.946873,54.236404,53.701374,53.846672,54.22189,54.16003,53.72703,54.090786,53.970104,53.93499,53.981674,54.41714,54.34256,53.582108,53.565422,54.085102,54.03363,54.074223,53.98142,54.061855
46.343803,46.215237,46.530502,46.33215,45.96492,46.19742,46.266922,46.376617,46.676834,46.117664,46.568512,46.740158,45.82586,46.658836,46.206184,46.572285,46.464676,46.715836,46.40724,46.589283,46.629807,46.685005,46.671288,46.247032,46.85992,47.24507,46.713055,46.611835,46.555977,46.90568,46.5638
49.069633,49.172043,49.07975,49.035114,49.253365,49.298664,49.361027,49.325573,49.258675,49.15767,49.27045,49.101578,49.419655,49.165737,49.40254,49.582256,49.38565,49.30125,49.49284,49.390934,49.370094,49.42052,49.533703,49.785454,49.57477,49.4365,49.45041,49.50036,49.56155,49.508472,49.695995
29.713253,29.860836,29.571335,29.689022,29.563616,29.438927,29.031448,29.555681,29.763723,29.391933,29.43886,29.587513,29.691542,29.894989,29.43356,29.624235,29.572613,29.733068,29.694614,29.654325,29.550472,29.722696,29.343987,29.775675,29.514194,29.744637,29.984074,29.729095,30.187868,29.762508,29.926077
53.916904,53.524803,53.889847,53.788967,53.171036,54.039223,53.601757,54.252533,53.859364,53.235935,53.895157,53.90795,53.495876,53.83873,53.398037,53.70533,53.62285,53.85927,53.854153,53.580524,53.439323,53.776875,53.93456,53.56449,54.348446,54.447517,53.59491,54.03742,53.891323,54.0608,53.57668
45.464485,45.594078,45.538643,45.250324,45.556824,45.287853,45.584595,45.073425,45.56103,45.675095,45.95265,45.562904,45.464188,45.246033,45.762222,45.513428,45.961334,45.561455,45.81339,45.975906,45.74201,46.000854,45.781204,46.15116,45.57052,45.718666,46.07522,45.65357,46.626774,45.786125,46.171864
56.892,56.838604,57.08864,56.53626,57.355095,57.059856,57.282806,56.93926,56.641056,56.942238,56.766823,56.59017,57.194267,57.022564,56.85438,57.243015,57.11574,56.933453,57.367493,56.8436,56.94493,57.50872,57.29765,57.55539,56.962902,57.158356,57.37101,57.01112,57.052723,56.95411,57.45965
50.067398,49.96305,49.794792,49.694576,50.14808,49.942604,49.527115,49.824207,50.364643,49.900715,50.365314,49.51721,49.863598,49.459156,49.982914,49.62144,49.998997,50.020866,50.44644,50.136593,50.18848,50.333454,50.087856,50.693237,49.99234,49.882896,50.26057,49.705524,50.837753,50.178043,50.131638
48.04579,47.725246,47.400757,48.024937,47.78631,48.054688,48.037785,48.257748,47.740345,48.022465,48.074455,48.07735,48.12496,47.911194,47.778954,47.88453,48.09762,48.03859,48.028812,48.04467,47.966965,48.148052,48.093983,48.036774,48.435654,48.17009,47.97506,48.327713,48.286278,48.321167,48.102905
49.103153,49.44276,49.328346,48.801,48.968506,49.009003,48.812046,48.903416,49.647484,49.161476,49.36409,49.12774,48.872364,49.154453,49.05952,49.167355,49.367123,49.087723,49.256077,49.13985,49.34851,49.678375,49.328873,49.63511,49.034256,49.453316,49.345627,49.446354,50.147064,49.681946,49.120068
54.67854,54.442493,54.89717,54.751263,54.81849,54.91913,54.808846,54.899876,54.448547,54.662823,54.429928,54.6494,55.042553,55.043068,54.784294,54.832302,54.609184,54.90925,54.95469,54.524063,54.870422,55.144924,54.86675,55.00129,54.903835,54.8844,55.238804,54.97677,54.88464,54.88321,55.16282
53.399673,53.402264,53.458107,53.515984,53.179413,53.547188,53.54197,53.601345,53.306408,53.400135,53.144638,53.356335,53.41104,53.339485,53.453392,53.303696,53.27644,53.820557,53.4586,53.541332,53.843063,53.971127,53.49741,53.33557,53.772907,53.597588,53.547462,53.765266,53.727127,53.521175,53.473927
42.107906,42.049553,41.593307,42.19352,41.920258,41.83323,41.808235,41.938927,41.65645,41.831707,41.74828,41.817856,42.154377,41.895866,42.043823,42.00893,41.598083,42.01274,41.939873,42.365593,42.280876,42.186752,41.772877,41.773987,42.17125,42.13672,41.902596,42.195583,42.424084,42.224316,42.40858
46.14067,46.137505,46.145363,45.557278,46.208923,46.048,45.647842,45.769238,46.301163,45.862877,46.083855,46.169373,45.916523,45.90336,45.924263,45.840233,46.16578,46.015194,46.14387,46.268204,46.184475,46.25731,46.31862,46.261757,45.89681,46.34381,46.276752,45.835125,46.528996,46.439075,45.99304
42.778934,43.040585,42.931328,42.688583,42.966766,43.01431,42.76322,42.931202,43.037178,42.981224,42.797073,42.907677,43.00978,43.038567,42.746014,42.87944,42.795807,43.00919,42.994785,42.864998,42.972706,43.267097,42.854794,43.275543,42.902878,43.2881,43.212425,43.14522,43.29456,43.02761,43.08511
49.028126,49.20852,49.091248,48.861187,48.769157,49.55215,49.13293,49.656178,49.622055,49.100487,49.025055,49.66394,49.241364,49.671585,48.858227,49.55499,49.463505,49.343704,49.06342,48.841606,49.09018,49.28472,49.432056,49.5233,49.62799,49.79689,49.29467,49.84698,49.43549,49.792038,48.955048
37.94576,37.920002,37.720108,37.647194,37.581726,37.74401,37.819733,37.833412,37.99486,37.87689,38.254623,38.02681,37.667736,37.813072,37.809017,37.941742,38.00262,38.079502,38.09279,37.921833,37.876785,38.27688,38.00627,38.20234,38.08886,38.170372,38.01855,38.124237,38.56662,38.129215,38.173428
50.27367,50.37466,50.52246,50.137463,50.314796,50.07588,49.908886,50.213665,50.404655,50.326164,50.02907,50.292118,50.426346,50.83771,50.706978,50.313213,50.30712,50.469574,50.692715,50.08184,50.537838,50.741722,50.803043,50.690056,50.511837,50.296936,50.6547,50.539978,50.454895,50.900185,50.82587
50.21523,49.342094,50.097023,49.688324,50.236435,50.41438,49.912163,49.995766,49.779076,49.80654,50.251877,50.069576,50.24733,49.8106,50.013012,49.81568,50.055668,50.193478,50.29753,49.89888,50.055344,50.28446,50.00742,50.367584,49.725143,49.931175,50.65126,49.782463,50.63429,50.037437,50.12997
47.631927,47.534515,47.78837,48.10845,47.548897,47.578327,47.45114,47.709602,47.532635,47.687607,47.486,47.958008,47.965137,48.205353,48.07021,47.561913,47.533005,47.988365,47.83607,47.952545,47.999134,47.83687,47.88823,47.612015,48.2684,48.059036,48.211193,48.04081,47.87112,48.15285,48.433624
52.24879,52.603203,52.639473,52.20766,52.39142,52.177597,52.145782,52.196453,52.575935,52.21666,51.966484,52.487255,52.51202,52.708652,52.750805,52.52348,52.80903,52.444527,52.442635,52.63301,52.789894,52.762356,52.985477,52.73311,52.678204,52.53389,52.8589,52.58713,52.68784,53.09967,52.81638
39.54754,40.087658,39.663696,39.776505,39.606453,39.36016,39.682354,39.435497,40.086315,40.00111,40.040054,39.881,39.6005,39.73725,40.370144,39.664448,39.954433,40.104195,39.9443,40.57548,40.473186,40.29245,40.255775,40.008034,40.491993,40.2677,40.031643,40.017387,40.291508,40.402473,40.563976
53.02127,52.896965,52.327194,52.616955,52.494476,52.898136,52.495052,53.29841,53.3015,52.380337,52.81183,53.02872,52.66403,52.770397,53.115604,52.877113,53.126953,52.823616,52.84673,53.139717,53.06547,52.93197,53.42356,53.061005,53.827496,53.31826,52.646374,53.050358,53.094517,54.02379,52.992012
44.13595,43.397648,43.784348,44.06563,43.98137,44.08616,43.915672,43.911057,43.73837,43.943546,44.246258,44.535168,44.33496,44.392323,44.123455,44.259567,44.161278,44.26891,44.282845,44.15591,44.105762,43.692875,44.380886,43.95166,44.333145,44.134605,44.431458,44.11638,44.33591,44.50264,44.50556
43.729008,43.488754,43.58554,43.16715,43.50448,43.842533,43.28492,43.871185,43.82019,43.462845,43.230854,43.896793,43.501453,44.06988,43.36477,43.817123,43.523937,44.064,43.76423,43.218365,43.59439,43.702263,43.55877,43.65841,43.563152,43.911278,43.855286,43.868385,43.660316,43.835793,43.453617
51.81066,52.068478,51.439583,51.9379,51.796677,51.855648,51.955647,51.905167,51.929047,51.755455,51.716537,51.667553,52.049816,51.538338,52.07527,52.230267,52.04437,51.947773,51.935116,52.513588,52.272614,51.939674,51.886654,52.23053,52.331802,52.04387,51.998016,52.26255,52.700317,52.1962,52.354355
40.11159,40.387196,40.162903,40.307976,39.90158,40.531734,40.24088,40.533035,40.484627,40.5485,40.634396,40.304832,40.464127,40.295547,40.606186,40.073544,40.207542,40.629745,40.508297,40.445435,40.3857,40.612045,40.223816,40.60105,40.84337,40.716484,40.303802,40.893448,40.94381,40.44609,40.663925
39.824406,39.427364,38.80301,38.857082,39.413483,39.296047,38.86347,39.490208,39.382084,38.991535,38.595413,39.285015,39.110405,39.469337,38.97074,39.522396,39.198513,39.718746,39.31788,39.104214,39.61857,39.760593,39.0194,39.260895,39.088764,39.212822,39.453175,39.274746,39.648243,39.667763,39.176132
46.072105,46.149273,46.00598,45.48928,46.13922,45.899334,45.568275,45.6661,46.295563,45.81744,46.229443,45.89301,45.971905,45.69281,46.048294,45.711132,45.89426,45.97359,46.310696,46.218708,46.074066,46.370235,46.18443,46.704964,46.064793,46.253883,46.337456,45.654045,46.728935,46.234814,46.451168
48.449196,48.622993,48.618256,48.678833,48.4945,48.67524,48.75334,48.628166,48.744568,48.958767,48.8446,48.93714,48.785652,48.666954,48.84598,48.83525,49.08914,48.959644,48.95236,48.971004,48.912945,48.456337,49.30189,48.646606,48.933167,48.63482,48.583954,49.21386,48.856926,48.975555,48.524616
46.677753,46.653374,46.795364,47.017548,46.704147,47.14884,47.16724,47.084385,46.616455,47.09501,46.789597,47.136127,47.041664,47.139645,46.99695,46.799374,47.041767,47.161064,46.739826,47.17765,47.25363,47.21512,47.070347,46.50187,47.37301,47.43876,47.01046,47.455147,46.9421,47.278515,47.01616
47.57955,47.315258,46.839996,46.99535,47.57419,47.454483,47.46206,47.55623,47.645798,47.47645,47.636814,47.299698,47.229836,47.03847,47.83105,47.777924,47.66782,47.80942,47.90167,47.87817,47.811325,47.638546,47.423626,48.022224,47.6594,47.619698,47.719837,47.68334,48.1485,47.775295,47.944904
50.196724,49.8215,49.92991,50.195934,49.998985,49.85902,49.79107,49.957397,49.913437,49.490368,49.83215,49.73832,50.005585,49.810856,49.608234,50.30683,49.815952,50.149887,50.064213,50.21113,50.253986,50.198586,49.815838,50.07579,49.88265,50.009247,50.351673,49.931385,50.458035,49.972157,50.083054
45.963997,46.01559,46.289337,46.308044,45.90258,46.3386,46.279896,46.560184,46.32096,46.147266,45.99559,46.558197,46.310604,46.66197,46.343292,46.455563,46.28944,46.649376,46.26248,46.10713,46.482662,46.4392,46.630207,46.34955,46.82499,46.54522,46.58963,46.68732,46.081795,46.649216,46.44374
49.386517,49.378254,49.40361,49.606,49.32763,49.58014,49.39361,49.6996,49.428036,49.50604,49.23646,49.422478,49.681564,49.81408,49.659813,49.559273,49.58735,49.650368,49.444523,49.508656,49.866627,49.89943,49.59008,49.41816,49.73889,49.654358,49.60898,50.042065,49.708145,50.014385,49.582817
41.457924,41.454514,41.30301,41.487297,41.187714,41.63472,41.511528,41.72967,41.50704,41.433025,41.49643,41.445892,41.50251,41.65767,41.461624,41.717842,41.71497,41.796883,41.562115,41.65659,41.61134,41.663853,41.491104,41.36245,41.84554,41.846672,41.44913,42.00644,41.798943,41.734234,41.575195
46.296944,45.980793,45.707962,45.79763,46.078445,45.551437,45.68023,45.730225,45.842663,46.200073,45.886692,46.093853,46.037247,46.138565,46.30874,46.145954,45.906685,46.275864,46.2507,46.070175,46.443478,46.630653,45.87958,46.282066,45.638657,45.82039,46.357544,46.382824,46.697586,46.392933,46.45568
46.10591,46.515213,46.837036,46.05466,46.228165,46.160202,46.109013,45.86946,46.605984,46.234272,46.38987,46.793373,46.247482,46.60683,46.187447,46.12228,46.493095,46.345818,46.420567,46.454357,46.40255,46.563934,47.09803,46.63475,46.697536,46.87245,46.82342,46.148724,46.649647,46.78936,46.668274
47.19394,47.362488,47.576897,47.04906,47.185974,47.115444,47.005314,47.011402,47.398315,47.120937,47.483223,47.332676,47.173687,47.305225,47.206364,47.245914,47.31161,47.141014,47.443523,47.442482,47.146393,47.46306,47.428555,47.578125,47.229496,47.80796,47.54396,47.427204,47.807064,47.491177,47.56851
46.914375,46.876648,47.471977,46.757767,47.26654,47.35735,46.90147,47.059753,47.356865,46.588955,47.005417,46.89233,47.22507,47.422443,47.137688,47.682575,47.53232,46.979263,47.16935,47.054966,47.267143,47.18617,47.430485,47.4495,46.962776,47.341133,47.54675,47.124977,47.40895,47.662453,47.19477
46.246387,46.483025,46.270447,46.071087,46.785156,46.545208,46.61396,46.209812,46.512093,47.075024,46.85513,46.60072,46.750805,46.309223,46.890854,46.341976,46.584476,46.691135,46.86951,46.990414,46.75672,46.79725,46.583015,47.16593,46.59805,46.92005,46.939156,46.798763,47.146927,46.58467,47.178368
49.559708,49.07169,49.021072,49.519062,49.487724,49.175514,49.221928,49.39127,49.171856,49.44191,49.065075,49.73402,49.71264,49.991905,49.378044,49.81234,49.67226,49.769596,49.71466,49.442295,49.578354,49.25875,49.66842,49.4992,49.640137,49.3105,49.975624,49.715244,49.53507,49.83814,49.907444
46.537434,46.783005,46.80992,46.755188,46.333397,47.02435,46.854618,47.107452,47.00917,46.704796,46.9329,46.683414,46.77179,46.938206,47.058094,46.840797,47.253624,47.00417,46.845615,47.034046,46.919506,47.111374,47.008045,46.89685,47.504673,47.372345,46.8471,47.39449,47.1779,47.247902,47.03697
50.137085,50.15546,50.552902,50.19778,50.616806,50.48119,50.287514,50.321976,50.68771,50.39511,50.38853,50.562904,50.662323,50.669796,50.51844,50.70691,50.799072,50.67507,50.771442,50.46364,50.616096,50.36859,50.89111,51.11167,50.559628,50.48545,51.211433,50.48672,50.641075,50.70318,50.773415
52.605213,52.34889,52.33922,52.69419,52.318237,52.368515,52.314724,52.437477,52.428684,52.18714,52.50409,52.477055,52.584293,52.340645,52.879456,52.457542,52.444626,52.660633,52.710934,52.9435,52.878353,52.629704,52.80272,52.649467,53.12463,52.57573,52.779293,52.51191,53.100597,52.98848,53.151352
52.72602,52.304592,52.95919,52.11193,52.72796,52.78731,52.309227,52.659313,52.71836,52.339962,52.33867,52.55744,52.677887,53.065197,52.715534,52.789734,52.928474,52.967686,52.998756,52.285217,52.706734,52.965782,52.911938,52.922478,52.483013,52.621895,53.162884,52.634422,52.711166,52.915028,52.716732
61.46366,61.278366,61.795166,61.83406,61.542397,61.802967,61.869476,61.641136,61.62487,61.64884,62.386032,61.641594,61.83954,61.474148,61.609997,61.855686,61.978664,61.481407,62.15611,61.97153,61.392246,61.347157,62.081097,62.161057,62.079967,62.134125,61.95692,62.035515,62.367325,61.791107,62.07731
48.990578,48.639538,49.060333,49.36312,49.10573,49.317364,49.405777,49.26068,48.860157,49.117435,49.552505,49.086,49.241116,48.99984,49.01282,49.32548,49.494762,49.159245,49.39943,49.417404,49.07638,48.9375,49.383053,49.10267,49.339153,49.38096,49.330753,49.477962,49.410507,49.210705,49.236225
59.7217,59.866436,59.747055,59.792828,59.87358,59.825638,59.668987,59.893692,60.415855,60.011005,60.105988,60.174397,59.938087,59.95514,60.585438,59.913094,60.471786,59.91341,60.205997,60.332424,60.465508,59.912663,60.9423,60.42637,60.67571,60.062256,60.141876,60.220566,60.332966,61.146984,60.24054
50.13984,50.06627,49.996742,49.917347,50.13468,50.151093,50.193806,50.05923,50.058125,50.095432,50.446617,49.908012,50.05121,49.86699,49.970837,50.266567,50.025517,49.974747,50.3533,50.230827,50.068356,50.4846,49.960373,50.615585,50.096645,50.58223,50.3447,50.373783,51.019352,50.225784,50.541046
43.833775,43.951206,43.681374,43.748707,44.02424,43.524094,43.716,43.592674,43.942818,44.023933,44.20855,43.961983,43.82089,43.91415,44.14842,43.990105,44.017685,43.80229,44.131393,44.451874,44.168324,44.033875,44.328022,44.01349,44.099293,44.36831,43.916145,44.10897,44.11309,44.518185,44.3798
49.28447,48.97111,49.483047,49.665707,49.07245,49.31485,49.436123,49.49753,49.51248,49.337543,49.861633,49.76745,49.325134,49.65098,49.801647,49.616714,49.932396,49.6347,49.646564,49.688908,49.680702,49.506466,50.01029,49.568382,50.031834,49.756203,49.918552,49.872135,49.829575,50.157486,49.877174
62.165535,61.450638,61.678352,61.777737,61.994255,61.779034,61.512104,61.94452,61.578773,61.510765,61.446945,61.77057,61.86171,61.86846,61.607002,61.839973,61.7092,61.863415,62.0497,61.709877,61.892963,61.976406,61.840748,61.913696,61.691387,61.79818,62.211395,61.857285,62.048706,62.110817,61.879326
39.254417,39.545044,39.72303,39.25824,39.47367,39.499424,39.13043,39.303646,39.67656,39.35499,39.350513,39.335056,39.60179,39.726067,39.687176,39.43461,39.596947,39.65918,39.646427,39.534344,39.70001,39.709103,39.74338,39.686485,39.578526,39.579247,39.771023,39.50301,39.718956,39.761436,39.740932
58.06491,57.616333,58.3021,57.636642,57.926903,58.12945,57.84303,58.04787,58.371113,57.73372,58.35874,58.012,57.825764,58.053795,58.237633,58.10612,58.252167,58.236324,58.43313,57.867252,58.24794,58.54281,58.461506,58.70758,58.247276,58.266182,58.64012,58.004837,58.619038,58.559086,58.32804
45.465607,45.348373,45.28846,45.57139,45.54091,45.35967,45.475113,45.39196,45.30593,45.64436,45.601334,45.363052,45.541836,45.462196,45.77359,45.54068,45.783707,45.567215,45.71239,45.78013,45.823853,45.761925,45.660397,45.563263,45.54597,45.453026,45.727036,45.859745,46.067783,45.90051,45.8363
56.82769,56.504612,56.415367,56.73319,57.062958,57.192356,57.208855,57.280014,56.950665,56.963276,56.734123,56.86972,57.15051,57.009884,57.23658,57.422947,57.163345,57.403885,57.286858,57.05861,57.476837,57.07318,57.38714,57.374084,57.611275,56.975143,57.277294,57.19659,56.94155,57.432537,57.367626
50.072937,49.726765,49.727196,49.769978,50.185143,50.13911,50.061317,49.926514,49.788696,49.943226,50.096054,49.68312,50.065525,49.62786,49.72113,50.263363,49.951115,49.960598,50.280167,49.89143,50.048717,50.12411,49.862896,50.390152,49.626804,49.78512,50.19357,50.072594,50.806355,49.941105,50.024567
41.255367,40.976845,40.84752,41.0839,41.34069,41.291008,41.51661,41.61864,41.20894,41.361305,41.158596,41.45474,41.270985,41.40284,41.261852,42.143223,41.629982,41.692875,41.54309,41.234295,41.404507,41.250923,41.266697,41.59005,41.10107,41.263054,41.611507,41.95946,41.3759,41.41109,41.34809
35.983578,36.394005,36.247337,36.171745,36.298836,36.28905,36.05122,36.136528,36.503845,36.432312,36.297703,36.273136,36.51055,36.61792,36.55083,36.38944,36.51721,36.46054,36.403503,36.567066,36.508465,36.44264,36.26953,36.648964,36.462982,36.654068,36.74835,36.649197,36.842762,36.614777,36.850826
38.17331,38.33658,38.467293,38.523952,37.781754,38.11827,37.986526,38.32318,37.89188,37.97172,37.700157,38.537933,38.38687,38.803425,37.953053,38.09701,38.152374,38.452415,38.074867,38.27934,37.99625,38.17056,38.31226,37.567642,38.5727,38.65548,38.22265,38.61638,37.91765,38.24652,38.307377
45.528267,45.174984,45.286766,44.80419,45.376038,45.2883,44.89014,45.297096,45.249535,44.98971,44.750595,45.27068,45.278885,45.720383,45.29246,45.50802,45.134163,45.574917,45.37884,45.032093,45.44858,45.825138,44.98607,45.494835,45.010223,45.50653,45.807144,45.39145,45.627884,45.565186,45.63373
48.47966,48.00221,47.789574,48.083584,48.394028,48.254684,48.383556,48.37953,48.171196,48.468117,48.282215,48.710888,48.510456,48.502045,48.351265,48.558094,48.52229,48.666298,48.535545,48.369194,48.563034,48.65299,48.48901,48.79087,48.58355,48.431824,48.90084,48.579376,48.75322,48.752094,48.858807
57.5993,57.327675,57.775482,57.588783,57.779,57.45244,57.366375,57.41536,57.583492,57.40787,57.55267,57.880684,57.89599,57.7511,57.818798,57.444706,57.84848,57.57816,57.788486,57.782825,57.884598,57.904205,58.299946,58.128548,57.93003,57.67379,58.381023,57.44814,57.882416,58.253006,58.142063
47.69364,47.7144,47.805344,48.02518,47.643982,47.875797,47.911327,48.045456,47.71054,47.7924,47.923725,47.755497,48.01056,47.937065,47.77384,47.892693,47.774635,47.902237,47.992447,47.84033,47.824467,48.128807,47.96439,48.092567,48.254032,48.174927,48.043236,48.222153,48.091846,47.99009,48.216927
46.215607,46.178978,46.520477,46.2516,46.21945,46.42466,46.09742,46.345123,46.39793,46.104214,46.1086,46.53138,46.64051,46.950222,46.487717,46.274155,46.610775,46.56581,46.36215,46.40006,46.509304,46.689716,46.70628,46.54296,46.928986,46.790237,46.963593,46.40335,46.46706,46.893047,46.929985
43.69609,43.980156,43.969414,43.62892,44.136726,43.922894,43.515026,43.565903,44.23658,44.18255,43.82441,44.1446,44.04234,44.257317,43.999004,43.4787,43.959385,44.081486,43.908417,44.08067,44.45072,44.429787,44.21038,44.22483,44.075058,44.300476,44.52923,43.83932,44.341908,44.529495,44.215725
39.821262,40.156384,40.05626,39.959282,39.9377,39.93204,40.131916,40.184196,40.25823,40.145107,40.066494,40.218258,39.842026,40.03466,40.176777,40.36297,40.582386,40.138912,40.041683,40.154163,40.35329,40.391132,40.461914,40.25869,39.997894,40.12507,40.2139,40.655983,40.312126,40.578545,39.86835
50.4526,50.680046,50.780403,50.63521,50.96736,50.785423,51.00839,50.749126,50.614124,50.988987,50.632637,50.860435,51.083763,50.831413,50.807373,51.236603,51.112858,50.738213,50.86257,50.894108,50.941513,50.827454,51.10361,51.077644,50.523575,50.802437,50.997654,51.36544,50.858776,50.9612,50.75094
43.614323,43.583843,43.784515,43.932346,43.96086,44.060833,44.123196,44.1496,43.601723,43.841373,43.954494,43.852314,44.20224,43.85042,43.84335,43.99762,43.93642,43.90835,44.047077,44.000923,43.772152,43.91163,44.127125,44.131493,44.188995,44.19567,44.10643,44.138634,43.67907,43.87868,44.194088
46.027874,46.536053,46.308174,45.948566,46.065025,46.04803,45.79667,46.024445,46.36768,46.27255,46.01044,46.163536,46.19651,46.28706,46.40766,45.636116,46.022526,46.352222,46.384716,46.38753,46.30453,46.586365,46.444847,46.41742,46.63982,46.610435,46.324177,46.267235,46.404087,46.429836,46.63295
50.858326,50.580505,50.925713,50.389774,50.90194,50.88871,50.809372,50.75612,50.84118,50.956005,51.242588,50.978508,50.67083,50.743942,50.62997,50.847103,50.9172,50.898094,51.231228,50.77416,50.659645,50.97908,51.04314,51.118843,50.592087,51.21605,50.998577,51.048183,51.135784,50.88936,50.771797
40.63653,40.932453,40.863457,40.489338,40.78411,41.02704,40.54054,40.80581,41.061073,40.70134,40.62892,41.019207,41.0275,40.960365,40.82102,40.6759,41.02215,40.881252,40.737087,40.885017,40.91787,40.981564,41.052437,41.117714,41.001038,41.088203,41.119213,40.89231,41.174694,41.220604,40.890453
48.7089,48.729492,48.908005,48.676464,48.371574,48.94698,48.61631,48.914516,49.043888,48.71931,49.027195,48.7702,48.69692,48.8254,48.88472,48.5944,48.584534,49.194515,49.03616,48.879543,48.87819,49.154263,48.75002,49.019913,49.298023,49.382812,48.967106,49.082466,49.282604,48.870445,49.104954
40.07679,40.14981,40.258186,40.20682,39.805305,40.024925,40.222855,40.14405,40.348988,40.292442,40.696156,40.78457,39.8382,40.136314,40.271797,40.010853,40.12572,40.39484,40.23818,40.470837,40.372063,40.56042,40.563522,40.294952,40.667995,40.909897,40.442535,40.509212,40.619858,40.647198,40.506992
44.61156,44.84561,45.53087,45.065178,44.989952,45.084934,45.16669,44.876785,45.3669,45.27396,45.51806,45.510456,45.293594,45.593006,45.41339,45.23022,45.586742,45.34306,45.29756,45.28206,45.428314,45.39743,45.88761,45.58258,45.600872,45.587067,45.834717,45.37668,45.307724,45.670036,45.64562
43.658882,44.38416,44.0624,44.048847,43.73761,44.003044,44.29787,44.18067,44.02243,44.477642,43.860588,44.272057,44.20713,44.440544,44.29892,44.182083,44.208374,44.36036,44.12179,44.31463,44.14627,44.377422,44.185608,44.187286,44.59193,44.724762,44.16921,44.996063,44.20166,44.20805,44.566208
48.429806,48.465275,48.60785,48.578594,48.824135,48.401096,48.9372,48.305447,48.190258,48.90873,48.85882,48.52671,48.936543,48.375175,49.00073,48.69564,48.791924,48.609913,48.99837,48.864582,48.825268,49.08203,48.95068,49.26837,48.598343,48.464195,49.142075,48.870144,49.25988,48.661667,49.400547
54.179714,54.217205,54.409744,54.500805,54.468277,54.41368,54.61464,54.354965,54.31829,54.45949,54.43502,54.278713,54.79369,54.3387,54.975483,54.813118,54.719967,54.598892,54.69822,54.794067,54.919914,54.621136,54.8124,54.899864,54.675205,54.28222,54.837135,54.831875,54.921215,54.74828,54.969807
41.498257,41.1071,41.42221,41.54202,41.41397,41.443363,41.500553,41.57308,41.47332,41.255524,41.646206,41.94879,41.34008,41.479744,41.353966,41.601818,41.82649,41.774048,41.573364,41.793667,41.63333,41.43843,41.94819,41.42807,41.793484,41.78849,41.935387,41.513977,41.467144,41.83449,41.556625
38.946686,38.98133,38.96518,39.022175,39.16214,39.24611,38.96615,39.008114,39.29249,39.516365,39.27973,39.056087,39.3384,39.61039,39.15891,39.226486,39.005585,39.714836,39.62533,39.082905,39.360912,39.27132,39.028824,39.48635,39.406773,39.38642,39.619354,39.37715,39.624695,39.131035,39.738445
46.4491,46.390175,46.945457,47.018883,46.854485,47.04339,47.0784,46.906433,46.875248,46.838097,47.14758,47.077766,47.21546,46.92605,46.9149,46.933598,47.232048,47.094326,46.94177,47.169807,47.17894,46.958378,47.48993,47.169113,47.403915,47.119324,47.436665,46.946228,46.810013,47.144127,47.122395
50.910316,50.53293,50.515396,50.989346,50.73329,50.58563,50.753403,50.922554,50.360065,50.521664,50.6136,50.548912,50.815075,50.7274,51.000576,50.85759,50.75758,50.79041,50.91887,51.041397,51.021446,51.068295,50.971222,50.62731,51.108597,50.849274,50.82171,51.01039,50.84799,51.199776,51.206593
39.36793,39.81707,39.72368,39.288788,39.654945,39.315342,39.399544,39.32598,39.619335,39.563877,39.305668,39.600662,39.701397,39.83818,39.7491,39.692387,39.99018,39.749588,39.790142,39.85727,39.55395,39.800278,39.709595,40.058083,39.631824,39.855804,40.214542,39.794003,39.895874,39.64753,40.25401
49.501793,49.234104,49.604393,49.58247,49.691284,49.87676,49.771656,49.82685,49.72523,49.75485,50.009693,49.30191,49.689236,49.685234,49.696404,49.97242,49.966343,49.968945,50.132183,49.670845,49.741158,49.876877,49.530857,50.156593,49.683525,49.871025,50.1802,50.09002,50.235924,49.62305,49.970543
57.100758,57.01532,56.97695,56.992935,57.306023,57.34011,57.1974,57.297806,57.31573,57.019833,56.94812,56.98047,57.247353,57.12317,57.00397,57.353718,57.282707,57.36153,57.28531,57.31206,57.521408,57.551548,57.229816,57.684105,57.469425,57.479103,57.719845,57.242695,57.60352,57.43239,57.44679
40.68313,40.982166,40.820053,40.859467,40.513092,40.86385,41.03383,41.121643,40.98412,40.622707,40.627796,40.877987,40.753517,40.940132,40.850075,41.17607,41.15686,41.185013,40.797012,40.98994,41.136208,41.30942,41.136673,41.020805,41.41782,41.15454,41.0829,41.223614,41.0532,41.176636,41.078144
50.44849,50.388565,50.60247,49.99931,50.394432,50.62191,50.455288,50.69604,50.68718,50.299023,50.07152,50.71284,50.57002,51.111656,50.627148,50.965286,50.758068,50.888783,50.720284,50.131325,50.656124,50.919594,50.940544,51.018692,50.88539,50.755882,51.02815,50.758057,50.56497,51.03864,50.91758
42.371143,42.433567,42.406944,42.21393,42.319992,42.651585,42.42,42.461544,42.334793,42.419777,42.30908,42.70287,42.644833,42.227036,42.406845,42.03301,42.358555,42.532402,42.232124,42.405018,42.643753,43.03248,42.525143,42.7078,42.513,42.505432,42.732437,42.50391,42.993336,42.643703,42.45706
46.408966,45.8786,46.286194,46.27961,46.60054,46.2268,46.36908,46.43682,46.31906,46.21759,46.50066,46.574654,46.286304,46.697903,46.276745,46.956398,46.829784,46.46617,46.707558,46.37096,46.494217,46.318058,46.993668,46.4971,46.377636,46.502975,46.784878,46.519516,46.158867,46.95644,46.498474
43.523994,44.006588,44.080284,43.891117,43.8804,43.816437,44.31774,43.938217,44.05899,44.10708,43.918427,44.230846,43.922676,44.22439,44.19689,44.613377,44.44409,44.111336,43.92583,44.28047,44.363636,44.301632,44.373386,44.275925,44.155396,44.464645,44.414665,44.677856,44.16282,44.448524,44.339077
61.11722,60.84753,61.43638,61.218876,61.310806,61.603783,61.43792,61.568184,61.367104,61.21462,61.423126,61.234337,61.432003,61.318527,61.31989,61.40509,61.370647,61.485004,61.569305,61.270996,61.481064,61.609535,61.59891,61.77378,61.632225,61.68251,61.775505,61.5497,61.440323,61.523174,61.475807
44.06512,44.084984,44.30465,43.962986,44.133186,43.857624,43.70424,43.9039,44.18643,43.814972,43.878426,44.186584,44.078453,44.33218,43.87604,44.231686,44.498,44.107574,44.146286,44.177773,44.074486,44.183678,44.26701,44.266167,43.836975,44.209328,44.62041,44.191334,44.35299,44.34663,44.12772
36.33583,35.969147,36.010315,36.370846,36.37617,36.245842,36.42785,36.355217,36.000572,36.076828,36.081745,36.558617,36.434605,36.392555,35.91284,36.613045,36.540665,36.68091,36.21383,36.600113,36.450104,36.4579,36.18624,36.30915,36.360394,36.53392,36.994556,36.34868,36.38226,36.23967,36.60061
48.5463,48.350266,48.909843,48.652836,48.971603,48.84723,48.755688,48.721657,48.48353,48.90341,48.550686,48.951824,49.119404,49.287067,49.34216,48.89765,48.718838,49.073246,49.03708,48.911266,49.045174,48.947865,48.89809,48.95166,48.927402,49.1616,49.46222,49.12744,48.741806,49.06181,49.59051
52.802364,52.89159,52.543427,52.606762,53.03089,52.781708,52.73865,52.94254,52.79614,52.637295,52.35073,52.689533,53.040726,53.006695,52.745987,53.126263,53.11021,52.71055,52.816734,52.990234,52.957798,53.129715,52.91926,53.259224,53.00414,53.146217,53.221,53.08277,53.07096,53.311,53.22741
44.84307,44.68137,45.01976,44.42366,44.993866,44.812534,44.56223,44.470127,44.398212,44.55452,44.5963,44.85198,44.99629,44.810272,44.575813,44.38344,44.70901,44.558765,44.64749,44.849274,44.69619,45.28565,44.760338,44.831696,44.46002,45.138535,45.19598,44.569546,45.11111,44.887917,45.017124
34.68528,35.42284,34.905445,34.87297,34.768913,35.137825,35.20207,35.005005,35.347214,35.120365,35.19575,35.271717,35.238285,35.113815,35.150337,34.939594,35.21753,35.133965,34.75258,35.45398,35.481335,35.80403,35.446453,35.49142,35.9238,35.776867,35.24068,35.24198,35.588184,35.674587,35.606377
50.690002,50.69222,50.45098,50.92295,50.75122,50.574966,50.989586,50.878105,50.82206,51.02638,51.090027,51.059456,50.79484,50.798836,51.0499,51.118397,50.95085,50.938667,51.163715,51.157288,51.108395,50.82588,51.47898,51.10383,51.437714,51.086555,50.896877,51.262276,50.942364,51.41317,51.284676
46.04946,45.875355,45.757713,46.095184,45.823402,45.88996,45.804283,45.929104,45.93295,45.874416,46.348454,46.12703,46.07254,45.783894,46.223625,45.879486,45.94978,45.823025,46.06144,46.31158,46.16606,46.132774,46.26816,46.15171,46.32144,46.190636,46.017986,46.180435,46.675648,46.618546,46.355972
42.829174,42.515396,43.088478,43.414562,42.74414,43.110195,42.983448,43.282032,42.8681,42.91099,43.39764,43.18105,42.851017,43.411316,42.694294,43.051727,43.084946,43.04223,43.122505,43.143204,42.7796,42.734314,43.171715,42.491226,43.42168,43.868996,43.08514,43.471687,42.77686,43.289677,43.04418
44.567062,44.58622,44.336433,44.386715,44.542686,43.89762,43.584045,43.99299,44.549282,44.010185,43.9395,44.70246,44.616615,44.8505,44.466106,44.103386,44.552273,44.340443,44.364983,44.75458,44.70519,44.590027,44.943146,44.5903,44.807903,44.534454,45.02007,43.997433,44.611958,45.295246,45.04164
49.609146,49.47511,49.495537,49.325134,49.86695,48.999363,49.69664,49.08387,48.971874,49.56101,49.459846,49.793915,49.712997,49.316044,49.24885,49.89543,49.76575,49.289364,49.600986,49.81383,49.53213,49.766426,49.91619,49.743446,48.8883,49.421753,49.786236,49.705055,49.622135,49.558205,49.61407
46.636284,46.141922,46.01335,46.417484,46.427116,46.36963,46.23814,46.516155,46.22861,46.285778,46.411354,46.47231,46.539944,46.3838,46.1442,46.355877,46.465324,46.517,46.499954,46.456024,46.482517,46.6825,46.40247,46.56025,46.497913,46.460823,46.713722,46.488113,46.795692,46.675625,46.553074
54.074993,53.5811,54.00551,53.97218,54.115074,54.092567,53.919655,53.96535,54.113823,53.905018,54.553753,54.172142,54.050735,54.05636,53.69461,54.198166,54.289402,54.04157,54.45897,54.229816,53.820774,53.787216,54.255116,54.420364,54.182426,54.53534,54.550243,54.077545,54.523052,54.20815,54.310337
44.199978,44.06144,44.41555,43.935703,43.79165,44.22915,44.038166,44.19497,44.022736,43.938736,44.396294,44.129784,44.003365,44.119408,44.08012,43.886402,44.03437,44.09839,44.19829,43.94896,43.94671,44.76512,44.09976,44.264107,44.16077,44.588013,44.237206,44.38537,44.74396,44.297386,44.300827
47.077873,47.20167,47.84623,47.533375,47.44831,47.518566,47.687973,47.3726,47.25224,47.314182,47.422333,47.515877,47.916786,47.785843,47.538094,47.840927,47.7521,47.60766,47.571625,47.677864,47.471893,47.645844,47.642506,47.908554,47.67389,47.877487,48.254623,47.770428,47.660942,47.398933,48.16335
33.784916,33.7242,34.30611,33.796738,33.831642,33.95036,33.75492,33.769444,33.90058,33.86208,34.23345,34.39946,34.028793,34.35299,33.87756,33.870083,34.04456,34.08915,34.02391,34.064766,33.71819,34.033134,34.039093,34.00969,33.97178,34.655685,34.49267,34.093086,34.10174,34.038555,34.357754
47.98514,47.92028,47.856323,48.169636,48.261314,47.87098,48.143806,48.11373,48.07967,47.949554,47.99641,48.02121,48.20856,48.07845,48.113228,48.812397,48.343765,48.155605,48.3456,48.277626,48.342487,48.05772,48.32843,48.615685,48.08161,47.996216,48.57555,48.40638,48.40657,48.384632,48.469673
48.24382,48.056107,47.906593,48.022213,48.44583,47.96701,48.178852,48.055847,48.074974,48.253365,48.042797,48.088627,48.355766,48.18269,48.418716,48.58591,48.495075,48.509335,48.617638,48.43332,48.551865,48.365192,48.465122,48.61348,48.176243,47.9228,48.63184,48.36256,48.51113,48.39775,48.651688
42.46731,42.475582,42.66458,42.60885,42.50602,42.926537,42.92151,43.107296,42.639336,42.628044,42.512,42.581783,42.720978,42.939877,42.749462,42.955906,43.03411,43.042503,42.748383,42.57143,42.86532,43.15223,42.839104,42.804764,43.0205,42.93341,42.964073,43.18951,42.661293,42.912193,42.807674
57.09223,56.997845,57.245117,57.52044,57.21691,57.89524,57.6424,58.002228,57.656334,57.66061,57.641796,57.32034,57.498966,57.655663,57.67704,57.56948,57.50604,57.884666,57.798878,57.479595,57.661,57.56212,57.49525,57.78666,58.23837,58.094093,57.76844,58.150032,57.625946,57.72381,57.800407
41.031586,41.433342,41.4906,41.216934,41.55905,41.252247,41.49467,41.182274,41.466785,41.908646,41.691463,41.498405,41.581387,41.509865,41.702915,41.286385,41.838463,41.611206,41.699234,41.690567,41.665745,41.88868,41.8469,41.91861,41.497383,41.627533,41.88873,41.781403,41.63269,41.609566,41.829136
44.17306,44.333477,44.083046,44.206085,44.560463,44.489834,44.557777,44.521603,44.293007,44.39387,44.38369,44.192013,44.621376,44.149254,44.512127,44.77407,44.606262,44.212543,44.422615,44.558327,44.540386,44.59116,44.44649,44.884453,44.296444,44.454544,44.530563,44.81441,44.815872,44.67831,44.5871
56.16912,56.421036,56.62011,56.474915,56.34012,56.208466,56.530014,56.213333,56.419197,56.441616,56.796833,56.75283,56.433125,56.200516,56.881866,56.46737,56.809696,56.165047,56.660378,57.074505,56.499092,56.275974,57.22812,56.731766,56.881134,56.896454,56.62139,56.81423,56.844406,57.025333,56.924946
51.0106,51.403862,51.151955,51.52203,51.678246,51.307014,51.692455,51.284332,51.33365,52.031006,51.68569,51.087715,51.64617,51.21137,52.176895,51.36543,51.26343,51.59136,51.707226,52.153755,52.186832,52.074375,51.449738,51.91748,51.804768,51.892113,51.773617,51.995403,51.91197,51.710327,52.362778
44.86645,44.794273,45.150436,45.04516,45.315125,45.040512,44.958244,44.82557,45.04115,45.170803,45.381165,45.40958,45.24206,45.189236,44.928673,44.975384,45.237232,44.77705,45.059036,45.153744,45.203945,45.236496,45.517193,45.38366,44.965473,45.37583,45.59318,45.118153,45.445946,45.652325,45.221233
45.23669,45.4118,44.70208,45.52775,44.901558,44.940655,45.116955,45.12099,45.424084,45.695465,45.636673,45.421562,45.246643,45.164867,45.622013,44.877296,45.454155,45.682705,45.452038,46.023933,45.808758,45.617496,45.447704,45.339996,46.12376,45.605362,45.38594,45.732918,46.06935,45.785057,45.868423
49.901947,49.88873,50.08303,49.88662,50.095932,50.160233,50.398293,50.15777,49.92995,50.040146,50.255444,50.229576,50.174843,50.03781,50.011715,50.43558,50.37887,49.938408,50.122723,50.22335,50.060036,50.333508,50.38309,50.45246,50.169464,50.56053,50.356194,50.492573,50.364895,50.38721,50.316875
56.792885,56.854534,56.99575,57.445396,56.67486,57.001762,56.796326,57.05956,57.05981,56.92658,57.03408,57.221912,57.10063,56.93394,56.682613,56.930466,56.827057,56.906574,56.872322,57.19063,57.133442,56.762154,57.16252,56.858322,57.204205,57.270607,57.00656,57.462852,57.346783,57.30428,56.680138
43.62362,43.972897,43.954384,44.638535,43.876564,43.730072,44.1898,44.130386,43.722717,44.102673,44.10323,44.20332,44.31265,44.28678,44.207436,44.420326,44.090157,43.785,43.889217,44.589176,44.13783,43.943398,44.245197,43.889717,44.386265,44.667328,44.09853,44.901237,43.912876,44.475372,44.513824
49.719097,49.41445,50.272705,49.591362,49.703186,50.082203,49.98276,49.818523,50.266052,49.971256,50.177437,49.93717,49.63745,50.33294,50.043003,49.969666,50.13521,50.771164,50.34121,49.71989,50.47023,50.74109,50.194065,50.391907,50.373108,50.307007,50.891914,49.92076,50.407703,50.117237,50.42793
52.203407,52.071964,52.227486,51.914272,52.462204,52.054974,52.267323,52.07424,51.91332,52.380146,52.439537,52.138504,52.471466,52.12672,52.49713,51.998142,52.251106,52.16892,52.732407,52.257496,52.16914,52.718605,52.746986,52.855133,52.394997,52.302834,52.532032,52.237617,52.36346,52.39602,52.903625
61.151752,60.66186,60.959984,61.45056,60.823814,60.904514,61.072857,61.25284,61.18551,61.005726,61.269638,61.534386,61.03751,61.155304,61.274178,61.33843,61.49697,61.44382,61.449646,61.383904,61.429985,60.925205,61.833668,61.236336,61.744797,61.114082,61.514717,61.485413,61.339275,61.742973,61.28736
35.740536,36.019997,36.418213,35.853745,35.742805,36.03868,35.92741,36.014374,35.748703,35.663376,35.66243,35.861954,36.18286,36.2489,35.848392,35.936405,35.7415,36.14453,35.979725,35.6874,35.762638,36.490868,35.906036,36.198357,36.04913,36.255264,36.348366,36.076923,36.01933,35.700054,36.39063
57.67501,57.619957,57.906296,57.64831,57.79477,57.87196,57.902817,57.624348,57.664814,57.863956,57.70429,57.69414,57.976433,57.795895,58.110786,57.950863,57.830814,58.06728,58.113052,57.969288,58.17717,58.067986,58.036427,58.073174,57.962532,57.842438,58.144085,58.06592,58.345284,57.95428,58.22823
46.880566,46.71735,46.60515,46.61261,47.073677,47.101646,46.823387,46.946156,47.00979,47.20577,46.994255,46.81762,47.090816,46.8439,47.235107,46.933964,46.792194,47.32059,47.338787,46.89573,47.288,47.242435,46.8393,47.50975,46.94256,46.845886,47.321342,47.15885,47.587112,47.070827,47.313465
47.453625,47.270714,47.572754,47.39108,47.458366,47.470608,47.33628,47.461407,47.424465,47.33531,47.61226,47.389397,47.54497,47.574314,47.23074,47.57364,47.428864,47.57122,47.817913,47.382336,47.281517,47.58451,47.503345,47.834816,47.48828,47.739655,47.860325,47.588303,47.808605,47.414196,47.780235
46.708958,46.735374,46.477867,47.00567,46.1942,46.535778,46.435528,46.908215,46.736935,46.525208,46.75577,46.95658,46.574142,46.720207,46.469852,46.407333,46.81363,46.786114,46.610847,47.12801,46.561077,46.677437,46.697002,46.480232,47.31987,47.37761,46.748455,47.149757,46.968807,46.99243,46.823807
49.08392,49.304974,49.683662,49.459816,49.344063,49.935055,49.78425,49.93427,49.863083,49.659386,49.4034,49.83372,49.698406,49.984844,49.68206,49.844837,50.0566,49.964684,49.556576,49.39107,49.928314,49.85831,50.07152,49.934624,50.08476,49.852142,50.091084,50.130722,49.597107,50.080906,49.55621
45.872105,45.80322,45.771683,46.01592,45.58407,45.719772,45.668056,45.970802,45.867805,45.601284,45.395893,46.206818,45.86907,46.372517,45.405495,46.09463,46.13855,46.191032,45.69083,46.005802,45.950203,45.932037,45.892563,45.653786,46.18001,46.310524,46.32012,46.20698,45.907852,46.144764,45.928715
41.126453,41.206516,40.991463,41.423744,41.019073,41.14837,40.814434,41.314716,41.49989,41.343258,41.23784,41.241337,41.29046,41.780243,41.34768,41.29806,41.04753,41.587006,41.35764,41.40246,41.57927,41.429028,41.07837,41.249077,41.69328,41.78402,41.48228,41.721,41.56176,41.724712,41.70246
47.017654,46.981777,47.123886,47.007504,47.36441,47.277676,47.14752,47.275738,47.26751,47.012268,47.041027,47.084675,47.213924,47.38487,47.069805,47.75975,47.345196,47.28374,47.301258,47.393448,47.312405,47.13444,47.113304,47.381836,47.095943,47.684555,47.568153,47.527813,47.281033,47.381165,47.36997
36.51972,36.79731,36.624413,36.600636,36.588203,36.744667,36.9288,36.865837,36.699497,36.678234,36.456047,37.041107,36.895947,37.230682,36.86959,37.221684,36.88495,37.06675,36.69727,36.95061,36.94554,37.01442,36.95958,36.885063,37.31948,37.377213,37.087254,37.168602,36.718647,37.12514,37.4133
50.078526,50.281578,50.046875,50.355576,51.04223,50.338024,50.845863,50.34065,50.022633,50.835453,50.285786,50.094303,50.779163,50.271973,50.780216,50.914486,50.563446,50.28356,50.669426,50.8261,50.89783,50.653645,50.637722,50.873398,50.264458,50.429764,50.718826,50.90346,50.537907,50.677986,50.97817
52.4104,51.97236,52.008026,52.44946,52.2676,52.010128,52.301907,52.358135,51.922634,52.121914,52.436417,52.27832,52.37722,52.083836,52.22615,52.52819,52.418617,52.15675,52.573967,52.407475,52.160927,52.297672,52.49381,52.58172,52.324135,52.2246,52.51351,52.58766,52.62705,52.490143,52.61768
57.894756,57.668056,58.1343,57.913265,58.09194,58.268555,58.456173,58.198887,57.737755,57.958527,58.198956,57.923225,58.253174,57.7794,58.337605,58.418983,58.166603,57.932163,58.24042,58.10218,58.173443,58.38881,58.273495,58.53843,58.043053,58.187904,58.328323,58.497086,58.530045,58.261456,58.37295
54.26468,54.788975,54.827507,54.602848,54.6091,54.9955,54.900253,55.045303,55.069893,55.073044,54.93153,54.61198,54.863617,54.71457,55.352867,54.865578,55.022953,54.702377,54.885635,54.757587,55.16846,55.209904,55.25584,55.285347,55.05008,54.955605,54.690308,55.594154,55.11071,55.452557,54.74367
45.86618,45.651268,46.03206,45.90518,46.32364,46.33773,46.0844,46.028378,45.835613,45.97086,45.61542,46.000656,46.58151,46.36625,46.193924,46.257725,46.019352,46.36191,46.08381,45.918777,46.584133,46.447094,46.247314,46.340614,46.110744,45.868843,46.688503,45.998314,46.16453,46.31475,46.411858
52.106056,51.96648,52.182434,52.147133,52.434486,52.23248,52.6867,52.426228,52.031677,52.46646,52.290688,52.54478,52.411327,52.370007,52.872787,52.867268,52.743484,52.323063,52.50865,52.468838,52.638954,52.51494,52.88483,52.634964,52.37482,52.370567,52.619583,52.973476,52.373898,52.94732,52.698627
33.78645,34.221363,33.677048,33.904633,33.698322,33.608826,33.837524,33.689137,33.9302,34.078728,33.786125,34.14438,33.95426,34.088856,34.1666,33.87479,34.01347,34.212162,33.84828,34.326984,34.37708,34.42224,34.101856,34.001274,34.3798,34.186844,34.167305,34.21934,34.425877,34.371944,34.532993
46.435223,46.2006,46.204315,46.368526,46.23356,46.15733,45.871956,46.356808,46.278698,45.97761,46.113297,46.167927,46.27697,46.306736,46.537132,46.056435,46.407223,46.494793,46.428886,46.66646,46.562275,46.51081,46.45745,46.16298,46.60893,46.424538,46.495026,46.322166,46.41168,46.71422,46.553207
50.640793,50.37464,50.376335,50.93528,50.851837,50.924736,50.724686,51.029057,50.676018,50.872944,50.539413,50.86249,51.059708,51.180218,50.736565,50.93063,50.832237,51.029778,50.819298,50.900993,51.128197,50.80541,50.87392,50.730797,51.178986,51.08982,51.1208,51.171375,50.69939,51.246468,50.991783
43.461987,43.07296,43.41413,43.361046,43.557396,43.64007,43.729088,43.780663,43.469658,43.419983,43.678383,43.573193,43.56739,43.594467,43.816795,43.994465,43.92162,43.797752,43.719936,43.56296,43.820515,43.931255,43.767002,43.909706,43.62063,43.638725,44.016304,43.888344,43.733086,43.94112,43.839596
49.864952,49.78293,49.88009,49.819275,49.88949,49.766197,49.537792,49.894512,50.102074,49.759106,49.72579,50.13153,49.759697,50.49406,49.93451,50.232334,49.917446,49.878754,49.994682,49.887207,50.150715,49.907364,50.293346,49.867607,50.144577,50.420563,50.116795,50.20842,49.96643,50.81083,50.138386
50.509865,50.02401,50.143456,50.29242,50.551758,50.697,50.362316,50.65537,50.20595,50.2981,50.218185,50.47421,50.7742,50.63201,50.135773,50.50472,50.57459,50.44866,50.413376,50.22932,50.455788,50.686237,50.404873,50.658615,50.429214,50.52099,50.848644,50.592697,50.721092,50.75007,50.483772
46.542027,46.05574,46.318947,46.303947,46.375763,46.41416,46.587532,46.517548,46.034046,46.267002,46.31562,46.547993,46.319553,46.14513,46.195446,46.272263,46.641315,46.848408,46.58283,46.61239,46.440105,46.693935,46.52192,46.33583,46.478733,46.476517,46.81654,46.42603,46.421917,46.181133,46.444233
43.056606,43.231964,42.950912,43.319466,43.15336,43.340126,43.480766,43.186665,43.128906,43.59489,43.525352,43.400776,43.572193,43.14591,43.551617,43.001507,43.423485,43.488144,43.266483,43.848663,43.676277,43.73228,43.41819,43.46634,43.87837,43.687263,43.535355,43.608128,43.87691,43.56669,43.866795
44.61138,44.297005,45.12645,44.276196,44.63253,44.315258,44.343185,44.124016,44.3958,44.26157,44.4237,44.74035,44.393917,44.975536,44.51196,44.738564,44.53912,44.909702,44.88267,44.582172,44.596066,44.832207,44.698315,44.611443,44.331917,44.93746,45.352657,44.402763,44.7158,44.514458,45.122635
48.453453,48.514015,48.741188,48.35832,48.614037,48.662918,48.301327,48.46542,49.01683,48.78813,48.7311,48.974453,48.78272,49.35197,48.631237,48.724636,48.903454,48.834557,48.852333,48.544056,48.877724,48.78538,49.23809,48.914223,48.99827,49.075836,49.02536,48.83222,48.80756,49.391888,48.863518
45.483044,45.631264,45.703148,44.996956,46.047646,45.422585,45.540447,45.218704,45.377064,46.017574,45.23999,46.02975,46.06885,46.106964,46.056736,45.73809,45.749374,45.747974,45.803032,45.596046,45.91851,46.120724,46.050335,46.105446,45.290195,45.648125,46.172565,45.88888,45.64455,46.039803,46.18363
47.23037,47.224854,47.576767,47.504784,47.661636,47.858444,47.708336,47.520386,47.654434,47.51748,47.248585,47.868908,48.01752,47.618336,47.94241,47.54393,47.84208,48.121017,47.47912,47.84384,48.44439,47.995403,48.14771,47.983902,48.11816,47.42089,48.43929,47.421455,47.790455,48.015892,47.92952
50.50569,50.538754,50.62195,50.597374,50.45765,50.254284,50.315388,50.51093,50.739983,50.55706,50.082214,50.71873,50.380688,50.784107,50.7199,50.65303,50.868057,51.09919,50.708324,50.64473,51.188007,50.89254,51.024918,50.56202,50.673424,50.30696,51.021942,50.831444,50.616936,51.00415,50.49626
45.570057,45.529213,45.700073,45.432186,45.86508,45.614468,46.041485,45.60172,45.801033,45.86072,46.13197,46.062916,45.53248,45.610817,45.76852,46.130753,46.48207,45.875683,46.166416,46.048695,45.81495,45.624153,46.610493,46.088783,45.928513,45.906235,46.072624,45.910336,45.873375,46.11346,45.89831
46.551388,46.569706,46.178635,46.7447,46.650238,46.62236,46.800636,46.78996,46.381256,46.992477,46.355614,46.83826,47.028164,47.067204,46.732586,46.907085,46.742023,46.983086,46.67416,46.92762,47.025555,46.881702,46.742413,46.563583,47.045994,46.96219,46.78652,47.31349,46.63554,47.01468,47.030437
44.723167,44.5357,43.958717,44.264362,44.39424,44.090775,44.37389,44.391914,44.19935,44.73808,44.42499,44.616295,44.288357,44.424377,44.395226,44.22764,44.25356,44.736736,44.65008,44.633797,44.599293,45.098747,44.30802,44.55587,44.59069,44.799927,44.612064,44.778152,44.882805,44.62319,44.934986
47.92095,48.012955,48.15908,47.976864,48.445084,48.573696,48.680923,48.297607,48.310364,48.651806,48.843296,48.439526,48.587826,48.043518,48.660564,48.546978,48.40327,48.37064,48.679695,48.521896,48.47661,48.33362,48.780495,48.97637,48.542126,48.568985,48.478123,48.663822,48.651543,48.520527,48.68804
49.04173,49.45845,49.36622,49.149246,49.031464,49.160934,49.174465,49.284836,49.631626,49.269558,49.480026,49.595974,49.33293,49.678387,49.60572,49.479317,49.904915,49.20014,49.39477,49.66964,49.35169,49.38071,50.015457,49.61857,50.006344,50.0047,49.452087,49.818424,49.56266,50.196556,49.76578
52.315075,52.507828,52.626343,52.68019,52.146126,52.275307,51.94629,52.2194,52.77627,52.287663,52.61643,52.281498,52.564533,52.51993,52.673615,52.217556,52.54525,52.68187,52.752052,52.93247,52.67213,52.45398,52.653824,52.665955,52.993946,52.71305,52.770718,52.585205,53.081776,52.698215,52.913242
54.827946,54.654713,54.41352,55.00643,54.918655,55.072124,54.928448,55.16737,54.602047,55.35746,54.42874,54.939194,55.41557,55.280582,55.71276,54.68178,54.821518,55.423973,54.959343,55.184902,55.734554,55.5283,54.939278,54.856346,55.527428,55.00186,55.1823,55.581314,55.052883,55.553272,55.531975
42.06133,41.98975,41.814934,41.869415,42.43828,41.986202,42.28416,41.86938,41.986687,42.49238,42.332283,42.35799,42.174286,41.803726,42.398605,42.118355,42.213882,42.406433,42.484863,42.51082,42.570866,42.326485,42.603035,42.45083,42.159195,42.028587,42.418854,42.157726,42.40142,42.342728,42.47034
48.38981,48.447258,48.187233,48.48422,48.479362,48.480194,48.103325,48.71707,48.86702,48.67426,48.37097,48.523785,48.557148,48.900158,49.085567,48.428627,48.691593,48.858887,48.714806,48.804478,49.05413,48.767212,48.711926,48.71196,49.093987,48.870026,48.832294,48.9891,48.68371,49.347893,48.965378
39.310093,39.869984,39.224617,38.83293,39.442467,39.126114,39.573547,39.02898,39.289635,39.626926,39.043575,39.289852,39.360756,39.330738,39.496464,39.716244,39.543297,39.70833,39.57548,39.63751,39.724968,39.955532,39.530754,39.68708,39.330498,39.418648,39.451923,39.671543,39.879604,39.38832,39.819843
52.468895,52.4302,52.216988,52.44295,52.627968,52.695175,52.614132,52.730034,52.515984,52.977024,52.458073,52.47088,52.694954,52.711964,52.75637,52.708183,52.671143,52.80342,52.728474,52.63167,52.996258,52.920734,52.550285,52.649094,52.57479,52.697952,52.620823,53.274677,52.909733,52.963005,52.586235
46.575424,46.826546,46.588333,46.935753,46.63498,46.57075,46.74341,46.713657,46.6978,46.849922,46.64195,46.788734,47.136845,46.801617,46.92508,46.95308,46.841682,46.933174,46.975044,46.87444,46.985767,46.892067,47.09307,47.2389,47.09936,46.536667,47.047928,47.12668,47.199127,46.9674,47.220226
42.32605,42.736507,42.602547,42.609417,42.26301,42.59616,42.367985,42.84296,42.969734,42.61075,42.219433,42.692097,42.7101,43.243168,42.8572,42.73397,42.66273,43.198887,42.80467,42.529243,42.95949,42.8474,43.04175,42.783333,43.43689,42.858604,42.83956,42.999714,42.437485,43.075287,42.99641
49.547504,49.121906,49.173584,49.322586,49.366013,49.63996,49.424183,49.79569,49.68446,49.40807,49.872112,49.322456,49.35041,49.397842,49.643307,49.73853,49.73441,49.651573,49.870625,49.40843,49.666748,49.689568,49.746124,49.8535,49.754253,49.547874,49.55597,49.815926,49.9636,50.0341,49.55752
40.366947,40.56627,40.401314,40.033638,40.603333,40.494423,40.459824,40.32779,40.6495,40.55634,40.34661,40.555767,40.56693,40.587395,40.4555,40.701916,40.821457,40.747536,40.522675,40.59066,40.82495,41.000423,40.596725,40.954826,40.39803,40.631325,40.978428,40.64195,40.987984,40.74219,40.69453
41.476284,41.69868,41.7407,41.583935,41.575424,41.975872,41.87662,42.05191,41.87562,41.99528,42.03318,41.59804,41.66873,41.999165,41.850925,42.035446,41.64578,41.970783,42.069798,41.67002,41.709145,41.99781,41.653927,41.96515,41.967384,42.448967,41.71712,42.490383,41.950607,41.85837,42.0215
43.07796,43.011436,42.83696,42.752907,42.88347,42.80885,42.531765,42.78078,43.214233,42.768223,43.17306,43.067146,42.906048,42.81178,43.159683,42.713886,43.14322,43.09738,43.16739,43.379955,43.138893,43.163906,43.210663,43.287704,43.281635,43.204376,43.271473,42.86123,43.59483,43.420254,43.36865
42.375153,42.395657,42.615128,42.708645,42.646843,42.525166,42.837246,42.524178,42.45986,42.62046,42.98571,42.60548,42.874622,42.467804,42.743725,42.679436,42.787052,42.646355,42.794308,42.856796,42.80714,43.066463,43.00458,43.196815,42.931236,42.757614,43.14328,42.70144,43.00514,42.79354,43.238895
49.79651,49.652668,49.802773,49.77165,49.627037,49.754818,49.68597,49.84363,49.89571,49.474327,49.841106,49.79358,49.848362,49.785294,49.71291,49.975273,50.151394,49.907352,49.933605,49.911526,49.904194,49.99091,50.155277,50.112106,50.080383,49.87062,50.129692,49.9064,50.19304,50.141148,49.94416
53.069466,53.306183,52.981377,53.69058,52.946114,52.955868,52.87573,53.04537,53.372543,53.64221,53.387344,53.27984,53.51438,53.365746,53.854492,52.84495,53.096706,53.549755,53.511787,53.763172,53.835007,53.44733,53.432587,53.43978,53.97902,53.350525,53.48924,53.75996,54.01722,53.788975,53.96658
41.616432,42.025955,41.61071,42.220757,41.691658,41.578064,41.587803,41.77901,42.324715,42.293476,42.031624,42.274273,42.141525,42.472763,42.10497,41.999004,42.3759,42.246887,42.00727,42.350136,42.40613,41.957504,42.367054,42.135246,42.568348,42.180527,42.316895,42.49902,42.2788,42.679108,42.33156
38.240036,37.904922,37.936478,38.790775,38.11692,38.27447,38.315964,38.565506,38.349297,38.311504,38.488716,38.44426,38.463284,38.605675,38.627964,38.81097,38.596127,38.85854,38.471497,38.73661,38.807568,38.34395,38.25466,38.37211,38.78807,38.50531,38.872513,38.90811,38.728783,38.731762,38.8689
57.302765,57.122974,57.197136,57.44881,56.926643,57.74467,57.28513,58.025925,57.6351,57.378796,57.711685,57.30159,57.44816,57.35149,57.553925,57.026833,57.376766,57.593643,57.729774,57.193504,57.315395,57.661625,57.667812,57.829544,58.29302,57.74787,57.387974,57.861027,57.689594,57.808605,57.5302
56.74772,56.22317,56.426003,56.34627,56.516,56.86775,56.761696,56.985226,56.71417,56.692543,56.67516,56.768276,56.437443,56.59398,56.76704,56.72253,56.711754,57.08073,56.809807,56.51217,57.086506,57.299664,56.74123,56.915497,56.830708,56.868332,56.98504,57.0424,57.039093,57.09316,56.634777
44.12309,43.8821,44.042877,43.97584,44.326317,44.184376,44.54545,44.118378,44.004135,44.43601,44.67942,44.180687,44.27381,44.47615,44.473988,44.727074,44.35981,44.316757,44.56719,44.376114,44.430225,44.71458,44.370625,44.614067,44.41321,44.79516,44.58449,44.64673,44.688374,44.628258,45.07328
50.490635,50.28697,50.33892,50.88594,50.46485,50.44867,50.99698,50.713833,50.416965,50.857708,50.951164,51.000633,50.64984,50.507576,51.06166,50.80458,50.9831,50.928425,50.89255,51.16843,51.020016,50.731735,51.220665,50.75894,51.28142,50.84584,50.946064,51.16403,50.850483,51.1055,51.16688
41.81891,42.389072,42.349335,42.037945,41.69465,42.079258,42.07043,42.0931,42.33799,41.93338,41.993134,42.513515,42.160946,42.383163,42.41468,42.25846,42.388,42.081036,41.79175,42.400986,42.395405,42.538322,42.49241,42.290817,42.602543,42.741302,42.35202,42.62689,42.6144,42.874317,42.474525
44.524155,44.39986,44.328575,44.172592,44.824005,44.198605,44.650753,44.121918,44.169903,44.699974,44.911648,44.419674,44.63729,44.116924,44.548756,44.781452,44.37488,44.480083,45.06817,44.71827,44.38021,44.690357,44.524734,45.258247,44.14649,44.5364,44.874363,44.60524,45.136497,44.23445,45.225754
54.702995,54.85227,54.373367,54.97972,54.538742,54.833096,55.08337,55.089798,54.762936,55.098644,55.125748,54.75079,54.97542,54.57943,54.902332,54.817116,54.99196,54.786026,54.950268,55.063526,55.016613,55.19449,55.16785,55.11219,55.446438,55.051376,54.5922,55.50765,55.3309,55.283955,54.98443
38.036278,38.24536,38.375175,37.786335,38.397537,38.062347,38.187164,38.114994,37.886158,37.884953,37.79317,37.678455,38.23959,38.191456,37.75765,38.757942,38.189484,38.12557,38.326363,37.99025,37.850563,38.427216,37.815174,38.489815,37.402363,38.248062,38.414616,38.407673,38.18324,37.63817,38.245228
38.67142,38.92886,38.68538,38.84368,39.08528,39.124603,39.037304,39.06137,38.613987,39.112663,38.812714,38.80155,39.49857,39.274963,39.050694,39.065483,38.787907,38.975925,39.093178,39.15573,38.78255,39.03043,38.727943,39.21112,39.280865,39.578667,39.14774,39.379826,38.993706,38.902447,39.771263
40.924053,41.017254,40.972656,40.133728,40.967117,40.944626,40.981236,40.857594,41.04502,40.8058,40.79534,41.129616,40.759598,40.780422,41.080364,41.18299,41.347775,41.187027,41.189095,40.88799,40.96293,41.25377,41.35208,41.46711,40.833538,40.934006,41.231503,40.97749,41.259953,41.124607,41.07844
47.237095,46.9524,46.861336,46.807297,47.35737,47.467068,47.475174,47.50527,47.278614,47.67324,47.229088,47.63936,47.130707,47.499096,47.344673,47.35691,47.356476,47.761333,47.452644,47.192993,47.656403,47.76719,47.434643,47.468155,47.50955,47.724197,47.629547,47.69679,47.353493,47.726955,47.447674
43.857777,43.683495,43.57351,43.794807,43.519882,43.805443,43.657448,43.94127,43.92611,43.60997,43.743927,43.97562,43.649582,43.58967,43.892136,43.7932,44.01648,44.239407,43.926792,44.07033,44.044533,43.84863,43.893314,43.88833,44.126804,43.813873,44.105206,43.997215,44.310963,44.015667,43.888294
39.698666,39.636555,39.29162,39.88638,39.421722,39.372513,39.634956,39.80131,39.64359,39.647305,39.835526,39.558186,39.49316,39.30861,39.83797,39.889057,39.72981,39.97198,39.966988,39.923035,39.86536,39.80784,39.631996,39.91918,39.80442,39.489838,39.806458,40.114563,40.24665,39.734646,39.945114
48.15493,48.016006,48.04712,48.23837,47.940186,48.058136,47.808125,48.203243,48.352158,47.911312,48.447487,48.03533,47.946312,48.027393,48.554344,48.091484,47.99521,48.13798,48.365257,48.441082,48.4243,48.323006,48.286827,48.34076,48.576782,48.534912,48.275665,48.35712,48.766426,48.799503,48.622025
58.711216,58.335968,58.89116,58.504635,58.540016,59.2882,59.270462,59.12659,58.93721,59.09612,59.028545,59.011497,58.661358,59.1496,58.773273,59.199738,58.96013,59.52733,59.260277,58.49364,59.084724,59.24519,59.060753,59.09243,59.266518,59.30224,59.204662,59.407757,59.220207,58.979843,58.935577
51.659645,51.450638,51.745018,51.795574,51.786324,52.203438,51.82532,52.226147,51.737164,51.66422,51.712154,51.934547,52.204903,51.95645,51.84449,51.861855,52.23162,51.66604,51.624302,51.74303,51.917824,52.042633,52.095665,51.988,51.952145,51.974113,52.04937,52.268353,51.945835,52.438133,51.621048
39.75693,40.29046,40.118393,39.842953,39.98159,39.982887,40.24899,40.053818,40.491302,40.311504,40.10103,40.37023,40.149853,40.442596,40.635338,40.492943,40.383713,40.636967,40.26615,40.441513,40.682655,40.752895,40.45192,40.827766,40.715347,40.651924,40.79055,40.569244,40.517967,40.59748,40.99198
44.37134,44.482143,44.64411,44.391342,44.728165,44.344917,44.453255,44.07664,44.653214,44.58975,44.92999,44.66846,44.518505,44.494953,44.706203,44.931236,44.585224,44.52685,44.99161,44.9467,44.633354,44.290672,44.811085,45.0317,44.489624,44.87951,45.01522,44.64925,45.26628,44.749336,45.19902
53.319412,53.458866,53.143013,53.4273,53.43447,53.44942,53.135685,53.471954,53.799515,53.69762,53.348858,53.346382,53.534073,53.641438,53.72663,53.376335,53.42524,53.7482,53.577366,53.70231,54.07985,53.878147,53.407032,53.801132,53.8045,53.75682,53.823303,53.886024,54.073956,54.041553,53.79947
41.990417,41.772095,41.879097,41.726643,41.979645,41.975975,42.08774,41.815487,41.608177,41.91122,41.901386,41.856533,42.10543,41.949642,42.121002,41.995113,42.069122,42.243195,41.973072,42.26537,42.270493,42.657513,41.758064,42.06102,41.950794,42.237976,42.41414,42.12243,42.483482,41.995968,42.514133
40.879494,40.721706,41.000412,41.119774,40.80178,40.64158,40.75216,40.760376,41.00149,40.555683,41.28932,41.02408,40.81837,41.128174,41.104343,41.520325,41.13453,41.05661,41.345463,41.493916,40.87657,40.474365,41.17207,41.03013,41.310287,41.49221,41.331264,41.127064,41.26502,41.21779,41.720627
58.50006,57.465454,57.700027,57.68394,58.31868,58.327267,58.19357,58.149147,57.912952,57.73473,58.309246,58.235764,57.970665,57.753544,57.759827,58.626762,58.327892,58.127777,58.44327,58.212772,58.02243,57.856094,58.111958,58.388313,57.901424,58.264847,58.487232,58.050827,58.83114,58.320644,58.17047
41.151142,41.191948,41.39688,40.58703,41.165993,41.33562,40.90834,41.132996,41.526283,40.98297,41.34589,41.294807,41.066715,41.073597,41.19317,40.95672,41.286476,41.283092,41.256226,41.110485,41.246853,41.782364,41.325367,41.7726,41.119755,41.54103,41.627815,41.076557,41.730095,41.473484,41.28019
51.830257,51.96063,52.012054,52.03492,51.704887,52.154022,52.293434,52.364655,52.21926,52.149536,51.967255,52.336143,52.011513,52.147522,52.1239,52.166348,52.373695,52.40201,51.975967,52.035603,52.47875,52.68183,52.422146,52.377296,52.543056,52.32328,52.427494,52.649773,52.373623,52.549652,52.075474
48.49809,48.806522,48.0552,48.952957,48.574005,48.43265,48.60155,48.694145,48.805847,49.12995,48.73393,48.67081,48.908108,48.591377,48.704567,48.880688,48.56699,48.810024,48.813835,48.874386,49.09721,48.863438,48.584507,49.218086,48.86468,48.604073,48.857426,49.392673,49.498386,48.99594,48.970303
42.705906,42.95745,42.953133,42.768238,42.768875,42.79044,42.933475,42.94705,43.108055,42.976818,43.06491,43.08939,42.839577,43.15018,43.24192,43.28129,43.172615,43.12808,43.25874,43.086555,43.01878,43.00345,43.363792,43.2946,43.32443,43.323074,43.168514,43.391056,43.148624,43.352676,43.4438
46.918243,47.087822,46.912872,46.460487,46.915733,46.975998,46.835186,46.922646,47.087822,46.930874,47.020164,46.894592,46.71844,46.958405,46.75122,47.18033,46.973354,46.885895,47.186993,46.953,46.807293,46.9839,47.101448,47.058212,46.87227,47.44464,46.726402,47.275536,47.21416,47.189518,46.878952
56.72697,56.468906,56.740417,56.880306,56.85356,56.671116,56.90563,56.829803,56.590996,56.92722,57.03586,57.060287,56.757305,56.740643,57.085068,56.901714,56.69681,56.734505,56.98823,57.14002,57.065403,56.930218,57.186836,56.8338,56.966278,57.285965,56.93899,57.280853,56.87546,57.335922,57.093246
41.719307,41.567177,41.340096,41.57402,41.802917,41.461216,41.601128,41.37439,41.33829,41.60434,41.75625,41.66079,41.79642,41.520596,41.677544,41.678078,41.55917,41.6362,41.908207,42.02996,41.68993,41.69652,41.75141,41.871666,41.843925,41.86136,41.936077,41.582253,42.16663,41.801163,42.388466
52.442116,51.94976,52.275383,52.423637,52.308693,52.43985,52.439487,52.506794,52.316692,52.343132,52.391052,52.523994,52.378445,52.747677,52.59273,52.739216,52.56616,52.743797,52.61444,52.463818,52.790787,52.686646,52.57758,52.47863,52.74228,52.690445,52.905113,52.769093,52.788624,52.951397,52.86248
46.209908,46.78747,46.280052,46.739204,46.3779,46.27879,46.58544,46.640434,46.56179,46.873493,46.430782,46.96416,46.701786,46.50907,47.020092,46.54092,46.961136,46.571827,46.523705,47.161194,46.8683,46.43917,47.2244,46.52707,47.05802,46.72248,46.4233,47.328407,46.47085,47.20531,46.651543
46.94699,46.88062,46.956795,46.494232,46.70057,47.13439,46.57224,46.97349,47.206604,46.83174,47.041405,47.147564,46.742893,46.95394,46.886734,46.48352,46.878536,46.991287,46.996826,46.733234,46.96429,47.286507,47.210693,47.122437,47.202,47.30568,47.01987,46.93325,47.415813,47.475895,46.86894
41.905025,42.036537,42.48609,41.780575,41.963783,42.211826,42.36158,41.88547,42.443577,42.23653,42.887276,42.300224,41.775257,42.35439,42.190147,42.7175,42.374584,42.31611,42.506367,42.403946,42.175896,42.313118,42.294624,42.462837,42.267017,43.163376,42.48477,42.601223,42.926617,42.39274,42.670773
57.217068,56.673206,57.118523,57.165825,57.167015,57.31582,57.290768,57.44607,56.98107,57.053883,57.1331,57.2897,57.26526,57.467968,57.06097,57.255238,57.408672,57.378952,57.300686,57.182384,57.390297,57.53861,57.640865,57.11184,57.60347,57.557594,57.465237,57.388126,56.947136,57.666492,57.26147
42.281704,42.723064,42.46466,42.357075,42.5399,42.35925,42.671925,42.32275,42.425636,43.22687,42.522827,42.8393,42.679676,42.861805,42.884396,42.397945,42.892963,42.924034,42.698994,42.995163,42.829758,43.028442,42.639114,42.66208,42.71385,43.058258,42.930878,43.270447,42.87831,42.721317,43.092995
48.44097,48.313282,47.879524,48.534008,48.286423,48.25493,48.437595,48.599033,48.204678,48.46397,48.097443,48.50603,48.4855,48.40999,48.3897,48.546318,48.69074,48.71563,48.50041,48.695225,48.637375,48.459423,48.53719,48.36666,48.76395,48.389076,48.5689,48.87036,48.566257,48.67256,48.573845
41.953552,41.64681,41.752846,41.674496,42.029366,41.94846,41.93749,41.889175,41.35602,41.87069,41.295532,42.283455,42.26133,42.10274,41.372467,41.892414,41.611797,42.166286,41.81709,41.509315,41.833607,42.207237,41.799652,42.019745,41.607708,41.776962,42.430054,41.889366,41.870327,41.65095,41.970272
50.37809,50.476116,50.692146,50.57514,51.101463,50.503826,51.091274,50.62662,50.465736,51.046627,51.097904,50.759678,51.02378,50.49492,51.409145,51.03486,51.28764,50.617092,51.344276,51.101917,50.779427,50.711647,51.58073,51.529602,50.858547,50.630356,51.149017,51.12384,50.759075,51.025387,51.4539
45.717445,45.24429,45.631104,45.80906,45.58425,45.59672,45.64788,45.71999,45.23283,45.457104,45.28669,45.922783,45.808945,45.807453,45.7197,45.655586,45.545887,46.10576,45.664318,45.793507,45.937496,45.946766,45.641582,45.521652,45.79076,45.731407,46.263733,45.789574,45.673016,45.69456,46.0328
42.42775,42.338516,42.17289,42.374542,42.32238,42.535877,42.796032,42.733498,42.282745,42.51221,42.166904,42.526436,42.592037,42.558823,42.773098,42.71278,42.780556,43.01325,42.51543,42.543835,43.012283,43.16481,42.74398,42.644974,42.937428,42.389458,42.801865,42.854267,42.660053,42.822323,42.84032
44.5513,45.322483,44.67791,44.77618,44.692482,44.60487,44.874317,44.89046,45.189457,45.291203,44.875515,44.852856,44.904022,44.89981,45.52815,45.02728,45.087032,45.106247,45.088753,45.264317,45.389862,45.352875,45.269432,45.361084,45.342068,45.07711,44.85831,45.656895,45.277504,45.445427,45.345043
40.501972,40.02501,39.6369,40.35426,39.949776,40.26152,40.09385,40.638084,40.284042,40.04629,40.570625,40.10869,39.89233,40.131416,40.056427,40.380245,40.161667,40.395832,40.431973,40.357807,40.241287,40.369957,39.97787,40.17971,40.639553,40.7006,40.163376,40.597473,40.809372,40.629192,40.44232
47.511887,47.100796,47.749542,47.49921,47.654778,47.851746,47.64561,47.610058,47.424274,47.612507,47.796852,47.83882,47.707783,47.834507,47.3578,47.668606,47.638573,47.784695,47.823383,47.545628,47.518726,47.577175,47.725555,47.619186,47.576336,48.028267,48.03644,47.772095,47.74125,47.639328,47.696915
56.84234,56.586056,57.186073,57.02297,56.76053,57.331345,57.150036,57.31998,56.92516,56.865284,57.052902,56.782475,57.093887,57.05606,57.08884,56.80958,57.173107,57.189995,57.113323,56.788322,57.237865,57.692604,57.307915,57.251755,57.472557,57.171524,57.363335,57.243553,57.292618,57.3242,57.125725
49.344845,49.022583,48.909737,49.50208,49.710876,49.571873,49.829582,49.726254,49.397194,49.679867,49.794483,49.20201,49.4579,49.381317,49.679905,50.10637,49.566147,49.701794,49.9684,49.750996,49.869404,49.476055,49.668865,49.788513,49.825977,49.71911,49.640427,49.917828,49.66264,49.826996,49.954594
40.787464,40.547657,40.507988,40.84977,40.636513,40.59102,40.52798,41.007874,40.843613,40.48394,40.798225,40.847927,40.560738,40.71599,40.436447,41.16902,41.004204,40.88792,40.96933,40.825794,40.542686,40.415115,40.716366,40.88401,40.652,40.865944,41.004402,41.130226,40.900227,40.832874,40.653027
46.098324,46.03647,45.953552,46.000107,46.04667,46.01681,46.22206,46.057014,46.116524,46.288506,46.228096,46.51964,46.227547,46.3801,46.36952,46.429348,46.38891,46.45552,46.362934,46.444828,46.40697,46.305786,46.51886,46.36033,46.546875,46.49643,46.4757,46.540356,46.474983,46.600834,46.685482
51.280293,51.148994,51.55011,51.537693,51.25862,51.323948,51.359077,51.481655,51.58871,51.383682,51.85956,51.445347,51.31272,51.32099,52.02934,51.48999,51.785088,51.64451,51.79304,51.926994,51.73528,51.55717,51.83044,51.67103,51.81433,51.74868,51.774143,51.863373,51.789795,51.89913,51.847122
45.72461,45.81457,45.475212,45.58106,46.11679,45.728924,46.135902,45.62384,45.517185,46.20477,45.910736,45.791313,46.13059,45.834377,46.17765,46.041138,45.823044,46.006397,46.117577,46.34121,46.173347,46.302353,45.89241,46.26645,46.08849,46.283592,46.18279,46.16291,46.24638,45.995773,46.79859
52.7042,52.60608,52.58248,52.206795,52.980827,52.422844,52.57413,52.29807,52.560455,52.731518,52.915947,52.576736,52.61371,52.427567,52.79445,52.575462,52.862385,52.532124,53.043472,53.077007,52.77544,52.93284,53.123867,52.9858,52.628147,52.955154,52.80759,52.604546,52.9273,52.99789,53.040882
45.581406,45.924404,46.117134,45.575466,46.17411,45.947147,46.25908,45.7395,46.138927,46.307137,46.316624,46.27745,46.1763,46.08424,46.68263,46.322433,46.525795,46.02714,46.22439,46.315105,46.489517,46.420975,46.83998,46.696358,46.22611,46.243607,46.449417,46.359177,46.346127,46.743504,46.591686
41.692543,41.198486,41.5411,41.63509,41.339317,41.476166,41.36582,41.632042,41.40552,41.069977,41.614056,41.772213,41.297035,41.601795,41.07326,41.54378,41.556133,41.57299,41.51375,41.50446,41.434143,41.640152,41.702652,41.350533,41.684525,41.89038,41.833275,41.46426,41.69102,41.829666,41.53555
50.90552,50.465954,50.765564,50.26608,50.895927,50.850502,50.92091,50.869442,50.61376,50.80703,50.82964,50.73782,50.61996,51.00179,50.99671,51.137238,51.000927,50.973843,51.20851,50.59562,50.88885,51.2624,51.061172,51.019882,50.745804,51.038025,51.016064,51.10493,50.99704,51.196926,51.123524
43.110058,43.461792,43.69561,42.83822,43.29409,43.530304,43.3778,43.577618,43.43025,43.013306,42.765514,43.3246,43.347233,43.601627,43.258614,43.638573,43.530212,43.547565,43.35936,43.064003,43.237797,43.778606,43.45212,43.79187,43.350727,43.691628,43.809673,43.574875,43.284733,43.35022,43.502266
41.35889,41.08711,40.870743,41.25695,40.96534,41.034916,40.71865,41.1082,41.16615,41.024372,41.00474,41.293278,41.14172,41.540638,40.807793,41.17358,41.119087,41.46316,41.19214,41.305645,41.278137,41.18433,40.98625,40.856537,41.34124,41.48124,41.342556,41.33825,41.53688,41.447227,41.286545
48.957264,49.41533,49.62377,49.13824,49.232445,49.02996,48.86986,48.861603,49.135788,48.975014,48.806473,48.874706,49.509747,49.220585,49.112385,48.949192,49.148655,49.0986,49.224655,49.20308,49.264538,49.655533,49.303944,49.623,49.058678,49.1258,49.66365,49.12969,49.6131,49.123802,49.482754
60.395058,60.291046,60.168213,60.544205,60.280205,60.326153,60.687653,60.670147,60.45998,60.537018,60.507454,60.14501,60.28083,60.09977,60.94294,60.8831,60.583626,60.828762,60.908886,60.8043,60.94211,60.717228,60.57744,60.82595,60.792553,60.435112,60.60604,61.137333,61.011112,60.675568,60.838146
49.072266,48.97241,49.20092,48.746284,49.25676,49.308846,49.278408,48.94802,49.014496,49.38905,49.27661,49.122482,49.178375,49.121696,49.134384,48.888523,49.180992,49.390823,49.325962,49.210617,49.45577,49.834415,49.31858,49.33996,49.1885,49.461433,49.474895,49.19393,49.581375,49.26734,49.36772
50.773735,50.42106,50.797096,50.93997,50.83686,51.136784,50.942497,51.11655,50.95753,50.85581,50.888985,51.10528,50.926056,51.1235,51.077908,51.106995,50.97784,51.224915,50.951622,50.97392,51.436417,51.09605,51.232082,50.885666,51.280876,51.174538,51.25554,51.20209,51.01817,51.52766,50.99546
48.21486,48.36906,48.84133,47.97357,48.445312,48.99225,48.86342,48.77313,48.70582,48.594936,48.70606,48.713898,48.519516,48.69253,48.504063,48.734577,49.110035,48.636066,48.58675,48.40034,48.486694,48.99024,48.894356,48.952713,48.630653,49.162697,48.85679,49.026737,48.75822,48.830574,48.443783
46.663383,47.017006,46.919624,46.71944,46.63913,46.673504,46.92044,46.792763,46.96919,47.246735,47.13064,46.8794,46.584732,47.000946,47.126305,46.843376,46.915535,47.12646,47.26218,47.073814,46.99372,47.242226,47.10135,47.024628,47.224934,47.463867,46.92011,47.480972,47.22286,47.105003,47.323914
43.054306,43.410202,43.399445,43.192547,43.303543,43.173367,43.259045,43.071358,43.686607,43.637394,44.05569,43.582424,43.400093,43.450577,44.013573,43.392834,43.517647,43.241108,43.663433,43.744194,43.661182,43.694893,43.93157,44.061012,43.827755,43.93557,43.68074,43.72882,44.117657,44.200336,44.215954
45.796074,46.01705,46.29229,46.00841,46.18464,46.195747,46.091324,46.207092,46.536762,46.220135,46.347424,46.345688,46.21244,46.47945,46.320988,46.422085,46.419987,46.372448,46.359375,46.358192,46.480583,46.26122,46.78796,46.459892,46.53543,46.666367,46.442944,46.45773,45.950558,46.708015,46.305565
58.13113,58.51234,58.529274,58.54508,58.517952,58.74255,58.742016,58.751953,58.720253,58.887638,58.680496,58.77283,58.89201,58.51281,59.031338,58.71987,58.76678,58.444855,58.706593,58.6679,58.840588,58.661022,59.11598,59.228477,58.912323,58.736755,58.758675,59.314404,59.018215,59.19807,58.766407
33.92323,33.798492,33.486298,33.83936,33.988945,34.120197,34.140366,34.0882,33.78408,33.72764,33.8356,33.821354,34.204426,34.011208,33.764355,34.460823,34.27903,34.045086,33.899837,33.96867,34.159485,34.21976,34.036606,34.20446,34.169334,33.90294,34.20536,34.043247,34.4145,34.29106,34.26163
39.97782,40.2782,40.217545,40.20728,40.000793,40.01122,39.739304,40.17513,40.247635,39.887188,39.94931,40.29893,40.306183,40.378094,40.351128,40.12536,40.17178,40.080776,40.135822,40.368435,40.107605,40.11248,40.291904,40.342583,40.43049,40.52166,40.436947,40.419823,40.351124,40.574295,40.58864
40.023464,40.292267,39.878662,40.296448,40.14376,39.891487,40.39835,40.001335,40.164238,40.315083,40.51911,40.28234,40.336548,39.92035,40.296555,40.644085,40.595116,40.262295,40.395187,40.78704,40.40214,40.189278,40.518223,40.61641,40.41172,40.246513,40.39445,40.59977,40.812153,40.38725,40.654495
50.18954,50.696686,50.070625,50.236412,50.463318,50.260925,50.342594,50.456287,50.745815,50.669807,50.27855,50.54846,50.426003,50.284695,50.83213,50.437214,50.712135,50.4745,50.434883,50.887135,50.970066,50.78403,50.80965,50.915527,50.792324,50.676476,50.622086,50.916634,50.830414,51.16312,50.68523
51.814796,51.59184,52.053253,52.010986,52.30938,52.218704,52.060375,51.92215,52.212044,52.363243,52.230633,52.04285,52.233456,52.168316,52.361927,51.963028,52.174862,52.63772,52.3239,52.450626,52.803158,52.574215,52.075745,52.48075,52.24248,52.384003,52.998962,52.192966,52.511894,52.248337,52.557606
38.863678,39.209393,38.6845,38.921158,38.81031,38.98746,38.870037,38.97858,39.155716,39.119568,39.001755,39.12687,39.069733,39.162125,39.141582,38.866196,38.974197,39.17619,38.999966,39.30551,39.315044,39.32756,39.194572,39.133835,39.66741,39.499863,39.076954,39.248646,39.453403,39.548077,39.50464
45.09255,44.955185,45.108322,45.853085,45.169365,45.409164,45.017826,45.49376,45.494114,45.57116,45.262505,45.745228,45.665253,45.965343,45.17936,45.248875,45.20482,45.79515,45.257877,45.425137,45.82486,45.323757,45.392143,45.180916,45.799667,45.667427,45.839436,45.786762,45.355343,45.80742,45.389725
54.37196,54.321438,54.057564,54.329697,54.413567,54.140163,54.54041,54.149258,54.10487,54.490158,54.619343,54.682453,54.51594,54.008358,54.41466,54.206875,54.56625,54.136692,54.414486,54.870144,54.59142,54.628906,55.029957,54.61332,54.75582,54.581497,54.447662,54.488766,54.80158,54.93712,54.701717
47.390766,47.793114,47.521942,47.511314,47.29152,47.795673,48.01956,47.94389,47.864258,47.77889,47.860134,47.625843,47.68668,47.43449,47.894352,47.78211,47.837215,47.959995,47.767616,47.825188,47.986973,48.32517,48.017403,48.21962,48.352318,47.995842,47.70056,48.188675,48.102287,47.943886,47.950226
43.498642,43.826424,43.3555,43.81362,43.712547,43.543404,43.829987,43.63742,43.672977,44.013973,43.71733,43.84218,43.82959,43.887035,43.805206,43.926266,43.52537,43.86695,43.805264,44.125572,44.07418,43.96555,43.77063,43.948914,44.20037,44.315933,43.968975,44.18375,44.09469,44.06634,44.440247
53.79446,53.68633,53.578033,53.93003,53.913086,54.041786,54.240234,54.451187,53.896008,53.994556,53.902454,53.92824,53.92462,53.79103,54.262367,54.254738,54.038177,54.10948,54.113995,54.09309,54.254044,54.26613,54.171215,54.32701,54.378906,54.243965,54.13092,54.568123,53.97997,54.391945,54.22796
50.408085,50.862743,50.351646,50.810734,50.680153,50.578125,50.757866,50.621258,50.77384,51.18182,50.637028,51.08747,51.02502,51.039364,50.757263,50.668293,50.7037,50.959976,50.85743,51.198036,51.039406,50.70967,51.190887,50.884407,51.54929,51.315445,50.891018,51.156403,50.74462,51.1513,51.2816
51.552074,51.31714,51.548386,51.53598,51.27009,51.668877,51.664692,51.804226,51.326,51.15769,51.305737,51.49799,51.460125,51.19365,51.373222,51.496784,51.58233,51.845646,51.588795,51.67306,51.54452,51.75197,51.53198,51.566803,51.77989,51.67531,51.805172,51.684017,51.737457,51.347084,51.543568
46.606495,46.827137,46.712517,46.540222,46.690186,46.816998,47.15643,46.88662,46.51629,47.179485,46.4505,47.147755,46.832893,47.046665,47.222824,46.828186,46.913494,47.21077,46.7827,47.039394,47.218964,47.41707,47.01396,46.732582,47.14746,47.295868,47.013943,47.487286,46.820824,47.139645,47.231934
45.40492,44.942383,45.151222,45.390453,45.2815,45.429558,45.56586,45.40201,45.17479,45.564182,46.067215,45.533913,45.371826,45.166885,45.683582,45.410133,45.236988,45.571262,45.838703,45.579338,45.46974,45.54128,45.532505,45.690697,45.706566,45.69671,45.611866,45.68246,46.025005,45.592907,46.007298
53.18512,52.796253,52.80462,53.10987,53.52694,53.15646,53.086327,52.998596,52.65603,53.119366,52.785973,52.97324,53.536304,53.009907,52.875195,53.271637,52.95845,53.145847,53.264553,53.250313,53.31398,53.105846,53.002,53.219048,52.780415,52.923447,53.45206,53.167427,53.380936,53.047882,53.24096
42.05502,42.353683,42.30916,41.77124,41.831512,42.30618,41.9252,42.368965,42.938503,42.089672,42.39534,42.307957,41.79881,42.422123,42.4583,42.054382,42.55954,42.470375,42.28143,42.095898,42.606575,42.93933,42.790325,42.63822,42.87537,42.6942,42.414463,42.35873,42.66602,43.153934,42.31441
42.919292,42.44279,42.647095,42.663532,42.81431,42.718243,42.355133,42.700066,42.789165,42.435577,42.782875,42.65116,42.666077,42.851032,42.619247,42.76154,42.71755,42.94407,42.939857,42.812107,42.92965,42.952557,42.70732,42.816406,42.740932,42.918724,43.169487,42.60799,43.115986,43.03947,42.97176
49.83352,49.84385,49.2602,49.96176,49.756195,49.566963,49.626682,49.86501,49.562824,49.74279,49.239544,49.596478,50.07546,50.00724,49.713524,50.082523,49.735077,49.938976,49.82193,49.976322,50.081333,49.92985,49.697414,49.79957,50.044598,49.76423,49.879494,50.210426,50.01607,50.08122,50.14495
37.214207,37.28298,37.408363,37.003033,37.174812,37.62737,37.21591,37.520195,37.220207,37.21267,37.28276,37.150368,37.43384,37.46618,37.251534,37.47407,37.234318,37.36166,37.399845,37.112045,36.989174,37.51255,36.828587,37.502914,37.04173,37.743614,37.425114,37.832726,37.802547,37.170315,37.460278
44.574085,44.789295,44.795868,44.793743,44.802887,45.012665,45.362835,44.983337,44.678646,45.202385,44.732933,45.021572,44.938087,45.014194,45.09162,45.27899,44.915863,45.300873,44.978535,45.05675,45.267624,45.232883,44.941975,44.975784,45.11038,45.265717,45.160446,45.56045,45.11635,44.960087,45.270164
35.69415,35.675983,35.62064,35.651237,35.55376,35.639114,35.584534,35.801662,35.791344,35.805202,35.765648,36.030266,35.63745,36.045303,35.672104,35.708023,35.806305,36.123714,35.904408,35.75569,35.794823,35.953835,35.906227,35.765915,36.04179,36.097374,36.01973,35.994583,35.818554,35.98132,36.00231
62.50794,61.546913,62.188087,62.204338,62.62583,62.437344,62.1918,62.3797,62.13063,62.256866,61.929653,62.300766,62.512592,62.5106,62.232845,62.310513,62.38934,63.057446,62.777752,62.17134,62.83323,62.61303,62.536484,62.520386,62.355114,61.956795,63.192417,62.115448,62.246143,62.34917,62.42967
41.649345,41.543594,41.68741,41.591255,41.306053,41.312294,41.666233,41.51114,41.587025,41.633804,41.97427,42.07544,41.338196,41.670822,41.63396,41.951714,41.891846,41.845898,41.892746,41.8522,41.542007,41.629513,41.892433,41.687157,41.685074,41.9899,41.855713,42.12974,42.07244,41.823254,41.88894
53.759296,54.195644,53.65799,53.822407,54.11817,53.886177,53.765877,53.923615,54.190952,54.260212,53.895023,53.95273,54.122627,54.024113,54.515915,53.92014,54.183792,53.826504,54.07673,54.50752,54.433277,54.14693,54.33588,54.284172,54.36985,54.393883,54.01426,54.49912,54.39269,54.854187,54.396927
57.384968,57.432472,57.787483,57.990326,57.632484,58.111996,57.714893,57.95368,57.783825,57.880028,57.756298,57.387238,58.019886,57.977264,58.114082,57.568264,57.660755,57.90251,57.89393,57.851387,58.218254,58.06251,57.8563,57.827087,58.329605,58.10563,57.97791,58.209858,58.104267,58.198612,58.0834
49.857513,49.88194,49.610405,50.913765,49.464638,49.64846,49.88469,50.130478,49.95591,50.06086,50.277298,49.954296,50.015068,50.03218,50.38527,50.236904,50.0461,50.17446,50.13488,50.75812,50.419205,49.721085,50.062458,49.63697,50.742653,50.29409,49.885708,50.909737,50.510983,50.526665,50.43848
52.548862,52.442966,52.45864,52.748657,52.23194,52.25301,52.702297,52.731567,52.869072,52.682297,53.03458,53.128498,52.1853,52.550766,52.535896,52.78729,53.298065,52.724136,52.770054,52.79306,52.82725,52.778664,53.481,52.82041,53.097965,52.803238,52.835056,53.128933,52.90214,53.410507,52.480125
42.291958,42.609142,42.35296,42.413055,42.190903,42.355797,42.410526,42.586887,42.76973,42.486397,42.730427,42.85636,42.391876,42.730755,42.35395,42.78336,42.721363,42.565655,42.65148,42.78201,42.33378,42.258232,42.92681,42.624496,43.061752,43.24267,42.444927,42.983635,42.50543,42.91927,42.707817
54.151882,53.896362,53.951103,53.994606,54.301743,54.067543,54.318016,54.249607,54.01836,54.22309,54.25761,54.105045,54.101357,54.08441,54.255882,54.58881,54.37277,54.16487,54.504192,54.23286,54.283936,54.341408,54.396915,54.53959,54.107662,54.295692,54.41067,54.608078,54.46983,54.498505,54.421814
51.69459,51.588017,51.591164,52.197052,51.793617,51.714455,51.983746,51.91342,51.766674,51.86719,52.018566,52.06482,52.17569,51.922203,52.20601,52.258556,52.301086,51.900787,52.032772,52.329803,52.226143,51.732166,52.51063,52.08055,52.421803,51.88784,52.12709,52.32632,52.11191,52.541714,52.30469
35.694447,35.884315,35.919342,35.759453,35.172028,35.901817,35.8519,36.26194,35.949524,35.531544,35.7119,36.02375,35.63967,36.21202,35.409092,35.947697,36.146023,36.131348,35.702972,35.527225,35.531136,36.27534,35.878357,35.900307,36.32666,36.391205,36.031937,36.319687,35.930912,35.95477,35.845024
49.479385,49.88162,49.57306,49.341908,49.18267,49.31615,49.526432,49.539364,49.616005,49.742344,49.929577,49.63529,49.22446,49.47935,49.82098,49.422962,49.57059,49.336655,49.72754,49.82608,49.424065,49.982376,49.74336,49.72689,49.8812,50.38961,49.297844,50.287186,50.158833,50.06069,49.955696
48.78339,49.02415,48.69404,49.17563,48.29801,48.741245,48.57779,49.096687,48.924545,48.73493,48.876568,48.595467,48.79445,48.691174,48.93083,48.537804,48.63189,49.01518,48.993034,49.10478,48.825996,49.04023,48.67472,48.900604,49.46453,49.206993,48.746487,49.362576,49.368435,48.91445,49.15112
49.40275,49.419247,49.216026,49.374214,49.729843,49.215775,49.22334,49.093334,49.64039,49.49289,49.49131,49.281494,49.53396,49.417152,49.57378,49.727383,49.868664,49.657936,49.881126,49.989674,49.89229,49.318794,49.851624,49.77555,49.585793,49.36109,49.849777,49.444416,49.94867,49.8127,49.83023
46.69322,46.491287,46.438927,46.873333,46.52234,46.924973,46.487045,47.080647,46.92271,46.66132,46.313328,47.144474,47.06219,47.331493,46.70064,46.726025,46.97075,47.281082,46.65681,46.70971,47.20721,46.886147,47.171993,46.678772,47.49461,46.835236,47.11814,46.966526,46.596115,47.43663,46.760574
48.08167,48.155163,48.373055,48.0876,48.031868,48.31224,48.072613,48.082134,48.597622,48.262726,48.749783,48.36276,48.289204,48.44956,48.186985,48.489727,48.447136,48.315342,48.577206,48.315025,48.182175,48.21631,48.437828,48.769226,48.47345,48.736618,48.59304,48.576965,49.09394,48.558872,48.600975
50.9772,50.887486,51.30375,50.77994,50.738335,51.109737,50.67872,51.12845,51.3749,50.971626,50.728195,51.27822,50.926044,51.65029,51.012352,51.025295,51.256798,51.53077,51.1635,50.62763,51.303078,51.49251,51.324913,51.199623,51.221825,51.183037,51.547546,51.33823,51.27057,51.528133,50.969143
55.71467,55.588062,55.559967,55.402374,55.79944,56.003475,55.76965,55.63521,55.85584,56.31141,56.00236,55.869698,55.86733,55.83683,55.97438,55.552048,55.691044,56.127235,56.017796,55.906204,56.2655,56.304462,55.77054,56.022964,55.899452,56.16191,55.999245,56.191196,56.519295,56.12045,55.984608
44.948,45.22528,44.913544,44.779224,44.81443,44.896553,44.728905,45.112064,45.36239,44.868706,44.866848,45.31768,45.090015,45.519924,45.115387,45.08826,45.46239,45.052406,44.99113,45.13581,45.15507,45.376698,45.605255,45.354515,45.710434,45.560295,45.2633,45.289894,45.166084,45.947144,45.416122
42.41108,42.512188,42.382324,41.774803,42.287186,42.156982,41.869522,42.078114,42.58713,41.954975,42.413116,42.42495,42.07177,42.333694,42.269768,42.305965,42.25169,42.13173,42.397964,42.480034,42.19124,42.609413,42.343807,42.76239,42.350235,43.033783,42.611675,42.232944,42.970417,42.780075,42.808964
37.29619,37.34169,37.82769,37.592087,37.46756,37.68781,37.886967,37.572983,37.730885,37.760418,38.15018,38.10183,37.506092,37.789474,37.81838,37.876316,37.91938,37.87088,37.73254,37.904495,37.84527,37.842453,37.98849,37.85601,37.91979,38.299873,38.181202,38.036484,38.012943,38.005707,38.058186
45.509598,44.984016,45.013565,45.247044,45.49427,45.353825,45.34722,45.365505,45.425392,45.383747,45.860973,45.51194,45.35012,45.40587,45.44077,45.663315,45.85062,45.576797,45.843273,45.712948,45.488575,45.27462,45.771614,45.640846,45.686134,45.618782,45.721416,45.49332,45.80007,45.865093,45.783276
51.348568,51.291355,51.27218,50.839016,51.56431,51.12564,51.294334,51.100872,51.31694,51.065163,51.41219,51.40229,51.33143,51.17848,51.529285,51.872417,51.821125,51.06234,51.638847,51.692673,51.240562,51.215622,51.771126,51.920113,51.228848,51.57113,51.653706,51.470436,51.8136,51.80036,51.826584
47.498505,47.28788,47.644295,47.349655,47.746307,47.595142,47.460625,47.364643,47.6486,47.312668,47.203453,47.934597,47.68204,47.860023,47.365013,47.96219,47.95596,47.869473,47.557304,47.70288,47.97162,47.55987,47.998795,47.692825,47.54018,47.60891,48.28016,47.459602,47.70677,47.965294,47.599804
50.022984,49.911144,50.16291,50.024727,49.913574,50.135387,50.483704,50.218143,50.154526,50.44014,50.41933,50.64395,50.016792,50.602985,50.242413,50.21177,50.67576,50.562725,50.32604,50.356678,50.436283,50.693295,50.815094,50.193764,50.895218,50.902992,50.558384,50.63759,50.222473,50.770775,50.573166
49.124664,48.895134,49.25338,49.401096,48.97107,49.157597,49.08318,49.236042,49.114037,49.013893,49.26774,49.08854,48.901356,49.366024,49.044792,49.23277,49.020657,49.368534,49.30304,49.396324,49.39801,49.2809,49.26255,48.73696,49.494114,49.78675,49.230034,49.44879,49.223396,49.462273,49.280857
50.063587,49.586037,49.770584,50.197567,49.90262,49.794655,49.947304,49.909184,49.640434,49.818687,50.04671,49.987614,49.893,49.848732,49.691696,50.10723,49.806717,50.04309,50.094063,50.127907,50.0588,50.05252,49.836124,49.939774,49.931725,50.14399,50.326824,50.15782,50.44691,50.017582,50.215942
56.093063,56.375854,56.28647,56.42818,56.502563,56.6561,56.72421,56.669613,56.453384,56.808506,56.12268,56.559807,56.931625,56.866673,56.933388,56.683372,56.75507,56.768017,56.573242,56.646538,57.033638,56.832043,56.9722,56.826057,57.141605,56.705994,56.822254,57.09957,56.506336,57.077526,56.96025
48.68187,48.935463,48.88015,48.997204,49.117798,49.043034,49.213562,48.85529,48.697952,49.248444,48.954666,48.907406,49.46844,49.03369,49.257458,48.98888,49.038757,49.154682,49.153328,49.530247,49.311474,49.161423,49.30215,49.06138,49.419735,49.326782,49.105347,49.296913,48.99537,49.084747,49.528675
43.90194,43.908848,43.453125,43.98346,43.873985,43.68712,43.512295,43.81567,44.03381,44.120537,44.258568,44.115253,44.06151,44.09039,44.129356,43.75068,43.999638,43.777733,44.04875,44.31878,44.05329,43.95943,44.083267,44.14177,44.31737,44.382416,44.045288,44.298706,44.492073,44.695843,44.45059
46.44434,46.21235,46.18846,46.113605,46.35382,46.086792,46.02559,46.27419,46.393425,46.03943,46.056873,46.550663,46.261913,46.677242,46.44831,46.66385,46.51315,46.361214,46.460983,46.232487,46.526253,46.57523,46.65121,46.736282,46.48068,46.423256,46.90338,46.412872,46.765656,47.094563,46.865017
37.947094,38.413544,38.418503,38.45075,38.303978,38.074177,38.44034,38.141823,38.30978,38.541096,38.71738,38.213524,38.55243,38.561024,38.80866,38.770924,38.514484,38.364513,38.726322,38.756145,38.431976,38.42996,38.62435,38.776917,38.65078,38.756332,38.594685,38.906376,38.695667,38.569008,39.257996
41.349556,41.778748,41.365868,41.731064,41.447083,41.355423,41.13329,41.533157,41.707806,41.44559,41.655235,41.34788,41.54734,41.391903,41.618717,41.32804,41.430294,41.27249,41.584538,41.950783,41.54227,41.517673,41.539932,41.730423,41.826653,41.97178,41.538605,41.818195,42.001373,41.923393,41.87525
53.063946,52.51767,52.724304,52.98922,53.147156,53.124626,53.16073,53.161743,52.86337,52.88611,53.209263,52.73086,52.961735,52.807224,53.17654,53.28159,53.17976,53.10542,53.303898,53.16565,53.381096,53.326256,53.163486,53.28263,53.18075,53.07643,53.35781,53.169167,53.50909,53.431946,53.349335
50.178123,49.94644,49.878685,50.10378,50.29078,50.212486,50.019325,50.251896,49.98997,49.966293,50.0971,49.983746,50.29985,49.88867,50.250996,50.019207,49.966564,49.9657,50.178364,50.224083,50.401905,50.512905,50.272522,50.449234,50.25983,50.189102,50.32555,50.165302,50.547657,50.617954,50.391003
46.687397,46.67395,46.643555,46.977787,46.998535,46.761295,46.919262,46.94758,46.600285,46.716362,46.591545,46.86698,47.233616,46.933174,46.659073,47.260544,47.223564,46.698948,46.75869,46.97013,46.947372,46.92222,47.08,47.105827,46.772896,46.78721,47.206024,47.205185,46.918427,47.152496,46.925407
53.11483,52.84336,53.093513,53.173306,53.189896,53.224007,52.954704,53.103916,53.260426,53.255623,53.135815,53.444683,53.46499,53.52021,53.55663,53.047657,53.44056,53.5145,53.33826,53.40511,53.75459,53.422646,53.73529,53.31491,53.6795,53.25232,53.67359,53.302,53.416782,53.924057,53.530033
48.974823,48.295868,48.638412,48.967453,48.6258,48.725113,48.52812,48.906193,48.45875,48.455105,48.86866,49.03781,48.78884,48.77126,48.479492,48.471306,48.64705,48.786213,48.845634,48.79753,48.640045,48.778343,48.984634,48.56639,49.02565,49.002434,48.979618,48.728897,48.787216,49.048935,48.82585
52.166077,51.945168,52.204735,52.17235,52.41475,52.069073,51.946735,52.09488,52.221645,51.90114,52.056114,52.26237,52.357117,52.445923,51.90441,52.387775,52.44028,52.142464,52.40173,52.244835,52.2176,52.15398,52.629387,52.581886,52.352505,52.359398,52.829124,52.057003,52.305904,52.587326,52.51121
51.98735,52.102608,51.74604,51.60169,51.984634,51.904873,51.72098,51.739223,52.17668,52.0798,51.840202,52.001354,52.046543,52.029068,51.919827,51.87543,51.95448,52.178944,52.082714,52.124725,52.37396,52.43507,52.138153,52.330727,52.175774,52.187088,52.204727,52.04185,52.5609,52.379326,52.20571
53.294437,53.047764,53.57154,53.194824,53.68363,53.789684,53.636078,53.486122,53.376476,53.558693,53.490173,53.903687,53.89003,53.61432,53.94023,53.633976,53.559387,53.66438,53.691093,53.57668,53.82131,53.58961,54.048016,53.918915,53.71725,53.665527,54.010036,53.654797,53.633266,53.969803,53.90534
42.535095,41.94333,42.12745,42.460106,42.29064,42.467583,42.321407,42.798355,42.219048,42.11426,42.10974,42.52908,42.374744,42.689896,42.09355,42.71024,42.62224,42.866993,42.59335,42.267555,42.29695,42.3284,42.295338,42.355896,42.551353,42.49842,42.902924,42.656746,42.345287,42.418964,42.509785
45.598812,45.03088,45.045265,45.402557,45.230446,44.946323,45.19634,45.163624,45.06426,45.161648,45.4049,45.37346,45.174,45.47189,45.14427,45.689327,45.36742,45.653854,45.75758,45.489643,45.33789,45.298035,45.358376,45.315567,45.450558,45.418022,45.68374,45.446495,45.733322,45.409557,45.866974
50.850685,50.828262,51.33438,51.28652,51.276955,51.130035,51.372906,50.915993,51.019375,51.16691,51.3893,51.04788,51.41675,51.216053,51.204674,51.37749,51.37243,51.308434,51.488605,51.45707,51.451958,51.287773,51.70095,51.477013,51.499176,51.311134,51.68077,51.18101,51.363716,51.27735,51.683582
52.56388,52.938892,52.754456,52.97241,52.896873,52.86534,53.1129,52.661415,52.726974,53.041954,52.664955,53.045948,53.220856,52.698776,52.925594,52.8168,52.924282,52.940155,52.71144,53.35891,53.47729,53.18692,53.363068,53.0001,53.281918,52.986168,53.086895,53.06233,53.199978,53.222725,53.075485
43.303272,43.225174,43.311165,42.96199,43.704826,43.424725,43.683464,43.16929,43.363026,43.760803,43.88302,43.73862,43.566425,43.365738,43.759045,43.782387,43.766083,43.51379,43.796032,43.72386,43.582214,43.64782,43.719334,44.11547,43.324738,43.744102,43.972054,43.74706,44.102337,43.72909,44.070362
45.524193,45.569736,45.22397,45.757042,45.66059,45.309605,45.681736,45.44442,45.53178,45.644684,45.857754,45.53841,45.767754,45.47754,45.59115,46.121292,45.788616,45.61058,45.92691,46.064064,45.732265,45.490734,45.785694,46.050262,45.819477,45.724297,45.868225,45.933617,46.19601,45.80062,46.202736
39.002335,38.988976,39.22528,39.61834,39.16295,38.98147,39.416508,39.301537,39.120777,39.108776,39.394844,39.373253,39.21394,39.34617,39.22133,39.672592,39.494434,39.49515,39.424843,39.693447,39.36896,39.184357,39.522465,39.314392,39.616383,39.637924,39.751568,39.565865,39.157177,39.33544,39.75169
46.363052,46.34568,46.385284,46.483242,46.49375,46.52638,46.507946,46.671055,46.487617,46.50712,46.79923,46.375126,46.402912,46.456383,46.711006,46.46004,46.46733,46.419025,46.73232,46.713264,46.535824,46.792812,46.59112,46.80893,46.87278,47.13703,46.73046,46.839134,46.83988,46.900925,47.05627
47.38593,48.081287,47.520096,47.372196,47.41117,47.552776,47.636913,47.674603,47.80196,47.670643,47.44967,47.392387,47.829613,47.77919,47.49983,47.725132,47.84849,47.583973,47.600945,47.675014,47.684338,48.293007,47.80763,48.187172,48.06171,48.04512,47.658676,48.080162,48.05075,47.92928,47.9635
52.299587,52.27452,52.603157,52.37727,52.51944,52.653442,52.55521,52.609287,52.560383,52.506527,52.53653,52.7198,52.803986,52.66402,52.53582,52.75993,52.87731,52.597073,52.73517,52.480198,52.490128,52.51964,52.903324,53.058937,52.64959,52.64614,53.012062,52.870537,52.78879,52.76879,52.700874
43.735435,43.98107,43.89501,43.95142,43.986305,43.5023,43.976288,43.447,43.891804,44.47559,44.656998,44.375206,44.0771,43.9936,44.3476,43.815407,44.132668,43.837337,44.332348,44.43085,44.143158,44.13849,44.747517,44.355186,44.324757,44.303566,44.156345,44.258114,44.435436,44.5627,44.701336
44.943317,44.840736,44.86976,44.846336,44.839317,44.82815,44.562122,45.05451,44.988304,44.81568,44.491497,45.062622,44.870983,45.470936,44.621643,44.912037,44.9148,45.22308,44.96634,44.697174,45.036682,45.22144,45.029472,44.867462,45.08147,45.201492,45.270958,45.114544,44.790627,45.276028,44.955032
65.95224,65.54712,65.1145,65.872635,65.77136,65.907776,65.451706,66.02223,65.98152,65.73172,65.543335,65.545105,66.02713,65.87146,66.00648,65.853745,65.67938,66.09195,66.08499,66.036964,66.40462,65.84128,65.94826,66.00645,66.54245,65.82489,65.888565,66.006744,66.26221,66.52709,66.126785
42.16636,42.623802,42.972786,42.408726,42.767853,42.672737,42.57733,42.550613,42.80238,42.675922,42.83859,42.308228,42.735626,42.789948,43.00232,42.84984,42.85139,42.555737,42.933514,42.769382,42.74389,42.83243,42.99998,43.041153,42.645355,42.99456,42.82175,42.968513,42.69302,42.915337,42.97679
53.941074,53.520435,53.644066,53.675568,54.3444,53.641697,54.007492,53.445065,53.66546,54.14283,54.223717,54.121445,54.003113,53.943027,54.042606,54.009354,54.26451,53.942474,54.25081,54.487286,54.260044,54.1576,54.325146,54.27478,54.03604,54.320213,54.615677,53.8863,54.366993,54.395393,54.701744
54.804127,54.70159,54.895477,54.553318,55.109047,54.728626,54.91482,54.841835,54.847313,54.89552,54.76158,54.72623,54.94439,54.85829,55.448345,55.211292,55.12561,55.030594,55.283928,54.949306,55.24122,55.422653,55.127922,55.67328,54.822052,54.826866,55.553883,55.195316,55.355156,55.25694,55.553757
58.50918,58.808544,58.43187,59.06072,58.683167,58.97892,58.811493,59.022816,59.24939,59.304737,58.89785,58.773018,59.004208,58.828655,59.49428,58.390358,58.910336,59.325413,58.90107,59.449715,59.906487,59.52467,59.18315,59.14775,59.94242,59.25248,59.157173,59.325882,59.335793,59.669365,59.31109
59.159977,59.017574,59.30825,59.222675,59.438263,59.124172,59.361023,59.091114,59.05843,59.247173,59.573097,59.024864,59.367115,59.00289,59.219185,59.474056,59.21712,59.053608,59.684223,59.430695,59.28595,59.33352,59.677666,59.656067,59.23473,59.390083,59.36483,59.415966,59.523083,59.38069,59.52537
34.766502,34.84829,34.669975,34.702213,34.942436,34.699207,34.681717,34.739857,34.968014,34.90816,34.930607,35.09229,34.949635,34.98322,34.932423,34.79434,35.1434,35.16878,35.013832,35.243763,35.08127,35.058987,35.18616,35.09494,35.16892,35.13875,35.292538,34.867462,34.935215,35.16123,35.274723
42.998337,43.161957,43.239403,43.392616,42.9617,43.31329,43.210926,43.58331,43.44999,43.026855,43.20267,43.50259,43.26641,43.424026,43.349426,43.347805,43.589214,43.380352,43.09059,43.51447,43.447464,43.445824,43.565586,43.36376,43.822132,43.78399,43.578377,43.686752,43.288395,43.821827,43.403603
44.69058,44.69342,44.796944,44.61831,44.76767,44.770386,44.765835,44.70106,44.558846,44.78369,44.58994,44.68739,44.952145,45.000957,45.02283,44.821514,44.78814,44.952698,44.861084,44.853195,45.053783,45.321075,44.826317,44.912872,44.89235,44.99185,45.10244,45.04738,45.108418,45.04272,45.284256
48.619125,48.2674,48.18313,48.326073,48.833466,48.660816,48.563923,48.474262,47.927944,48.65201,48.22776,48.214283,48.925304,48.32545,48.681072,48.49954,48.226654,48.588215,48.59693,48.603798,48.83759,48.98527,48.15791,48.561333,48.09322,48.336243,48.635075,48.769646,48.950554,48.47896,48.74404
57.670216,57.23578,57.46083,57.692196,57.543488,57.67284,57.67794,57.743244,57.585533,57.55354,57.797375,57.17767,57.573948,57.433693,57.74488,57.772335,57.856976,57.917522,57.922985,57.80764,58.08323,58.11995,57.661915,57.810097,57.782818,57.596313,57.89277,57.932487,58.20261,57.857353,57.757393
47.479298,47.353386,47.67656,47.93676,47.314682,47.722816,47.642323,48.012726,47.65619,47.64662,47.982388,47.95729,47.746845,48.067574,47.550865,47.990177,47.730713,47.757984,47.927826,47.71009,47.329575,47.282005,47.86174,47.63582,48.10197,48.350952,47.716427,48.406906,47.57954,47.893806,47.845875
55.86764,55.631184,56.163376,56.177456,56.29547,56.433247,56.394547,56.485134,55.807953,56.008945,55.782787,55.894283,56.78045,56.235493,56.442993,56.57947,56.507614,56.379303,56.451557,56.035774,56.288445,56.1598,56.51311,56.60392,56.272217,55.730377,56.612617,56.515453,55.97179,56.153465,56.37138
46.372444,46.625603,46.28472,46.45465,46.614914,46.458607,46.193306,46.353848,46.74157,46.943935,46.61604,46.508465,46.91261,46.953243,46.773304,46.289738,46.66432,46.66547,46.81866,46.62223,46.891003,46.90815,46.90224,46.997635,46.99349,46.66655,46.8325,46.776222,47.035767,47.173668,47.081364
34.698635,34.898174,34.837734,34.69097,34.937096,34.833183,34.674217,34.691246,34.916912,34.78321,34.679302,34.894596,34.86448,35.294846,34.99334,35.10309,34.9142,35.005512,34.73062,35.267445,35.204136,35.199272,34.612434,34.836662,34.92518,35.634735,35.348274,35.13777,35.251865,35.280712,35.468914
47.25599,47.00167,47.227013,47.48543,46.817955,47.082577,47.037964,47.2598,47.323658,46.95173,47.543324,47.401237,47.17642,47.264946,47.30308,47.379093,47.430748,47.519814,47.605827,47.506313,47.166782,46.993267,47.51113,47.396088,47.790802,47.44876,47.56681,47.467087,47.75061,47.444386,47.685265
48.729084,48.83596,48.7629,48.752945,48.835037,49.136875,49.100037,49.11616,49.283157,49.16413,49.254578,48.857296,48.888554,49.001545,48.947723,49.041008,49.371513,49.326836,49.165977,49.185543,49.275845,49.438522,49.113216,49.38999,49.45,49.495888,49.31375,49.364365,49.417435,49.25957,49.182503
47.75109,47.701756,48.044907,47.31729,47.75003,48.315266,47.85961,48.084488,48.32911,47.952023,47.9967,48.124943,47.741776,48.224735,47.604256,47.988647,48.150375,48.288544,48.13718,47.449905,47.902153,48.219433,48.17663,48.34536,48.071636,48.32698,48.293613,48.105312,48.232613,48.174126,47.73048
49.74771,49.52773,49.588905,49.398968,50.089622,49.927902,49.647068,49.779625,50.007465,49.868168,49.7489,49.681293,49.824036,49.671825,49.92,49.771847,49.949963,50.168217,50.185997,49.785065,50.20118,50.119102,49.989975,50.4429,49.819664,49.65924,50.427387,49.69777,50.237473,50.026257,50.02245
44.120377,43.964897,43.60768,44.18491,43.789543,43.715446,43.963768,44.050034,43.81512,44.050926,44.33772,44.183376,43.913292,43.840633,43.90137,43.913986,43.873848,44.05862,44.11449,44.488865,44.008747,44.177128,44.02546,43.9227,44.37991,44.582695,43.94245,44.39059,44.273235,44.23108,44.358856
35.481358,35.529434,35.47231,35.271095,35.290146,35.22039,35.60341,35.352966,35.41594,35.364635,35.743393,35.920204,35.291504,35.476917,35.23275,35.825756,35.87795,35.522552,35.54235,35.713562,35.30947,35.603867,35.828613,35.617546,35.523884,35.91004,35.674633,35.757034,35.787678,35.692245,35.674458
47.269344,47.13069,47.372208,46.887474,47.177628,47.52784,47.10923,47.387978,47.126595,47.0692,46.709724,47.33317,47.47864,47.851078,46.858364,47.411606,47.00659,47.428844,47.171326,46.654217,47.24867,47.77754,47.153423,47.37487,47.18083,47.533043,47.563885,47.442333,47.40261,47.443676,47.29509
40.76124,41.517853,40.71263,40.861973,40.720375,40.8526,40.809048,41.142876,41.233757,40.830402,40.525524,40.597694,40.828114,41.05127,41.196594,41.168438,41.013077,41.02054,40.87305,41.29906,41.260456,41.418606,40.81745,41.17212,41.46693,41.507828,40.93252,41.51435,41.446556,41.43572,41.454548
54.33303,54.063316,54.289864,54.308994,54.548874,54.38236,54.349636,54.23644,54.289944,54.636757,54.53281,54.36297,54.523636,54.396317,54.640293,54.37015,54.358425,54.571674,54.645695,54.56757,54.837135,54.811928,54.4317,54.707954,54.338127,54.528862,54.87176,54.686634,54.97857,54.70025,54.769943
51.195766,51.12049,51.206787,51.420555,51.626976,51.65939,51.7473,51.3909,51.19369,52.00988,51.799606,51.53567,51.76458,51.096024,51.84169,51.315277,51.3659,51.73373,51.782707,51.94636,51.808113,51.509403,51.50847,51.670418,51.531372,51.640358,51.659763,51.930847,51.863758,51.38412,51.761673
50.54,50.330853,50.1065,50.452484,50.62906,50.4134,50.014423,50.493782,50.424305,50.174835,49.998276,50.25595,50.68525,50.637714,50.416264,50.500923,50.35806,50.48945,50.488403,50.631527,50.73463,50.55569,50.367226,50.579323,50.615276,50.582764,50.801483,50.47048,50.698807,50.89848,50.79477
49.006973,49.545326,49.048332,49.33737,49.020416,49.16151,49.663254,49.283337,49.36787,49.707977,49.7051,49.081936,49.216087,49.19626,49.820374,49.677956,49.53912,49.356865,49.651505,49.767403,49.65628,49.602417,49.67301,49.60421,49.93685,49.718666,49.073975,50.160862,50.05341,49.813404,49.934067
47.911957,47.97146,48.080223,47.937733,48.112106,48.269497,48.22209,48.164036,47.80293,47.983444,47.9095,47.944267,48.177395,48.047928,47.882977,48.09044,47.982162,47.9,47.94651,48.043446,48.183105,48.472416,48.205418,48.034172,48.088654,48.414604,48.05752,48.300213,48.18443,48.32472,48.04564
41.373947,41.738926,41.404472,41.422115,41.58046,41.207355,41.026573,41.22819,42.00931,41.499897,41.413094,41.132507,41.405304,41.444683,41.754444,41.57803,41.59634,41.983994,41.957596,41.85644,42.02105,41.704304,41.550392,42.0823,41.659664,41.36889,42.04742,41.480915,42.16737,41.62683,42.00498
44.6915,45.151833,45.265953,44.99787,44.43267,44.937267,44.592377,44.920895,45.20687,44.913265,44.59295,44.79517,44.89991,45.44183,44.69081,44.653618,44.99547,45.45105,44.857334,44.915333,45.15085,45.518505,44.753407,44.80503,45.261547,45.39788,45.25555,45.339455,45.259815,44.9173,44.948597
45.788635,46.065285,45.905586,45.972836,45.646706,46.026684,46.19948,46.22656,46.11638,46.039574,45.997986,46.175022,45.906116,46.173347,45.546978,46.288906,46.243896,46.20997,45.97122,46.02064,45.98365,46.234818,46.18666,46.09665,46.37756,46.552864,46.067432,46.57495,46.139057,46.150257,45.911934
52.072937,51.977665,51.976486,52.373047,52.144302,52.02517,52.357906,52.06785,51.913277,52.383762,52.564404,52.27132,52.42533,52.197914,52.60276,52.284714,52.423058,52.173836,52.43256,52.825706,52.414307,52.312416,52.51941,52.32498,52.69786,52.65931,52.396168,52.69108,52.63776,52.655235,52.950657
52.54252,52.656727,52.37684,52.426353,52.544067,52.62002,52.76173,52.486416,52.843063,52.826168,52.732887,52.692234,52.538193,52.390846,52.670692,52.907135,52.997524,52.908775,52.784416,52.963413,53.166542,52.876373,52.939457,52.919617,52.77454,52.644028,52.78908,53.006657,53.42526,53.015633,52.608135
52.52451,52.334053,52.470627,52.51698,52.649055,52.462456,52.851784,52.5848,52.613205,52.81696,53.100975,52.84872,52.568897,52.508488,52.926697,53.03786,52.894356,52.839664,53.19173,53.020077,52.664352,52.558613,52.94166,53.23079,52.90683,53.03318,53.124866,53.100113,53.114292,52.81802,53.334465
48.305862,48.662743,48.616722,48.728466,48.466774,48.627953,48.71915,48.78611,48.796764,48.91002,48.914608,48.605194,48.69632,48.46715,48.928852,48.56199,48.70706,48.843185,48.902573,48.923847,48.870476,48.89146,48.94206,49.00718,49.033337,48.91897,48.730366,49.202457,48.874073,48.814034,48.84137
48.014088,47.9517,47.321198,47.54436,48.05535,47.67607,47.95288,47.898624,48.011005,47.72976,48.129997,47.629417,47.684925,47.34775,48.158516,48.28885,48.342648,47.79119,48.24248,48.4073,48.13016,48.09701,48.2371,48.5282,48.15886,47.979866,47.99011,48.00768,48.581226,48.460968,48.394234
54.43483,53.959843,54.001305,54.45122,54.36351,54.207172,54.30393,54.36045,54.45794,54.54033,54.91924,54.30514,54.14495,54.030273,54.813385,54.346874,54.442913,54.582783,54.89532,54.663,54.871502,54.584023,54.75997,54.72609,54.707302,54.32006,54.623062,54.59578,55.039635,54.95972,54.75563
43.104862,43.15932,43.227875,43.37472,43.119484,43.75672,43.811348,43.76537,43.324097,43.360104,43.43227,43.17072,43.545956,43.210846,43.375618,43.81079,43.701267,43.77504,43.401787,43.513172,43.563816,43.71253,43.151665,43.67251,43.563477,43.568222,43.6488,44.026005,43.879112,43.214188,43.455997
48.877876,48.921047,48.96174,49.01269,48.786316,48.8262,49.058872,48.965942,48.913853,48.69057,48.75443,48.806946,49.006477,49.069523,49.196346,49.29512,49.204327,49.284344,49.132446,49.266224,49.39217,49.33029,49.414333,49.087982,49.55684,49.079117,49.232613,49.122353,49.130905,49.32874,49.4894
41.18684,41.29423,41.416275,41.151115,41.712784,41.101177,41.044716,41.033684,41.279526,41.215446,41.153404,41.094303,41.43122,41.420826,41.422565,41.482483,41.485863,41.29352,41.581203,41.537243,41.44554,41.46714,41.37771,41.734085,41.023396,41.392197,41.947876,41.30285,41.616352,41.454147,41.832905
46.31547,46.043545,46.358757,46.267323,46.126595,46.376114,46.40753,46.246857,46.36462,46.598,46.70788,46.714325,46.369892,46.75022,46.24718,46.351036,46.52613,46.829304,46.59812,46.40408,46.564068,46.74158,46.636414,46.42337,46.743805,46.832466,46.76806,46.65207,46.725456,46.628788,46.672295
48.70728,48.459084,48.465027,48.825905,48.705193,48.68961,48.496475,48.797264,48.755787,48.576775,49.034843,48.47183,48.74778,48.52089,48.483437,48.80346,48.76201,48.697292,48.97909,48.962074,48.616837,48.635242,48.52099,49.01406,48.734493,49.003593,48.9697,48.956757,49.232246,48.74311,48.885933
47.758774,47.706013,47.347565,47.60315,47.721375,47.922337,47.893555,48.15392,47.767704,47.738297,47.606762,47.602154,47.80886,47.44624,47.66569,47.797222,47.98177,48.052105,47.899685,47.82141,47.929874,48.147583,47.821766,48.146324,48.019714,47.731888,47.920994,48.04816,48.020573,47.835,47.73635
42.973602,42.650417,42.767067,43.025578,42.571495,43.006176,42.810238,43.250465,42.89447,42.65309,42.93061,43.032856,42.754623,42.882618,42.66353,42.897114,42.60135,43.25304,42.997883,42.809734,42.91826,43.10044,42.795597,42.91903,43.233368,43.239807,43.108707,43.116997,43.11623,42.958992,42.986557
49.75346,49.69533,50.06079,49.678047,49.813095,49.926327,49.918922,49.922417,50.210426,49.766266,50.339607,49.997353,49.773422,49.968956,50.412037,50.32676,50.319916,50.127888,50.367645,50.35134,50.03477,49.895634,50.306717,50.4028,50.355595,50.539696,50.35924,50.266598,50.346233,50.36664,50.571617
43.297607,43.237392,43.20926,42.99729,43.315224,43.387306,43.407578,43.325268,43.270607,43.278515,43.290447,43.55823,43.501225,43.532257,43.37168,43.953735,43.513863,43.456024,43.46486,43.384624,43.371147,43.36307,43.43536,43.62458,43.26389,43.583694,43.540245,43.78104,43.7279,43.61057,43.615486
36.30402,36.820873,36.64038,36.825935,36.320137,36.73609,36.45257,36.895264,36.95578,36.561974,36.502464,36.621216,36.84468,37.203915,36.902664,36.838295,36.911755,36.77671,36.476192,36.82484,36.92775,37.004635,36.67582,36.81813,37.24826,37.233917,36.945152,37.278515,37.020844,37.30729,37.113052
49.628437,49.858418,49.25139,49.937355,49.514496,49.39774,49.111233,49.604477,49.955353,49.574436,49.363808,49.603455,49.663387,49.450127,49.731342,49.35871,49.91469,49.781055,49.56454,50.244934,50.19177,49.663265,49.78667,49.629402,49.984085,49.543526,49.808483,49.871384,50.219517,50.22559,49.57286
33.977844,34.31914,34.825645,34.480507,34.030773,34.150272,34.42783,34.12767,34.168613,34.281815,34.79708,34.831364,34.562683,34.68428,34.541134,34.37203,34.733128,34.212814,34.41271,34.65943,34.04495,34.36473,34.98297,34.467026,34.778244,34.981018,34.674465,34.70317,34.468067,34.649025,35.000362
42.649036,42.372772,42.178192,42.350586,42.185112,42.56253,42.067814,42.758457,42.647266,42.145325,42.117733,42.46613,42.36327,42.715065,42.41284,42.612106,42.520195,42.90021,42.577377,42.339523,42.672386,42.534435,42.508213,42.329063,42.7688,42.453606,42.489353,42.66029,42.668106,42.897522,42.380726
48.701725,48.94034,48.350685,48.635403,48.540337,48.484234,48.302277,48.790375,48.877888,48.89628,48.375217,48.559307,48.81757,49.072487,48.90366,48.736076,48.735497,48.99991,48.980343,48.721928,48.925655,48.987495,48.704876,48.974068,49.037785,48.7818,48.79187,49.270477,49.079327,49.120674,49.085526
43.81019,43.828243,43.852707,43.77331,44.051277,43.912033,44.46316,43.71102,43.60531,44.258453,44.31079,43.935577,43.90509,43.75249,43.92186,44.42743,44.251816,44.108166,44.2064,44.498333,44.0837,44.0768,43.97576,43.92286,43.77674,44.40531,44.04053,44.487106,44.413918,43.807987,44.237144
49.279766,49.569622,49.659546,50.253452,49.514023,49.66549,50.05275,49.991768,49.74866,50.09762,49.711643,49.94937,49.82219,50.19577,50.234653,50.142788,49.857513,50.189957,49.997158,50.087673,50.327934,49.726856,50.376324,49.64511,50.646347,50.137825,49.930714,50.579117,49.5176,50.3261,50.25819
62.139515,61.801544,61.803345,61.88529,62.060257,62.11901,62.189762,62.129898,62.046936,62.249905,62.41065,61.97155,62.156853,62.00855,62.45056,62.3481,62.17767,62.197758,62.595413,62.249607,62.313347,62.315407,62.350365,62.576775,62.43005,62.314453,62.217987,62.561592,62.75774,62.550007,62.615932
38.185333,38.758915,38.967422,38.57532,38.639214,38.43254,38.73938,38.233055,38.701748,38.83793,38.99461,38.68993,38.955063,38.752193,38.986553,38.84767,38.923252,38.818764,39.029774,39.056374,38.737186,38.772095,39.12978,39.251526,38.903355,38.900948,39.126274,38.88586,39.01085,38.627598,39.43561
51.0579,50.793377,50.908493,51.276302,51.123917,51.223244,51.443867,51.33898,51.34133,51.29703,51.61942,51.516624,51.211075,51.04445,51.705704,51.54832,51.654625,51.617268,51.56757,51.80026,51.69624,51.11575,51.823338,51.52176,51.8833,51.442406,51.58681,51.594017,51.48651,51.765343,51.652477
54.750446,54.773758,54.550705,54.618374,54.785072,54.73342,54.32725,54.664494,54.44081,54.54846,54.012943,54.474358,55.27206,54.93223,54.66858,54.50918,54.629265,54.66152,54.6396,54.70005,54.896523,54.997448,54.77888,54.726044,54.777878,54.543175,54.75961,54.812294,54.862804,55.00881,54.81436
45.410496,45.58811,45.498634,45.851128,45.178802,45.497723,45.07773,45.71566,45.867504,45.280838,45.287518,45.47636,45.672974,45.909985,45.828064,45.604046,45.598484,45.90032,45.740177,45.69574,45.812004,45.459824,45.748993,45.67855,46.27553,45.649452,45.836285,45.84301,45.883152,46.029854,45.989986
46.063328,45.72255,45.664894,45.926003,45.94026,46.121227,45.79817,46.16814,45.84393,45.76175,45.5976,45.654995,46.003407,45.88451,45.760174,45.89696,45.81647,46.33831,46.052425,45.82334,46.296944,46.324554,45.849712,45.92427,46.030907,45.730843,46.128613,45.94872,46.173615,46.016544,45.857372
58.628056,58.654606,58.63935,58.25742,58.841255,58.99816,58.65243,58.772076,58.734592,58.97189,58.40016,58.630928,58.99385,58.919502,58.703003,58.410572,58.65783,59.01817,58.87072,58.626934,59.02519,59.35738,58.838726,59.040733,58.94124,59.025963,58.984592,58.911236,58.87727,58.922943,58.841145
44.968437,44.960175,45.065475,45.101795,44.83023,45.108845,45.32293,45.26361,45.20901,45.063103,45.66976,45.008053,44.93536,44.947754,45.40821,45.417973,45.445538,45.120422,45.304607,45.34459,45.27633,45.5549,45.323624,45.515984,45.45083,45.540703,45.282574,45.661102,45.82461,45.586624,45.52475
44.314087,44.092495,44.47126,44.10016,44.29425,44.209923,44.024776,44.080032,44.401463,44.08475,44.55553,44.60117,44.08773,44.49204,44.38658,44.395245,44.46906,44.258102,44.449894,44.563778,44.370426,44.287228,44.6343,44.29738,44.36692,44.88179,44.63793,44.365025,44.670242,44.900898,44.60409
42.709454,42.788048,42.60817,43.18128,42.88884,43.13296,42.963783,43.312256,43.088295,43.12558,43.035446,43.02678,43.189693,43.119473,42.999954,43.057644,42.977848,43.20226,43.05863,43.10372,43.19776,43.052338,43.008404,43.2519,43.463104,43.316513,43.266018,43.45787,43.16254,43.297634,43.246693
46.809822,47.274464,46.856377,46.655018,46.7507,47.10506,46.58612,47.065296,47.316593,47.02494,46.56092,46.979618,47.128475,47.1106,47.00421,46.824963,47.023773,47.23549,47.02644,46.90579,47.069485,47.146267,46.917824,47.355026,47.165577,47.07747,47.125893,47.364388,47.498096,47.17655,46.98916
48.33934,48.221382,48.311195,48.449654,47.95613,48.087276,48.24365,48.326527,48.121525,48.25594,48.33644,48.53319,48.19845,48.312706,48.302204,48.383648,48.519615,48.318115,48.31926,48.368286,48.38207,48.47243,48.593056,48.11653,48.304935,48.321304,48.266792,48.86183,48.67304,48.707493,48.171555
47.55901,47.603764,47.477264,47.122337,47.96263,47.410572,47.733074,47.287304,47.398823,47.866047,47.620663,47.768696,47.647182,47.448605,47.657383,47.78723,47.904335,47.67078,47.84097,48.071026,47.72098,47.80041,47.770893,47.893143,47.27689,47.91571,47.928585,47.873642,47.854214,47.6558,47.894943
53.383404,52.983143,53.07614,53.48015,53.63816,53.34799,53.14663,53.334877,53.314045,53.305157,53.120346,53.384056,53.515484,53.55468,53.08124,53.623905,53.27831,53.498695,53.480824,53.431805,53.77426,53.308002,53.476536,53.400887,53.31104,53.373978,53.7882,53.430363,53.512245,53.74748,53.377518
53.524105,53.910664,53.505287,53.776314,53.095184,53.477367,53.744347,53.76355,53.720478,53.554043,53.583187,53.81614,53.549194,53.618664,53.78898,53.915024,53.775654,53.70669,53.631535,54.0664,53.79519,53.75182,53.92455,53.695953,54.3518,54.18551,53.509155,54.36758,54.17602,54.130577,53.980793
45.770626,45.964954,45.912636,46.03301,45.64306,45.88408,46.19363,46.18142,45.919926,46.017235,46.20175,45.85257,45.711105,45.983303,46.09308,46.189713,46.059143,46.00781,46.106174,46.155666,46.00914,46.37147,46.012012,46.09037,46.36537,46.636086,46.01168,46.672768,46.348934,46.26079,46.3892
43.327774,43.562267,43.68743,43.33044,43.3776,43.243717,43.695408,43.132595,43.684376,43.674374,43.56144,44.037174,43.603737,43.759995,43.876125,43.996403,43.885513,44.122326,43.778683,43.866104,44.080082,43.87866,44.133965,44.029137,43.86853,43.624252,44.220108,43.785507,44.03484,43.838795,44.191936
42.41137,42.512592,42.564735,42.48919,41.9909,42.493484,42.32758,42.55416,42.39083,42.214184,42.319355,42.726456,42.44023,42.768818,42.28034,42.360294,42.334103,42.6302,42.333107,42.579346,42.337997,42.68029,42.395077,42.28312,42.949074,43.222313,42.61763,42.798122,42.74029,42.64041,42.79534
56.68823,56.793484,56.554184,56.834126,56.840034,57.20037,56.71278,56.990295,57.22324,57.113632,56.814404,57.04544,57.332073,57.160072,57.303383,56.71461,56.87577,57.28028,57.013927,57.29355,57.5308,57.0739,57.216434,57.228683,57.826088,57.356888,57.199444,57.170082,57.283657,57.600536,57.403034
43.83518,43.72974,43.729996,43.376286,44.03887,44.084812,44.25102,43.91324,43.974262,43.944214,44.43133,43.87951,43.85458,43.523403,44.146366,44.380123,44.29049,43.972813,44.317802,44.122166,43.992603,44.120766,44.229847,44.610092,43.954075,44.13153,44.127277,44.13334,44.588306,44.154278,44.292103
57.93182,58.100605,57.909233,58.082947,58.389626,58.277424,58.59709,58.310562,58.05575,58.46187,58.375656,57.76067,58.23843,57.602043,58.215122,58.442318,58.237267,57.919323,58.360275,58.253777,58.496513,58.647675,58.3448,58.78231,58.00885,58.136375,58.16666,58.726387,58.79446,58.398346,58.13945
57.60859,57.483288,57.476265,58.07226,57.873466,57.80831,57.837784,57.84944,57.72513,57.93001,57.937492,57.7108,58.082573,57.559017,58.250328,57.95503,57.82053,57.86994,58.114006,58.238174,58.295177,57.630974,58.232544,58.03029,58.19991,57.69181,57.907806,58.179455,58.12825,58.27389,58.108555
40.26162,40.47456,40.416565,40.094757,40.522087,40.31881,40.406788,40.37266,40.416294,40.6614,40.40103,40.628586,40.48048,40.461197,40.57729,40.295143,40.364662,40.707138,40.629646,40.523956,40.592922,40.897682,40.668274,40.799652,40.49282,40.714264,40.74724,40.63294,40.409344,40.521564,40.758427
55.294254,55.29491,54.94548,55.90689,55.06105,55.145714,55.053074,55.463993,55.44304,55.411655,55.227364,55.355385,55.4624,55.33204,55.566917,54.970467,55.633595,55.7126,55.530983,55.954502,55.830296,55.258778,55.789593,55.17736,56.27621,55.328674,55.490536,55.662098,55.5828,55.875187,55.56567
42.821228,42.64663,42.992683,43.121094,42.800087,42.821484,42.682606,42.755295,42.873474,42.79666,43.1101,42.923714,43.016453,43.22625,42.672142,43.182613,42.759647,43.121006,43.14064,43.086597,42.91242,42.766098,42.797184,42.874794,42.950745,43.334915,43.252415,43.15029,43.215637,42.889275,43.24283
53.11278,53.03207,52.54383,53.20714,52.500175,52.989426,52.59155,53.355415,53.450317,52.742092,53.017788,52.82954,52.705086,52.8977,52.961845,52.89162,53.01855,53.285233,53.027424,53.35061,53.329193,53.21558,52.81216,53.040054,53.72513,53.486954,53.040504,53.412624,53.70959,53.55234,53.09319
49.409622,49.393677,48.910995,48.960876,49.670174,49.26828,49.79616,49.246166,49.100166,49.6793,49.437553,49.517975,49.419106,49.179596,49.570118,49.958054,49.77492,49.38109,49.71473,49.81972,49.573654,49.4066,49.790836,49.658333,49.39154,49.548203,49.377934,49.84343,49.78717,49.75523,49.780926
48.862953,48.548786,48.937363,48.61398,48.564888,48.722202,48.706398,48.85123,48.64735,48.517548,48.705112,49.007286,48.61769,49.054634,48.637264,48.873783,48.882683,48.901184,48.866386,48.6486,48.711597,49.130135,48.986526,48.799072,48.917843,49.208214,49.118282,49.00497,48.95182,49.11052,48.984043
48.15031,48.164753,48.793312,48.514717,48.336662,48.54395,48.431797,48.472977,48.732956,48.197838,48.6465,48.733013,48.471355,48.573093,48.67306,48.629475,48.700474,48.593697,48.63044,48.55248,48.734547,48.50975,49.170788,48.899002,48.95609,48.71306,49.07602,48.497627,48.71119,49.017223,48.794353
41.7037,41.207905,41.600975,41.823322,41.404533,41.656384,41.39783,41.881065,41.384907,41.065125,41.568577,41.551605,41.59051,41.84538,41.466335,41.79379,41.74331,41.583126,41.52005,41.69411,41.472496,41.730427,41.334,41.437233,41.685642,42.08719,42.002525,41.89515,41.887333,41.897804,41.877846
44.48968,44.36599,44.298424,44.51609,44.490463,44.48381,44.46451,44.5756,44.645847,44.689854,44.54603,44.696987,44.707626,44.852005,44.800594,44.71947,44.845394,45.01149,44.804745,44.7116,44.938965,44.854145,44.75386,44.912384,44.94308,44.652275,45.110577,44.885788,44.96533,44.972534,45.08056
43.26004,43.565464,43.200813,43.38806,43.32818,43.12776,43.213627,43.18213,43.65367,43.51302,43.55984,43.27757,43.196194,43.45299,43.668194,43.515457,43.56212,43.52036,43.596264,43.87901,43.884346,43.64834,43.67436,43.510826,43.778587,43.76204,43.50432,43.70004,43.952652,44.01567,43.850025
38.559116,38.731724,39.32351,38.656696,38.560257,39.036415,38.75945,39.0959,38.779587,38.55526,38.419323,38.675964,38.694717,39.35868,38.43797,39.09535,38.77132,39.003025,38.74048,38.25144,38.581303,39.27553,38.456604,38.830177,38.507523,39.29531,39.216652,39.329628,38.871002,38.651585,38.73012
53.092606,53.09484,53.229706,52.64779,53.418343,53.158127,53.006687,52.77433,53.331295,53.338066,52.97517,53.146603,53.054413,53.250908,53.133198,53.152134,53.16385,53.52342,53.509705,53.14457,53.671207,53.506496,53.550865,53.430374,53.077904,53.160744,53.560783,53.021408,53.52377,53.417965,53.25039
40.47942,40.56304,40.64081,40.699455,40.680756,40.766556,40.793262,40.75382,40.56026,40.562054,40.525063,40.69643,41.086117,40.82199,40.976265,40.89044,40.889027,40.969925,40.7537,40.96385,40.954063,41.008045,40.827557,41.083824,41.08691,40.85663,41.26591,40.892105,40.955593,40.856716,41.371746
54.494236,54.253864,54.735153,54.49603,54.9292,54.749912,54.848526,54.63691,54.53912,54.803543,54.537663,54.68698,54.8624,55.007965,54.874004,54.96627,54.923923,54.9527,54.921158,54.69064,55.142418,55.122013,55.055744,54.99668,54.77281,54.83268,55.32999,54.915638,54.753517,55.066822,55.081856
41.30245,41.70595,41.209473,41.414524,41.190704,41.181725,41.57301,41.38338,41.525066,41.742847,41.95434,41.512085,41.264927,41.098057,42.014206,41.427223,41.58985,41.61383,41.802917,42.16879,41.61982,41.649178,41.691986,41.725357,42.00096,41.979393,41.370396,42.046432,42.063217,41.733234,42.132767
44.177746,44.263252,44.039368,44.022564,44.00879,44.203983,44.00015,44.24472,44.301018,44.061836,44.164032,44.19649,44.111237,44.330063,43.829746,44.12612,44.352028,44.223503,44.12122,44.32565,44.155888,44.50763,44.1307,44.250618,44.426266,44.794876,44.343025,44.428864,44.587994,44.479923,44.2795
44.26293,44.12354,44.126976,44.64688,44.11628,44.082195,44.244305,44.4936,44.2234,44.13375,44.240005,44.475243,44.428867,44.782345,44.05966,44.789997,44.483097,44.420998,44.388515,44.362186,44.32417,44.311954,44.53679,44.35192,44.695988,44.636383,44.616543,44.766125,44.309147,44.718216,44.64705
41.372166,41.739674,41.270767,41.755665,41.119858,41.49149,41.363884,41.878918,42.13709,41.57088,41.54032,41.87852,41.55452,41.883347,41.891804,41.66463,41.953247,42.021797,41.555744,41.916245,42.092472,41.848568,42.01079,41.856087,42.58146,41.969803,41.864643,42.095802,41.891735,42.429592,41.932392
49.219025,49.129364,49.437294,49.304398,49.38874,49.421646,49.196983,49.439674,49.532005,49.26101,49.469,49.23024,49.509937,49.65115,49.704964,49.440575,49.731045,49.624428,49.8298,49.53678,49.510735,49.447098,49.84039,49.760574,49.923313,49.611702,49.84497,49.48712,49.507217,49.78579,49.95234
32.226063,32.350258,32.288307,32.17606,32.519318,32.17073,32.201904,32.135696,32.17668,32.3229,32.293465,32.51719,32.419243,32.612843,32.107594,32.45275,32.401054,32.36484,32.39415,32.61057,32.19537,32.390358,32.261623,32.42103,32.247646,32.92697,32.78218,32.45418,32.435528,32.372395,32.829575
46.644775,46.322548,46.09372,46.25484,46.675453,46.46281,46.646843,46.63023,46.42359,46.54795,46.318478,46.770187,46.636295,46.540554,46.77071,46.850006,46.574844,47.00544,46.776356,46.736748,46.951946,46.913456,46.708027,46.9881,46.82774,46.630447,47.069576,46.68795,46.74457,46.842228,47.141586
43.539673,43.990265,43.444557,43.2991,43.362747,43.627228,43.7589,43.65165,43.91834,43.799904,44.021328,43.577194,43.59515,43.47358,43.95121,43.765274,43.957806,43.728317,43.80692,44.015594,43.8333,44.23979,43.83094,44.200775,44.123096,44.169624,43.604725,44.18109,44.52243,44.094185,44.133217
55.108284,54.712727,55.14711,55.54369,54.93714,55.2638,55.34728,55.777126,55.105473,54.918495,55.1701,54.981327,55.16046,55.23835,55.33444,55.58719,55.50011,55.500885,55.42159,55.27228,55.32396,55.39843,55.239887,55.355446,55.567295,55.394287,55.59872,55.84415,55.2305,55.380615,55.383053
43.19398,43.315872,43.229088,43.144367,43.001244,43.123558,43.165215,43.342865,43.346245,43.279903,43.193657,43.71144,42.9157,43.38554,43.536278,43.312603,42.952682,43.441174,43.14715,43.524284,43.613113,43.639156,43.305855,43.126144,43.49282,44.04638,43.345978,43.809967,43.448677,43.84658,43.52491
42.592045,42.517944,42.685555,42.831585,42.594666,42.85083,42.739933,43.010662,42.99249,42.92858,43.268116,42.93638,42.692547,43.111904,43.221146,42.814125,42.95934,42.936672,42.87193,43.106144,43.08811,43.25906,42.843758,42.985817,43.32026,43.70556,43.17243,43.414673,43.176617,43.53023,43.38769
50.58016,50.768448,50.19998,50.651627,50.760696,50.02458,50.618767,50.34064,50.800602,50.930477,51.11961,50.828365,50.572067,50.39037,51.33675,50.948204,51.066425,50.59384,51.114906,51.511684,51.129795,50.64685,51.4519,51.164154,51.145596,50.82589,50.762604,51.060966,51.13403,51.52306,51.430744
43.039562,43.339935,43.16085,43.437153,42.85869,42.927017,43.036106,43.25046,43.504025,43.052906,43.54904,43.297203,42.941887,43.035557,43.392117,43.343433,43.50913,43.08484,43.14423,43.739468,43.46196,43.337666,43.52721,43.252808,43.528072,43.661148,43.176502,43.74086,43.67622,43.884903,43.27128
50.654667,50.919655,50.593307,50.788246,50.66255,50.853504,50.852474,50.92666,50.79914,50.995434,50.91203,50.5026,50.891796,50.65186,51.272453,50.970383,50.857384,50.782135,51.000195,51.09894,51.103832,51.064785,50.87107,50.97354,51.014896,50.995262,50.56479,51.54277,51.420803,51.232914,51.055355
42.094807,42.122227,41.99192,42.0002,41.858597,42.353886,41.996536,42.38778,42.453896,42.036545,42.156326,42.418243,42.182976,42.337227,42.077206,42.060364,42.222347,42.508575,42.1273,42.2227,42.310867,42.514027,42.212204,42.45807,42.745033,42.704063,42.531803,42.359108,42.571236,42.539154,42.419857
42.08048,42.267105,42.183395,41.739407,42.405197,41.983,41.940014,41.833885,42.259304,42.17323,41.913464,42.368107,42.341236,42.33605,42.257133,42.24771,42.38499,42.36896,42.364998,42.306335,42.419155,42.406334,42.601723,42.631508,42.153687,42.163055,42.688267,42.068207,42.379982,42.468216,42.55276
49.55967,49.10167,49.151627,49.517906,49.43576,49.78591,49.615646,49.637146,49.637913,49.63385,50.08388,49.65615,49.538612,49.138683,49.71733,49.362125,49.36077,49.87057,49.94361,49.623985,49.932358,49.71615,49.925854,49.99034,50.151844,49.53125,49.78544,49.477425,50.268234,49.919525,49.870884
46.94228,46.97817,46.9215,47.352962,47.040558,47.258568,47.484188,47.340424,47.575264,47.772533,47.766754,47.671124,47.197327,47.385567,47.608112,47.156796,47.794094,47.91396,47.539906,47.832455,47.878735,47.545994,47.86551,47.50786,48.251595,47.79335,47.75383,47.73199,47.512066,47.84059,47.71918
44.626835,44.786457,44.69539,44.48578,44.6482,44.414196,44.57345,44.593616,44.852097,44.57891,44.691986,44.955402,44.49604,44.595615,44.890373,45.02962,45.05181,44.763863,44.916332,45.01641,44.766785,44.62125,45.064487,45.029,44.701256,44.871384,44.99371,45.02887,45.06529,45.069683,44.936375
51.649353,51.80084,51.321915,52.076126,51.836693,51.37669,51.85023,51.80182,51.693565,52.13533,51.90114,51.924522,51.984825,51.96561,52.089146,52.007175,51.98895,51.828518,52.221153,52.206112,52.01457,51.73364,52.448185,52.137474,52.514595,51.986397,51.947514,52.315434,51.875134,52.411846,52.544796
40.84291,40.724743,40.199608,40.83097,40.462074,40.19114,40.038864,40.50886,40.778244,40.444958,40.398804,40.850002,40.367115,40.997627,40.250523,40.63338,40.622433,40.85217,40.692314,40.956207,40.807373,40.458424,40.742188,40.249252,41.039463,40.998558,40.74791,40.68919,40.799423,41.18333,40.81524
47.932507,47.88528,47.623688,47.467968,48.21862,47.615257,47.430065,47.557426,48.2046,47.828373,48.18966,47.586994,47.89191,47.77702,48.19425,48.145435,48.02708,47.834713,48.48,48.21564,48.055077,47.873295,48.139275,48.639305,47.87202,47.970078,48.185246,47.82139,48.524307,48.353947,48.521084
48.862614,48.479103,49.09185,48.439663,48.950974,49.38076,48.979805,49.071697,48.825916,48.728016,48.832806,48.79783,49.058857,49.21026,48.676594,49.097713,48.87166,49.290043,49.32646,48.471634,48.709393,49.120594,48.906013,49.335564,49.0235,49.216805,49.44894,48.88865,49.12549,48.72181,49.242294
48.35583,47.978115,47.779716,48.353886,48.59806,48.254402,48.39757,48.264954,47.930492,48.8688,48.49018,48.356117,48.656944,48.393585,48.674484,48.4208,48.029354,48.582497,48.752346,48.53752,48.693867,48.527214,48.240707,48.545746,48.351562,48.389107,48.570354,48.811455,48.72756,48.532906,48.97678
50.64558,50.498993,50.32161,50.5994,50.85241,50.648792,50.54344,50.676956,50.47718,50.59264,50.69235,50.491768,50.826153,50.20723,50.551476,50.469997,50.656097,50.537933,50.78574,51.002148,50.71103,50.685135,50.733948,50.86196,50.641117,50.710785,50.736237,50.704556,50.880455,50.73996,50.685192
48.079895,47.861233,47.90535,48.27236,48.019775,48.213264,48.256443,48.295795,48.129623,48.084,48.6834,48.151882,48.07597,47.83207,47.869553,48.145737,48.382637,48.000515,48.299747,48.323925,48.05553,48.213234,48.36231,48.44361,48.440475,48.48459,48.32649,48.38041,48.72952,48.428596,48.23571
56.054165,55.944836,55.915276,56.383823,55.669403,55.883213,55.895515,56.300507,56.09059,55.845135,55.878338,56.030872,55.95107,56.36568,55.93778,56.442406,56.076828,56.24544,56.267895,56.13823,56.111546,55.922016,56.191555,55.963097,56.5573,56.393036,56.119114,56.652103,56.239826,56.4292,56.259647
42.852055,43.06737,42.77224,42.783672,42.930122,42.989803,42.989075,43.18227,42.998398,42.941193,42.88033,42.877956,43.09405,43.131016,43.391666,43.28607,43.19524,43.057068,43.10549,43.266983,43.161396,43.252346,43.158146,43.207405,43.356945,43.40267,43.00507,43.503895,43.124996,43.484207,43.472664
56.2941,56.44203,56.47435,56.82371,56.55111,56.203796,56.404335,56.416046,56.525986,56.898197,56.425285,56.49727,56.60959,56.72655,56.974903,56.42707,56.483498,56.83552,56.89278,56.810402,57.140785,56.80595,57.00484,56.672134,56.943645,56.54422,56.862423,56.970943,56.621716,56.993008,56.988327
42.998184,43.17241,43.641838,42.507294,43.23857,43.11481,43.280632,42.97179,43.438652,43.435608,43.36093,43.7968,42.987198,43.579765,43.641155,43.493225,43.89835,43.557762,43.630325,43.266,43.2761,43.423267,43.966377,43.65586,43.197388,43.60589,43.78373,43.581207,43.36272,43.662598,43.55874
44.515774,44.385624,44.274933,44.13663,44.516693,44.248604,44.581085,44.37426,44.21402,44.5794,44.241238,44.694225,44.40396,44.653847,44.406353,44.747066,44.73114,44.688248,44.645477,44.411476,44.612415,44.828514,44.79538,44.594574,44.41849,44.487946,44.740406,44.75203,44.603054,44.758076,44.69391
42.061745,42.050804,42.20684,42.122574,42.111008,42.41026,42.944897,42.457497,41.96132,42.343513,42.51568,42.552807,42.266438,42.367687,42.097378,42.97148,42.667034,42.34441,42.35344,42.366657,42.125183,42.41646,42.497555,42.433594,42.458088,42.8778,42.455585,42.95166,42.513416,42.377018,42.57325
57.573463,57.479855,57.73295,57.178852,57.650497,58.060814,57.68813,57.802113,58.06797,57.654255,57.952713,57.93602,57.67889,57.37804,57.91749,57.48739,57.836567,57.770897,57.821987,57.674877,58.03351,58.14575,58.2677,58.383286,58.02639,57.934525,58.007187,57.720676,58.271008,58.320488,57.66534
48.266186,48.663322,48.62481,48.366512,48.238976,48.682293,48.654438,48.721466,48.700256,48.627014,48.401333,48.591656,48.7874,48.973785,48.482475,48.84569,48.631184,48.837715,48.55155,48.485676,48.662968,49.081158,48.582058,48.949814,48.938526,49.13315,48.7967,49.192696,48.815952,48.717396,48.85631
35.453457,35.715443,35.52959,35.60764,35.50372,35.63463,35.632496,35.979176,35.43855,35.467453,35.24381,35.3798,35.7813,35.96663,35.5664,36.004757,35.744526,35.801304,35.716698,35.628716,35.419403,35.75303,35.455524,35.640602,35.77822,35.984257,35.683926,36.19774,35.414818,35.555817,35.936394
45.31826,45.0818,45.737503,45.23965,45.55284,45.58148,45.85711,45.46398,45.694656,45.818333,46.03799,45.884785,45.38305,46.04324,45.71698,45.986187,46.068626,46.114216,46.06644,45.643658,45.76584,45.87993,46.033924,45.989166,45.921467,46.21585,46.367683,45.89404,45.75864,45.853012,46.213577
46.47419,46.461666,46.487762,46.621128,46.427032,46.54705,46.47177,46.51819,46.464817,46.530533,46.70382,46.58654,46.694122,46.264793,46.330338,46.18788,46.553123,46.63081,46.633976,46.701157,46.54465,46.82762,46.617134,46.86338,46.71851,46.6547,46.89051,46.61327,47.076485,46.496113,46.68565
45.696968,46.020264,45.9217,45.8338,46.29486,45.711338,45.984344,45.788364,45.98041,46.26448,46.17091,45.846287,46.16586,46.152954,46.41099,46.439003,46.078304,45.849125,46.373596,46.28212,46.199944,46.13728,46.315002,46.5223,45.945724,46.298462,46.20454,46.487396,46.17664,46.42142,46.652946
52.464092,52.194065,52.235474,52.43448,52.51689,52.521282,52.72485,52.42828,52.589733,52.656178,53.08246,53.037933,52.382828,52.290825,52.523144,52.536526,52.89989,52.495964,52.66507,52.9828,52.775116,52.563244,53.14813,52.817825,53.015785,53.04091,52.89224,52.679623,53.11858,53.2262,52.806923
36.857365,36.925888,36.717094,36.712624,36.596542,36.428375,36.135685,36.62006,36.732967,36.316162,36.425377,36.80085,36.65804,37.099392,36.236412,36.550823,36.688507,36.5985,36.506187,36.82225,36.559113,37.027046,36.544277,36.59768,36.744007,37.30674,37.006176,36.73237,36.954304,37.052658,36.93212
52.602707,52.54798,52.333633,52.477837,52.828064,52.294662,52.504265,52.376503,52.412148,52.573475,52.518925,52.29254,52.64944,52.45355,52.828087,52.705994,52.67936,52.689735,52.98196,53.16041,52.85729,52.70998,52.804893,52.774895,52.801067,52.784897,52.78668,52.67938,52.75887,52.78132,53.20681
44.912838,45.229656,44.048775,44.78006,44.95112,44.962303,44.849228,45.41632,45.152008,45.070526,44.608948,44.77947,45.14073,44.903156,45.403652,45.372425,45.164146,45.057823,45.16094,45.232628,45.206604,44.908905,45.013847,45.447,45.5049,44.997696,44.78441,45.658794,45.318726,45.62011,45.3832
39.950504,39.580856,39.572258,39.526787,39.511925,39.45158,39.588818,39.6785,39.67987,39.59014,39.88544,40.12694,39.393383,39.742977,39.6416,39.694534,39.903477,40.087708,39.92314,39.94833,39.724556,40.00145,39.87508,39.752754,39.936066,40.126114,40.093925,39.82943,40.022312,39.95566,40.059002
45.714214,45.612064,45.448097,45.120636,45.960655,45.622135,45.454163,45.63722,45.63652,45.704437,45.4307,45.517944,45.767372,45.7211,45.824547,45.71177,45.691196,45.811104,46.06659,45.463913,45.75462,46.04136,45.83432,46.276085,45.558464,45.538193,46.02821,45.67426,45.915348,45.9035,46.06653
43.554504,43.565308,43.96106,43.681915,43.86531,43.822166,44.066013,43.748043,43.70666,43.725784,44.13805,43.724915,43.9146,43.548176,43.961052,44.082287,44.06461,43.840076,44.03512,43.97997,43.906776,44.140892,44.076153,44.396645,43.779716,43.921677,44.29251,43.991077,44.236683,43.83812,44.20193
48.747616,48.85267,48.53144,48.97056,48.877487,48.99657,49.3041,48.907898,48.719276,49.411167,49.338154,49.230103,49.181072,48.74693,49.44431,48.75887,49.080753,49.033512,49.049686,49.635765,49.365707,49.22104,49.383186,49.042824,49.671703,49.46782,48.947872,49.452877,49.395046,49.495052,49.555252
39.996582,40.3269,40.46502,40.146294,40.3748,40.393005,40.317608,40.218906,40.21781,40.481834,40.34566,40.26035,40.47254,40.552296,40.280796,40.309265,40.336617,40.282166,40.435627,40.31444,40.254684,40.55822,40.37458,40.5278,40.29993,40.758987,40.572346,40.646748,40.5604,40.39769,40.642914
36.752655,36.977177,37.106583,36.908306,37.122963,37.099194,37.217274,37.101078,37.254208,37.342716,37.25844,37.27368,37.216904,37.564243,37.026257,37.45738,37.274338,37.449272,37.32582,37.04711,37.22014,37.461205,37.26567,37.64473,37.313213,37.608696,37.719437,37.474247,37.23254,37.24502,37.62072
46.325417,46.328823,46.36641,46.39951,46.34017,46.28263,46.516617,46.34585,46.6986,46.487534,46.81855,46.582733,46.17716,46.47593,46.603893,46.82683,46.63256,46.71889,46.621037,46.95139,46.90628,46.763496,46.631306,46.683403,46.764618,47.1119,46.83843,46.835384,46.961647,46.919456,46.90276
48.898754,49.256435,48.953026,49.208927,49.004997,49.075962,49.150642,49.26064,49.397274,49.47091,49.40452,49.03187,49.17369,49.020935,49.824078,49.0559,49.394474,49.371475,49.446804,49.618263,49.630062,49.56775,49.45349,49.610092,49.738403,49.414543,49.330788,49.76519,49.724728,49.694996,49.688324
46.594254,46.759853,46.447205,46.46101,46.77263,46.89928,46.968742,46.652866,46.74096,46.7581,46.86288,46.779087,46.941944,46.492752,46.68614,47.02338,46.936802,46.64994,46.701267,47.009758,47.014122,46.997272,46.99524,47.16001,46.927906,46.961983,46.835514,46.949112,47.44359,47.13522,46.941326
55.64202,54.97495,55.351387,55.633152,55.66459,55.418243,55.431164,55.571445,55.51805,55.37637,55.84797,55.42179,55.53301,55.729645,55.508427,56.24707,55.618767,55.682297,56.09913,55.664127,55.62306,55.29142,55.64584,55.831253,55.557617,55.75959,55.95,55.851513,55.860744,55.83655,55.96425
46.182297,46.106133,45.581123,46.121696,46.04576,45.916748,46.371044,46.0956,45.928024,46.273643,46.250298,46.11,46.121483,46.166553,46.158894,46.731506,46.05486,46.31991,46.28453,46.590984,46.450836,46.394047,46.00323,46.20952,46.42022,46.659813,46.14345,46.725166,46.655853,46.419655,46.757584
46.197987,46.47981,46.381035,46.695427,46.22641,46.525146,46.608387,46.66822,46.738358,46.71015,46.310776,46.859146,46.675655,46.903088,46.460384,46.57579,46.783337,47.204044,46.584602,46.77979,46.96008,46.728535,46.917713,46.65618,47.366596,46.881287,47.015514,46.91529,46.48154,46.75375,46.802456
41.176895,41.46497,41.713524,41.60954,41.29322,41.943996,41.09536,41.827606,41.973385,41.41689,41.344666,41.547676,41.849876,42.01586,41.361538,41.118874,41.432014,41.861088,41.42524,41.32927,41.6427,41.902115,41.382973,41.92302,42.04672,42.047974,42.19106,41.67946,41.81985,41.729206,41.70778
60.11413,60.366795,60.05327,60.521534,60.213127,60.2245,60.28577,60.35869,60.411453,60.483017,60.073864,60.266068,60.504383,60.463566,60.828365,60.50948,60.42098,60.498714,60.427933,60.858387,61.00987,60.45803,60.70644,60.369347,60.982147,60.581688,60.373825,60.94355,60.62677,61.059067,60.73822
53.308247,53.132122,53.23536,53.578247,53.44993,53.325333,53.84146,53.53147,53.226673,53.509686,53.77281,53.402016,53.620636,53.25734,53.718384,53.99549,53.87279,53.498024,53.795757,53.801323,53.701862,53.527462,54.02695,53.791428,53.74452,53.427315,53.582294,53.955982,53.66935,53.803688,53.7992
49.877247,49.84868,50.146324,49.608047,49.862915,49.819717,49.876858,49.84075,49.818905,49.756187,50.127804,49.746277,49.74514,49.94078,49.940155,50.054344,49.835197,49.681812,50.123272,49.830082,49.79091,50.41415,50.013767,50.253387,49.815666,50.44641,50.05953,50.196968,50.356663,50.203007,50.294365
45.025677,44.88267,45.096794,45.138515,45.167343,44.834126,45.253902,44.977997,44.859505,45.013508,45.07826,45.037617,45.23484,45.274445,45.042908,45.43528,45.360897,45.285126,45.27856,45.20377,45.317387,45.667046,45.29321,45.541435,45.208214,45.20929,45.813053,45.249477,45.408817,45.23557,45.74609
47.64232,47.91496,48.10499,48.36616,47.74366,48.184177,48.31814,48.491055,47.96452,48.248398,48.005867,48.162434,48.456055,48.487534,48.34204,48.519844,48.384758,48.40685,48.223602,48.286644,48.08451,47.982765,48.238308,48.105896,48.536297,48.492043,48.181107,49.12907,47.84378,48.150387,48.31968
40.422752,40.120518,40.74121,40.235542,40.81629,40.75375,40.758457,40.613888,40.491528,40.6005,40.652756,40.99234,40.660725,41.028328,40.560745,41.061314,40.882626,40.859863,40.865627,40.487488,40.550144,40.62513,40.865143,40.926064,40.515076,41.037758,41.339962,40.794277,40.560333,40.77479,40.992035
50.77283,50.922184,51.054382,51.13811,50.464424,51.021885,50.69833,51.302776,51.37973,50.596382,50.92789,50.763416,50.92612,51.29581,51.41036,51.209473,51.16736,51.142612,51.134605,50.945507,51.282898,51.197487,51.401237,51.23642,51.80404,51.204964,51.097374,51.418896,51.340446,51.781864,51.34614
46.56504,46.949337,46.754814,46.355137,46.5888,46.93389,46.530304,46.696213,46.943363,46.860565,46.570698,46.534233,46.817963,46.90682,46.91789,46.372673,46.80494,46.92593,46.899063,46.62158,46.950672,47.315495,46.918564,47.101074,47.15771,46.944885,46.909733,46.889668,47.365376,47.10578,47.06651
40.965927,41.312084,41.012886,41.2849,41.02813,41.078655,41.255253,41.34041,41.220284,41.209606,41.048096,41.008877,41.327904,41.581577,41.619255,41.426186,41.691353,41.47842,41.346725,41.64186,41.500706,41.566616,41.465122,41.346504,41.983562,41.648293,41.484795,41.711967,41.354877,41.700047,41.993988
49.104813,49.238094,49.508163,49.04872,48.705887,49.476074,48.87309,49.520374,49.543262,48.652046,49.482376,49.332783,49.04294,48.962486,49.03438,48.955338,49.196777,48.882515,49.11025,49.1712,48.827587,49.165604,49.52463,49.319893,49.52928,49.82025,48.93408,49.410294,49.492653,49.635258,48.83743
40.94719,40.64871,40.836525,40.966995,40.861496,41.210396,41.261803,41.252457,40.91095,41.0454,41.827892,41.14926,41.080162,40.91519,41.191845,41.210487,41.269688,40.8913,41.165024,41.288605,40.90689,41.25937,41.13966,41.293312,41.305256,41.71737,41.09455,41.55498,41.533333,41.45503,41.416656
51.014614,50.960335,50.393517,51.040787,50.946907,51.00201,50.857075,51.11738,51.110573,51.284092,50.928673,50.948933,51.067432,50.779026,51.389954,50.5086,51.10552,51.50041,51.151627,51.5601,51.706665,51.474854,51.133358,51.121254,51.711575,51.100708,51.22696,51.21922,51.452385,51.474556,51.346542
45.669785,46.17212,46.124428,45.591476,46.044952,45.82461,46.322353,45.91216,45.778934,46.1549,46.01186,45.685276,46.156223,46.112366,46.21384,46.567566,46.366802,45.811478,46.312706,45.92905,45.85821,46.436913,46.334908,46.59764,45.87017,46.1603,46.035347,46.641506,46.226074,46.1161,46.485474
49.37496,49.685658,49.644943,49.499046,49.830765,49.675262,49.818527,49.709564,49.835007,49.68556,49.679768,49.35524,49.65779,49.464256,49.870335,50.019394,50.140377,49.735996,49.881767,50.03794,50.02463,49.919758,50.001587,50.09777,49.740044,49.81218,49.917118,50.02633,49.92488,49.94559,49.80124
55.297398,54.95621,55.701897,55.262245,55.23429,55.464428,55.305927,55.199867,55.146084,55.057228,55.170574,55.190315,55.43792,55.609215,55.252552,55.225933,55.417095,55.69065,55.50124,55.349907,55.5618,55.849148,55.487583,55.370247,55.620754,55.62919,55.970867,55.239006,55.626064,55.376812,55.738647
56.063046,55.66965,55.199562,55.54557,55.771942,55.47246,55.398895,55.75521,55.510296,55.515736,55.175434,55.486717,55.690613,55.640984,55.73452,55.8503,55.627193,55.84376,55.79728,55.83835,56.093315,56.093147,55.582333,55.70234,55.6248,55.561142,55.752163,55.93653,56.07987,56.12734,55.824337
40.480682,39.91821,40.220184,40.10952,40.23957,39.826454,39.937737,39.89754,39.814705,39.909645,40.46099,40.40047,40.227524,40.160748,39.929558,40.066498,40.22871,40.1938,40.37677,40.41218,39.952168,40.47622,40.201996,40.31221,39.97682,40.456917,40.68886,40.03316,40.513523,40.1679,40.644806
43.811417,44.477875,44.12925,44.252163,43.997772,43.86081,43.86628,44.11869,44.32973,44.236904,43.85759,44.07788,44.28163,44.720207,44.212482,44.307312,44.24709,44.170464,44.226246,44.32621,44.232586,44.304653,44.30861,44.364983,44.601036,44.694206,44.37008,44.71515,44.257015,44.587906,44.706863
48.853413,48.83606,48.451218,48.038345,48.872353,48.782005,48.511936,48.680138,48.879665,48.514046,48.179478,48.62528,48.712605,48.852604,48.673977,49.007877,49.095425,48.880363,48.800274,48.638187,49.044197,49.099594,49.008934,49.02604,48.71553,48.632454,48.89683,48.71042,49.092625,49.288803,48.733555
47.88453,48.09933,48.027863,48.43315,47.49523,48.32822,47.839092,48.431034,48.420296,48.066647,47.95912,48.26274,48.35991,48.301517,48.28645,47.717396,48.076183,48.547157,48.002197,48.08732,48.568798,48.444256,48.436047,48.164673,49.018635,48.13964,48.211445,48.4803,48.475674,48.645126,48.100258
49.694153,50.105537,49.745857,49.87448,49.742775,49.658234,49.56218,49.818516,50.103363,50.064087,49.774673,49.922005,49.95986,50.016754,50.075787,49.793133,49.86196,49.86069,49.918625,50.00027,50.19585,50.234188,50.065056,50.234856,50.088,50.080498,50.026943,50.384087,50.386707,50.463123,50.11967
53.013885,53.06343,53.097168,52.38668,52.904594,52.76,52.62119,52.650578,53.211025,52.699734,53.162964,52.983383,52.722126,52.786407,53.003304,52.82108,53.156277,52.75022,53.099155,53.137768,53.022648,53.390987,53.429737,53.37114,53.0111,53.356087,53.064785,52.87239,53.495163,53.54815,53.116695
54.34958,54.70573,54.680115,54.433628,54.834824,54.82155,55.202396,54.731323,54.71814,55.24461,55.033985,54.67858,54.700752,54.565754,55.033382,55.051487,54.88364,54.721855,54.979416,54.987484,55.078186,55.122417,55.083332,55.102013,54.774944,55.206238,54.694817,55.490044,55.05676,55.06112,54.894928
43.481762,43.158367,43.413696,43.669476,43.41503,43.612457,43.61127,43.670055,43.30515,43.526863,43.401344,43.9383,43.947704,44.30752,43.48818,43.830585,43.49506,43.966106,43.696365,43.448826,43.65888,43.725857,43.801155,43.66678,44.225735,43.994972,44.13606,43.792843,43.51352,43.8934,44.319443
35.8646,35.962124,35.91372,35.801968,35.83671,35.679802,36.062897,35.79374,35.790253,35.8634,36.110413,36.60186,35.959362,35.95515,36.17063,36.045868,36.384148,35.970596,36.01065,36.40018,35.93914,35.948154,36.72574,36.05827,36.39206,36.297607,36.187035,36.084957,35.996,36.471172,36.44431
36.8863,37.1194,36.871574,36.979427,36.63157,36.89497,36.85154,37.210712,37.377342,37.066856,37.333416,37.203636,36.71246,37.320724,37.366474,37.295265,37.120983,37.300797,37.287693,37.312557,37.1135,37.048466,37.201443,37.08252,37.625027,37.784073,36.99402,37.67624,37.278843,37.60119,37.501167
49.09766,49.506935,48.95468,48.77863,49.49156,49.2857,49.120262,49.068695,49.64399,49.666122,49.141792,49.22668,49.2762,49.166622,49.64714,49.087517,49.554718,49.58402,49.41104,49.765427,50.007256,49.757442,49.576702,49.61856,49.501442,49.475388,49.469727,49.472153,49.744564,49.839397,49.442184
38.691734,39.37033,38.469215,38.906136,38.375526,38.18193,38.34919,38.51567,39.050804,38.740513,38.957344,38.97908,38.690773,38.679787,39.077705,38.650333,38.930916,38.64303,38.85625,39.515675,38.873085,38.68469,39.282387,38.882935,39.514584,39.18167,38.513283,39.115257,39.287918,39.477234,39.33464
46.486137,46.809,46.706665,46.62946,46.610573,46.882957,46.81213,46.717262,46.901825,46.859276,46.706997,46.92065,46.943336,46.588055,47.109905,46.66338,47.019867,47.004128,46.650696,47.17257,47.284706,47.179768,46.98202,47.065575,47.06707,46.929657,47.089363,47.109356,47.35556,47.137306,46.94893
49.451267,49.342476,49.17531,48.957905,49.539055,49.24095,49.32999,49.231205,49.378025,49.262745,49.596424,49.262318,49.46482,49.062176,49.578136,49.659943,49.31223,49.259384,49.748367,49.42781,49.515064,49.703167,49.7461,50.124634,49.371216,49.32682,49.501625,49.381298,49.94947,49.752613,49.83593
48.348507,48.182217,48.217735,48.560173,48.247726,48.60685,49.127853,48.77824,48.399586,48.80389,48.734177,48.65962,48.456684,48.765224,48.452126,49.112816,48.795876,49.090015,48.739338,48.65205,48.858646,48.959473,48.66082,48.67411,49.09889,49.056984,48.855396,49.248333,48.79666,48.69136,48.950745
39.360554,39.4063,40.132393,38.766266,39.495613,39.690483,39.42973,39.221966,39.63005,39.287575,39.594547,39.36321,39.290146,39.69469,39.204285,39.6806,39.502758,39.756165,39.764034,39.12328,39.366653,40.039745,39.477074,39.868896,39.04712,39.89869,39.959503,39.394627,39.898384,39.239845,39.57829
45.88687,45.646072,45.618874,45.630444,45.957108,45.957794,46.198074,46.12361,45.96314,46.104218,45.848038,46.36417,45.97548,46.162556,46.25011,46.47975,46.22152,46.444286,46.148003,45.948975,46.400013,46.336117,46.277416,46.439873,46.21184,46.07444,46.516582,46.404152,46.173035,46.45672,46.39384
45.29511,45.362347,44.6146,45.076527,45.406197,45.195698,45.010456,45.490833,45.36809,45.25829,45.01057,44.973343,45.370674,45.22129,45.261196,45.456165,45.10646,45.403114,45.49621,45.436222,45.446663,45.37345,45.167194,45.608032,45.50679,45.43081,45.233253,45.525303,45.375923,45.54082,45.55875
44.76621,44.664814,44.298645,44.964752,44.29595,44.737053,44.762447,44.96213,44.807415,44.32689,44.259567,44.717316,44.58515,44.89549,44.57771,45.21171,44.867374,45.19444,44.541336,44.90368,45.37929,44.966698,44.90115,44.45424,45.45753,44.784355,44.83616,44.96128,45.108307,45.323326,44.833733
42.3155,42.630806,42.964996,42.70272,42.40027,42.798355,42.87642,42.896946,42.975014,42.87116,42.953194,42.939407,42.61678,42.94732,42.82271,42.928337,43.03273,43.054245,42.903225,42.69902,42.828114,42.970314,43.071568,43.044647,43.05842,43.150963,43.088413,43.330975,42.927845,42.94395,42.862694
54.244484,53.873116,53.83956,54.868523,53.881363,54.193676,54.647736,54.64008,54.055202,54.49613,54.78263,54.5169,54.305855,54.096573,54.73073,54.479336,54.4554,54.60525,54.64294,54.8166,54.584324,54.226578,54.680157,54.2798,55.16466,54.536697,54.334507,55.086773,54.66217,54.73159,54.795288
47.211876,47.063515,47.254128,47.48586,46.929344,47.260445,47.43539,47.44241,47.01228,47.433704,47.594368,47.696613,47.393265,47.50395,47.404247,47.35177,47.25358,47.405235,47.462105,47.44543,47.189533,47.310894,47.580112,47.16256,47.74924,47.83689,47.266567,47.95728,47.415653,47.588684,47.63049
41.284916,41.39655,41.169044,41.23477,41.468117,41.23124,41.351475,41.2504,40.93224,41.316788,41.00287,41.14557,41.608246,41.188408,41.00284,41.47093,41.28968,41.32726,41.343224,41.377167,41.25799,41.571995,41.07754,41.506065,40.914413,41.233047,41.51769,41.58307,41.628933,41.026207,41.40874
42.791206,42.90156,42.73419,42.74113,42.587685,42.344757,42.54876,42.677654,42.492245,42.53819,42.053772,43.014,42.71947,43.087585,42.401268,42.796497,42.77273,42.951946,42.636456,42.705658,42.774445,43.05561,42.90103,42.611824,42.80458,42.843315,43.075714,42.92661,42.633976,42.879505,42.89885
55.852886,55.638687,56.132797,55.996975,56.101776,56.170273,55.89488,56.225166,55.825905,55.636868,55.82454,55.93975,56.203762,56.078175,56.139046,55.965366,56.149323,55.834423,56.2038,56.072136,55.877373,55.853638,56.465572,56.169945,56.36234,56.280838,56.31443,56.06733,55.829533,56.38665,56.29389
40.75539,40.873882,41.260963,41.317635,40.82802,40.87997,41.437084,41.046932,41.053448,41.158817,41.715714,41.59646,41.049282,41.21161,41.309402,41.472958,41.5682,41.183975,41.244396,41.672546,41.118324,41.093006,41.6465,41.27437,41.606995,41.865807,41.517086,41.680775,41.27435,41.46085,41.69723
55.370487,55.175266,55.287888,54.73862,55.43393,55.54604,55.06965,55.43032,55.411217,55.29412,55.100605,55.3743,55.403763,55.59224,55.164993,55.26816,55.37357,55.256214,55.42283,54.87638,55.35274,55.772194,55.567905,55.694176,55.21408,55.515846,55.50282,55.481148,55.562805,55.879303,55.193775
50.265423,50.57792,50.369347,50.271812,50.910744,50.51352,50.80789,50.5052,50.756607,51.19665,51.09328,50.426033,50.755188,50.656517,51.08333,51.17298,51.06074,50.501377,51.18195,50.797302,50.852352,50.711388,51.15305,51.32544,50.576473,50.740562,50.629704,51.34544,51.006077,51.17032,50.995037
52.903873,52.762547,53.54574,53.389202,53.05214,53.505344,53.420612,53.32335,53.141907,53.116333,53.256355,53.374794,53.40078,53.576614,53.148773,53.253555,53.240356,53.452946,53.215656,53.2023,53.51079,53.59421,53.572357,53.30423,53.746113,53.761642,53.806362,53.41892,53.330677,53.52366,53.526966
55.845287,55.95576,56.24315,56.130432,55.725212,56.400105,56.325157,56.68676,56.568893,56.131977,55.841568,56.427406,56.264637,56.817566,56.618965,56.51569,56.78763,56.818882,56.1947,56.10891,56.78949,56.769444,56.828354,56.515625,57.177017,56.533424,56.720524,56.86152,56.11306,57.023407,56.447327
42.965626,42.843517,42.75151,43.015717,43.042877,43.337727,43.176254,43.584236,42.926266,42.94339,42.358883,42.97101,43.267246,43.416847,43.048008,43.439598,43.10274,43.56912,43.04974,42.824535,43.383564,43.447372,42.91619,43.202744,43.323338,43.081436,43.50426,43.480946,42.986702,43.22337,43.26101
37.48074,37.85615,37.3207,37.632282,37.41948,37.33051,37.48556,37.559547,37.56435,37.64142,37.25482,37.642838,37.657925,37.76853,37.47458,37.946007,37.706333,37.790195,37.55303,37.777233,37.78358,37.70451,37.569927,37.57618,37.616875,37.65351,37.62354,38.129337,37.87065,37.77114,37.70159
45.728687,45.40011,45.54342,45.059498,45.71232,45.495567,45.634373,45.354782,45.225777,45.44458,45.43797,45.73443,45.406036,45.569714,45.337135,45.859146,45.416183,45.61354,45.753345,45.47577,45.475746,45.833584,45.501003,45.739166,45.208755,45.88391,45.911472,45.62258,45.999615,45.584476,45.906002
42.921486,42.70209,43.241035,42.574623,43.568283,43.4262,42.827087,42.894577,43.06425,43.168358,43.057465,43.091362,43.56306,43.358097,43.12599,42.927883,43.15304,43.198597,43.303684,42.88745,43.19599,43.397327,43.14176,43.65982,42.723274,43.142014,43.84848,42.908504,43.37394,43.203156,43.35895
42.48773,42.625725,42.563484,42.459347,42.48398,42.673,42.69161,42.754536,42.59901,42.386242,42.596943,42.656815,42.683266,42.644386,42.500774,42.990627,42.822243,42.531734,42.607826,42.663673,42.57255,42.740486,42.883636,42.820885,42.778053,42.917618,42.6371,42.94673,42.824394,42.94767,42.7112
40.3511,39.849293,40.29679,40.078667,40.32038,40.387436,40.24145,40.311283,40.096134,40.03488,39.96058,40.3163,40.322334,40.386745,40.10978,40.53566,40.522144,40.76009,40.264267,40.112274,40.617867,40.74066,40.162823,40.31623,39.87444,40.017265,40.915066,40.330795,40.544712,40.274193,40.15614
41.561928,41.471222,41.318268,41.755215,41.428032,41.414013,41.188,41.278435,41.003136,41.439312,41.165962,41.297028,42.020157,41.612587,41.362015,41.041393,41.120407,41.712547,41.539173,41.69465,41.511803,41.801956,41.012203,41.500374,41.664207,41.52926,41.947674,41.48458,42.120213,41.196228,42.202065
44.874218,44.715706,45.0915,44.881035,44.52375,45.064533,44.804146,45.16383,44.918518,44.648487,45.0034,45.06748,44.930775,45.003944,44.9805,44.922997,44.952667,45.12416,45.034264,44.841213,44.77138,45.088913,44.958035,45.072617,45.16274,45.25064,45.161163,45.28678,45.254425,45.04847,45.08953
42.097523,42.160778,42.317398,42.70727,42.08101,42.5101,42.210857,42.63639,42.53615,42.237774,42.36336,42.355015,42.416763,42.608494,42.570347,42.415108,42.561512,42.717804,42.406837,42.747417,42.678986,42.27703,42.501175,42.151596,42.979904,42.790466,42.572674,42.801228,42.41469,42.749924,42.541805
51.83849,52.011772,52.186356,52.048725,51.738625,52.19758,51.98302,52.24412,52.47739,51.882103,52.160904,52.234688,52.137135,52.485897,52.42155,52.27122,52.457478,52.35565,52.217804,52.444218,52.36254,52.20764,52.620968,52.311317,53.045837,52.821945,52.38818,52.454857,52.26601,52.807266,52.60259
45.95348,45.845135,45.442,45.783314,45.86664,45.921738,45.9657,46.023674,45.83938,45.9476,46.018917,45.93621,45.94127,45.71984,46.15529,45.951088,46.186684,46.152435,46.166958,46.48664,46.031406,45.949036,45.97658,46.082664,46.414635,46.31466,46.073654,46.23605,46.34751,46.165672,46.447292
50.824688,51.00497,50.65097,50.823257,50.702263,50.606503,50.265446,50.538563,51.137444,50.79826,50.84771,50.676933,50.902958,50.516502,50.966686,50.39358,51.00716,50.9584,51.050285,51.189407,51.184616,50.927593,51.135742,51.136787,51.06185,50.517456,50.97235,50.78225,51.614117,51.185276,50.877586
49.43706,49.413418,49.6735,49.59884,49.643784,49.92592,50.111305,49.854916,49.866158,50.203365,50.232994,50.010036,49.980038,50.173317,49.96223,50.147827,49.981205,50.209934,50.185482,49.813778,49.987446,50.045483,50.178345,50.28576,50.345028,50.339966,50.16388,50.373657,49.973057,50.06899,50.345207
43.167706,42.970886,43.105095,42.884842,43.483315,43.04677,43.31832,42.99631,42.6418,43.443382,43.048553,43.40854,43.386314,43.13151,43.278164,43.01431,43.013298,43.274036,43.234406,43.223198,43.384262,43.841366,43.229294,43.38398,42.819782,43.269707,43.61659,43.34287,43.272923,43.21258,43.536366
52.49176,52.002018,51.774323,52.064796,52.4224,52.244156,51.848774,52.088104,52.190903,52.02422,52.37735,52.006508,52.450584,51.828503,52.16496,52.210003,52.337666,52.071033,52.466515,52.420315,52.350105,52.207012,52.2195,52.636627,52.04479,51.933243,52.407146,52.132595,53.163944,52.575924,52.317875
40.587185,40.6558,40.54058,40.861923,39.948647,40.546337,40.254875,40.913853,40.619728,40.141182,40.33732,40.620472,40.4735,40.75802,40.250755,40.415283,40.591503,40.706474,40.413998,40.47711,40.453285,40.725292,40.641006,40.296722,41.099087,40.820663,40.49385,40.885807,40.746277,40.866074,40.451447
55.884537,56.214783,55.966484,55.98824,56.573586,56.358242,56.2527,56.169754,56.289097,56.816853,56.16501,56.33667,56.82347,56.279274,56.47977,56.227634,56.40369,56.224567,56.451714,56.324852,56.580467,56.39038,56.645233,56.931465,56.25477,56.158737,56.507744,56.723984,56.551105,56.638733,56.38298
49.11673,49.528137,49.46602,49.589283,49.213654,49.416573,49.66805,49.56494,49.51284,49.51352,49.655117,49.2372,49.47914,49.467197,49.53007,49.754093,49.536358,49.50127,49.58696,49.79632,49.605377,49.74178,49.58704,49.698494,49.90966,50.073326,49.4992,50.093502,49.767345,49.640186,49.849857
66.6808,65.67058,66.2977,66.32465,66.452774,66.908646,66.51726,66.90071,66.55225,66.276535,66.40045,66.30695,66.42687,66.64646,66.4691,67.001884,66.53135,67.06968,66.84457,66.22128,66.982376,66.786545,66.40512,66.683334,66.56324,66.52498,66.973816,66.820076,66.87973,66.8148,66.40829
48.283783,48.58718,48.311394,48.62879,48.377846,48.496037,48.599056,48.574276,48.647,48.539265,48.745358,48.22509,48.50459,48.319607,48.60509,48.66254,48.702236,48.487724,48.66198,48.90622,48.746372,48.75245,48.63415,48.8704,48.959675,48.89232,48.636677,48.937782,49.178574,48.845913,48.90375
55.914978,55.6869,55.770027,55.648922,56.28118,56.3279,56.189465,56.15698,55.863983,56.29083,55.847008,55.949203,56.423267,56.172497,56.115646,56.089867,56.057083,56.329563,56.27157,55.9444,56.34345,56.508987,56.136284,56.494995,56.16217,56.161255,56.43587,56.29361,56.175755,56.1977,56.32597
47.868904,47.62237,47.544662,47.923973,47.860115,47.42286,47.71719,47.5721,47.021435,47.389698,47.48212,47.542416,47.964787,47.35699,47.79876,48.033028,47.644222,47.418743,47.778515,48.189262,47.668293,47.57862,47.613754,47.58918,47.369583,47.59381,47.733257,47.990005,48.083138,47.707897,48.070248
42.127693,42.403385,42.666702,42.123276,42.52281,42.907993,42.353504,42.674446,42.97855,42.517063,42.388313,42.53511,42.706696,42.876343,42.771397,42.54246,42.704758,42.94083,42.699333,42.38272,42.816853,42.835785,42.771717,43.137215,42.91262,42.828125,43.13689,42.64308,42.71853,42.86186,42.83595
47.288227,47.297596,47.69059,47.094574,47.538017,47.443554,47.70737,47.295498,47.1751,47.464813,47.38175,47.59483,47.71581,47.593597,47.154903,47.900135,47.529125,47.529484,47.626793,47.20979,47.289234,47.80683,47.54699,48.032578,47.08975,47.59301,47.99166,47.732937,47.75447,47.2209,47.725803
41.349472,41.19008,40.892654,40.97637,41.20411,41.12156,40.96723,41.09234,40.956608,41.126423,40.956497,41.039944,41.07656,41.10548,41.226677,41.268654,40.91008,41.274822,41.20717,41.33973,41.398487,41.47329,40.738586,41.043358,40.87452,41.36467,41.215744,41.478397,41.813087,41.34207,41.390892
47.78073,47.8116,47.473763,47.838387,47.86625,47.848198,47.87868,47.90171,48.213047,48.22415,48.63921,47.928783,47.839027,47.60799,48.088676,47.935226,48.12522,48.019745,48.407104,48.36289,48.08604,47.800503,48.374496,48.336853,48.404972,48.216248,47.844906,48.2418,48.402374,48.34565,48.162773
43.743153,44.16928,43.874367,43.864975,43.817505,44.06465,44.340637,44.231792,44.15028,44.42277,43.750706,44.435925,44.159107,44.55396,44.351616,44.274002,44.440918,44.61699,44.13084,44.148922,44.51216,44.54572,44.618145,44.259254,44.827774,44.418755,44.33803,44.691948,44.012226,44.59472,44.48845
48.71311,48.53595,48.568626,48.92185,48.58307,48.629604,48.618843,48.8862,48.87702,49.04682,49.35698,48.61979,48.570564,48.694633,49.27135,48.74301,48.90441,48.961445,49.30762,49.07216,48.91015,48.875824,48.79103,49.00727,49.030293,49.074768,48.915947,49.45317,49.4146,49.13842,49.22622
59.99278,59.762573,60.10959,60.03447,60.26603,60.154957,60.257523,60.18793,59.908237,60.246292,60.198605,59.959145,60.196148,60.24495,60.253277,60.460476,60.07747,60.166103,60.534,60.235104,60.201763,60.18822,60.25012,60.319717,60.161045,60.551506,60.324596,60.63992,60.211174,60.292343,60.483974
49.507996,48.94483,48.57273,49.084724,48.78232,48.832436,48.74466,48.967888,48.63936,48.760185,48.775913,48.974632,48.97511,49.031353,48.903336,48.776054,48.57289,49.24571,49.101673,49.14046,49.25441,49.511097,48.848324,48.771606,49.44199,49.179085,49.058567,48.972225,49.657734,49.34459,49.544983
54.0228,53.656593,53.76236,53.69607,53.897453,53.98265,54.01357,54.130165,53.919434,53.770725,54.08491,53.881004,53.73354,54.008804,53.913902,54.087093,54.107353,53.958176,54.12271,53.980064,54.086285,54.428272,54.24778,54.14939,54.34886,54.494316,54.137894,54.130768,54.175976,54.54216,54.262554
47.20666,47.14457,47.13893,47.37947,47.26393,47.074455,47.315853,47.228676,47.295055,47.38375,47.309692,47.554867,47.29906,47.31485,47.65883,47.400375,47.499577,47.589134,47.44751,47.65642,47.856247,47.602055,47.793564,47.487595,47.676445,47.35781,47.71401,47.560463,47.567276,47.86845,47.712475
58.381172,58.30312,58.582664,58.77965,58.62377,58.57415,58.408543,58.673843,58.4479,58.364384,58.067356,58.393936,58.83954,58.767887,58.23486,58.66508,58.69296,58.59776,58.499767,58.54773,58.814754,58.68038,58.748936,58.570816,58.585453,58.530205,58.92789,58.78958,58.461525,58.779083,58.37044
43.501125,43.244926,43.511536,43.652805,43.47857,43.88661,43.50733,43.60363,43.493332,43.37238,43.443157,43.55682,43.792004,43.828037,43.459366,43.71464,43.442665,43.9202,43.618763,43.633583,43.89259,43.615005,43.59048,43.42782,43.91362,43.784157,43.869205,43.60154,43.907104,43.770832,43.799213
42.682487,42.84086,43.302338,42.9378,42.878883,43.522743,43.11519,43.1295,43.212368,43.14117,42.73141,43.15689,43.515602,43.998314,42.90623,43.29345,43.25565,43.807194,42.976677,43.053898,43.435402,43.56597,42.868797,43.147774,43.530746,43.803627,43.84996,43.4524,43.217293,43.080822,43.491978
47.140427,46.601227,46.962532,47.19368,47.40596,47.42124,47.2319,47.408257,47.040447,47.179325,47.167587,47.241882,47.21772,47.287304,47.083984,47.266006,47.24604,47.447906,47.322235,47.215206,47.47396,47.350475,47.210392,47.241158,47.248955,47.427055,47.746815,47.31667,47.260197,47.45194,47.307304
43.392292,43.53701,43.797638,43.5138,43.562828,43.677242,43.77815,43.80979,43.55172,43.64914,43.599915,43.822937,43.71565,43.845036,43.487717,43.832024,43.898087,43.67899,43.72639,43.47269,43.50319,43.865986,43.985413,43.897873,43.68333,43.91349,43.912785,44.068607,43.580326,43.79714,43.67544
52.80489,52.80739,53.072014,53.456055,53.295258,53.315784,53.45658,53.231873,53.440445,53.503338,53.75669,53.393784,53.501507,53.248817,53.74547,53.541023,53.695114,53.457478,53.471527,53.932945,53.900368,53.200016,53.8874,53.569313,53.86805,53.61403,53.65292,53.70359,53.46462,53.90702,53.66295
46.927418,46.985786,46.854454,47.0794,46.99198,46.784542,46.773987,46.73548,47.31371,46.957375,47.503666,47.00631,46.825466,46.949352,46.850742,47.05482,47.174088,46.941017,47.36135,47.41714,47.105846,46.891495,47.405834,47.376778,47.479664,47.472664,47.33323,46.97074,47.714035,47.4897,47.50069
35.608456,35.89219,35.40909,35.732727,35.704506,35.538345,35.838043,35.583965,35.85799,35.95568,35.879513,35.939472,35.82184,35.56216,35.670986,35.871128,36.17959,36.046444,35.697254,36.250385,36.188953,36.15921,35.891697,36.06801,35.868748,35.82061,36.133415,36.038433,36.34893,35.950954,35.92487
51.2084,50.788204,50.79461,51.112316,50.89691,51.20981,50.96732,51.226494,51.248,50.812542,51.18752,51.159046,51.228336,51.070908,51.055874,51.411125,51.41323,51.442116,51.30359,51.336597,51.336063,51.022903,51.286343,51.330246,51.513176,51.124077,51.403553,51.256725,51.661644,51.44973,51.250076
48.856663,49.088364,48.487686,48.96891,48.954124,48.625797,48.553062,48.598175,48.942486,49.073845,49.044342,48.684975,48.95044,48.69096,48.998055,48.80981,48.70506,48.812992,49.22782,49.447453,49.039272,48.708725,48.841316,49.09761,49.100327,49.155487,48.884003,49.1486,49.65895,49.134422,49.41375
48.114525,48.160076,47.710144,48.188698,48.00528,48.075954,48.057785,48.32871,48.244442,48.185947,48.25871,48.137165,48.232838,48.018337,48.29893,48.274494,48.373493,48.194096,48.383137,48.38107,48.258015,48.152653,48.398514,48.51113,48.575367,48.21904,48.186474,48.591324,48.65081,48.61112,48.420303
46.838306,46.829475,46.73397,46.89362,46.86831,46.9873,47.13231,47.15347,46.946095,47.056293,47.18568,47.06115,47.021038,46.895267,47.18004,47.338936,47.385334,47.039185,47.142536,47.28257,47.0633,46.99644,47.205135,47.177994,47.138943,47.24443,47.02398,47.62531,47.27418,47.33912,47.11891
33.243027,33.6069,33.411575,33.29718,33.2789,33.422924,33.37982,33.11643,33.387768,33.37147,33.51548,33.534153,33.5491,33.61626,33.2461,33.420773,33.315388,33.524765,33.341606,33.836807,33.51345,33.63968,33.43392,33.37374,33.80879,34.16681,33.563396,33.469757,33.86043,33.552685,33.973125
53.582897,53.324684,53.502617,54.181656,53.518837,54.09635,53.998734,54.297394,53.747253,54.15783,53.908024,54.126987,54.240395,54.59981,54.138268,53.877197,54.11136,54.322983,54.072216,53.935818,54.104973,53.90619,54.29395,53.794098,55.041756,54.41767,54.15304,54.568962,53.69097,54.51148,54.44703
44.40998,44.39442,44.199303,43.896297,44.516014,44.356167,44.445076,44.066387,44.48761,44.854645,44.77669,44.82037,44.436466,44.594868,44.387623,44.470505,44.433743,44.69699,44.706684,44.673195,44.58522,44.782787,44.51641,44.841278,44.5297,45.08613,44.81027,44.65601,45.05967,44.66812,44.988964
48.66229,48.809994,48.36097,49.230606,48.415253,48.80623,49.02739,49.34484,48.620747,48.851055,48.541607,48.961426,48.94763,48.827065,48.5918,48.860085,49.00089,48.961452,48.57068,49.065144,48.951805,49.02558,48.91339,48.61943,49.43003,49.154266,48.725414,49.596928,48.735386,49.108295,48.71131
45.29089,45.0068,45.53533,44.90979,45.590485,45.784782,45.775124,45.39797,45.565483,45.682053,45.849747,45.769268,45.453766,45.518658,45.56638,45.59439,45.66494,45.911617,45.75588,45.392307,45.80933,46.042946,45.805492,46.076416,45.59273,45.840355,46.18214,45.50918,45.91703,45.69396,45.827007
30.74525,30.670338,30.75205,30.70812,30.936346,30.4712,30.66893,30.47665,30.627245,30.756687,30.906904,30.899902,30.722343,30.9596,30.562248,31.280924,30.990425,30.868212,30.941322,30.989658,30.765066,30.744799,30.687035,30.822224,30.276745,30.96119,31.198893,31.02715,31.117926,30.790443,31.034714
48.150036,48.611053,48.67679,48.707523,48.493324,48.57248,48.656322,48.47619,48.725677,48.765095,48.443085,48.586483,48.976303,48.888935,48.620785,48.87077,48.82729,48.99317,48.721844,48.87659,49.00296,48.713036,48.944237,48.852036,48.97687,48.737946,48.960087,49.00073,48.692066,48.67204,48.847656
45.320488,45.61584,44.95984,44.909718,45.137756,44.63193,44.757996,45.101402,45.439617,45.031345,44.700867,45.283924,45.003708,45.34508,45.405415,45.415497,45.548565,45.27666,45.201443,45.430428,45.56589,45.67574,45.51892,45.47902,45.252728,45.213547,45.380226,45.51735,45.464787,45.949043,45.424805
48.33462,48.443043,48.220955,48.040615,48.48275,48.706463,48.724564,48.649185,48.512886,48.796936,48.647846,48.624226,48.713806,48.43123,48.944393,48.575825,48.558075,48.701355,48.67477,48.65884,48.807747,49.01241,48.780087,48.996788,48.861977,48.86776,48.546154,48.989227,48.80406,48.925064,48.890415
46.191986,46.183052,46.19274,46.513626,46.146782,46.33795,46.562263,46.585575,45.942932,46.34473,46.168,46.42182,46.237747,46.378414,46.344296,46.286224,46.211132,46.473076,46.286945,46.658142,46.424576,46.53757,46.350285,45.947487,46.763214,47.003845,46.351955,46.850407,46.17816,46.484272,46.61325
44.608585,44.11237,44.1018,44.718052,44.485023,44.277657,44.326893,44.392826,44.251904,44.387806,44.42962,44.65393,44.52356,44.550964,44.402367,44.590885,44.485878,44.836605,44.54631,44.95253,44.90579,44.477283,44.543606,44.14975,44.669815,44.620277,44.77082,44.585735,44.581505,44.76138,44.69663
52.24677,52.27522,52.19374,52.744022,52.03116,52.46879,52.373135,52.496784,52.454727,52.51423,52.465603,52.495785,52.533596,52.74375,52.40146,52.59733,52.30943,52.63871,52.38061,52.71813,52.783714,52.501595,52.366333,52.234055,52.987362,53.012833,52.48099,53.08152,52.912083,52.869026,52.69329
50.656963,50.115242,50.306175,50.72937,50.66571,50.662483,50.731457,50.793663,50.50088,50.601677,50.51673,50.414413,50.611694,50.625916,50.57443,50.886967,50.753536,51.08724,50.678646,50.680237,51.32703,51.26357,50.568188,50.678627,50.635235,50.512146,51.11001,50.879997,50.922577,50.90317,50.641045
49.04371,49.230633,49.70481,49.570236,49.1379,49.69875,49.473904,49.5835,49.6034,49.5335,49.584423,49.622173,49.807533,49.82597,50.02086,49.39643,49.74373,49.802307,49.482296,49.796375,49.79373,49.83524,49.589924,49.784546,50.103436,50.078377,50.088726,50.065662,49.904484,49.85843,50.096485
47.450043,47.07064,47.138367,47.086143,47.72818,47.214035,47.410973,47.138123,46.714367,47.298725,46.824047,47.107685,47.54206,47.245415,47.22909,47.439407,47.00763,47.6591,47.518826,47.46316,47.595493,47.807224,47.014477,47.42328,46.950577,47.280586,47.84287,47.26803,47.405216,46.963078,47.802677
45.035362,44.65178,44.659912,44.689087,45.131477,44.865276,44.853016,44.74018,44.68005,44.96458,44.981567,44.92967,44.932224,44.985218,44.616123,45.088455,44.796165,45.10081,45.236496,45.040462,44.87678,44.973316,44.707813,45.07586,44.75951,45.26818,45.327496,44.98176,45.330887,44.83362,45.334743
47.09964,47.1156,46.603897,46.99629,47.143166,46.883217,47.110382,47.370575,47.28325,47.2962,47.55034,47.158657,46.925217,46.953854,47.961937,47.2445,47.463413,47.074333,47.47043,47.77362,47.457493,47.388252,47.60177,47.503334,47.76734,47.695587,47.090252,47.738632,47.366367,48.120945,47.833908
39.050045,39.831127,39.710045,38.957745,39.614388,39.09604,39.21788,38.866325,39.65379,39.544308,39.431255,39.367184,39.22282,39.492992,39.51792,39.64789,39.565346,39.21009,39.588757,39.7017,39.522842,39.54523,39.70779,39.77108,39.09826,39.85697,39.612732,39.632618,39.852036,39.709595,39.742397
31.479137,31.659714,32.08567,31.350958,31.300854,31.81976,31.159483,31.499846,31.817408,31.318481,31.439642,31.988636,31.627583,32.189045,31.282454,31.464756,31.620697,31.80626,31.337017,31.463446,31.494501,31.866348,31.426765,31.459383,31.507305,32.27846,32.03684,31.734547,31.974463,31.776474,31.569723
40.844112,41.34596,40.765167,40.750824,41.07319,40.40134,40.626263,40.383606,41.133793,41.170525,40.844357,40.961613,40.956528,40.812256,41.128124,40.7876,41.13809,41.20696,41.212387,41.475616,41.35633,41.29831,41.165813,41.49778,41.036507,40.891457,41.48243,40.928204,41.643326,41.10897,41.578575
43.396816,43.624325,43.463432,43.32916,43.31877,43.269894,43.013466,43.183685,43.50573,43.296196,43.591297,43.55016,43.368584,43.273884,42.859463,42.980885,43.292564,43.117615,43.334274,43.56559,43.15267,43.57389,43.412193,43.57747,43.359028,43.941902,43.53938,43.399868,43.97666,43.541718,43.382175
42.82411,43.18554,42.874336,42.587906,42.88707,42.853092,42.528725,42.73802,42.906628,42.631268,42.6581,42.79368,42.997707,42.576477,42.65955,42.482494,42.616337,42.74464,42.82356,43.070286,42.777695,43.122047,42.84243,43.172485,42.898766,43.16371,42.959305,42.72772,43.24068,42.853016,43.011654
54.027153,53.993122,54.5841,54.01254,54.044357,54.43239,53.935352,54.194992,54.32975,54.277252,54.189556,54.561016,54.378487,54.77708,54.34989,53.73527,54.196747,54.32193,54.127625,54.11594,54.469883,54.80733,54.593513,54.23387,54.592293,54.90306,54.595436,54.447598,54.32071,54.895123,54.362762
47.642937,47.606518,47.79825,47.822968,47.81534,47.664806,47.87309,47.605946,47.767845,48.03581,47.613018,47.863285,47.75272,48.11349,47.644855,47.99084,47.740788,48.297714,47.82496,47.840935,48.496952,48.466797,47.86265,47.81443,47.784367,47.972137,48.348473,48.079433,48.062458,48.000595,47.948673
44.617496,44.267986,44.75003,44.59036,44.870964,44.819942,45.06554,44.744576,44.38582,44.847466,45.086163,44.904465,44.814243,44.759293,44.89246,44.921032,44.89817,44.759212,44.86212,44.889046,44.878597,45.176754,44.92055,44.930847,44.6911,45.18638,45.164196,45.07832,44.96263,45.01161,45.143562
48.78355,49.092453,49.307114,48.864838,49.00135,49.328476,49.554214,49.236538,49.42139,49.220104,49.286205,49.650497,49.25557,49.26079,49.45511,49.447075,49.82796,49.440895,49.248505,49.40088,49.5422,49.454178,50.181942,49.64821,49.884705,49.514053,49.54606,49.467064,49.256382,49.81376,49.402367
53.426167,53.43865,53.50035,53.889442,53.526062,53.67355,53.61869,53.71805,53.5445,53.570347,53.644646,53.68864,53.904583,53.661236,53.43662,53.70746,53.67203,53.659092,53.718098,53.953934,53.66702,53.4143,53.87069,53.66503,54.055035,53.98806,53.768658,53.954235,53.711224,53.79172,53.76742
44.242172,43.940407,44.60087,44.62189,44.11763,44.40557,44.495613,44.411896,44.495937,44.318413,45.017246,44.69543,44.426987,44.88994,44.3421,44.737297,44.635265,44.58372,44.614597,44.42332,44.47133,44.704536,44.71115,44.76957,44.930817,45.09153,45.113815,44.728848,44.94364,44.8775,45.074104
42.197323,42.075275,42.217064,42.51223,41.916527,41.95999,42.385517,42.528423,42.26859,42.093098,42.301117,42.63265,42.18976,42.48489,42.37315,42.649807,42.637096,42.65039,42.401966,42.37092,42.428524,42.607037,42.698036,42.58754,42.79611,42.460785,42.83392,42.73064,42.32663,42.65306,42.732613
40.49089,40.843723,40.808266,40.740772,40.814674,40.939426,41.028175,41.011906,40.931248,40.98884,40.960842,41.137585,40.88033,40.89291,41.1203,40.826958,41.034386,40.913216,40.8542,41.140015,41.09757,41.105206,41.416504,41.036995,41.382812,41.408592,40.993008,41.20683,40.750523,41.398888,41.12588
53.6058,53.311687,53.274834,53.50892,53.694916,53.825954,53.31719,53.673466,53.45511,53.531437,53.45109,53.30058,53.860855,53.514153,53.360184,53.327114,52.93223,53.611744,53.62518,53.479877,53.81096,53.956276,53.251217,53.783264,53.622017,53.817062,53.726982,53.596962,53.96543,53.68787,53.72455
46.495445,46.528408,46.16671,46.712963,46.38405,46.453632,46.55153,46.72304,46.870647,46.560825,46.853546,46.547306,46.40966,46.39686,46.90237,46.81313,46.938435,46.795525,46.908993,46.983776,46.986908,46.5694,47.108425,46.878006,47.289104,46.646606,46.673126,46.89884,47.08388,47.253338,46.929226
45.84191,45.238396,45.688034,45.857918,46.075165,46.146812,46.02193,46.066463,45.52879,45.713383,45.80435,45.669582,46.04972,45.703205,45.830635,46.107243,45.842724,46.192394,46.036915,45.913235,46.126045,46.050255,45.661297,45.985428,45.676376,45.798508,46.374104,45.97066,46.04585,45.728916,45.98758
53.887707,54.2893,54.116188,53.73475,54.10743,53.830692,53.90426,53.834766,54.182735,54.074818,54.044247,53.873894,54.10727,53.938313,54.627083,53.900467,54.480698,54.005817,54.32148,54.599945,54.34746,54.441643,54.645462,54.464012,54.448856,54.32521,54.196465,54.258865,54.371414,54.615143,54.585587
42.305466,42.16037,42.584564,42.20176,42.663795,42.584656,42.799217,42.480663,42.448288,42.46799,42.788902,42.69535,42.658928,42.589733,42.870316,42.989273,42.831688,42.59788,42.83096,42.49749,42.70554,42.806053,43.12627,43.191956,42.69943,42.628685,43.084755,42.63423,42.80572,42.972153,43.14302
50.91932,50.536938,51.17975,50.5673,51.210754,51.074448,51.027203,50.977207,50.954372,50.608925,50.942577,50.91772,50.937096,50.86591,50.654724,51.451275,51.25267,51.066483,51.271336,50.759712,50.903404,51.06602,51.22261,51.52919,50.579178,50.9329,51.59707,50.884083,51.11947,50.91287,50.922592
55.57198,55.831387,56.14148,56.16414,55.995567,55.975628,55.988594,55.94274,56.049713,56.343704,56.117725,56.004116,56.2388,55.975033,56.50902,55.622555,56.00099,56.11898,56.119026,56.258587,56.56093,56.55874,56.375927,56.434227,56.343857,56.18831,56.501278,56.40885,56.330887,56.426308,56.391926
41.128563,40.98673,41.130714,40.866318,41.18039,40.627537,40.795986,40.62881,40.713436,40.876034,41.146797,41.388992,41.110172,41.25863,40.921993,41.088394,41.092968,40.73784,41.204517,41.213444,40.74614,41.05624,41.37172,41.198387,40.921276,41.445312,41.40699,41.013947,41.284363,41.379375,41.648098
37.035717,36.922966,36.729576,37.082706,37.12731,36.903732,37.20927,37.088326,36.930138,37.192036,37.447067,37.368965,37.056526,37.055595,36.86144,37.32817,37.217117,37.070835,37.235447,37.33704,37.00833,37.114937,37.26527,37.2884,37.21163,37.523666,37.310944,37.382965,37.305492,37.323437,37.42735
50.492153,50.301266,50.49154,50.42847,50.563637,50.733192,50.825882,50.60304,50.51455,50.557285,50.973057,50.676655,50.468254,50.081223,50.542156,50.642788,50.45604,50.6511,50.809185,50.81605,50.712147,50.685257,50.82547,50.866783,50.731438,50.896225,50.710285,50.696365,51.021576,50.658215,50.69217
41.459538,41.755554,41.677086,41.88668,41.927505,41.47032,41.742004,41.651775,41.565784,41.799107,41.38831,41.64252,41.929276,42.191696,41.70492,42.20211,41.691116,41.90129,41.848167,42.042877,41.99038,41.849213,41.787506,41.76931,41.852066,42.17489,42.1162,42.1343,41.515934,41.861935,42.305737
50.329163,50.904987,50.90914,50.814827,50.653183,50.65825,50.414555,50.59213,51.04937,50.667225,50.797348,50.619072,51.000797,50.75547,51.130592,50.578037,50.963562,50.573303,50.925682,51.073654,50.92938,50.69474,51.369583,51.211197,51.27606,50.888153,50.936455,50.91054,51.108543,51.30738,51.142826
45.908577,45.350735,45.80709,45.786858,46.070763,45.865715,45.555477,45.615547,45.648293,45.784676,45.932686,46.140606,45.950287,45.911613,45.543262,45.77156,45.702267,45.902237,46.090034,45.765694,45.811234,45.60793,45.95216,45.92961,45.558094,45.84034,46.379597,45.686497,46.190983,45.95198,45.925396
48.81648,48.334923,48.410767,48.52374,48.733574,48.33326,48.522858,48.527805,48.379093,48.46216,48.744705,48.7897,48.484646,48.464878,48.636223,48.734673,48.746407,48.55675,48.729984,48.932713,48.781776,48.86152,48.825966,48.66223,48.495304,48.837654,48.87898,48.75948,48.86694,49.06614,48.830933
49.813473,49.391685,49.188507,49.44507,49.507538,49.27279,49.089092,49.31177,49.262737,49.12203,49.24507,49.3547,49.572052,49.21521,49.04508,49.36138,49.159054,49.501526,49.409958,49.62683,49.61637,49.88914,49.060547,49.628296,49.19285,49.478226,49.81699,49.35167,50.169098,49.46095,49.597378
37.7788,37.818443,37.498505,37.662346,37.608467,37.721584,37.76353,37.767807,37.804317,37.898415,37.752502,37.779305,37.67849,37.788765,37.707745,37.834507,37.97764,38.13205,37.845238,37.824966,38.103626,38.268734,37.78059,37.89003,37.88002,37.778915,37.98973,38.08026,38.39449,38.01085,37.890354
43.190613,43.312195,43.135925,43.131454,43.025864,43.159145,43.071,43.38832,43.688576,43.216454,43.3299,43.27268,42.85459,43.277752,43.51271,43.334496,43.55297,43.641987,43.395103,43.569897,43.696877,43.67164,43.3861,43.44182,43.633053,43.68653,43.558823,43.6432,43.723892,43.805164,43.467068
46.131588,46.269222,46.035423,46.043713,46.08622,46.147842,46.054497,46.200695,46.45405,46.14547,46.178997,46.095287,46.15858,46.150562,46.220882,46.281746,46.452816,46.423687,46.320713,46.359543,46.53954,46.58695,46.400978,46.553795,46.446377,46.285645,46.44489,46.39971,46.725437,46.572636,46.33834
37.500217,37.54696,37.12805,37.1759,37.226196,37.02535,37.057194,37.349243,37.170567,37.256245,36.93286,37.801342,37.34984,37.602257,36.96432,37.47111,37.45178,37.392185,37.281574,37.314945,37.04718,37.37511,37.260002,37.363174,37.13862,37.559425,37.557114,37.7391,37.524178,37.47996,37.412857
50.769142,50.023388,50.189896,50.516907,50.025505,50.402046,50.20068,50.59314,50.018734,50.05367,50.321995,50.448776,50.305847,50.38554,49.994946,50.278473,50.024044,50.733967,50.579197,50.33954,50.202545,50.467186,50.096607,50.06623,50.585926,50.646645,50.45159,50.54171,50.676815,50.23906,50.485878
40.386993,40.093502,40.078583,40.08624,40.52514,40.192467,40.55521,40.163456,40.045853,40.53269,40.712074,40.21196,40.387596,40.054497,40.565315,40.699,40.36149,40.647366,40.843018,40.630314,40.440933,40.6532,40.12279,40.874413,40.089657,40.413826,40.79453,40.626003,41.021004,40.097977,41.04929
48.07446,48.430336,48.43193,48.5349,48.49565,48.59818,48.603695,48.66355,48.680805,48.608128,48.597466,48.78058,48.781788,48.73784,48.55673,48.71836,49.037514,48.40607,48.50816,48.800007,48.579685,48.432613,49.06382,48.902023,49.00846,49.02944,48.851673,49.016945,48.568916,49.101265,48.739113
48.30715,47.8433,48.37757,48.248924,48.416214,48.30865,48.102894,48.12953,48.209393,48.170826,48.229584,48.61003,48.410847,48.775677,48.048965,48.402172,48.182663,48.607765,48.51283,48.29687,48.42336,48.34327,48.427734,48.410378,48.456253,48.73777,49.06648,48.1984,48.451675,48.500084,48.777187
44.911385,45.262875,45.022255,44.781307,45.039185,45.08941,45.14728,45.048355,44.877274,45.011593,44.45548,45.17324,45.35297,45.219597,45.109234,45.225506,45.140167,45.307636,44.93508,45.303986,45.27328,45.432976,45.090828,45.183273,45.213856,45.361786,45.324585,45.39569,45.161472,45.127453,45.388496
44.80901,44.349094,44.654808,44.78868,44.658035,44.771393,44.889206,44.735672,44.769253,44.781944,45.36497,45.095665,44.726517,44.752598,44.813873,45.150566,44.758743,44.916225,44.897953,44.954086,45.084145,45.086243,44.882553,45.032654,44.82502,45.18371,45.1393,45.125347,45.462204,45.223553,45.082226
49.814163,49.747604,49.71868,49.882656,50.143227,50.0097,50.246605,50.14486,50.018932,50.148518,49.99309,50.026546,50.09182,49.998802,50.121403,50.537994,50.375927,50.225807,50.180096,50.173687,50.42983,50.232365,50.31236,50.394646,50.063324,50.04928,50.348934,50.491592,50.16631,50.383934,50.12588
54.925987,54.854214,54.81186,55.135452,54.693176,55.07414,54.7288,55.377098,55.362885,54.694786,55.135155,54.86027,54.74773,54.906826,54.850327,55.04098,54.998444,54.92615,55.07901,55.024895,55.091198,55.046284,55.164375,55.200493,55.481842,55.430054,55.01837,55.33786,55.3714,55.596264,54.910034
36.78711,36.809753,36.666763,37.0159,36.384407,36.82817,36.71694,36.959778,37.295498,36.933846,37.323963,37.19998,36.6104,37.1904,37.24604,37.028004,37.12193,37.407616,37.13717,37.32672,37.21342,36.88768,37.10533,36.88556,37.76993,37.54972,37.132584,37.35973,37.49499,37.53281,37.488888
46.781086,46.671764,46.59762,47.093945,46.818214,46.78256,46.70348,47.062977,46.870525,46.963318,46.941345,47.090416,47.133774,47.180283,46.888836,46.975388,47.11042,46.932384,47.083828,46.949997,46.847153,46.807198,47.101913,47.207375,47.23904,47.082977,47.285633,47.34693,47.118423,47.3269,47.2617
44.733925,44.5933,45.052032,45.251377,45.13498,44.523323,45.071938,44.624054,44.77144,45.123848,45.280025,45.023815,45.04563,45.26151,45.234627,45.348354,45.06728,45.163494,45.302544,45.352257,45.41705,45.30884,45.290207,45.286247,45.10638,45.266342,45.760204,45.224613,45.20054,45.275997,45.874165
46.414284,46.523792,46.166786,46.71516,46.360367,46.39629,46.83613,46.665844,46.484707,46.94881,46.828987,46.78367,46.659336,46.5736,46.800938,46.742344,46.869534,46.762894,46.67876,46.93509,46.913563,46.95413,46.851856,46.813507,47.040195,46.85388,46.722973,47.305214,47.027668,47.041725,46.97959
41.227715,41.465954,41.451126,41.266323,41.26291,41.53241,41.270527,41.57652,41.409584,41.389202,41.32844,41.30662,41.540977,41.462254,41.71457,41.41303,41.229675,41.483315,41.557613,41.342228,41.39067,41.68046,41.28145,41.766174,41.492706,41.661995,41.57029,41.871758,41.84637,41.548058,41.796688
54.273487,53.917618,54.219276,54.979935,54.109703,54.298756,54.52868,54.42054,54.097187,54.300552,54.854427,54.43331,54.507805,54.074146,54.51849,54.268826,54.27487,54.412746,54.452503,54.93872,54.7155,54.49343,54.63957,54.313255,54.98348,54.697716,54.568306,54.67518,54.8024,54.69658,54.778175
47.93624,47.98804,47.790695,47.657497,48.476196,48.062916,47.903862,47.6412,47.46648,48.150295,47.29955,48.17028,48.722908,47.984295,47.751034,47.809998,47.663685,48.03148,48.04911,47.953022,48.030014,48.02292,47.994904,48.360878,47.666466,47.691895,48.467613,47.81041,48.228497,47.738174,48.30943
44.954597,45.01778,45.01452,45.111874,45.06758,44.99721,45.207348,44.945198,45.137684,45.189083,45.360165,45.11466,45.194317,45.028324,45.32133,45.03522,45.238007,45.405807,45.349518,45.495167,45.52666,45.610058,45.479065,45.552834,45.67738,45.368492,45.61489,45.135864,45.604847,45.38584,45.8061
43.14394,43.30559,42.75524,42.948063,43.172073,43.029827,42.909897,43.341244,43.475216,42.863964,42.905094,43.05845,43.134968,43.141243,42.918804,43.58345,43.449753,43.212105,43.194344,43.298462,43.23519,43.27693,43.15438,43.705444,43.282356,43.346474,43.474453,43.375755,43.509163,43.50967,43.308857
39.113354,38.63332,38.785995,38.75426,39.333214,39.028522,38.808277,38.7617,38.922787,38.865902,38.861584,39.137302,39.166943,39.0786,38.868877,39.03413,38.961163,39.48158,39.16307,39.2134,39.37497,39.295727,38.848778,39.337135,38.93926,39.104095,39.930733,38.637638,39.44029,39.0108,39.54722
52.97196,53.01776,53.312378,52.31492,53.04293,52.739155,53.242916,52.781105,52.93223,53.074245,52.66802,53.258186,52.673267,53.23751,53.049606,53.38803,53.31707,53.324104,53.22138,52.79321,53.291107,53.834805,53.507957,53.40264,52.80024,53.194397,53.530045,53.278652,53.14738,53.290283,53.24115
58.569,58.353096,58.520523,58.994404,58.62278,59.04709,59.15926,59.224632,58.883858,58.755753,59.25113,58.6985,58.620914,58.350643,59.114166,59.15491,59.2103,58.800224,58.96094,59.302887,59.18285,58.69453,59.234867,58.839516,59.30729,59.155373,58.700245,59.45706,59.10196,59.410538,58.697624
47.788414,47.507828,47.75776,47.621307,48.089417,47.58076,47.773018,47.242016,47.510212,47.61262,48.11757,47.694504,48.012157,47.51026,48.093582,48.017445,48.030746,47.63926,48.009705,48.457623,48.065266,47.92103,47.981667,48.149696,47.647743,47.932594,48.30624,47.673306,48.54876,48.057278,48.533604
48.058678,47.768036,48.348793,47.705334,48.32984,48.26503,48.131477,48.18534,48.157375,47.974335,47.89709,48.437424,48.26606,48.42798,48.274765,48.456535,48.51748,48.463917,48.316307,48.031242,48.340553,48.432755,48.513687,48.587082,48.03538,48.24037,48.91278,48.23697,48.14196,48.447792,48.3468
53.64842,53.717556,53.87079,53.651894,54.054237,54.037327,53.895058,54.183807,54.222076,53.806652,53.718567,53.809937,53.997284,54.115185,54.207096,54.37596,54.35707,54.065773,54.167732,53.905212,54.263184,54.088177,54.451473,54.499886,54.201763,54.02569,54.333565,54.251026,53.884617,54.543518,54.095867
44.204346,44.582706,44.28286,44.598293,44.495064,44.2828,44.713074,44.13403,44.136536,44.715675,44.83525,44.43701,44.806946,43.959312,44.633636,44.211567,44.622776,44.379307,44.627544,45.280617,44.563385,44.562687,44.777912,44.71312,44.84157,44.711594,44.55456,44.653843,44.974777,44.39874,45.057465
40.31788,40.20798,40.178955,40.18002,40.06462,40.43975,40.297104,40.692543,40.55531,40.12588,40.504234,40.292656,39.9442,40.30033,40.375378,40.524055,40.32709,40.46557,40.3072,40.291035,40.576588,40.885777,40.29666,40.466385,40.545563,40.84783,40.414417,40.73338,40.72643,40.87621,40.381474
49.70731,49.191948,49.830444,49.519638,50.040176,50.07459,50.018955,49.947216,49.664387,49.883373,50.03308,50.161415,49.924824,50.15792,49.92976,50.08537,49.794247,49.997093,50.08294,49.760334,49.92355,50.060806,50.058517,50.179054,49.98832,50.490776,50.46651,50.037773,49.82842,50.20305,50.36274
39.095848,39.6257,39.58526,39.615097,39.173286,39.39576,39.69116,39.47389,39.772953,39.948914,40.132427,39.605682,39.406387,39.779354,39.801197,39.58881,39.875378,39.697098,39.818306,39.77007,39.620464,39.936897,39.7745,40.011,40.136536,40.23523,39.910053,40.242985,40.264137,39.90084,40.270573
52.04722,52.378,52.26094,52.219894,52.184868,52.524017,52.01123,52.59872,52.82323,52.266277,52.41319,52.202156,52.54221,52.80956,52.293922,52.377796,52.512356,52.327766,52.661354,52.280605,52.15761,52.280575,52.66472,52.97027,53.164036,53.02333,52.594223,52.648464,52.563305,52.869995,52.833767
42.937473,42.733986,43.116096,42.644196,42.877327,42.889694,43.049522,42.626263,42.843285,42.97058,43.415184,43.520294,43.139164,43.26498,42.996952,43.184566,43.40557,43.023476,43.19639,43.154152,42.84335,43.075043,43.521484,43.28779,43.189857,43.442543,43.431328,43.104668,43.4545,43.36236,43.55371
45.614456,46.02394,45.80584,45.381413,46.06134,45.716564,45.618565,45.29483,45.939552,46.046513,46.09388,45.7235,45.846157,45.588474,45.76863,45.62656,45.68139,45.66753,46.132675,46.14304,45.866512,45.882793,46.031013,46.254356,45.744926,46.19129,45.920586,45.74613,46.43205,45.914875,46.170273
42.526604,42.577625,42.279144,42.448364,42.6715,42.42382,42.473248,42.463238,42.93882,42.57704,42.937458,42.813194,42.655804,42.923706,42.939907,43.086796,43.167057,42.672478,42.91433,43.178337,42.85769,42.547546,43.102116,43.12854,43.26424,43.208374,43.087666,42.835945,43.162594,43.486374,43.511696
53.933,53.74976,54.32196,54.355473,53.54818,54.207275,53.657093,54.19645,53.974457,53.48823,53.790764,53.860023,54.053238,54.020542,53.93808,53.663536,53.700043,54.247272,53.999157,54.102234,54.07287,54.0363,53.924522,53.727913,54.441692,54.305794,54.202793,54.104774,54.23285,54.00593,54.025124
50.014633,50.02068,50.353752,50.114906,50.565926,50.087566,50.364273,49.9168,50.27515,50.5615,50.855858,50.31823,50.438694,50.19166,50.520103,50.589584,50.668575,50.203003,50.77188,50.641075,50.39529,50.258896,50.77573,50.886826,50.122593,50.437706,50.718624,50.577084,50.71682,50.521126,50.717484
46.60886,46.67341,46.60025,47.13447,46.756317,46.907787,46.871017,46.81994,46.444893,46.989483,46.82683,46.604176,47.113304,46.75869,46.817543,46.423054,46.410133,46.916626,46.848732,47.15959,47.02631,47.123234,46.61579,46.73458,47.26783,47.259727,46.98173,47.064873,47.15011,46.77618,47.350525
41.607788,41.289967,41.232788,41.633873,41.72886,41.67035,41.715054,41.769974,41.332912,41.517796,41.358944,41.57811,41.82136,41.958683,41.289394,42.273846,41.54525,41.976944,41.75183,41.782524,41.666096,41.533535,41.237904,41.59886,41.644432,42.050133,42.011017,41.987835,41.631298,41.488007,42.036785
51.242767,51.38869,51.062996,51.905907,50.689117,51.227276,51.30456,51.75298,51.369556,51.420464,51.346935,51.5184,51.379242,51.49234,51.36118,51.36839,51.444817,51.605972,51.375103,51.617302,51.42302,51.346783,51.427338,51.186226,52.107944,51.724495,51.244602,52.27331,51.661125,51.69174,51.45951
50.92475,50.642517,50.514824,50.99612,50.83722,50.80611,51.131264,51.093533,50.74283,50.930256,51.124466,51.347218,50.986618,50.865185,50.98484,51.42605,51.10276,50.922817,51.05726,51.28809,51.01062,50.723637,51.315956,51.023994,51.23651,51.280533,50.96457,51.49586,51.057392,51.437267,51.160557
41.40682,41.47138,41.6485,41.644466,41.507378,41.632683,41.399048,41.582474,41.359432,41.45204,41.54036,41.307137,41.840237,41.689194,41.66393,41.513264,41.287994,41.61213,41.758965,41.615,41.4521,41.74136,41.29094,41.809807,41.668564,41.889633,41.896526,41.81423,41.980217,41.45923,42.1805
50.36834,50.161568,50.33116,50.037968,50.314926,50.218727,50.069717,49.996563,50.286625,50.120457,50.129227,50.086967,50.42502,50.618687,50.190796,50.33403,50.18976,50.65969,50.511753,50.338615,50.62808,50.94459,50.24138,50.646645,50.516075,50.593445,50.93437,50.133022,50.85409,50.42704,50.978855
52.5719,52.448006,52.839615,52.910866,52.8733,53.074097,52.781574,52.858974,52.899937,53.01136,52.88224,52.853817,53.20831,53.176476,53.162548,52.99416,53.180458,53.065163,53.010002,52.96561,53.30131,52.931404,53.13762,53.024742,53.050724,52.895027,53.283463,53.28736,53.22822,53.368412,53.034023
45.193424,45.056984,45.170708,45.14918,45.48002,45.24252,44.897945,45.234615,45.223362,45.103024,45.134037,45.129715,45.40834,45.248905,45.53904,45.26209,45.184532,45.25022,45.472332,45.41622,45.428753,45.240826,45.33333,45.480988,45.17055,45.290405,45.56157,45.330177,45.442986,45.58458,45.55866
50.73306,50.766216,50.468758,50.80634,50.50522,50.752365,50.8001,50.68141,50.587624,50.5606,50.640877,50.564465,50.87915,50.51831,50.70077,50.603203,50.582283,50.79652,50.61555,51.01598,51.183926,51.34056,50.86626,50.850517,51.314358,50.927254,50.811153,50.77345,51.416515,51.1043,51.12801
54.096294,53.880367,54.206215,53.97661,54.11741,53.762867,54.046318,53.74847,53.794662,54.264305,54.091236,53.89178,54.120033,54.5172,53.97377,54.175312,54.12044,54.26477,54.40073,53.99486,54.32354,54.78653,54.268967,54.177017,54.02084,54.277527,54.449245,54.335205,54.345284,54.270866,54.52121
46.689194,46.845745,47.02523,46.579575,46.66841,46.933643,46.46637,46.750603,47.363136,46.81054,47.13581,46.69505,46.66222,47.045177,47.031147,46.818584,46.708927,47.05372,47.08887,46.884636,47.143127,47.286648,46.83128,47.266235,47.080814,47.44912,47.16822,47.05641,47.57111,47.28615,47.211876
37.0831,37.026173,37.23736,37.174507,37.47596,37.376244,37.648003,37.328087,36.974377,37.527557,37.49951,37.34292,37.56443,37.434834,37.253117,37.90603,37.399525,37.46241,37.570854,37.3438,37.197414,37.392555,37.12239,37.669083,36.97184,37.588585,37.718285,37.881268,37.564564,37.06716,37.72118
47.951763,47.675827,47.684837,47.804455,47.476097,48.303753,47.874302,48.441753,48.10836,47.75066,48.046497,47.818996,47.709675,48.10461,47.789806,48.11593,47.87929,48.234135,48.04413,47.79212,47.89254,48.142426,47.625694,47.938507,48.380676,48.611046,47.924717,48.499813,48.396248,48.207657,47.991055
44.473442,44.55701,44.68045,44.208614,44.86812,45.003887,44.60648,44.70768,44.739048,44.728867,44.45411,44.55152,44.832157,44.853443,44.78521,44.714348,44.75444,44.847775,44.752,44.616993,44.913708,45.074596,44.612762,45.01026,44.595337,44.970528,45.087215,44.86703,45.01582,44.90257,44.878464
49.675404,49.590294,49.094177,49.656567,49.62088,49.593628,49.393074,49.750755,49.897606,49.56559,49.605694,49.461544,49.678997,49.560738,49.844776,49.84497,49.717854,49.85375,49.817715,50.01586,50.12427,49.79792,49.62495,50.01838,50.068417,49.78663,49.907635,49.904747,50.309605,50.20159,50.06162
56.2701,56.10276,56.572884,56.49143,55.933983,56.110256,56.142826,56.306664,56.314774,55.979202,56.457977,56.41589,56.210846,56.411583,56.444725,56.32089,56.48912,56.35946,56.544266,56.49909,56.284046,56.40913,56.712578,56.469826,56.798107,56.6894,56.67561,56.581974,56.684216,56.70015,56.74465
36.98991,37.03808,37.227303,36.8768,37.21154,37.104965,36.98925,36.83059,37.204662,37.023006,37.295444,37.221165,37.00164,37.272606,36.8504,37.412563,37.151943,37.1461,37.138004,37.354507,37.19819,37.212425,37.006645,37.19053,36.861294,37.740433,37.50356,37.235332,37.595863,37.268116,37.32346
39.451744,39.61118,39.094147,39.91918,39.275772,38.970284,39.39756,39.437572,39.61424,39.524555,39.937115,39.292458,39.18765,39.36482,39.665653,39.887657,39.63276,39.600838,39.884247,40.145863,39.691338,39.414303,39.56236,39.61502,39.948887,39.85517,39.552383,40.02067,40.11708,39.840977,40.15719
49.52277,49.59253,49.735474,49.927074,49.749283,49.47581,49.725952,49.63849,49.471077,49.633068,49.486065,50.090023,50.085567,50.099,49.690212,50.110386,50.049942,49.58042,49.66733,49.981216,49.843445,49.56975,50.373016,49.678818,49.91723,49.8888,49.945763,50.11781,49.50185,50.28043,49.91188
29.781311,29.87653,29.757881,30.007177,29.997473,29.423697,30.001696,29.575174,29.729853,29.888948,30.228636,29.733265,29.86039,29.82152,30.324095,30.818531,30.197262,30.05589,30.362652,30.494864,30.046236,29.720966,29.832428,30.222769,29.649128,29.916143,30.286983,30.391426,30.574741,29.895977,30.775347
35.782482,36.212082,36.01547,36.21691,35.975163,36.15696,36.05037,36.124508,36.263588,36.172546,36.20985,36.079235,36.294567,36.201942,36.036987,36.285393,36.196014,36.238438,36.13232,36.374786,36.188267,36.166107,35.977047,36.409164,36.31043,36.509964,36.4152,36.543583,36.636765,36.172287,36.438404
40.32326,40.453133,40.32258,40.069725,40.486046,39.96316,39.7118,39.68898,40.218292,39.98913,40.182865,40.31151,40.297993,40.099895,39.835304,39.90005,40.24562,39.893787,40.18725,40.52318,40.194996,40.342716,40.374676,40.397453,39.91904,40.38617,40.5897,39.84669,40.871758,40.477158,40.372555
42.105904,42.081055,41.760788,41.937912,42.0716,41.92242,41.847702,42.015255,42.065346,42.33432,41.91235,42.180817,42.221016,42.513287,42.199863,41.929832,42.121597,42.552666,42.320217,42.236977,42.365105,42.53177,42.11475,42.2462,42.490097,42.392365,42.50145,42.32051,42.31467,42.382088,42.706448
48.620876,48.460514,48.624992,48.358643,48.73156,48.92464,48.859455,48.79028,48.78747,48.921486,48.387016,49.041164,48.83194,49.066933,48.589607,49.012184,48.780537,49.523876,48.91954,48.64864,49.131058,49.059513,48.77981,48.972137,48.861828,48.936905,49.339138,49.000114,48.79351,48.68308,48.857193
46.763374,47.33156,47.13366,47.7276,46.803116,47.442463,47.530365,47.423775,47.230217,47.59405,47.19907,47.311848,47.615524,47.37155,47.566673,47.25807,47.528843,47.62643,47.224,47.741417,47.733456,47.246662,47.639267,47.018585,48.104877,47.44024,47.13702,48.062164,47.51299,47.545185,47.38277
51.201397,51.021473,50.5935,51.06825,51.108772,50.861805,51.110443,51.194168,50.960907,50.94988,50.993397,51.05801,51.151215,51.239037,51.306377,51.819614,51.375877,51.091995,51.38402,51.498554,51.243786,50.901543,51.404926,51.183464,51.468464,51.343323,51.044064,51.604046,51.28928,51.721027,51.62022
43.818455,44.642963,44.081596,43.844612,43.928253,43.986923,43.89779,44.044556,44.752556,44.53545,43.93204,44.331566,44.192814,44.59479,44.72665,44.169216,44.511044,44.526012,44.243847,44.314014,44.817993,44.761494,44.684166,44.672066,44.739433,44.373535,44.40178,44.72319,44.667084,45.03077,44.575356
51.89767,52.334625,52.554573,52.34625,51.901917,52.234722,52.418526,52.257404,52.81053,52.387573,52.82793,52.55671,52.276814,52.281693,52.927147,52.467537,52.98426,52.451477,52.54237,52.704952,52.72842,52.612343,53.16591,53.01365,53.08149,52.610313,52.754795,52.83597,53.097572,53.10169,52.802578
42.330482,41.988464,42.308884,42.12156,42.353523,42.752907,42.119823,42.59261,42.524807,42.003807,42.334137,42.221462,42.35262,42.26469,42.100834,42.29055,42.31707,42.555283,42.359478,42.140694,42.52964,42.624306,42.32405,42.5326,42.317257,42.417633,42.6533,42.218796,42.61845,42.541878,42.088627
41.93398,42.58744,42.54406,42.848396,41.87902,42.482944,42.483433,42.749382,42.927246,42.372765,42.61833,42.398243,42.576485,42.667564,42.49319,42.792454,42.63534,42.841785,42.526325,42.740116,42.650448,42.534054,42.661522,42.814903,43.311428,42.983406,42.67418,43.113384,42.683266,42.604885,42.76824
49.355984,49.790134,49.89781,49.315144,49.935318,49.66215,49.97701,49.43648,49.891796,50.17505,49.895824,49.713615,49.804073,49.658188,50.162212,49.89536,50.091713,49.93805,50.010437,49.942272,50.274143,50.448734,50.14396,50.513344,49.65861,49.84977,50.302742,50.118,50.33971,50.01715,50.161686
49.31481,49.368793,49.36016,49.272217,49.804146,49.70961,49.923462,49.405464,49.303146,49.817673,49.740303,49.51719,49.863186,49.440517,49.621864,49.879726,49.476395,49.546642,49.765835,49.79402,49.764458,49.7704,49.69837,49.981422,49.599113,49.915604,49.755318,49.85175,49.958237,49.650135,50.03691
46.136192,46.17081,46.306458,46.516075,46.335693,46.11775,46.079685,46.180824,46.25682,46.554565,46.815376,46.178646,46.477867,46.19326,46.65746,45.82837,46.570076,46.231888,46.6191,46.73114,46.41413,46.57103,46.60538,46.559265,46.511345,46.48732,46.57253,46.602036,46.71418,46.636173,46.703533
53.012566,53.17627,53.104446,53.21152,53.08396,53.16904,53.343643,53.186714,53.104492,53.580383,53.351906,53.340206,53.262066,53.055058,53.52137,52.861122,53.419575,53.43904,53.491787,53.592426,53.476513,53.411938,53.768486,53.251488,53.738853,53.39682,53.227867,53.611076,53.3856,53.498028,53.421555
43.64632,43.282974,43.2069,43.49662,43.765343,43.56587,43.609783,43.640976,43.44345,43.504505,43.345303,43.49174,43.691883,43.75582,43.16535,44.187084,43.84205,43.940353,43.75353,43.632935,43.753105,43.633595,43.397804,43.725815,43.362644,43.568336,44.057217,43.822422,43.81244,43.54269,43.660522
49.15773,49.09775,49.300972,49.47882,49.66559,49.37184,49.579777,49.26355,49.187313,49.58092,49.17567,49.53635,49.641743,49.4753,49.440212,49.5019,49.640205,49.662357,49.451942,49.68915,49.948456,49.660217,49.73655,49.555466,49.490463,49.393074,50.061142,49.5491,49.522892,49.64563,49.666626
34.240845,34.664326,34.221672,34.799534,34.290398,34.362354,34.239044,34.579796,34.887093,34.560375,34.41069,34.44077,34.586952,34.83246,34.524963,34.724304,34.450645,34.994522,34.537945,34.849987,35.011074,34.70574,34.4153,34.656773,35.038986,34.858574,34.830288,34.89704,34.787487,34.78968,34.91643
42.86035,42.62008,42.539772,42.343124,42.79769,42.524757,42.774517,42.50081,41.998203,42.594963,42.490852,42.583965,42.87682,42.608063,42.58512,42.639347,42.39692,42.65847,42.812283,42.698086,42.517902,43.251774,42.502163,42.828003,42.50445,42.884865,42.86347,42.718636,42.968254,42.50081,43.307213
42.70136,43.22692,42.80329,42.74123,42.896477,42.993248,43.232784,42.920406,42.89514,43.044617,42.799652,42.878784,43.161903,42.803173,43.061775,43.259014,43.198547,43.080288,43.062523,43.254463,43.076015,43.180546,43.083515,43.413208,43.215366,43.1336,43.13159,43.36779,43.52481,42.980778,43.410263
53.531715,53.8372,53.428864,53.631775,53.847404,53.76513,53.87586,53.77566,54.24509,54.28633,53.96558,53.83077,53.74683,53.758553,54.503304,53.764942,54.06928,54.24639,54.12168,54.310383,54.78396,54.343742,54.50146,54.281967,54.619728,54.029778,54.052643,54.157803,54.217052,54.69712,54.297226
58.68919,58.84378,59.11814,58.722534,59.04123,59.024094,58.877216,58.79768,59.199043,59.160316,58.901432,59.046345,59.168884,59.197765,59.13801,58.925587,58.996845,59.16952,59.144154,58.965866,59.48327,59.469357,59.441242,59.50659,59.22469,59.18701,59.477516,59.14401,59.30062,59.457535,59.239758
45.02615,45.52871,45.51409,45.55025,45.38159,45.887413,45.728123,45.834736,46.013958,46.07762,45.717953,45.7441,45.965057,46.193016,46.02279,45.846405,45.973156,46.085377,45.809555,45.650467,46.043903,45.858807,46.03232,46.106995,46.384384,46.033875,45.959183,46.37253,45.794178,46.154842,46.03356
37.764275,38.305153,37.84017,38.109524,37.659348,37.4789,37.905293,37.656742,38.31272,38.22682,38.290848,38.315037,37.915012,38.21634,38.048405,38.277973,38.30583,38.357838,38.23312,38.56965,38.24072,38.06059,38.354046,38.311325,38.578705,38.462402,38.31799,38.44771,38.54753,38.303936,38.654587
40.61229,40.692524,40.699623,41.143764,40.61158,40.735554,40.833527,40.879128,40.594124,40.78697,40.942745,40.876926,40.84948,40.779938,40.950863,40.934464,40.54777,40.79743,40.761898,41.198547,40.97828,40.836163,40.734234,40.619392,41.021923,41.30674,40.819294,41.34108,41.05901,41.04553,41.142113
51.470314,51.25228,51.681953,51.373756,51.216255,51.473907,51.356533,51.326366,51.449684,51.349586,51.81692,51.43108,51.30457,51.572254,51.04369,51.45049,51.19821,51.391586,51.61761,51.1706,51.369812,51.923847,51.447315,51.70688,51.44528,51.93625,51.715714,51.619305,52.211323,51.627483,51.624283
47.7835,47.521236,48.099854,47.790882,48.121986,48.24066,48.088745,48.033207,48.096195,47.94929,47.927834,48.0256,48.28576,48.12548,48.014523,48.114494,48.390015,48.548256,48.237484,47.856068,48.42478,48.47541,48.37044,48.64418,48.159878,47.78369,48.927822,47.903397,48.235294,48.086853,48.216133
39.681854,39.725666,39.652542,39.64089,39.791008,39.526306,40.01451,39.698563,38.992786,39.83238,39.259445,39.724396,39.841366,39.67907,39.52519,39.71846,39.47156,39.913876,39.739296,39.721836,39.650486,40.27643,39.459785,39.706917,39.46275,39.851585,40.02617,40.052067,39.71057,39.273685,40.11181
47.67854,47.55682,47.61586,47.814095,47.585434,47.72112,47.883266,47.901447,47.780937,47.85473,47.654068,48.095764,47.724277,47.891964,47.88579,47.839493,47.8557,48.324265,47.827347,47.99605,48.29634,48.18735,48.074104,47.807068,48.245625,48.03257,48.17628,48.105988,47.822723,48.112698,47.990917
50.4772,50.619213,50.596657,50.236115,50.89116,50.624172,50.55374,50.330666,50.715855,50.81686,50.51345,50.61761,50.786488,50.589878,50.921936,50.334778,50.75574,50.91693,50.975548,50.820713,51.080593,51.10691,51.121212,51.24079,50.98051,50.65007,51.245796,50.421223,51.07234,50.93762,51.235226
59.345768,59.269474,59.6549,59.413086,59.58776,59.670746,59.40584,59.414738,59.769054,59.610924,59.672474,59.412373,59.706043,59.607582,59.773323,59.438145,59.819134,59.870483,59.958122,59.79008,59.95498,59.684135,60.070683,59.87966,59.96455,59.65838,59.94768,59.59673,59.837303,59.874058,59.77535
46.94603,47.409847,47.75679,47.137024,47.04924,47.026352,47.298027,46.951397,47.292126,47.230766,47.51223,46.92996,47.247,47.069965,47.756977,47.336395,47.5288,47.305458,47.56839,47.496838,47.47985,47.803047,47.676678,47.69787,47.284386,47.25978,47.436794,47.59796,47.84088,47.362984,47.67222
46.841824,46.575703,46.697212,47.1985,47.014946,46.904926,47.076828,47.063644,46.84716,46.970566,47.219814,46.771114,47.128807,47.046665,46.92813,47.46632,47.037098,47.203327,47.43743,47.145103,47.026672,46.849483,47.013874,47.35012,47.245014,47.13304,47.403957,47.29792,47.261562,46.974808,47.557587
52.041756,52.147488,51.98777,52.55948,52.15055,52.37124,52.206917,52.737076,52.49814,52.431503,52.479916,51.978462,52.38013,52.48111,52.89014,52.535923,52.312496,52.37542,52.58484,52.585896,52.660973,52.413124,52.420113,52.507072,52.938282,52.778664,52.250885,53.126034,52.48707,53.002747,52.762943
42.069923,42.203407,41.734535,41.939697,41.98561,41.75941,42.05675,41.961285,42.20987,41.95047,42.245342,42.07359,41.94563,41.766987,42.16339,42.205906,42.563194,42.18483,42.29857,42.535656,42.24468,42.321823,42.45016,42.609146,42.504467,42.165047,42.423122,42.14128,42.718616,42.440674,42.600105
43.91796,44.234188,44.113335,44.328327,44.0392,44.33723,44.269276,44.67868,44.447033,44.299965,44.15314,44.3029,44.36105,44.664665,44.481754,44.512897,44.73897,44.40305,44.332146,44.367626,44.347572,44.36188,44.580822,44.481247,44.871006,44.71776,44.47126,44.97824,44.22707,44.838657,44.541897
60.707844,61.114502,61.18923,61.283924,61.04991,60.913277,61.221542,61.22299,61.376377,61.240227,61.248226,61.026157,61.128048,61.226814,61.490463,61.732903,61.490856,61.071033,61.49924,61.47162,61.39774,60.959484,61.81669,61.507065,61.519787,61.428436,61.16635,61.9217,61.1568,61.715214,61.353718
37.67561,37.869064,37.618423,37.91058,37.780464,37.612812,37.791058,37.831455,37.924004,37.99903,37.871063,37.82954,38.03017,38.007797,38.393375,38.009087,38.215603,38.255875,38.013245,38.311855,38.38052,38.315845,38.057045,38.165916,38.242393,37.934296,38.27053,38.28885,38.16431,38.279263,38.49421
46.430656,46.268787,46.486435,45.997414,46.9031,46.45043,46.367153,46.125637,46.65445,46.560402,46.83117,46.423103,46.437767,46.377785,46.831345,46.789497,46.681602,46.57512,46.985466,46.78411,46.807392,46.595303,46.762882,47.077362,46.25501,46.652412,46.998833,46.461422,47.107998,46.847855,46.98538
54.260086,54.34596,54.37716,54.217815,54.646317,54.280052,54.251385,54.119076,54.313618,54.496403,54.24178,54.15111,54.655445,54.336834,54.530254,54.17442,54.45065,54.532005,54.700523,54.647465,54.671265,54.797623,54.554188,54.92028,54.505173,54.44172,54.97098,54.36206,54.81623,54.456154,54.95481
43.383434,43.67621,44.036163,43.517765,44.006233,43.79689,44.25319,43.758648,43.675926,43.82072,43.908226,43.965828,43.9795,44.032215,43.957035,44.475113,44.132618,43.742725,43.962772,44.003468,43.85589,44.02281,44.351772,44.302345,43.927147,44.405273,44.23508,44.193363,43.664875,44.0803,44.38177
49.22586,48.600723,48.362488,49.261284,48.67891,48.981407,48.94614,49.56089,48.92379,48.57439,49.14611,48.706936,48.70758,48.691914,48.886425,49.269844,49.11606,49.09015,49.221275,49.06629,49.021877,48.986595,49.00239,48.993988,49.48296,49.036636,48.90715,49.331642,49.334892,49.41321,49.053177
46.275406,46.012627,46.433968,46.3368,46.219368,46.589073,46.440464,46.51519,46.226044,46.304676,46.057106,46.553947,46.428078,46.688828,46.062904,46.311485,46.460228,46.90967,46.331547,46.257526,46.645256,46.767002,46.48682,46.181236,46.608685,46.593407,46.83614,46.5027,46.298374,46.41201,46.298546
45.408115,44.893627,45.250298,45.403904,45.13382,45.387375,45.811676,45.68349,44.77857,45.38912,45.890526,45.261974,45.16905,45.020943,45.46874,45.381184,45.52511,45.50307,45.695515,45.624035,45.089046,45.657726,45.307453,45.214455,45.49245,45.847656,45.3265,45.956146,45.45872,45.166683,45.644287
55.25083,55.02823,55.67794,54.972572,55.52738,55.790928,55.524776,55.598663,55.688282,55.52454,55.51096,55.865402,55.427063,55.820923,55.69687,55.395847,55.75242,55.761578,55.613205,55.37724,55.849022,55.932835,56.190113,55.757896,55.899273,56.033157,55.986935,55.583115,55.318283,56.19707,55.58373
46.360798,46.401863,46.46868,46.862076,46.40988,46.508324,46.655525,46.702293,46.390232,46.585,46.60354,46.734764,46.712093,46.658978,46.54269,46.606236,46.660748,46.539803,46.461937,46.793182,46.765247,46.78916,46.830116,46.530342,46.89202,46.91371,46.73895,47.03895,46.67063,46.983196,46.721943
48.743954,48.42861,48.32782,48.778336,48.72872,48.85936,48.512783,49.005905,48.686386,48.546005,48.306442,48.745773,48.955574,48.92238,48.758396,48.650486,48.828506,49.126633,48.813812,48.875618,49.049816,48.800316,48.88333,48.74781,49.28566,48.791214,49.114613,48.77979,48.671864,49.100765,48.976944
51.996456,51.749775,51.403847,51.87308,51.84703,51.75064,51.505894,51.853477,51.94391,51.80885,51.998417,51.866177,52.0325,51.778175,52.09715,51.801632,51.8588,51.866165,52.119186,52.16706,52.069813,51.92475,51.971462,52.286186,52.248783,51.98919,52.11379,52.03833,52.594097,52.446384,52.39835
48.392742,48.788406,48.520584,47.944942,48.409172,48.37443,48.12465,48.21778,48.8288,48.280815,48.08014,48.37779,48.344242,48.626907,48.380222,48.454697,48.661953,48.6649,48.52746,48.593384,48.77114,48.872078,48.782005,48.724373,48.709534,48.749084,48.677338,48.396217,48.82644,48.876385,48.614227
55.473022,55.018143,55.816933,55.994186,55.627136,55.620346,55.817284,55.668846,54.94727,55.51885,55.400238,55.694653,55.935757,55.785458,55.785954,55.707985,55.60346,55.758667,55.75233,55.770325,55.76982,55.638313,55.86463,55.355286,55.714157,55.669907,56.046635,55.96866,55.439224,55.657482,55.942726
53.65794,53.607105,53.87834,53.783005,53.860367,54.110638,53.954823,53.722416,53.685497,53.798973,53.84604,54.019943,54.242245,53.726803,53.767,53.907207,54.00805,53.999905,54.04205,54.209324,53.86058,53.48975,54.167397,53.967598,54.109146,54.021263,54.106674,53.94825,54.15643,53.78682,54.002613
43.347267,42.966763,43.363876,43.45308,43.554512,43.189938,43.710384,43.38739,43.084793,43.372433,43.492878,43.994427,43.51841,43.508682,43.54578,43.83841,43.84988,43.612732,43.649723,43.641155,43.522816,43.422962,44.034588,43.749443,43.581154,43.49044,44.18128,43.600163,43.407036,43.737488,43.970604
47.080864,46.790455,46.951263,46.919888,47.012337,47.08419,46.9438,46.97247,46.887325,47.234966,47.008434,47.4827,47.337757,47.27879,47.21764,46.790108,47.255337,47.3877,47.194317,47.097,47.281517,47.363358,47.38491,47.21389,47.279957,47.06051,47.539303,47.228577,47.399082,47.420155,47.348293
40.31066,40.418278,40.65338,40.23849,40.154747,40.267445,40.094196,40.258274,40.505417,39.976135,40.136383,40.336517,40.245148,40.79076,40.149117,40.552635,40.205715,40.73188,40.517174,40.37954,40.416134,40.624126,40.419838,40.411575,40.680046,40.910355,40.75866,40.323322,40.469006,40.414406,40.81799
46.182735,46.06391,46.570763,46.882233,46.214035,47.00063,46.99008,47.080948,46.611534,46.832916,46.725224,46.738743,46.686176,47.010532,46.72353,46.697376,46.64879,47.370384,46.74516,46.640026,46.950603,46.985363,46.54879,46.699905,47.431812,47.2788,47.244926,47.267303,46.679195,46.63458,47.073345
53.088146,52.999214,52.58245,53.192173,53.12079,53.057972,53.275917,53.30989,52.888226,53.213432,52.816868,53.0228,53.171356,52.962685,53.232834,53.26899,52.989025,53.312057,53.16058,53.367073,53.615295,53.469757,53.174118,53.190994,53.45704,53.20597,53.205574,53.535763,53.344933,53.473473,53.39255
46.670876,46.547802,47.005943,46.54489,47.027786,46.604465,46.91046,46.42237,46.841187,47.15359,47.588734,47.341213,46.862274,46.70684,47.19201,46.936935,47.022583,46.71744,47.2639,46.98893,46.92366,47.056396,47.443832,47.64161,46.663242,47.05494,47.456917,47.043064,47.5258,47.286842,47.41083
54.176384,54.029495,54.306885,54.191498,54.174965,54.187805,53.898785,54.036842,54.44869,54.233574,54.475693,54.072746,54.249107,54.395252,54.561268,54.159355,54.12767,54.52523,54.72621,54.45513,54.552635,54.397243,54.434223,54.56521,54.64751,54.546974,54.639805,54.319332,54.81408,54.584324,54.861526
45.43628,45.633053,45.2452,45.397636,45.43763,44.993267,45.29791,45.347973,45.74088,45.285828,45.55002,45.409687,45.30493,45.627304,45.80365,45.91716,45.96327,45.55583,45.797573,46.045166,45.713318,45.65358,45.878063,45.98783,46.056526,45.938873,45.9209,45.724163,45.91261,46.150677,46.387653
36.51748,37.090816,37.1251,36.666264,36.99164,36.618534,36.613182,36.62138,37.176937,36.860847,36.78256,36.953114,37.000385,37.229614,36.822716,37.15912,37.139763,36.988934,37.148346,36.924644,36.88581,36.877377,37.370026,37.408516,36.912605,37.03504,37.33793,36.964386,36.861706,37.051167,37.21347
46.6722,47.2295,46.875282,47.166576,46.654137,46.944954,46.910614,47.193817,47.431202,47.164673,46.939404,46.94835,46.932762,47.365578,47.060158,47.25312,47.34775,47.415043,47.234566,47.353714,47.213577,46.96717,47.184677,47.132584,47.736645,47.57071,47.15304,47.71719,47.245037,47.32269,47.300312
38.774853,39.14707,39.272865,38.724384,38.76699,38.78933,38.988956,38.70554,39.13895,38.938152,39.499866,39.108727,38.665085,38.773632,39.321964,38.73877,39.15244,38.987846,39.139168,39.479275,39.14318,39.45601,39.56733,39.145195,39.426704,39.656357,39.049892,39.040646,39.334885,39.409546,39.452534
47.846695,47.973923,47.564934,47.957016,48.031715,47.617474,47.962143,47.81527,47.806915,47.970547,48.087383,47.814793,47.98268,47.608547,48.160984,48.322636,48.231205,47.670498,48.16775,48.3641,48.12856,47.802322,48.42142,48.143944,47.96229,47.800026,47.756897,48.33642,48.298954,48.448467,48.11684
41.87726,42.542545,42.185036,42.699993,42.056007,42.01253,42.11782,42.439564,42.473156,42.48939,42.17616,42.31618,42.534817,42.775913,42.389496,42.695267,42.450775,42.30781,42.43315,42.41965,42.352646,42.11909,42.58439,42.497177,42.69074,42.525032,42.328033,43.156143,42.336727,42.722275,42.588562
55.988,56.148956,56.056137,55.929222,56.082672,56.132633,56.471016,56.201107,55.902466,56.29489,56.3662,56.187737,56.17127,55.84688,56.33635,56.056072,56.34914,55.887833,56.26141,56.439114,56.166782,56.526028,56.689762,56.374123,56.499557,56.600883,55.985172,56.602554,56.36217,56.57857,56.37589
56.04439,55.964153,55.967384,56.088833,55.936005,56.01332,56.226692,56.140762,55.97811,56.06487,55.910583,56.134525,56.329838,56.287914,56.06033,56.5149,56.276257,56.32573,56.179268,56.187794,56.3867,56.470993,56.298542,56.36915,56.348232,56.230606,56.38807,56.579857,56.421474,56.377293,56.375202
43.388447,43.32026,42.73107,43.079525,43.232994,43.122257,43.031322,43.367825,43.32206,43.241394,43.119015,43.10396,43.245758,43.448498,43.291107,43.52524,43.32759,43.36608,43.349747,43.3576,43.549274,43.653404,43.21582,43.4149,43.446274,43.476463,43.270405,43.633423,43.667492,43.848843,43.55785
49.770283,49.75656,49.63546,49.70734,49.789223,49.844307,49.885048,49.912395,49.650143,49.858852,49.63309,49.74379,49.936687,49.88571,49.755726,49.90353,49.854828,49.97318,49.899662,49.91177,50.00385,50.190517,49.904522,49.906616,49.99938,50.060364,49.93416,50.16742,49.996292,50.012604,49.997032
44.779526,44.534348,44.59826,44.62345,44.496765,44.8415,44.44106,44.865143,44.98392,44.683258,45.11449,44.698265,44.625328,44.835724,45.023094,44.595524,44.682526,45.05504,45.04286,44.940956,44.874737,45.053005,44.593864,45.0214,45.201244,45.34559,45.066124,45.012543,45.40229,45.1073,45.304234
48.122875,48.181637,48.520958,48.447437,48.24901,48.358643,48.439796,48.253586,48.28585,48.497303,48.109108,48.32879,48.506287,48.870365,48.21356,48.5912,48.638298,48.893528,48.61825,48.32504,48.588997,48.617115,48.43939,48.509262,48.591507,48.49874,49.064697,48.71127,48.710552,48.296917,48.770966
51.1895,50.851624,51.11595,51.372383,50.759453,51.164185,51.008514,51.308533,51.119957,50.910854,51.125576,51.065758,51.064194,51.220528,51.237583,51.08163,51.041027,51.50659,51.19342,51.230324,51.548836,51.614407,51.15791,51.044678,51.578823,51.35211,51.396923,51.41585,51.570538,51.49005,51.349525
64.31782,63.849327,64.194016,63.990482,64.587395,64.41594,64.16785,64.23785,64.20718,64.132706,64.12669,64.31259,64.55691,64.28986,64.29629,64.66929,64.2144,64.27234,64.607506,64.25461,64.47517,64.14925,64.586754,64.70958,64.1445,64.26614,64.624565,64.370575,64.52494,64.63098,64.402115
48.97134,48.905704,48.82039,49.167164,49.38806,49.125,49.29323,49.071205,49.050346,49.247036,49.53522,49.218815,49.41664,48.9812,49.389137,49.474888,49.50785,48.896175,49.417377,49.60085,49.294327,48.956856,49.653267,49.61312,49.408287,49.33104,49.39775,49.430046,49.629814,49.725758,49.651573
46.39527,46.432236,46.831406,46.22163,46.731346,46.328705,46.548355,46.06816,46.286892,46.503494,46.34183,46.577713,46.71353,46.6187,47.008064,46.576996,46.89353,46.73635,46.77505,46.834446,46.885574,46.982918,46.958042,46.89164,46.492287,46.479073,47.25588,46.501415,46.93657,46.74281,47.249382
43.864845,43.651096,43.63855,43.47914,43.902573,43.724636,43.819088,43.805984,43.503113,43.836914,43.833904,44.0496,43.867645,43.882774,43.498962,44.008335,43.98871,43.72373,43.93208,43.80797,43.49382,43.84983,43.859917,43.914116,43.511738,44.137604,43.93489,44.163795,43.89193,43.883263,43.8489
41.492245,41.42459,41.65735,41.55176,41.27928,41.332745,41.316784,41.350143,41.385075,41.529037,41.86566,41.70686,41.312744,41.59146,41.722446,41.06873,41.5286,41.525898,41.63205,41.83027,41.536503,41.86435,41.715862,41.35354,41.829464,42.133026,41.70581,41.72459,41.91487,41.92262,41.977764
48.418118,48.49876,48.48046,48.102184,48.647972,48.49401,48.456936,48.303635,48.67092,48.50178,48.40868,48.615604,48.472687,48.67905,48.356552,49.01079,48.53148,48.606895,48.69219,48.504948,48.743805,48.620476,48.721928,48.87554,48.38648,48.78112,48.80731,48.689526,48.941216,48.845387,48.680107
46.408028,46.527966,46.244827,46.286858,46.522728,46.438496,46.549313,46.488132,46.646843,46.784718,46.89622,46.517765,46.550575,46.32738,46.896713,46.320553,46.77223,46.56734,46.70799,46.804688,46.946175,47.177307,47.03097,47.000122,46.933193,46.718697,46.625053,46.765823,46.98045,47.175816,46.87577
50.835777,50.953323,50.87815,50.884262,50.61991,50.95329,50.98848,51.048206,51.2473,50.91209,51.15409,51.17173,50.779198,50.91865,51.273254,50.9408,51.29864,51.195316,51.052597,51.362152,51.34908,51.3115,51.46703,51.19493,51.734962,51.470993,51.18166,51.29681,51.45386,51.651127,51.318577
47.231804,46.999382,47.56978,47.15442,47.51889,47.702545,47.569683,47.514935,47.5184,47.478287,47.673756,47.384926,47.362446,47.49851,47.530567,47.95538,47.70577,47.75338,47.81571,47.47155,47.550087,47.39838,47.445072,47.696793,47.190636,47.714706,47.844154,47.88667,47.757854,47.45064,47.483665
37.986473,38.14582,38.374344,37.998978,38.39618,38.48112,38.67304,38.425354,38.18711,38.361187,38.41985,38.10272,38.43022,38.453915,38.606148,38.77517,38.51829,38.437088,38.5308,38.267967,38.43458,38.850937,38.411575,38.861946,38.400078,38.660583,38.736275,38.717705,38.597023,38.461525,38.947826
46.681877,46.244896,46.52764,46.508698,46.83436,46.6705,46.553883,46.65249,46.589725,46.4547,46.85364,46.903343,46.719147,46.599834,46.93052,46.821224,46.929825,46.70291,46.98222,46.99107,46.698273,46.4388,47.045475,46.953506,46.854942,46.890465,47.142765,46.67639,46.90085,47.104588,47.140537
40.84027,40.724545,40.95231,41.0494,40.538376,41.027855,40.898376,41.062565,40.9555,40.679,41.137756,41.17503,40.791,40.990433,40.508663,40.734367,41.07552,41.17298,40.841267,41.180115,40.876644,41.060337,41.077988,40.693665,41.466854,41.615387,41.1379,41.030727,41.032074,41.052082,40.935135
57.959312,57.86217,58.183876,57.895622,58.217903,57.950924,57.718773,57.834694,58.128365,58.113594,57.93721,58.141884,58.35891,58.31153,58.096165,58.21391,58.47798,58.16898,58.48012,58.11611,58.07469,57.802044,58.47388,58.433495,57.895435,57.89795,58.52163,58.309994,58.3129,58.279797,58.12866
45.143974,45.971386,45.040016,45.055824,44.854942,44.830402,45.11136,45.35679,45.658512,45.290627,45.04613,45.681065,44.98766,45.193043,45.715652,45.370335,46.0676,45.16224,45.191257,45.82095,45.412666,45.378662,46.01096,45.470276,45.84093,45.57695,45.049023,46.043015,45.640526,46.257416,45.361286
49.421246,49.332516,49.580032,49.95639,49.11715,49.903122,49.73719,50.169525,49.639584,49.73429,49.758247,49.943813,49.70507,49.82685,49.689384,49.51339,49.541847,49.999157,49.60908,49.666534,49.72225,49.87414,49.59456,49.605843,50.255024,50.264984,49.83801,50.425087,49.791874,49.863537,49.72818
56.511166,56.385445,56.326385,56.637817,56.640884,56.239914,56.15987,56.251064,56.366707,56.57355,56.340477,56.159092,56.705196,56.662838,56.56079,56.231342,56.25767,56.66738,56.80989,56.75783,56.895775,56.899662,56.55542,56.67366,56.810917,56.64057,56.89733,56.498924,56.83179,56.73603,57.126675
44.052364,44.27311,44.591614,43.99141,44.128593,43.699787,43.98865,43.669758,43.80653,43.93418,44.20387,44.18867,43.93922,44.221436,44.094093,44.041405,44.245415,43.661285,44.01737,44.495125,44.015686,44.558605,44.36289,43.92491,43.841618,44.826218,44.2434,44.334213,44.36006,44.488087,44.445473
31.107285,31.554546,31.681194,31.372942,31.098804,31.396156,31.208258,31.39295,31.919785,31.37042,31.504911,31.634727,31.371412,32.017563,31.516712,31.55807,31.521008,31.889423,31.438026,31.474243,31.720997,31.998257,31.473454,31.864874,31.942184,32.132988,32.154114,31.695644,31.91108,31.802254,32.086353
46.099033,45.8164,45.9393,46.51264,45.856842,46.046494,46.137844,46.256622,46.1473,46.321342,46.67873,46.26027,46.250404,46.384575,46.544815,46.267517,46.352833,46.51237,46.625027,46.46801,46.30797,46.208984,46.353424,46.408478,46.858116,46.492966,46.564327,46.69854,46.748413,46.549713,46.960583
46.154663,46.304855,46.239952,45.793343,46.501724,46.022236,46.482468,46.10352,46.019974,46.6275,46.0125,46.352825,46.252056,46.518417,46.49444,46.5143,46.487305,46.46977,46.515766,46.23889,46.572197,46.947147,46.64952,46.562004,46.11892,46.393227,46.57875,46.68268,46.271584,46.572815,46.664227
51.750267,51.65039,52.086227,51.676945,52.00862,51.67226,51.886765,51.589043,51.800346,51.546177,51.944065,51.619415,51.693684,51.6083,51.855392,52.385056,51.83021,51.66923,52.105263,51.821533,52.06821,52.098293,52.126556,52.359764,51.48273,51.791397,52.24932,51.881725,52.4418,52.08635,52.09821
60.85528,60.82112,61.172653,60.424408,61.262093,61.25285,60.8528,60.988068,61.220062,61.035545,60.77441,61.214497,61.368427,61.42479,61.100418,61.139614,61.379322,61.09405,61.287136,60.860336,61.124073,61.1622,61.632137,61.63597,61.153084,61.24495,61.517506,61.13888,61.06466,61.553146,61.16976
42.059666,41.82417,41.998283,41.61061,42.18112,41.979095,41.944065,41.795055,42.050316,42.002678,41.940353,42.269863,41.94482,42.17845,41.58778,42.440334,41.99519,42.31745,42.100136,41.919674,42.177273,42.330692,41.793354,42.36554,41.4946,42.26763,42.676937,42.132336,42.54277,41.988037,42.09622
44.407776,44.63197,44.464737,44.619305,44.390663,44.740494,44.387554,45.007336,44.8498,44.54076,44.434338,44.562756,44.719894,45.105354,44.580177,44.992542,44.65271,44.781456,44.82666,44.524666,44.47271,44.421104,44.618042,44.794106,45.03552,45.11647,44.665134,45.2582,44.631474,44.926903,44.842026
57.3429,57.131317,57.694496,57.344097,57.488174,57.938538,57.52673,57.67654,57.481945,57.579403,57.60053,57.26404,57.835857,57.75662,57.66526,57.503246,57.322994,57.737167,57.80167,57.309196,57.692715,57.983757,57.499607,57.885742,57.704777,57.871124,57.839428,57.85544,57.875526,57.641888,57.818764
44.5624,44.665165,44.689995,44.76754,44.51676,44.768166,44.652893,44.83734,45.007553,44.561943,45.02754,44.571045,44.683197,44.77781,44.68176,45.121895,45.084896,44.76827,44.93777,44.883274,44.76705,44.73459,44.892628,45.063972,44.99676,45.042007,44.91446,45.13461,45.313232,45.079662,44.909256
52.823536,53.098595,53.35154,53.45612,53.007065,52.97905,53.351128,52.995007,53.141212,53.15519,53.43357,53.51071,53.323723,53.237057,53.074753,53.20494,53.625927,52.91304,53.090084,53.545113,53.338146,53.33891,53.998444,53.409607,53.718796,53.598015,53.541206,53.447422,53.477398,53.80125,53.455307
49.742363,49.797047,49.862976,49.59659,49.91735,49.8667,49.88199,49.8622,49.803867,49.77613,49.905766,49.642384,49.861946,49.729668,49.821877,50.01042,49.93084,49.8014,50.07444,49.94335,49.802227,50.14958,49.85107,50.31465,49.81228,50.200165,50.143288,50.120132,50.28715,49.915455,50.177643
51.17826,51.105476,50.8853,51.18677,51.05368,51.202652,51.189953,51.425644,51.472916,51.29858,51.347515,51.204094,51.141235,51.349415,51.61966,51.344414,51.556683,51.467438,51.445877,51.39739,51.713306,51.710392,51.57729,51.642998,51.89369,51.481712,51.551956,51.655804,51.813038,52.052055,51.724415
46.588005,46.54146,47.042587,46.630867,46.86548,46.76319,46.991043,46.680305,46.8977,46.78992,46.955338,47.09531,46.88042,47.086254,46.76667,47.559795,46.975567,47.06969,47.142883,46.743843,47.01355,46.827305,47.368107,47.248817,46.78605,46.95764,47.274014,47.07378,46.91029,47.03824,47.040253
38.86768,39.01322,38.956993,39.00772,38.994812,38.934017,38.897232,38.951843,39.35746,38.969692,39.16758,39.057888,38.88112,39.198914,39.170727,39.348175,39.287346,39.320858,39.160397,39.464226,39.4466,39.222313,39.131752,39.255486,39.321247,39.52768,39.51219,39.281406,39.508923,39.47697,39.483414
43.657913,43.97294,43.924408,43.620094,43.88186,43.641476,43.917057,43.627636,44.229744,43.900658,44.22804,43.946445,43.76533,43.80224,43.911747,44.28299,44.51931,43.930607,44.054672,44.248646,44.12685,44.216957,44.286556,44.545288,43.917313,44.165405,44.382866,44.156834,44.552265,44.279873,44.179253
44.069534,44.377514,43.780586,44.465485,44.29152,44.165062,44.21034,44.35571,44.55566,44.371105,44.32577,44.118282,44.46264,44.272957,44.665447,44.721718,44.54221,44.450123,44.50208,44.83572,44.81809,44.22725,44.55979,44.660614,44.843063,44.380524,44.422897,44.74181,44.756557,44.894157,44.792446
41.161686,41.60147,41.787018,40.84828,41.562813,41.962273,42.064705,41.6574,41.7635,42.029007,41.534374,41.991425,41.897964,41.94734,41.662434,41.955322,42.025646,42.1861,41.762398,41.347153,41.753017,42.2349,41.935635,42.383606,41.69833,41.923164,42.17061,42.11445,41.77802,41.55037,41.818592
55.939663,55.553707,55.592514,55.8065,55.685318,55.834198,55.865505,55.97634,55.53691,55.789185,55.904377,55.70897,55.943024,55.833572,55.615944,55.806656,55.729733,55.807755,55.992012,55.65905,55.828148,56.292862,55.938416,56.014175,56.04292,55.987305,55.88187,56.117687,56.187756,56.086784,56.007412
58.29617,58.23515,58.268845,58.692585,58.29418,58.427795,58.47697,58.832443,58.55128,58.542248,58.529068,58.540897,58.404922,58.3101,58.928795,58.362396,58.47216,58.682552,58.7559,58.745964,58.866436,58.566338,59.06171,58.613014,59.18203,58.65468,58.50806,58.94314,58.36063,59.0528,58.64681
53.7047,53.587242,53.97853,53.791477,53.965996,54.021996,54.208473,53.93839,53.854637,54.272797,54.513607,54.164215,54.16565,54.16639,54.264534,53.99963,54.275,53.921913,54.34435,54.04936,54.026917,54.225147,54.712734,54.383415,54.461586,54.428658,54.18893,54.35749,54.108894,54.54522,54.47953
48.059334,48.69801,48.352203,48.440067,48.374252,48.127186,48.39675,48.242268,48.863438,48.643017,48.24231,48.653866,48.38466,48.796318,48.584812,48.65098,48.836185,48.68534,48.417953,48.860573,49.15421,48.858154,49.09728,48.765312,49.084305,48.856987,48.90048,48.78282,48.66761,49.246803,48.85229
46.088135,45.97109,45.713074,45.752014,45.847748,45.693737,45.92596,45.954414,45.99639,45.931965,45.80483,46.058487,45.780045,46.09672,45.75846,46.535633,45.982006,46.417114,46.353195,45.960236,46.028778,46.03786,45.99082,46.235832,45.998726,46.07177,46.215206,46.318424,46.273754,45.966133,46.24798
42.708504,42.94021,43.327545,43.179287,43.05201,43.439644,43.0389,43.296467,43.082752,43.17609,43.161774,43.277348,43.63611,43.552822,42.956226,43.10466,43.180023,43.16448,43.178455,43.152504,42.850174,42.907963,43.259518,43.19438,43.34987,43.694,43.312424,43.563744,42.902233,43.112026,43.200733
46.965183,47.09037,46.411568,46.800575,47.086563,46.552334,46.83627,46.943188,47.007774,47.107475,46.918465,46.74548,46.99912,46.821236,47.381943,47.161034,47.199646,47.104633,47.31832,47.374172,47.317112,47.325527,47.170532,47.529846,47.231045,46.949776,47.167847,47.32325,47.32077,47.41215,47.604584
54.43467,54.505962,54.1315,54.533447,54.519714,54.138325,54.59298,54.564976,54.599976,55.037865,54.918434,54.69247,54.648556,54.542545,55.262417,54.905884,54.947876,54.590343,55.033108,54.89679,54.869694,54.73214,55.07064,55.177635,54.81785,54.569595,54.666912,55.45205,55.031963,55.288513,55.125736
46.798496,47.18417,46.922554,46.64507,46.896317,46.64241,46.733643,46.68675,46.80637,47.022083,46.88386,47.02572,47.085598,46.941753,47.509743,46.81292,46.912125,46.6488,47.00227,47.18094,47.080162,47.3125,47.34486,47.22702,47.059753,47.166595,46.87061,47.316765,47.31113,47.588993,47.483803
49.996033,50.2849,50.32853,50.324375,50.302986,50.210567,50.231476,50.123184,50.53719,50.494965,50.472763,50.78567,50.49387,50.437725,50.627842,50.29336,50.34932,50.301155,50.389915,50.587605,50.78331,50.419678,51.12207,50.69957,50.82566,50.5998,50.619602,50.521877,50.57972,51.12868,50.673084
42.7638,42.72648,42.210464,41.995068,42.61611,42.509487,42.266872,42.58786,42.5618,42.33561,42.43332,42.33582,42.477924,42.394287,42.5358,42.409187,42.66239,42.3787,42.660664,42.47935,42.48748,43.10934,42.58852,43.013885,42.58851,42.688835,42.6146,42.522884,43.15697,43.01583,42.853134
51.277893,51.519485,51.379173,51.482227,51.402,51.24608,51.4083,51.161343,51.512264,51.608444,51.595543,51.436462,51.44318,51.368637,51.61959,51.604153,51.449314,51.377483,51.52456,51.772255,51.98323,51.70992,51.8756,51.5372,51.56352,51.57052,51.40218,51.804676,52.0082,52.04819,51.57599
51.96556,52.06846,52.315666,52.436665,52.19362,52.443924,52.09947,52.5008,52.339478,52.148727,52.198986,52.05128,52.555565,52.563873,52.349552,52.401993,52.330456,52.385002,52.496418,52.500305,52.2671,52.057205,52.382587,52.347107,52.719868,52.762573,52.44316,52.695618,52.166195,52.438908,52.54688
55.8095,56.176506,55.72464,56.038174,56.24742,55.91976,55.960144,55.946415,56.086823,56.383526,55.72344,55.880196,56.351627,55.80903,56.698208,56.052868,56.31852,56.220947,56.31257,56.56475,56.735,56.0881,56.529865,56.331253,56.247776,55.6463,56.115044,56.489094,56.362682,56.52904,56.231415
45.062164,45.505344,45.30163,45.484955,44.651314,45.27139,45.32559,45.601437,45.445454,45.474567,45.189224,45.805244,45.158146,45.656227,45.426037,45.07201,45.309425,45.570675,45.063927,45.41569,45.594322,45.798183,45.678963,45.058876,46.129738,46.013695,45.219864,46.07839,45.381786,45.977676,45.368122
45.05858,45.24066,45.39559,45.60553,45.39337,45.13284,45.263935,45.133537,45.311916,45.522,45.28084,45.60925,45.498016,45.695297,45.379078,45.332676,45.488907,45.62257,45.419636,45.87598,45.69274,45.391987,45.594078,45.29905,45.686653,45.860954,45.929226,45.63419,45.369995,45.590443,45.820564
47.674545,47.492905,47.882935,47.4478,47.836693,48.100132,48.269352,47.973385,48.09932,47.948463,48.560505,47.85943,47.490078,47.832264,47.841244,48.37691,48.253418,48.039146,48.26326,47.93382,48.030926,48.148342,48.36146,48.201675,48.13212,48.530525,48.003983,48.1921,48.161415,48.284084,47.98429
53.191578,53.03297,53.020027,53.45724,52.969757,53.153275,53.213223,53.22657,53.397892,53.14773,53.688206,53.33493,52.968616,53.03454,53.27311,53.280426,53.390923,53.25227,53.39179,53.716118,53.544132,53.231163,53.619232,53.259315,53.84809,53.71917,53.34237,53.498405,53.88659,53.874886,53.48211
56.953796,56.554043,56.829132,57.409786,56.647324,57.281822,57.043633,57.544197,57.259323,56.80783,57.31106,56.959232,56.993576,56.935688,57.214546,57.22453,57.228798,57.5195,57.482067,57.324383,57.19175,56.741356,57.26903,57.212524,57.9286,57.310455,57.306656,57.4518,57.33473,57.27471,57.29149
47.650402,47.636536,47.854416,47.76819,48.036797,48.045597,47.741222,47.72183,47.54372,47.901733,47.47832,47.59137,48.410423,48.06079,47.73187,47.498756,47.635708,48.065773,47.941605,47.72302,48.046474,48.345314,47.78338,48.168106,47.97441,47.824745,48.437138,47.722107,48.089287,47.713398,48.306255
48.698845,48.776276,48.456413,48.750286,48.891533,48.445324,48.906574,48.706253,48.473564,48.813313,48.797894,48.582363,48.860176,48.556667,48.834423,49.283817,48.830105,48.556698,49.100857,48.933586,48.734043,48.760807,48.961483,49.20111,48.672638,48.71238,48.806313,49.229126,49.156567,48.935814,49.20703
48.79612,48.360237,48.461197,48.45462,48.963623,48.752934,48.21115,48.81355,48.640392,48.33675,48.18984,48.515495,48.888363,48.94178,48.731674,48.86151,48.633625,48.69956,48.81771,48.42734,48.8995,48.78451,48.764973,48.912994,48.52299,48.469894,49.047592,48.633263,48.7514,49.216293,48.794754
53.195843,53.689693,53.042007,52.856018,53.32258,53.26976,53.050564,53.525276,53.921055,53.56156,53.26869,53.432106,53.34072,53.542812,53.742027,53.799603,53.816193,53.39571,53.67617,53.61223,53.47547,53.193115,53.770004,53.84018,53.57607,53.72393,53.150497,54.167057,53.53622,54.11229,53.3797
55.240032,55.980984,55.714478,55.91007,55.7698,55.67165,55.573067,55.534916,55.61537,55.861027,55.523087,55.028545,56.041622,55.30816,56.15827,55.167046,55.61289,55.494152,55.74321,56.35077,56.117664,56.036457,55.769382,55.88566,56.03725,55.860245,55.68875,56.004723,56.152493,55.834354,56.09791
52.719658,52.302708,52.437683,52.627457,52.60092,52.518173,52.30334,52.606255,52.70805,52.3892,52.388638,52.991222,52.775455,53.011158,52.799496,52.784237,52.99504,52.832508,52.68183,52.795406,53.050587,52.706936,53.120422,52.770462,53.035034,52.681145,53.21097,52.71435,52.90723,53.49637,52.96299
50.36662,50.12608,50.152763,49.899334,50.745674,50.26894,50.5399,50.01551,50.09536,50.598637,50.594803,50.273735,50.46148,50.117153,50.66947,50.61919,50.46804,50.434143,50.681095,50.798615,50.715652,50.777557,50.384403,50.777977,50.053097,50.584526,50.727657,50.575333,50.95199,50.51648,50.910038
52.394283,52.540264,52.676727,52.522205,52.619125,52.80467,52.84091,52.804264,53.06689,53.03842,52.93281,52.999825,52.72695,52.914513,53.258106,52.978287,53.171597,53.014862,53.006485,52.81693,53.24746,52.988472,53.421288,53.242477,53.19992,52.90715,53.08888,53.294926,53.10632,53.51876,52.998264
59.41123,58.971733,59.060448,59.25301,59.442757,59.2803,59.289265,59.226784,59.07853,59.239426,59.31227,59.500168,59.553074,59.248367,59.3461,59.32084,59.539326,59.287094,59.48437,59.640377,59.474506,59.369965,59.64856,59.572746,59.57112,59.485085,59.745358,59.40844,59.748444,59.760616,59.70814
39.780033,40.04004,39.81983,39.92767,39.998535,39.540634,40.028214,39.56298,39.479168,39.844246,39.890457,40.019123,40.0956,39.783543,39.6922,39.991417,39.95742,39.618244,39.79491,40.347023,39.875443,40.16781,40.090393,40.04422,39.903217,40.26248,40.13799,40.020042,40.19598,40.012085,40.41658
43.96743,44.366714,43.563667,44.010628,44.22779,43.920406,43.98781,44.05291,44.29681,44.199577,44.278282,44.02038,44.25827,43.829693,44.341362,44.272316,44.158844,43.949036,44.259903,44.723698,44.35367,44.131897,44.31763,44.628212,44.507065,44.470955,44.0896,44.40123,44.60782,44.6301,44.646133
48.659565,48.895107,49.529495,48.79555,49.047203,49.58638,49.379623,49.323376,49.44292,49.299583,49.403225,49.399864,49.25453,49.34701,49.3673,49.22272,49.54238,49.40607,49.280487,49.14456,49.303627,49.479523,49.600864,49.649315,49.46285,49.755653,49.644802,49.59404,49.302467,49.451595,49.25489
46.886467,47.013832,46.98281,47.505943,46.590393,46.888206,47.080288,47.23041,47.454597,46.823864,47.444588,47.17141,47.06267,47.173264,47.43196,47.391655,47.490993,47.290665,47.200226,47.51122,47.563118,47.355133,47.74554,47.488304,48.16148,47.392265,47.43522,47.43299,47.630142,47.92637,47.710865
53.63162,53.528843,53.47014,53.69283,53.734726,53.55032,53.743538,53.73099,53.84477,53.906776,53.943214,53.964966,53.814583,53.64213,54.27506,53.848278,53.97587,54.05518,54.20251,54.14254,54.121834,53.791992,54.34532,54.276436,54.311977,53.812927,54.14511,54.03399,54.022892,54.248505,54.35205
56.68576,56.81185,56.85086,57.097656,56.779465,56.677788,57.05547,57.036556,56.9173,56.931614,57.15108,56.918335,56.867626,57.07311,57.18166,57.368828,57.37202,56.853607,57.331753,57.396397,56.861538,56.679443,57.463837,57.141937,57.54595,57.52459,57.055855,57.60497,56.999554,57.414024,57.5106
31.671234,31.833675,31.577051,31.513973,31.724228,31.69233,31.507898,31.765894,31.776701,31.365137,31.68177,31.485546,31.77591,31.548908,31.649702,31.791386,31.966064,31.793657,31.831142,31.978724,31.596222,31.840242,31.668053,32.047253,31.80568,31.880066,31.966461,31.684292,32.02693,31.706547,32.03697
49.140068,48.691048,48.60714,49.04916,49.212296,49.130997,49.234966,49.295914,49.05077,49.213,49.23257,49.24229,49.137833,49.1216,49.436516,49.32915,49.454468,49.410812,49.27371,49.50925,49.594097,49.458244,49.22919,49.391243,49.476448,49.42607,49.641125,49.490505,49.500908,49.704403,49.627037
48.651165,48.6467,48.56373,49.18397,48.76146,48.397556,48.596085,48.638435,48.456707,48.703453,48.651817,48.8234,49.03858,48.617046,48.672306,48.590057,48.8883,48.57695,48.673527,49.090157,48.967754,48.870766,49.079323,48.80278,48.846752,48.58995,49.02435,48.952065,48.95639,49.092613,48.878872
51.246155,51.100494,51.684265,51.459522,51.72248,51.57974,51.63565,51.48085,51.11908,51.584373,51.17301,51.76647,51.907074,51.75374,51.533924,51.54068,51.885098,51.666042,51.560135,51.591995,51.664318,51.56321,51.993015,51.484566,51.422016,51.47866,52.007782,51.755943,51.15129,51.63535,51.499844
36.970173,37.18656,36.985962,36.64492,36.961197,36.70887,36.386005,36.70708,37.164448,36.692112,36.6496,37.07279,37.034245,37.338585,36.944164,36.7779,37.03687,37.205097,37.054848,37.225193,37.03687,37.189217,37.16425,37.12686,37.280006,37.372475,37.369667,36.75002,37.00316,37.268963,37.483242
59.738964,59.30713,59.809647,59.619984,60.207413,59.756905,59.804188,59.78883,59.292847,59.64854,59.567154,59.714897,60.118217,59.76636,59.5941,59.968685,59.63697,59.512676,60.025623,59.588882,59.625748,59.870537,59.967503,60.219193,59.39822,59.793358,60.238583,59.86899,59.66994,59.814888,59.991505
54.23318,54.022526,54.599342,54.691692,54.24669,54.399734,54.336597,54.37975,54.50449,54.351044,54.808956,54.51776,54.359177,54.58076,54.55426,54.246593,54.869633,54.507572,54.552746,54.87859,54.686718,54.58016,54.862984,54.391716,54.96603,55.002983,54.92018,54.672325,54.751907,54.993397,54.73088
49.84891,49.73383,49.541214,49.76622,49.862488,49.771523,50.335835,50.163624,49.73129,49.982094,50.00572,50.294815,49.897842,49.90167,49.939655,50.252117,50.622566,49.786793,49.789597,50.11591,50.103138,50.473923,50.494305,50.26236,50.24142,50.271866,50.19913,50.500065,50.07681,50.707935,50.108227
43.325222,43.498863,43.20585,43.40316,43.54837,43.43759,43.65108,43.390923,43.354145,43.676254,43.666656,43.522133,43.622883,43.539684,43.289444,43.51354,43.38837,43.51394,43.630318,43.760864,43.57499,43.77179,43.694454,43.733948,43.937363,44.08677,43.640804,43.646397,43.71561,43.67901,44.038017
51.19573,51.021477,51.18551,51.253956,51.33046,51.102325,51.368126,51.24246,51.100296,51.244953,51.17176,51.512985,51.395668,51.65059,51.42113,51.79533,51.468304,51.304718,51.428413,51.373318,51.508297,51.431953,51.67875,51.520668,51.490883,51.569504,51.721134,51.680824,51.454117,51.878223,51.828396
44.2038,44.289658,44.458862,44.24781,44.01248,44.23639,44.03158,44.38396,44.576595,44.487293,44.61196,44.509846,44.28655,44.753193,44.84342,44.28711,44.408,44.653255,44.736477,44.411255,44.40056,44.535778,44.582664,44.575325,44.781857,44.827965,44.556255,44.902454,44.653313,44.809895,44.887455
45.83416,46.09466,46.29544,46.162727,45.913177,46.12953,46.157146,46.084675,46.29182,46.150387,46.032375,46.446026,46.16898,46.269905,46.286083,46.201477,46.510525,46.464478,46.002705,46.518005,46.60508,46.42332,46.460514,46.1587,46.414658,46.465843,46.563766,46.547646,46.390743,46.516376,46.19472
62.60276,61.92206,62.121628,62.01236,62.572357,62.60622,62.368965,62.64422,62.154316,62.11316,62.105972,62.272324,62.456345,62.301464,62.24661,62.78931,62.432735,62.38123,62.643,62.188274,62.350014,62.415585,62.342434,62.693817,62.147526,62.399574,62.63856,62.633472,62.698616,62.611294,62.37196
44.56545,44.610477,44.592148,44.2446,44.71591,44.56615,44.813225,44.64204,44.455193,44.76423,44.31702,44.875908,44.776485,44.819565,44.653606,44.8228,44.78816,44.922245,44.771328,44.446537,44.81316,45.240192,44.956806,45.103462,44.64518,44.643913,45.10763,44.884655,44.743427,44.811646,44.9571
47.059566,47.216675,46.894783,46.66892,46.72666,46.7589,46.57391,46.86558,47.37402,46.660225,46.712204,47.009117,46.64281,46.83029,46.70928,47.142426,46.912483,47.215717,46.946926,47.05034,47.260803,47.29937,46.923603,47.223625,46.89572,47.112343,47.14865,47.08108,47.583473,47.219204,46.827923
53.9023,53.971798,53.759644,54.520927,54.325577,54.087723,54.53113,54.274723,54.041862,54.482403,53.91708,54.29453,54.63881,54.42576,54.612698,54.73116,54.4179,54.561287,54.259495,54.725998,55.03471,54.459442,54.547573,54.477943,54.770775,54.29496,54.72887,54.80792,54.3283,54.74995,54.85884
57.226097,56.65131,56.93392,57.187824,57.19593,57.218307,56.954514,57.26854,57.31845,56.85996,57.72215,56.985405,57.033417,56.699253,56.821404,57.481167,57.480015,56.96331,57.61131,57.271065,56.971237,56.59028,57.457077,57.465782,57.018406,57.07402,57.19467,57.27741,57.652946,57.393234,56.796505
46.76523,47.31482,46.73111,47.331387,46.723152,47.171364,47.36028,47.366158,47.128082,47.586212,47.344852,47.359314,47.32737,46.994007,47.5552,47.119247,47.153263,46.994377,46.96927,47.412174,47.44695,47.45045,47.31224,47.370277,47.655396,47.49299,46.90038,48.1733,47.840893,47.806717,47.362003
54.424942,54.30267,54.3705,54.20414,54.871918,54.510017,54.581535,54.216946,54.266876,54.739292,54.183506,54.918087,54.834225,54.417637,54.76035,54.43843,54.607788,54.78914,54.600697,54.95452,55.055656,54.65118,54.942986,54.662415,54.50375,54.508293,54.99695,54.546535,54.61117,54.781544,54.745285
43.072975,43.952038,43.516197,43.86407,43.270897,43.399803,43.76118,43.60805,43.841778,43.6323,43.366547,43.73282,43.701107,43.95537,43.49472,44.042675,44.07718,43.724888,43.385597,44.163322,43.969536,43.645008,44.124813,43.571304,44.39543,44.215347,43.671246,44.22599,43.572258,44.113556,43.83905
37.993977,37.850075,37.788544,37.89105,37.564102,37.492397,37.675365,37.724354,37.79222,37.755093,37.92882,38.572414,37.72052,38.089294,37.581654,37.83607,37.8938,38.09397,37.902756,38.02492,37.750687,37.95852,38.10769,37.88745,38.160862,38.321754,38.289967,38.00893,38.150063,38.13355,38.24778
48.324993,48.00565,48.64383,48.318954,48.288116,48.59856,48.07034,48.418068,48.76605,48.25883,48.41942,48.544357,48.409164,48.98413,48.72996,48.38321,48.764378,49.02465,48.761425,48.47188,48.851303,48.566956,48.88024,48.50753,49.003677,48.683517,49.098675,48.407127,48.61529,48.997593,48.79817
47.13529,47.467014,47.762756,46.981297,47.380753,47.296402,47.026585,46.90249,47.493237,47.30058,47.33926,47.62276,47.602478,47.326336,47.233727,47.126072,47.27123,47.21844,47.399876,47.204556,47.378845,47.597733,47.79591,47.924698,47.102833,47.31244,47.73671,47.222874,47.88448,47.535793,47.374756
50.190063,49.971905,50.446465,50.19372,50.568443,50.50984,50.345764,50.20056,50.393814,50.46284,50.52394,50.38604,50.615437,50.381298,50.8346,50.205776,50.641083,50.558453,50.527004,50.523975,50.96667,50.9969,50.720615,50.925056,50.508755,50.371155,51.163208,50.370697,50.99876,50.902607,50.86469
46.550095,46.38652,46.128975,46.45654,46.19658,46.3807,46.425194,46.503273,46.293495,46.43524,46.402027,46.45059,46.33454,46.143772,46.478794,46.39905,46.43488,46.845833,46.565258,46.868176,46.670723,46.60253,46.272106,46.282494,46.60733,46.60093,46.463753,46.819523,46.902203,46.405285,46.534313
47.873325,47.91326,48.12063,48.090057,47.979446,48.170708,48.193836,48.21855,48.200954,48.074303,48.33935,47.93675,48.163868,48.244717,48.26492,48.574585,48.140724,48.38974,48.407406,48.42478,48.246147,48.19976,48.070446,48.365128,48.398983,48.723778,48.3444,48.63825,48.33066,48.170208,48.577976
43.499344,43.65365,43.495636,43.558464,43.544518,43.46579,43.405907,43.43791,43.417313,43.47828,43.426563,43.673687,43.774086,43.553215,43.554844,43.36111,43.306747,43.54327,43.45574,43.863018,43.76372,43.93457,43.632034,43.656296,43.77983,43.954796,43.75855,43.646355,43.83756,43.821125,43.950157
47.97707,47.750168,47.674805,48.146286,47.801506,47.942463,48.18958,48.14646,47.942146,47.99533,48.127407,48.07024,47.959034,47.940468,48.2934,48.240414,48.131912,48.353176,48.109474,48.383698,48.496525,48.443863,48.077198,48.22384,48.527363,48.312775,48.423023,48.43018,48.57243,48.43405,48.585407
41.609123,42.210896,42.306046,41.71256,41.635506,41.90549,41.79039,41.739822,42.48211,41.769978,41.80745,42.194897,41.969585,42.51802,42.20246,42.353657,42.395336,42.280094,41.97132,42.165012,42.368362,42.22348,42.547207,42.278976,42.555454,42.44113,42.39408,42.201588,42.35951,42.62714,42.425945
43.708447,43.28482,43.769707,43.678997,43.43579,43.695545,43.576965,43.89026,43.573055,43.36608,44.001667,43.576954,43.41516,43.78198,43.105003,43.899475,43.571568,43.759403,44.033737,43.39987,43.115356,43.601006,43.457993,43.790382,43.624454,44.193756,43.932224,43.9189,43.87857,43.418713,43.783558
44.07763,44.55039,44.60752,44.05887,44.35511,44.276264,44.460022,44.279137,44.427204,44.229668,44.212933,44.28149,44.295208,44.625847,44.44396,44.840714,44.470592,44.293236,44.46373,44.42374,44.485146,44.684505,44.78315,44.617043,44.528778,44.880524,44.46676,44.679733,44.421562,44.766632,44.745934
45.560673,46.018684,45.77916,45.40899,45.76326,45.679386,45.8403,45.75872,45.791584,45.970963,45.98411,45.738503,45.949726,45.485634,45.95818,45.940224,45.986416,45.57205,46.070858,45.748104,45.62338,45.97059,46.22432,46.422935,45.608585,45.683723,45.59533,46.28819,46.1265,45.93591,45.79448
43.754444,43.6223,43.409607,43.85363,43.455444,43.572887,43.830257,43.82057,43.813076,43.57032,44.24467,43.769936,43.56787,43.733593,44.066303,44.454697,44.127903,43.649952,43.938576,44.21007,43.926716,43.676254,44.041737,43.848473,44.178673,44.182335,43.658134,44.372196,44.447136,44.542107,44.239822
40.43258,40.574947,40.201836,40.17799,40.62771,40.543163,40.527496,40.407482,40.565514,41.063347,41.017033,40.726498,40.68225,40.457874,41.00239,40.27475,40.68502,40.65462,40.838734,40.959686,40.71711,40.896942,40.709064,40.956497,40.7927,41.005157,40.673687,40.948795,41.131313,40.9455,41.120552
46.90652,46.35363,46.61438,46.954212,46.86567,46.805645,46.726757,46.7908,46.68733,46.88427,47.10816,47.163498,46.824776,47.139458,46.75519,46.87193,46.907845,46.96004,47.040554,47.006504,47.04546,46.77717,47.237988,46.607002,47.154884,47.210327,47.07626,46.970016,46.952995,47.44775,47.06674
50.40245,49.9777,50.565628,50.45769,50.48178,50.640163,50.88774,50.719673,50.199944,50.47988,50.781292,50.42812,50.563377,50.70774,50.378616,50.94381,50.686653,50.747025,50.93379,50.444656,50.317245,50.72661,50.559795,50.839233,50.70316,51.013107,51.021896,50.91999,50.638912,50.385834,51.04286
55.064526,55.54805,55.82715,55.37259,55.27179,55.384136,55.566216,55.357224,55.59422,55.588013,55.55233,55.790756,55.691345,55.71642,55.81805,55.51997,55.73303,55.260513,55.405827,55.482014,55.780994,56.059032,56.28215,56.013397,55.860256,55.821106,55.76785,55.974922,55.83423,56.296276,55.799595
44.501526,44.524815,43.828964,44.293167,44.331856,43.917526,44.04071,44.177917,44.247684,44.293552,44.033012,44.472652,44.332428,44.238396,44.422543,44.289074,44.465958,44.405273,44.38334,44.729206,44.648586,44.50296,44.5826,44.40068,44.563145,44.25734,44.44776,44.46238,44.74157,44.869358,44.66145
46.790802,46.97225,47.285194,46.544605,47.13922,46.891575,46.883286,46.708443,47.01266,46.97231,47.079647,47.152985,47.12709,47.27518,46.8767,47.246872,47.243988,46.802696,47.155758,46.979588,46.808327,47.16869,47.28987,47.48442,46.742928,47.457893,47.40997,47.21392,47.255623,47.2381,47.291332
46.777,46.629356,46.863052,46.654297,46.828606,47.012028,46.955135,47.14895,46.92916,46.767883,46.864426,47.19438,46.859512,47.06087,46.87701,47.15762,47.217148,46.986412,46.849228,46.933388,46.996643,47.125137,47.194008,47.02468,47.010624,47.352943,47.164604,47.30449,46.841793,47.38483,46.856842
63.5615,63.25528,63.7537,63.99094,63.945023,64.085266,63.83207,64.18743,63.582005,63.62328,63.635456,63.366863,64.06775,63.64976,64.361595,63.93709,63.781193,63.70316,64.09633,63.87231,64.10178,63.74189,64.089485,64.02055,64.0502,63.71118,63.98192,64.19971,63.831364,64.246254,64.03072
56.888542,56.983135,56.726097,57.31559,56.763107,56.340183,56.973526,56.686977,56.536293,57.016342,56.726532,57.14853,56.859695,56.726475,57.096363,56.72805,56.831486,56.905262,56.838642,57.56364,57.453228,57.29119,57.39668,56.655678,57.34404,57.117065,56.97398,57.28365,57.063633,57.43023,57.27178
50.300106,49.983814,50.45867,50.575047,50.56659,50.398026,50.48691,50.490383,50.22256,50.362164,50.587685,50.222355,50.64267,50.668663,50.402046,50.854233,50.46407,50.471,50.814117,50.37616,50.44221,50.55226,50.52874,50.835724,50.46349,50.62014,50.961895,50.73092,50.641285,50.54579,50.958862
48.279976,48.33494,48.724846,48.80823,48.720253,48.919857,48.896717,48.895657,48.736004,48.652946,48.989326,48.583,48.88103,48.80599,48.707985,49.04162,49.091713,48.72712,48.96327,48.98781,48.66622,48.468445,49.042683,48.967773,49.12971,49.218758,49.02827,49.083973,48.700256,48.887054,49.003048
50.899178,51.33974,51.127586,51.11591,51.113464,50.868633,50.961266,50.831985,51.2035,51.317192,51.033867,51.461487,51.41958,51.26729,51.639202,50.954178,51.179836,51.070976,51.17181,51.50834,51.58722,51.479275,51.741955,51.589134,51.630245,51.35418,51.508175,51.390587,51.638767,51.901867,51.821278
39.708492,39.515476,39.888275,39.77375,39.392296,39.57969,39.47681,39.737984,39.624283,39.27283,39.33013,40.005783,39.788593,40.18555,39.737423,39.897514,39.58576,40.09158,39.78775,39.419872,39.850006,39.952507,40.054104,39.822075,40.104557,39.67376,40.24399,39.68863,39.791523,40.037457,40.184532
47.85665,48.424286,47.957138,48.031246,47.64019,48.01813,47.768246,48.18696,48.75146,48.249203,48.056362,47.95487,47.943394,48.379498,48.69827,47.88716,48.29263,48.667892,48.351135,48.447964,48.732956,48.641582,48.43706,48.427574,49.180893,48.552483,48.27591,48.536842,48.62543,48.818344,48.69696
54.05306,53.89031,53.94722,53.36696,54.351524,54.283413,54.62671,54.076344,53.610275,53.976463,54.152924,53.702614,54.192257,53.50333,54.040604,54.48881,54.370693,53.804096,54.241756,54.123165,53.973118,54.634808,54.126057,54.68239,53.67265,54.187828,54.155876,54.305386,54.6088,53.994602,54.262638
36.629185,37.14208,36.88524,36.557255,36.930473,36.66627,36.92373,36.623585,36.739292,37.1741,36.915756,37.072624,36.9515,37.12573,37.062172,37.1198,37.034737,36.80941,37.137875,37.077663,36.727215,36.865906,37.190258,37.072258,36.897377,37.31328,36.901825,37.375465,37.082516,37.10355,37.40806
55.52783,54.818745,55.02585,55.41912,55.46099,55.3586,55.353096,55.32349,55.014927,55.274857,55.44195,55.417355,55.491966,55.51705,55.106647,55.62275,55.365196,55.522976,55.67145,55.60266,55.38354,55.19427,55.351227,55.30803,55.544247,55.725357,55.726635,55.51218,55.643467,55.509335,55.777496
43.69036,43.64519,44.06459,43.56906,44.215065,43.945774,44.14143,43.66238,43.81522,43.864388,44.10947,43.95339,44.27907,43.979004,43.847065,44.370384,44.426044,43.98507,44.111984,44.10232,44.019516,44.213634,44.28426,44.56472,43.7568,44.06156,44.603428,43.938282,44.192127,43.96985,44.32225
48.930664,49.01178,48.720596,49.188374,49.3832,49.06347,49.466816,49.24087,49.05361,49.815235,49.43413,49.260357,49.36491,49.215736,49.531574,49.42488,49.532692,49.440937,49.609287,49.677895,49.50817,49.201145,49.562088,49.40088,49.474613,49.43579,49.299854,49.90821,49.177536,49.487022,49.569523
51.254494,50.963486,51.247498,51.03967,51.18763,51.086887,50.86396,50.963875,51.210766,50.945137,51.56187,51.01704,51.034447,50.869286,51.15734,50.92114,51.13225,51.01829,51.487637,51.27865,51.178215,51.38832,51.386436,51.528725,51.178032,51.322716,51.45039,51.01393,51.880234,51.464653,51.42498
56.11566,56.208332,56.308456,56.423252,56.097763,56.362907,56.52246,56.589577,56.24199,56.440598,56.16924,56.344025,56.436123,56.46212,56.555984,56.48788,56.55737,56.6682,56.527317,56.551468,56.572403,56.523006,56.670567,56.35524,56.82672,56.609406,56.431526,56.9976,56.27441,56.554863,56.503902
45.265102,45.252827,45.250877,45.350845,45.51523,45.157047,45.080097,45.082375,45.185886,45.5537,45.067165,45.43409,45.664886,45.74587,45.652657,45.21761,45.329384,45.661247,45.497894,45.6447,45.801994,45.6818,45.432682,45.424828,45.489986,45.492577,45.8975,45.5356,45.568798,45.675804,45.97716
47.741074,47.834934,47.49214,48.141884,47.58544,47.710304,47.75662,48.069508,47.956512,47.83453,47.991993,47.732864,47.78254,47.83491,47.931004,48.16254,47.792244,47.885967,47.98923,48.149517,47.974678,47.881912,47.653366,48.09931,48.21279,48.30639,47.988743,48.541073,48.48199,48.199123,48.285492
56.62307,56.298355,56.666206,57.022697,56.52218,56.959003,57.273457,57.350567,56.82947,56.911266,57.48461,57.005367,56.702568,56.964294,56.684757,57.264168,57.32812,56.88117,57.272446,56.843483,56.561436,56.693645,57.43089,57.12883,57.595043,57.5054,56.970753,57.563705,56.835796,57.248665,57.05155
42.70426,42.9687,43.009865,42.269302,43.354576,43.151764,43.049057,42.9046,43.223656,42.90672,42.643425,42.83989,43.27439,43.141228,43.33164,43.23596,43.810616,43.29333,43.148922,43.116234,43.414,43.613785,43.470055,43.874992,43.14448,42.957497,43.844543,42.884197,43.23042,43.379448,43.501858
53.539803,53.220745,53.50714,53.398735,53.832863,53.585953,53.153164,53.358856,53.612904,53.481308,53.458466,53.575783,53.79193,53.81345,53.65281,53.41742,53.45967,53.740612,53.92303,53.654255,53.85943,53.528275,53.989594,53.782875,53.833427,53.659073,54.018864,53.301643,53.630527,53.998978,53.952435
43.769753,43.43966,42.961708,43.171562,43.216576,43.48302,43.496742,43.65451,43.261887,43.10937,43.547268,43.253304,43.183685,43.16812,43.07611,43.76076,43.343983,43.373074,43.53405,43.45001,43.25368,43.721157,43.185688,43.510345,43.551235,43.836327,43.20899,43.688236,44.14826,43.626713,43.609627
50.805782,50.62067,50.859917,50.533264,51.28914,50.9619,51.25075,50.588554,50.693787,51.33607,51.123425,51.26902,51.280384,50.917713,51.146133,51.02217,51.28311,51.24858,51.286613,51.287045,51.27701,51.233715,51.43069,51.422913,50.98136,51.059113,51.566734,51.02829,51.25593,51.066757,51.45718
46.953274,46.863922,47.42962,46.914066,46.880005,46.99287,46.882614,46.961216,47.005936,46.76366,47.07117,47.28232,46.99922,47.534145,46.48306,47.240837,47.020973,46.91372,47.006737,46.75963,46.78231,47.282383,47.219086,47.105812,46.95971,47.694138,47.383984,47.227505,47.137554,47.28445,47.08163
33.404892,33.32997,32.834763,33.20485,33.160904,33.179893,33.379112,33.07642,33.161728,33.384758,33.491848,33.59244,33.44774,33.10923,32.966175,33.3384,33.36482,33.75125,33.383617,33.73991,33.437275,33.49012,33.251953,33.437378,33.560127,33.473484,33.556816,33.315655,33.914097,33.141323,33.664516
51.375,51.173035,50.938515,51.452393,51.627525,51.159588,51.38284,51.368004,51.196205,51.491062,51.16797,51.181667,51.630882,51.438957,51.61879,51.588562,51.549187,51.627705,51.666687,51.644943,51.866135,51.78819,51.49866,51.850853,51.62135,51.268005,51.983448,51.60471,51.745964,51.721954,52.07091
42.59826,43.164375,42.89335,42.479965,42.723404,42.50243,42.286575,42.260807,43.04829,42.64513,42.395264,42.94473,42.91794,43.07698,42.565727,42.681454,42.80966,42.89916,42.882515,42.885765,42.86898,42.785713,43.200756,43.12346,43.05494,42.9031,43.155445,42.546127,43.165802,43.023727,43.16851
50.309723,50.556858,50.62802,50.24762,50.443596,50.43073,50.314873,50.418186,50.846493,50.52452,50.60361,50.3681,50.39935,50.595036,50.70187,50.644684,50.863483,50.638702,50.85604,50.609272,50.668076,50.719044,50.835304,51.001198,50.66757,50.71985,50.835815,50.818012,51.01144,50.881554,50.769386
46.03477,46.116333,46.335953,46.168007,46.23407,46.387543,45.992153,46.27206,46.11532,46.03705,45.73559,46.38267,46.513245,46.656994,45.897842,46.10905,45.915047,46.216393,46.083637,45.93517,46.27901,46.394894,46.438145,46.23192,46.407032,46.505127,46.504513,46.219784,46.08731,46.52223,46.287476
55.39196,55.408825,55.768143,55.351994,55.40983,55.37921,55.505806,55.33382,55.834896,55.58078,56.282764,55.639923,55.328163,55.32505,55.936615,55.615185,55.736423,55.479897,56.095985,55.78024,55.62374,55.677017,56.241123,56.215363,55.89726,55.917137,55.797485,55.76699,56.231365,56.070225,56.04377
60.795807,60.139103,60.24974,60.268467,60.78028,60.665306,60.67373,60.615795,60.018612,60.41564,60.198948,60.53338,60.705654,60.503826,60.501316,60.763973,60.577953,60.494343,60.6895,60.4897,60.732784,60.749847,60.80956,60.488976,60.453968,60.46618,60.60665,60.689606,60.708492,60.9608,60.59587
47.08337,46.113697,46.555824,46.676834,47.36467,46.83458,46.504124,46.588284,46.41096,46.588192,47.04453,46.454754,46.95413,46.412354,46.811657,46.764492,46.450233,46.726135,47.066147,46.93749,47.059963,47.096096,46.346962,47.093323,46.06981,46.658752,47.403587,46.51015,47.481792,46.82099,47.121002
44.4171,44.396233,44.558296,44.296074,44.5104,44.212875,44.36887,44.32689,44.417408,44.18574,44.3072,44.28277,44.46304,44.7517,44.719376,45.14305,44.629738,44.632977,44.91783,44.522327,44.60028,44.44105,44.913605,44.69329,44.575115,44.449425,44.67469,44.624237,44.524242,44.779835,45.018467
56.916317,56.43999,56.445602,56.69807,57.008026,56.378204,56.867924,56.60155,56.374123,56.607082,56.743015,56.648983,56.670273,56.516014,56.81178,57.107124,57.153778,56.600178,56.84597,57.236385,57.139065,57.11592,57.070427,56.798264,56.60121,56.81241,57.01001,56.96369,56.998756,57.286118,56.983322
48.103294,47.891434,48.362267,47.6463,48.44313,48.182003,47.98741,47.897804,48.184654,48.006123,48.323437,48.381172,48.23925,48.207134,48.213547,48.21254,48.479843,47.98915,48.333344,48.19611,48.201435,48.332336,48.70683,48.58007,47.94799,48.364876,48.61034,48.03007,48.40435,48.669094,48.311695
55.84437,55.81955,55.95108,56.082916,55.841217,56.152218,56.409843,56.217884,56.200237,56.424572,56.507465,56.093502,56.026955,56.175106,56.52532,56.31481,56.675644,56.576385,56.642746,56.524815,56.32337,56.17617,56.487495,56.420753,56.86094,56.564117,56.445656,56.781315,56.565536,56.381527,56.698154
55.754894,55.43334,55.665207,55.779865,55.953384,56.0356,56.248703,56.05468,55.58648,55.995068,55.7419,55.955383,56.00976,55.959263,56.300224,56.302876,55.99454,56.118668,56.070908,55.983208,56.3712,56.159786,56.204445,56.037735,56.143543,55.99714,56.187088,56.381496,56.062447,56.37302,56.279167
47.758022,47.783813,48.061363,47.769035,47.9506,47.542595,47.49607,47.423424,47.785126,47.752308,47.802612,47.631294,47.785164,47.830303,47.625267,47.682316,47.595806,47.968197,48.094257,48.0172,47.933056,48.10812,47.73314,48.03882,47.601845,48.07592,48.34157,47.74022,48.186607,47.64278,48.178608
49.84521,49.37881,49.70575,49.955803,49.735085,50.234226,50.20881,50.40076,49.957592,49.491352,49.95067,50.10341,49.967155,49.692924,50.020016,50.43529,50.425823,50.14565,49.89891,50.011135,50.221283,50.019707,50.26584,50.301796,50.306976,49.90371,50.41836,50.207912,50.28785,50.407772,49.944004
38.446415,38.629925,38.725113,39.057606,38.447464,38.17856,38.73987,38.185673,38.37105,39.00282,38.966187,39.057022,38.715763,38.882168,38.68164,38.67647,38.674797,38.818863,38.751904,39.052574,38.93348,38.87311,38.97103,38.543976,38.849014,38.925514,39.01605,39.074867,39.142902,38.86685,39.216587
51.06746,51.66169,51.170662,51.17417,51.579178,50.847603,51.346115,50.861797,51.58536,51.613373,51.52444,51.218777,51.271385,51.107056,51.80812,51.55551,51.818466,51.255104,51.6533,52.125004,51.94561,51.59223,52.07794,51.870422,51.642662,51.513206,51.54663,51.575874,51.85922,52.023422,51.926453
45.892506,45.627357,45.236183,45.953735,45.542862,45.487007,45.581863,45.955654,45.390907,45.743916,45.503555,45.656178,45.756767,45.67585,45.84643,45.827343,45.598846,46.04212,46.0002,45.95184,45.78788,45.671688,45.57267,45.524353,45.89085,45.664932,45.632343,46.282757,45.8394,45.763935,45.958042
48.35948,48.68596,48.86917,48.49879,48.89,49.081955,49.028362,48.781303,49.069588,48.877342,48.879543,48.70461,48.766716,48.73528,48.943012,49.057568,49.017338,48.936234,48.748974,49.112667,49.38972,49.23037,49.056747,49.096603,48.968292,49.33024,49.10626,49.091125,49.118362,49.219772,48.868862
42.885193,43.108418,43.359955,43.05123,42.62951,43.360615,42.99826,43.27121,43.70161,43.066868,43.373005,43.47094,42.716274,43.542084,43.362446,43.100048,43.49372,43.381565,42.961735,43.31976,43.665787,43.549675,43.63874,42.881058,43.83238,43.980988,43.21688,43.58724,43.536495,44.19301,43.06506
48.95968,48.889484,49.430733,49.035007,49.112503,49.214752,49.310745,49.133842,48.960167,49.100277,48.993053,49.188026,49.33039,49.377495,49.25895,49.318287,49.147484,49.44569,49.279495,49.043007,49.39981,49.72212,49.32596,49.483925,49.234814,49.333138,49.75027,49.385445,49.355507,49.221195,49.57524
53.937313,53.682205,54.11738,53.61112,54.33763,54.558605,54.295753,54.214592,54.166718,54.358757,54.168957,54.09975,54.21995,54.364906,54.144783,54.251217,54.030674,54.519047,54.461502,53.942677,54.397778,54.56611,54.16986,54.578217,54.23573,54.626846,54.65247,54.32232,54.342068,54.250443,54.436993
48.464912,48.435875,48.716476,48.230537,48.622635,48.65673,48.593132,48.54265,48.7965,48.500816,48.584435,48.80766,48.506466,48.990383,48.478867,48.88314,49.251167,48.79126,48.749447,48.746586,48.741585,48.73209,49.18081,48.717796,48.881287,49.0981,49.006443,48.749725,48.635387,49.13598,48.70314
48.578754,48.15672,48.764816,48.53343,48.36477,48.523994,48.243908,48.520103,48.177147,47.860725,48.108124,48.246452,48.827427,49.00144,48.44375,48.9225,48.350365,48.595776,48.694668,48.18796,48.369904,48.637737,48.44487,48.651863,48.56761,48.524696,48.975964,48.529648,48.747265,48.5772,49.091106
44.541172,44.452972,44.497818,44.371605,44.643333,44.29575,44.570328,44.506283,44.396183,44.52321,44.910572,44.802322,44.388393,44.584793,44.503746,44.65239,44.871387,44.238094,44.7602,44.80986,44.346046,44.59984,45.17679,44.612854,44.697548,45.130325,44.545383,44.78995,44.46129,45.124485,44.793877
40.926186,41.318768,41.25009,40.537125,41.020393,41.179214,40.757824,40.872833,41.14741,40.984524,40.75466,41.053116,41.085873,41.26271,40.52125,40.548042,40.966434,41.034412,40.80393,40.88743,40.991226,41.812973,40.91076,41.2508,40.982758,41.65989,41.378086,40.95805,41.42263,41.11393,41.052
40.506886,40.555782,40.52076,40.160973,40.324722,40.292088,40.539455,40.33839,40.31335,40.49251,40.724064,40.753056,40.426704,40.67064,40.613132,40.575115,40.63573,40.4455,40.659893,40.61285,40.364235,40.89123,40.862812,40.660973,40.74571,41.049095,40.563816,40.7826,40.816006,40.909634,41.064148
59.047188,59.01097,59.010178,59.39298,59.215866,58.603767,59.10131,58.651028,58.739365,59.25825,59.077442,58.983265,59.316845,59.165806,59.19914,59.35146,58.9467,58.9971,59.283424,59.493298,59.54295,59.451588,59.229256,59.31723,59.087097,59.20761,59.492905,59.470394,59.733025,59.415287,59.78505
51.39351,51.30433,51.14074,51.747032,51.61724,51.76747,51.54308,51.86735,51.48582,51.687172,51.152126,51.590702,52.100357,51.890812,51.803387,51.726868,51.484646,51.957127,51.685375,51.66703,52.0145,51.677864,51.611526,51.870796,52.124176,51.629684,52.033344,51.983498,51.698532,51.9199,52.07776
36.347435,36.70349,36.58233,36.265903,36.50638,36.438725,36.34438,36.42825,36.645462,36.62207,36.521236,36.65997,36.533348,36.673313,36.284332,36.60852,36.266396,36.618687,36.67953,36.36245,36.415623,36.75004,36.492207,36.9476,36.385536,36.86686,36.778652,36.763485,36.834293,36.50151,36.74169
53.306618,53.366306,53.91102,53.149616,53.524017,53.878757,53.634686,53.591526,53.911625,53.79531,53.50262,53.5975,53.66633,54.20059,53.8803,53.84489,53.70318,54.224842,53.93153,53.350105,54.11903,54.240612,53.912964,54.04155,53.92003,53.9767,54.171486,53.93904,53.835896,53.950333,53.966038
35.628273,36.08726,36.001854,36.19298,35.556587,35.6934,35.822052,35.948387,35.785347,35.680122,35.552353,36.061386,36.02361,36.38212,35.991924,36.18859,35.946342,35.85606,35.603527,36.062737,36.07891,36.160305,36.06869,35.725975,36.27095,36.345512,36.04436,36.446556,36.005222,36.438522,36.311867
45.465736,45.340508,45.801193,45.52096,45.647995,45.629482,45.798748,45.577118,45.716137,45.634212,45.736225,46.060017,45.63045,46.014492,45.661213,45.973736,45.98242,46.056087,45.89873,45.807995,45.899,45.78978,46.240383,45.883102,46.06551,46.092804,46.305656,45.769226,45.64349,46.001118,46.08833
53.698315,53.17111,53.443115,53.698853,53.68901,53.942154,54.399918,54.174793,53.33793,53.85672,53.99824,53.6713,53.73127,53.642,53.99039,54.27634,53.83526,54.142292,54.280884,53.80237,53.838455,53.939857,53.995514,54.00251,54.237835,54.03257,53.93146,54.305916,53.785187,53.787033,54.297703
38.5689,38.590446,38.441055,37.731422,39.06301,38.389572,38.566063,37.947483,38.243137,38.89302,38.474117,38.72828,38.847454,38.612514,38.874218,38.44323,38.62306,38.734264,38.747536,38.84144,38.856434,39.343857,38.58675,39.14557,38.218708,38.78646,39.231213,38.435345,39.095505,38.663166,39.435436
63.490685,63.200718,63.360916,63.346878,63.407623,63.536522,63.107845,63.467617,63.33175,63.161976,63.445107,63.09224,63.529663,63.237396,63.709747,63.146034,63.34684,63.184258,63.706028,63.5939,63.498775,63.46338,63.72543,63.534195,63.765427,63.58577,63.346313,63.49962,63.847076,63.966064,63.66602
41.248035,41.082825,41.195366,40.956837,41.37329,41.11758,40.627617,41.074547,41.161316,40.91078,40.89349,41.062115,41.185596,41.427418,40.903908,40.96805,41.152367,41.279953,41.399055,41.183712,41.021667,41.155518,41.121273,41.19436,41.073395,41.4218,41.577263,40.97302,41.192528,41.22681,41.371014
48.336582,48.292118,48.543472,48.583275,48.42874,48.712025,48.778946,48.749275,48.381924,48.509914,48.563316,48.86564,48.833668,48.790035,48.485313,48.75495,48.80055,48.530727,48.412304,48.638973,48.62882,48.82849,48.847874,48.722908,48.878433,49.051857,48.89288,49.02299,48.67594,48.984253,48.76701
52.992004,52.41996,52.924606,52.85723,53.002136,53.00479,52.77815,52.961708,52.796085,52.59454,52.902508,52.625988,52.92512,52.99318,52.732906,53.08449,52.91496,53.069336,53.102787,52.891514,53.065742,53.28038,52.71041,53.14177,52.819157,53.154778,53.51625,52.946472,53.336945,53.01095,53.19058
52.345486,52.361576,52.63627,52.424187,52.398582,52.508446,52.51445,52.543175,52.466156,52.245216,52.16802,52.379707,52.735897,52.883797,52.74238,52.6014,52.51898,52.79552,52.686768,52.42781,52.866707,53.12691,52.98724,52.956932,53.23934,52.70266,53.07732,52.483192,52.612743,52.93553,53.29199
47.563972,47.309296,47.559685,47.876823,47.814804,48.040825,47.63961,48.173798,47.92231,47.42305,47.788773,47.70063,48.112885,47.78175,47.59616,48.209534,48.105095,47.765858,47.97219,47.629974,47.68219,47.36739,48.058987,48.30475,47.936005,47.603493,48.161983,47.956802,47.86518,48.04672,47.697548
42.75002,42.72791,42.924194,42.65636,42.52397,42.970875,42.62373,43.113224,43.18434,42.422386,43.17118,42.557938,42.608444,42.87336,43.187504,43.09068,42.839005,42.93367,43.135094,42.90683,42.83294,43.070915,42.875298,43.233704,43.296806,43.44512,42.962475,43.128445,43.305153,43.271168,43.346767
50.751324,50.87076,50.930367,50.868008,51.029305,50.795353,51.059223,50.84601,50.75224,51.087906,50.80338,50.937145,50.936913,50.88024,50.74285,50.909283,51.018738,50.97956,50.942097,51.061855,51.221996,51.396458,51.23027,50.99164,50.86915,51.106117,51.13066,51.203384,50.94336,51.10064,50.872105
48.187885,48.232525,47.98185,48.393703,48.251434,48.05152,48.100742,48.3532,48.49784,48.35765,48.26317,48.23962,48.18587,48.34005,48.25075,48.60831,48.313557,48.55867,48.560963,48.497215,48.55762,48.31144,48.279846,48.608788,48.43033,48.472237,48.627026,48.731316,48.627396,48.522778,48.5346
40.23225,40.183456,40.197495,40.43709,39.877594,40.308697,40.055443,40.666462,40.414703,39.912712,39.8466,40.461197,40.262875,40.757458,40.100517,40.516144,40.683735,40.68841,40.189556,40.23557,40.39091,40.317383,40.505054,40.063225,40.763832,40.44023,40.52067,40.652966,40.15645,40.704445,40.18694
52.326862,52.22865,51.88807,52.42242,52.353226,52.34342,52.3777,52.57514,52.25525,52.33482,52.235092,52.514366,52.48023,52.183178,52.311485,52.482967,52.546444,52.381805,52.351173,52.794434,52.55194,52.243458,52.605896,52.33203,52.667458,52.59749,52.33802,52.768078,52.39082,52.768143,52.32564
51.418423,51.541267,51.424515,51.344414,51.57228,51.442707,51.57041,51.473427,51.454872,51.801395,51.50637,51.38694,51.527466,51.622875,51.921688,51.484493,51.64477,51.772945,51.840466,51.883106,51.868546,51.982388,51.707687,51.681435,51.846684,51.942795,51.716618,51.965874,51.7971,51.844036,52.071117
35.587517,35.66076,35.63985,35.419388,35.659714,35.420914,35.23651,35.305912,35.679585,35.46059,35.630116,35.682793,35.485107,35.720993,35.508724,35.595657,35.70182,35.63896,35.66825,35.88234,35.69437,35.69382,35.669415,35.57953,35.484657,35.951134,35.878036,35.594345,35.974022,35.888695,35.81939
46.760456,46.805786,47.00425,46.479095,47.151474,46.460102,46.674755,46.51618,46.80417,46.736996,47.132427,46.817833,46.704197,46.733776,47.071026,47.025063,46.89025,46.49715,47.2577,47.042282,46.723137,46.99317,47.25452,47.457733,46.640785,47.215927,47.21315,46.870872,47.121075,47.211918,47.48577
42.284725,42.37427,41.987587,42.386497,41.788765,42.277115,42.18325,42.602024,42.590393,42.212486,42.45737,42.48058,41.97572,42.365894,42.197414,42.528496,42.44528,42.503574,42.3638,42.460567,42.3329,42.281418,42.33578,42.280594,42.822426,42.82763,42.22368,42.922104,42.83691,42.778202,42.35704
43.650135,43.59445,43.65296,43.62387,44.029106,43.702553,44.201187,43.638668,43.80212,44.084106,44.144535,43.97732,43.89668,43.862957,43.839527,44.65093,44.249443,44.164974,44.279877,44.132977,44.06235,43.80445,44.138077,44.337013,43.760628,43.97242,44.31494,44.239548,44.205948,43.877514,44.264137
50.25361,50.29918,50.83471,49.963795,50.701355,50.51712,50.293137,50.37808,50.653656,50.357513,50.480854,50.330326,50.474022,50.823425,50.703415,50.743237,50.907536,50.391705,50.642277,50.511078,50.605045,50.89398,50.730686,50.883926,50.23444,50.978172,50.957962,50.752247,50.603386,50.980858,50.706394
48.157856,48.08537,47.87207,47.960316,47.690186,47.96936,47.980827,48.511673,48.36178,47.955406,48.23317,48.169083,47.68725,48.211266,48.102333,48.289433,48.41694,48.255936,48.374725,48.017723,48.021328,48.310085,48.493324,48.277847,48.63622,48.49774,48.015957,48.62858,48.223385,48.702957,48.154827
48.34446,48.759075,48.853218,48.92395,48.428505,48.506668,49.00263,48.70455,48.541576,49.076336,48.78953,48.733112,48.92675,48.976597,49.26817,48.98323,48.94513,48.920555,48.927696,48.914253,49.045612,49.195606,49.087574,48.9653,49.087585,48.89509,48.911877,49.616222,49.05294,49.03991,49.310295
38.430264,38.27473,38.44329,38.254932,38.50872,38.877018,38.51976,38.85108,38.624805,38.31218,38.569946,38.530643,38.629242,38.585392,38.512486,38.58094,38.77428,38.73183,38.48429,38.55475,38.640194,38.963272,38.521515,38.81192,38.70581,38.939598,38.91259,38.685417,38.705677,38.803158,38.63616
50.446632,49.876774,50.47551,50.353428,50.613403,50.645435,50.896275,50.343494,50.2201,50.71466,51.146084,50.632915,50.7065,50.50045,50.361225,50.910877,50.83572,50.720127,51.09354,50.46969,50.41632,50.489212,50.858242,50.997208,50.502922,50.559593,51.031033,50.697838,51.09485,50.43542,50.912464
50.005257,49.90029,49.86357,50.132877,49.830704,49.99137,50.01418,50.066196,49.852493,49.9114,49.903946,50.05941,50.315807,50.014233,50.253647,50.058617,50.05425,50.229416,50.022575,50.306583,50.370388,50.42634,50.11552,50.21398,50.40068,50.129814,50.323696,50.338924,50.494213,50.332664,50.468742
40.48106,40.75503,40.784973,40.177044,40.563644,40.829227,40.484734,40.77213,41.08251,40.543827,40.53396,40.553688,40.53235,41.003166,40.62588,41.062126,40.800697,40.900772,40.772842,40.434536,40.768227,41.10582,40.53094,41.182762,40.61195,41.119865,41.067955,41.03564,41.172874,40.936268,40.85357
56.306213,56.37528,56.369568,56.749836,56.22879,56.730553,56.70761,56.86473,56.513744,56.67407,56.473663,56.72814,56.840786,56.76636,56.607418,56.5017,56.733143,56.697613,56.445297,56.667446,56.87269,56.90621,56.925953,56.62461,57.273167,56.927475,56.67147,57.1632,56.705967,57.11394,56.66192
51.973557,51.723423,51.283966,51.789055,51.81436,51.70254,51.58387,51.779533,51.598866,51.727222,51.917835,51.801804,52.001125,51.232685,51.814857,51.530354,51.833862,51.643776,51.927124,52.239372,51.79997,51.739964,51.84723,52.028954,51.88658,51.729675,51.784042,51.928596,52.439583,52.020367,51.922935
47.867382,47.719612,48.33075,47.78991,48.117493,47.946648,47.879242,47.730026,48.12947,47.800816,47.996426,48.421993,48.152996,48.38076,47.994217,48.44208,48.491417,48.183277,48.20558,48.136143,48.199234,47.869064,48.72113,48.23221,48.010155,48.12658,48.601326,48.009815,48.06106,48.459988,48.14347
53.476948,52.979126,53.19957,53.065044,53.518364,53.311424,53.41286,53.20829,53.328632,53.417255,53.604767,53.20866,53.079296,53.144848,52.941093,53.534603,53.273247,53.65427,53.7836,53.281807,53.507687,53.772896,53.188442,53.835014,53.094593,53.535927,53.948586,53.361515,54.06056,53.21046,53.553326
50.321003,50.183113,50.315704,49.922146,50.481476,50.281353,50.31395,50.30842,50.499493,50.21448,50.580765,50.348698,50.253197,50.105385,50.99626,50.5512,50.683235,50.34093,50.668232,50.611538,50.725197,50.74147,50.917953,50.971603,50.499535,50.442078,50.676548,50.47408,50.812885,51.07667,50.818253
47.88718,47.761658,47.943947,48.04609,47.96588,48.182842,47.69492,47.990044,48.185154,47.978893,48.23848,47.850628,48.14295,47.935787,48.381508,47.730495,47.936474,48.33457,48.223286,48.54681,48.41231,48.11399,47.956814,48.066643,48.38738,48.428963,48.288692,48.139774,48.42196,48.24762,48.369576
39.23847,39.497864,39.13083,38.895325,39.57567,39.196262,39.434464,39.13622,39.552288,39.479393,39.768562,39.38603,39.375477,39.338146,39.496773,40.06696,39.684013,39.23089,39.72532,39.661625,39.36247,39.413517,39.565674,40.137657,39.276608,39.781708,39.611485,39.735596,40.07771,39.748474,39.98937
54.35177,54.05581,54.021507,53.988644,54.52281,54.3997,54.342396,54.106544,53.834206,54.346725,53.744583,54.251102,54.631924,54.340626,54.27868,54.20873,54.102726,54.5682,54.357433,54.339275,54.71193,54.72953,54.308464,54.358276,54.332428,54.217262,54.67009,54.23726,54.59136,54.385784,54.659218
50.793106,50.33618,50.509804,50.771973,51.032013,50.891117,51.102325,50.71589,50.549664,50.88497,51.078705,50.981678,50.904697,50.305943,51.139927,50.800568,50.802643,51.0253,51.06628,51.260048,51.319485,51.03553,51.12408,51.193428,51.061886,50.820053,51.356934,50.762123,51.393433,51.073772,51.344017
55.676357,55.48403,55.308815,55.79927,55.854507,55.485474,56.076622,55.78256,55.74496,55.931973,55.90095,56.076668,55.891094,55.687336,56.320114,56.388096,56.658546,55.85326,55.9227,56.316944,56.433765,55.983727,56.55265,56.261,56.119465,55.632965,56.24016,56.373173,56.226788,56.751083,56.180676
53.465027,53.405792,52.99798,53.49786,53.282738,53.194847,53.43858,53.4813,53.25674,53.257084,53.02942,53.784855,53.435146,53.438618,53.576607,53.849934,53.59361,53.390823,53.29108,53.840363,53.763428,53.35515,53.712505,53.37298,53.763702,53.635506,53.534744,53.934177,53.771942,54.159023,53.708588
62.518646,62.302673,62.407265,62.655857,62.80436,62.68085,62.437847,62.334732,62.66383,62.71361,62.415222,62.64425,62.921165,62.65655,62.462185,62.613743,62.67092,62.84543,62.705116,62.915363,63.272728,62.63043,62.911343,62.7091,62.756275,62.541344,63.044483,62.61482,63.06395,62.999653,62.59097
44.692196,44.753292,44.744057,44.627834,45.30001,44.44517,44.88885,44.325336,44.638477,44.913006,45.05759,44.602737,44.948227,44.687336,44.96001,45.247463,45.007366,44.628735,45.17802,45.21457,45.03509,45.11335,44.98667,45.521416,44.514015,44.940323,45.44215,44.876263,45.476322,45.006237,45.637306
44.171295,44.38896,44.208473,43.850685,44.132553,43.86442,44.224186,44.069084,44.084167,44.26761,44.23537,44.328762,44.139355,44.202408,44.48522,44.43859,44.209106,44.192432,44.393524,44.349934,44.202385,44.723595,44.297062,44.684937,44.139553,44.592407,44.41937,44.695946,44.646072,44.44579,44.81228
54.38439,54.179226,54.50612,54.09247,54.46646,54.61814,54.538162,54.652206,54.648106,54.253067,54.74881,54.620266,54.362022,54.440914,54.8923,54.96853,54.81495,54.247116,54.64854,54.49172,54.65195,54.632217,55.073544,54.948204,54.611584,54.81919,54.60432,54.880615,54.85718,55.40047,54.642597
46.37215,46.781166,46.66475,46.694565,46.29489,46.71984,46.474,46.855106,46.87505,46.677208,46.501247,46.547832,46.689907,47.01254,46.84947,46.45738,46.802002,46.852478,46.62154,46.77824,46.892277,47.143677,46.752872,46.76033,47.3143,47.225967,46.846928,47.170322,46.941425,47.14581,47.00259
36.87239,37.450787,37.384056,36.552998,36.932434,37.32593,37.194378,36.93982,37.622894,37.30194,37.46125,37.385708,37.0546,37.212307,37.117992,37.248394,37.392338,37.345234,37.158356,37.195183,37.277435,37.785984,37.19446,37.843956,37.219242,37.80204,37.5838,37.46356,38.164825,37.370224,37.439095
42.54066,41.937626,42.212532,41.913754,42.29589,42.24642,42.009586,42.194534,42.368824,42.094513,42.63534,42.566967,41.963875,42.38773,42.183296,42.480747,42.603016,42.35254,42.570297,42.27469,42.197643,42.323296,42.396473,42.439636,42.078945,42.600998,42.68914,42.3697,42.92379,42.769024,42.422718
45.394676,45.4369,45.81141,45.862988,44.94462,45.46785,45.44389,45.525997,45.621048,45.595093,45.880756,45.768387,45.6013,45.995575,45.57618,45.563004,45.66569,45.888546,45.75146,45.571667,45.58316,45.752556,45.789772,45.538414,46.086155,45.947647,45.787033,46.111904,46.071728,45.799297,45.894444
31.336689,30.941416,30.702501,30.856417,30.691286,31.002924,31.085997,31.329834,30.81434,30.651014,30.807842,31.12799,30.775688,30.991768,30.654009,31.277254,31.028332,31.63526,31.084503,31.019602,30.918003,31.444387,30.599888,30.995071,31.171265,31.291456,31.342247,31.18539,31.340534,30.753963,31.293137
38.195763,37.741745,37.48323,37.3447,37.87404,37.426556,37.462166,37.545376,37.74896,37.178886,37.529476,37.83019,37.28213,37.374233,37.278713,38.387825,37.832993,37.843643,37.79671,37.90834,37.783875,37.786118,37.366993,37.921402,36.972878,37.689697,38.14846,37.659393,38.54975,37.767036,37.67713
48.86124,48.689358,48.82277,48.53398,48.393234,48.730145,48.449337,49.021675,48.921726,48.31352,48.59003,48.73725,48.647713,48.8813,48.846188,48.737133,48.931942,49.079712,49.015244,48.656628,48.647522,49.061916,48.939198,49.09529,49.20841,48.97309,49.071693,48.90097,48.968597,48.996494,49.065605
56.19411,55.86482,56.02825,56.073475,56.339455,56.845127,56.43324,56.77064,56.592445,56.494904,56.578945,56.579193,56.39615,56.360542,56.642227,56.49429,56.54282,56.56407,56.574707,56.397923,56.692062,56.299873,56.804394,56.5776,56.81512,56.713203,56.403248,56.80827,56.478447,57.08121,56.247757
41.90153,42.514008,42.427315,41.99324,42.221024,42.09253,42.309868,42.073963,42.52784,42.349087,42.06925,42.32911,42.340054,42.930298,42.214993,42.78581,42.76985,42.40515,42.318363,42.295578,42.533123,42.74211,42.755005,42.691772,42.587345,42.748306,42.72228,42.658596,42.474945,42.8107,42.74704
42.772484,43.11306,42.917053,42.70364,43.296303,42.922672,42.98839,42.805008,43.193027,43.308834,43.022533,43.18461,43.42102,43.178444,43.52516,43.172848,43.545036,43.214046,43.22884,43.416576,43.498653,43.39997,43.559216,43.70114,43.208073,43.06526,43.56553,43.27443,43.36295,43.566998,43.58402
60.506535,60.471542,60.656822,60.668396,60.690323,60.668903,60.696136,60.507027,60.608887,60.897144,60.727024,60.75792,60.88877,60.569088,61.19316,60.42019,60.737278,60.899803,61.11937,60.937225,61.093082,60.813496,61.333256,61.08178,61.260113,60.614395,61.06602,60.799465,61.14673,61.091255,61.2548
40.937817,40.983,41.51902,41.068214,41.24118,41.225197,41.553417,41.04473,41.190495,41.695908,42.012405,41.667038,41.157345,41.319256,41.51499,41.534233,41.474575,41.36165,41.66234,41.49552,41.20193,41.277786,41.570435,41.531105,41.12432,41.867622,41.577507,41.889305,41.658928,41.373554,41.637093
51.31027,51.02438,51.015907,50.992287,51.35827,51.817272,51.48959,51.71707,51.491863,51.49237,51.360428,51.257317,51.337505,51.43283,51.59586,51.623425,51.271847,51.85959,51.729202,51.30849,51.6805,51.60187,51.249153,51.717697,51.729916,51.748978,51.629475,51.768387,51.801258,51.61368,51.7062
44.854675,44.97358,45.02726,45.00286,44.7146,45.43313,45.277664,45.418316,45.21739,44.925674,45.350437,45.06343,45.10056,45.290504,44.91786,45.298576,45.475796,45.1066,45.05989,45.210335,44.9836,45.281334,45.267643,45.1904,45.758728,45.911102,45.120285,45.569195,45.424007,45.498383,45.277752
50.785736,50.986694,50.866066,51.033306,51.06614,51.35928,51.21556,51.4296,51.354427,51.131596,51.109947,50.908375,51.411434,51.02733,51.637028,51.207222,51.59508,51.38292,51.290314,51.460632,51.602047,51.40152,51.602955,51.62944,51.83533,51.197388,51.356846,51.47502,51.28889,51.650948,51.43718
46.06175,45.899235,45.61376,46.324863,46.363487,45.89229,45.97306,46.009563,45.99567,46.464863,46.255756,46.077682,46.39023,46.239967,46.505657,46.05062,46.1278,46.315685,46.456123,46.565586,46.6145,46.329163,46.288967,46.399002,46.504387,46.225662,46.55998,46.37083,46.482937,46.619553,46.892593
46.83109,46.636806,46.285896,47.062817,46.20542,46.580746,46.56716,47.271908,46.809437,46.65611,46.662235,46.815987,46.492477,46.83374,46.603092,46.89333,46.071903,47.16964,46.947376,46.51655,46.82106,46.957985,46.508705,46.848755,47.31211,47.074646,46.72429,47.3375,46.909267,46.912384,47.004765
48.507145,48.685844,48.766296,48.90636,48.60241,48.698708,48.65074,48.79315,49.0064,48.758644,48.592007,48.783443,48.918434,49.228775,48.817596,48.93129,49.025715,49.170982,48.938095,48.842445,49.195705,49.04216,49.22067,49.05211,49.417408,48.941597,49.28515,49.003258,48.918293,49.228245,49.17456
45.06521,45.264893,44.762398,44.865204,44.743347,44.777462,44.77195,45.08893,45.33961,44.931747,45.09894,45.247787,44.78839,44.97681,44.931355,45.13112,45.52894,45.010574,45.119495,45.2386,44.99413,45.06627,45.405727,45.274742,45.315346,45.258987,45.0355,45.428383,45.53199,45.624775,45.00606
43.30269,43.476784,42.919342,43.117558,43.292175,43.31658,43.20266,43.473915,43.542473,43.53011,43.59562,43.206062,43.285583,43.255165,43.396236,43.23875,43.572014,43.33712,43.551846,43.53431,43.373302,43.704872,43.35521,43.800125,43.6396,43.751976,43.42257,43.75163,43.964005,43.764847,43.663734
44.079624,44.23776,43.732155,43.31247,44.11402,43.663982,43.85041,43.691933,43.92884,43.86903,43.687977,43.729008,44.120003,44.03775,44.352894,44.43243,44.262253,44.066093,44.35486,44.02692,44.106743,44.486343,44.148464,44.781868,43.961487,43.822357,44.315887,44.091026,44.68242,44.300632,44.84061
49.30426,49.1749,49.26754,49.30413,49.481926,49.188297,49.42194,49.136093,49.294506,49.297504,49.82215,49.222942,49.50142,49.101685,49.5696,49.60975,49.412434,49.243267,49.814724,49.566772,49.436092,49.59389,49.638206,50.22367,49.546036,49.4476,49.900734,49.397488,50.243584,49.611584,50.224087
51.146423,51.22859,50.90354,51.39397,50.95153,50.608063,51.27415,50.926006,50.88195,51.348686,51.713425,51.01058,50.79217,50.636955,51.3445,51.25593,50.797318,51.020985,51.583454,51.77179,51.155006,51.226353,51.105644,51.27247,51.33452,51.682755,51.004128,51.732403,51.879696,51.186394,51.843975
53.303646,53.48201,53.241356,53.700516,53.513,53.471012,53.49374,53.731552,53.61858,53.561546,53.181026,53.196095,53.679237,53.629955,53.703957,53.813465,53.491898,53.732666,53.625145,53.59205,54.113388,53.93893,53.64096,53.87825,53.86831,53.496956,53.797493,53.985672,53.782898,53.965645,53.810303
49.817055,49.813454,49.597603,49.895752,49.936737,49.874794,50.05259,50.137196,49.858494,50.079037,49.94699,49.807396,49.900757,49.65209,49.83007,50.213333,50.156048,49.93143,50.093147,49.913048,50.072998,50.07847,50.091778,50.197617,49.75154,49.75103,49.911427,50.498978,50.212864,50.130764,49.6731
40.373936,40.531544,40.1576,40.171246,40.057434,40.061897,39.719936,40.27287,40.672905,40.276356,40.36715,40.50805,40.235634,40.673473,40.529926,40.322235,40.29839,40.48169,40.55134,40.479187,40.31411,40.380043,40.313087,40.59099,40.6335,40.801216,40.50454,40.707344,40.866215,40.857346,40.83727
41.405884,41.614735,42.056877,41.3398,41.44689,41.508633,41.251587,41.366905,42.12093,41.445065,41.874615,41.807316,41.461765,42.06465,41.817303,41.75563,41.959152,41.795643,41.844536,41.695168,41.74535,41.92264,41.96031,42.139374,41.853836,42.194214,42.317635,41.74148,42.212677,42.161045,42.165485
45.595516,45.78612,45.798622,45.094284,45.622665,45.768208,45.441578,45.748432,46.060974,45.174637,45.18136,45.52997,45.63747,45.963356,45.532352,46.362953,45.76513,45.895847,45.83944,45.329987,45.74128,45.88596,45.794643,46.322197,45.670296,45.78277,46.071323,45.731457,45.997665,45.921394,45.86835
47.598152,47.873302,47.38256,47.750988,47.90126,47.90831,47.59476,47.883224,47.8731,48.057407,47.767693,47.490784,48.01295,47.613365,47.951202,47.672215,47.510105,47.814507,47.92297,48.078144,48.077984,47.9273,47.556957,48.04798,47.876358,48.04313,47.73526,48.241825,48.241055,47.981743,47.96595
48.93071,49.060738,48.937378,49.31983,48.586098,49.1392,49.02973,49.260365,49.14396,49.06154,48.96562,48.90696,48.977844,48.94835,49.342945,48.77385,48.898266,49.496452,49.047134,49.28025,49.599705,49.69423,48.93014,49.128822,49.711945,49.306442,49.314926,49.489147,49.795406,49.327,49.421425
49.893333,49.907597,50.3631,49.89102,50.17176,49.916504,49.855247,49.78105,50.01955,49.772537,49.92177,50.077255,50.162502,50.461155,49.902405,50.40965,50.16487,49.940796,50.18906,50.12427,50.03655,50.079494,50.335682,50.26703,50.007385,50.50232,50.53715,50.119747,50.180725,50.35692,50.453278
42.7074,42.647167,43.0632,43.139626,42.566788,42.97778,42.989582,42.884163,42.72375,42.92357,43.180676,43.089233,42.91471,42.773254,42.5723,42.651646,42.892056,43.07304,42.775196,43.04331,42.9334,43.23258,42.7603,42.822723,42.90735,43.271973,43.253586,43.24323,43.4109,42.743774,42.830265
56.17607,56.033394,56.434998,56.3672,56.306335,56.57429,56.63472,56.524166,56.25863,56.416714,56.40233,56.30888,56.531494,56.54402,56.3474,56.61384,56.357613,56.58996,56.641678,56.2433,56.538803,56.723446,56.580257,56.776245,56.724133,56.67585,56.822926,56.727997,56.699726,56.520344,56.77534
40.916336,41.570076,41.202087,41.310192,41.12262,41.02096,41.380116,41.044323,41.102985,41.666443,40.919167,41.27914,41.54621,41.47632,41.703026,41.124508,41.0916,41.542416,41.146343,41.429344,41.984333,42.22131,41.480503,41.50097,41.63612,41.31884,41.534523,41.72213,41.662556,41.64131,41.903732
54.498768,54.436943,54.60656,54.35412,54.944244,54.65059,54.869534,54.49708,54.432888,55.181084,54.57036,55.030563,55.08597,55.02056,54.83718,54.745678,54.865925,54.959545,54.931458,54.752903,54.93069,55.12222,54.944107,55.19976,54.69893,54.938545,55.374016,55.099365,54.88338,54.86818,55.231552
46.896572,46.89993,46.952003,47.04106,47.01319,47.397396,46.773884,47.42582,47.35017,46.773945,46.738815,46.388195,46.981327,47.333572,47.080223,47.17927,46.89562,47.305557,47.024994,47.015564,47.53528,47.639244,46.57948,47.167763,47.304924,47.562317,47.398087,47.334976,47.435867,47.423443,47.266785
41.77876,41.168415,41.188812,41.79911,41.375404,41.284813,41.329464,41.368618,41.301914,41.462418,41.589428,41.70858,41.4698,41.6174,41.197193,41.61732,41.46262,41.96486,41.699604,41.65147,41.798344,41.612965,41.44026,41.31926,41.56494,41.42401,41.92106,41.59001,42.073673,41.622734,41.706936
53.88645,53.728924,53.974716,54.369003,53.997253,53.777874,54.171307,54.0105,53.752895,54.154984,54.06709,54.349216,54.305058,54.393776,53.945263,54.403027,54.362865,54.117416,54.219578,54.304222,54.088943,53.95813,54.424183,54.135643,54.298172,54.331543,54.502937,54.605015,54.078743,54.326206,54.43735
51.372993,50.896854,50.791435,51.19324,51.30095,51.62102,51.332203,51.56305,51.084175,51.515976,50.97421,51.283287,51.58077,51.61502,51.221138,51.35936,51.261784,51.872974,51.51745,51.15127,51.67207,51.514473,51.289852,51.19947,51.626698,51.25856,51.45956,51.619793,51.416027,51.503036,51.368942
52.43263,51.934906,51.730743,51.79032,51.930046,52.034718,52.163296,52.02376,51.881733,52.257603,52.24084,52.45013,51.976757,51.952007,52.062016,51.91815,51.99493,52.532124,52.378986,52.29917,52.285557,52.53292,52.21703,52.149704,52.424248,52.405746,52.234406,52.259876,52.65983,52.28085,52.432274
43.719498,44.043945,44.60695,43.826714,43.81414,44.1647,44.079185,43.83396,44.34337,43.802746,44.291756,44.218895,43.88681,44.1149,43.823517,44.019817,44.198215,44.16684,43.95919,44.237602,44.212765,44.52231,44.39374,44.275574,44.314583,44.813164,44.512928,44.02382,44.434948,44.239445,44.183643
43.533108,43.338737,43.322243,43.29868,43.865433,43.78355,44.17109,43.920345,43.771946,43.80333,44.014233,43.779438,43.732536,43.661587,44.206074,44.489334,44.11313,44.129833,44.188583,43.98902,44.023376,43.962685,44.03352,44.54151,44.12567,44.047638,44.28546,44.105125,43.962994,44.04323,44.555912
50.990555,51.17116,50.997192,51.306183,51.10949,51.400494,51.051777,51.566742,51.25982,51.08303,50.899082,50.78936,51.552948,51.196796,51.482975,51.14878,50.961037,51.358227,51.34276,51.206196,51.455353,51.54305,51.127094,51.69095,51.70984,51.29045,51.431488,51.530727,51.495186,51.411804,51.656094
44.0954,44.402325,44.178467,44.39389,44.082016,44.20362,44.282635,44.40802,44.049507,44.264957,43.90125,44.335194,44.70132,44.412197,44.454967,44.397903,44.314255,44.420277,44.333637,44.352856,44.30013,44.42658,44.407475,44.550095,44.586273,44.247322,44.47233,44.780624,44.486362,44.366863,44.707287
45.524273,45.401,45.419365,45.266838,45.547874,45.801247,45.86228,45.91248,45.61884,45.558807,45.58528,45.844078,45.57764,45.645195,45.61477,46.08765,45.861958,45.77566,45.740948,45.459644,45.723957,45.78535,46.03722,45.909187,45.79023,45.76934,45.712,46.0036,45.6903,46.04387,45.60024
41.506016,41.592693,41.898323,41.19928,41.640266,42.033695,41.821594,41.771763,41.546665,41.737495,41.38555,42.043488,41.83121,41.803165,41.428833,41.565617,41.876682,41.96815,41.64038,41.412758,41.5845,42.003483,41.84891,41.827187,41.54035,41.852364,42.033348,41.881954,41.755695,41.57698,41.470093
58.568256,58.825287,59.05316,59.023376,58.591644,58.56004,58.566395,58.604237,58.933025,58.819218,58.629356,58.789753,58.83646,59.067234,59.07918,58.514828,58.769165,59.016476,58.853947,59.137196,59.417,59.34164,59.286987,58.82759,59.405624,59.163864,59.158436,59.027252,58.999218,59.374603,59.200684
41.97042,41.942337,41.71148,41.867775,41.51409,42.050667,42.129963,42.180244,42.13152,42.252865,41.796688,42.566303,41.892944,42.336224,42.09657,42.127136,42.382763,42.81287,41.929783,42.107113,42.515198,42.517082,42.091988,41.957687,42.494278,42.25934,42.39303,42.658524,42.468334,42.39945,42.104866
46.66697,46.928562,47.31836,46.82171,46.895714,47.161663,47.43011,47.018345,47.00672,47.16044,47.274067,47.211163,47.11197,47.21371,47.0112,47.305862,47.290504,47.282658,47.372303,47.098293,47.00059,47.148453,47.718025,47.2901,47.511627,47.516846,47.197674,47.345123,46.954403,47.089096,47.33274
44.75624,44.99458,44.42285,44.743576,44.955864,44.870567,44.82023,45.03225,45.098877,44.948456,44.773495,44.68649,44.99088,44.706017,45.00857,45.263832,44.920334,45.093716,45.131096,45.104595,45.21067,44.93078,44.971375,45.35653,45.0591,44.85701,44.930573,45.252087,45.22595,45.130417,45.066063
47.076935,46.988583,47.36457,47.31065,46.907936,47.10359,46.8546,47.167046,47.172703,46.6714,46.947617,46.98582,47.165195,47.442253,47.088127,47.38944,47.13206,47.313652,47.318558,47.160183,47.175896,47.118855,47.23508,47.173714,47.429867,47.360474,47.502666,47.26201,47.411655,47.33077,47.496605
49.83537,50.360367,49.940613,49.966835,50.075325,50.144077,49.96872,50.218292,50.676613,50.477673,50.15606,50.044827,49.936146,50.164726,50.59605,50.081356,50.159313,50.496223,50.51428,50.45129,50.6707,50.311756,50.514233,50.4907,50.763916,50.53418,50.203957,50.579185,50.455116,50.70383,50.45183
46.46245,46.728046,46.58548,46.544518,46.5662,46.61226,46.65816,46.51243,46.621483,46.87325,46.717136,46.635506,46.74931,46.65414,46.644806,46.46818,46.733597,46.72521,46.711292,46.823223,46.82885,47.147938,46.69761,46.96521,46.834053,46.98625,46.95601,46.980812,47.274593,46.837894,47.002953
41.23531,41.866146,41.746468,42.081654,41.427536,41.486534,41.69737,41.56407,41.686523,41.92731,41.81971,41.92168,41.998978,41.822186,41.946663,41.59001,41.8345,41.719395,41.649208,42.204056,41.905396,41.795425,42.019875,41.845276,42.216377,42.092316,41.93974,42.268944,42.03116,42.004528,42.19361
55.940018,55.65145,55.447693,56.195847,56.073586,55.94547,56.418564,56.25745,55.545948,56.322304,55.962612,55.898888,56.127506,55.972515,56.303547,56.365425,55.97346,56.256348,56.3371,56.341377,56.42056,56.133972,56.248447,55.926025,56.44679,56.166954,55.954437,56.672024,55.929394,56.316135,56.43724
49.12407,49.193905,49.12126,49.208954,49.41658,49.484715,49.58358,49.442917,49.559204,49.82957,49.742054,49.176933,49.50813,49.498745,50.04709,49.6729,49.478153,49.82182,49.861385,49.657402,49.961086,49.924915,49.478096,50.043602,49.85711,49.76049,49.796947,49.9816,50.0154,49.787342,50.221382
47.974407,47.840412,47.856697,48.231697,47.90145,47.93361,47.89182,48.096825,48.248642,47.8783,48.284782,47.947388,47.78622,47.944733,48.142033,48.189148,48.1457,48.161617,48.173508,48.44611,48.428425,48.182602,48.14221,48.141724,48.40284,48.44615,48.33662,48.30419,48.568703,48.561577,48.32878
51.03496,50.947163,50.792297,50.62771,51.119385,51.347183,51.097565,51.28917,51.21195,51.411007,51.07079,50.978535,51.17639,51.24445,51.350277,51.239586,51.101482,51.477413,51.404984,50.987724,51.439663,51.55995,51.097385,51.44838,51.2079,51.305786,51.17621,51.615494,51.439518,51.42543,51.24799
49.91106,49.638252,50.17894,50.07329,49.97827,49.98274,50.170242,49.943596,49.870148,49.88022,50.405376,50.157436,50.234833,50.239124,50.279697,50.33317,50.27007,50.1305,50.33048,50.39602,50.111057,50.174717,50.449165,50.327553,50.494453,50.578278,50.533722,50.249348,50.271435,50.368984,50.812767
44.02782,44.197586,44.181595,44.116444,44.33088,44.040897,44.37834,43.987755,44.534397,44.50294,44.787716,44.281612,44.165306,44.149952,44.59767,44.714344,44.581158,44.51796,44.65766,44.78084,44.686653,44.528175,44.470127,44.93254,44.37527,44.62287,44.81878,44.64917,45.032448,44.548332,44.915073
47.701557,47.379562,47.48751,47.83139,47.907745,47.860073,47.903847,47.745785,47.59135,47.847733,47.92457,47.662937,47.988464,47.514687,48.01537,48.02567,47.871826,48.040108,48.04816,48.097202,48.162395,47.86914,47.720913,48.11576,47.76829,47.65986,48.25282,48.03413,48.44092,47.845253,48.173927
48.876747,48.637505,48.468246,48.913773,48.602028,49.1395,48.90438,49.145367,49.10004,49.14842,49.30045,49.019295,48.923866,48.723564,49.05399,48.814407,48.962326,49.326763,49.132374,49.048985,49.263283,49.115925,48.969994,49.14451,49.36896,49.040527,48.99152,49.376495,49.620792,49.255947,48.95176
49.4837,48.87718,49.14618,49.62045,49.361923,49.567318,49.658936,49.813694,48.9946,49.407692,49.11771,49.594574,49.6187,49.749557,49.397625,49.74313,49.35673,49.878056,49.570843,49.238518,49.674477,49.69173,49.456314,49.399185,49.71415,49.46679,49.88917,49.853165,49.421364,49.617542,49.745445
49.644142,49.485157,49.66575,49.873623,49.569183,49.362324,49.26716,49.669926,49.58701,49.32687,49.269176,49.86312,49.714767,50.11346,49.828644,49.77753,49.828518,49.708744,49.853367,49.70286,49.81753,49.42821,50.414776,49.504707,50.152824,49.608376,49.87626,49.738846,49.393723,50.41269,49.955475
55.602142,55.290993,55.29075,55.626823,55.508522,55.61253,55.66279,55.83827,55.569416,55.586246,55.454327,55.58191,55.657413,55.555305,55.848724,55.808468,55.68445,56.001495,55.810555,55.7201,56.089695,55.95591,55.77908,55.88788,55.96181,55.57142,55.959053,55.980255,55.905094,55.973766,55.872963
44.1357,44.196884,43.6363,43.875343,43.721558,43.830482,43.692436,43.971535,43.952633,43.693123,43.563446,43.99919,43.88766,43.896286,43.62737,44.014828,43.833664,44.109806,43.804077,44.182022,44.0724,44.198193,43.66483,43.908936,44.057175,44.24597,44.023087,44.183174,44.531605,44.108192,44.03734
46.317017,46.94965,46.64421,46.166996,46.874184,46.15057,46.719994,46.14287,46.323715,47.092422,46.338287,46.39987,46.797085,46.873764,47.102413,46.77068,46.61462,46.663605,46.97398,46.80341,46.86927,47.296906,46.857212,47.136322,46.559624,46.83203,46.900143,47.059135,46.825977,46.75451,47.57642
46.795483,46.617596,47.15322,46.72148,46.810883,47.30025,47.081768,47.30741,47.066208,46.751484,47.4081,46.769505,46.907906,46.790802,46.800484,47.27708,46.98764,47.035538,47.329346,46.719524,46.624653,47.0644,46.930367,47.509003,46.905586,47.34507,47.156822,47.3219,47.27962,46.790447,46.970135
49.740788,49.28995,49.692963,50.07484,49.454147,49.91225,49.764656,50.23767,49.49667,49.21037,49.383057,49.780556,49.91597,50.017525,49.205307,50.041615,49.844296,49.937546,49.53003,49.652405,49.665962,49.896416,49.560593,49.613953,49.9859,50.099243,50.18351,50.092163,49.648716,49.78021,49.682
50.795208,50.92912,51.153145,50.982265,50.53704,51.132587,51.103146,51.26167,51.089077,51.018097,51.359802,51.115543,50.956932,50.7674,51.250374,50.842594,51.34015,51.169895,51.203983,51.23515,50.949825,51.124584,51.44854,51.095573,51.457695,51.32077,50.86595,51.59236,51.212055,51.196575,50.904854
44.661964,44.662968,44.565277,44.956512,44.56083,44.40227,44.22396,44.46282,44.820606,44.56634,44.693466,44.56794,44.82519,44.846375,44.80536,44.534428,44.70707,44.974957,44.929016,45.059597,45.05426,44.80615,44.896004,44.807793,45.16857,44.721527,45.068497,44.662697,45.129105,45.025665,45.21434
49.846165,49.615376,49.18849,49.64832,49.617035,49.55689,49.252525,49.66361,49.327812,49.351265,48.95537,49.31469,49.749657,49.368145,49.528553,49.2583,49.209614,49.707355,49.398247,49.67504,50.115265,50.211327,49.34718,49.46875,49.58432,49.33306,49.6618,49.56635,50.02973,49.87856,49.584667
48.77305,48.912285,48.952255,48.954323,48.664,49.118153,48.868603,49.06258,49.067955,48.716713,48.823517,49.1212,48.88094,48.969425,48.683147,48.72358,49.09529,49.051437,48.70292,49.27889,49.201153,49.071136,49.371735,48.571136,49.520267,49.520004,48.855404,49.060738,48.85646,49.40569,48.662174
43.420525,43.37042,42.917107,43.600437,43.185127,43.460205,43.492584,43.817287,43.24006,43.346344,43.25922,43.75113,43.612663,43.29241,43.26649,43.381737,43.506577,43.508686,43.305706,43.58945,43.46107,43.440704,43.71782,43.40177,43.96478,43.536293,43.353985,43.789383,43.43019,43.786858,43.401455
55.508522,55.155888,55.25968,55.839935,55.313705,55.951492,55.873665,56.03813,55.403957,55.676735,55.544895,56.07791,55.668194,55.392536,55.4236,55.26125,55.61751,55.92903,55.44175,55.8062,55.92467,55.697044,55.9518,55.311844,56.279144,55.900925,55.69253,55.944786,55.578003,55.93326,55.30701
53.708508,53.94456,53.971893,53.871696,53.861023,53.673206,53.840073,53.596146,53.760696,54.02472,53.675312,53.998005,54.271206,54.268074,54.51386,54.168884,54.130013,53.96126,54.016804,54.278034,54.372753,54.17055,54.32135,54.094322,54.164223,54.036835,54.196556,54.430172,54.34647,54.538197,54.589863
45.190777,45.093163,45.18184,44.845802,45.17737,45.275204,45.211697,45.22877,45.351295,45.192383,45.369305,45.227444,45.037167,45.208202,45.508785,45.44173,45.370167,45.501392,45.499218,45.39676,45.5036,45.523834,45.44146,45.430458,45.36662,45.55031,45.393066,45.479904,45.577282,45.59575,45.491318
51.516846,51.584534,51.778023,51.533966,51.759453,51.89756,52.38417,51.776108,51.671646,52.285522,52.340584,51.724052,51.771854,51.850677,52.20345,52.239063,52.023064,52.017365,52.305653,51.967937,52.063213,52.22594,52.236553,52.161438,52.14094,52.289536,51.85544,52.49427,52.210747,52.079803,52.366425
46.81706,46.870438,46.79606,46.950546,46.918587,47.124485,47.00477,47.21096,47.0182,46.846844,47.11441,46.82599,47.098186,46.784786,46.846157,47.072052,47.03217,46.988083,47.08204,47.190662,46.96049,47.077595,47.0279,47.287247,47.24958,47.36328,47.079712,47.25319,47.19305,47.075478,47.103775
48.14646,47.861507,48.137245,48.336548,47.888832,48.347607,47.94954,48.303017,48.60219,48.17655,48.52929,48.106987,47.98764,48.489113,48.275486,48.26135,48.203266,48.87678,48.58824,48.487595,48.558823,48.312,48.013454,48.267418,48.806004,48.851128,48.712967,48.500904,48.814377,48.40516,48.656918
39.335613,39.03582,38.95793,38.756603,39.08024,39.053318,38.823357,38.973946,39.16484,38.760162,39.01563,39.23718,39.073086,39.192287,39.096485,39.11598,39.267845,39.35059,39.144684,39.25089,39.340263,39.58881,39.174755,39.36297,39.276886,39.31681,39.613503,38.9068,39.708138,39.53355,39.556656
54.036358,54.53523,54.181137,54.29618,54.197433,54.08234,53.97359,54.301228,54.364426,54.030262,53.916626,53.935066,54.64477,54.213264,54.622128,54.315914,54.388477,54.10676,54.344357,54.619762,54.458588,54.40593,54.619373,54.71618,54.702137,54.302704,54.293156,54.571213,54.442352,54.7085,54.675476
48.3365,47.798004,48.483734,47.992153,48.203453,48.44809,48.15305,48.406204,48.27952,47.852962,48.258312,48.169537,48.114956,48.172997,48.314568,48.496597,48.424084,48.773346,48.714703,48.25377,48.22446,48.25312,48.242035,48.48742,48.180058,48.324837,48.803062,48.28525,48.484043,48.049057,48.392944
42.11826,42.29162,42.18917,42.066547,41.982536,42.041588,41.782177,42.218613,42.533978,41.92668,41.98261,42.043472,41.962166,42.4827,42.155052,42.430813,42.161613,42.50501,42.40727,42.22419,42.306168,42.321808,42.12221,42.406784,42.43406,42.567963,42.51243,42.404526,42.513283,42.427044,42.54049
37.45081,37.028454,37.38565,37.09198,37.296005,37.23142,37.00132,36.860348,36.978226,37.08833,37.041054,37.654556,37.59287,37.557213,37.121872,37.113026,37.202827,37.757294,37.358784,37.322403,37.41337,37.55844,37.226665,37.34617,37.1951,37.24073,38.071827,36.95451,37.787746,37.16671,37.785683
37.128723,36.699596,36.808197,36.626007,36.539726,37.086475,36.890774,37.214325,37.16692,36.544506,37.08325,37.061466,36.60033,37.08448,36.85945,37.246403,37.119785,37.53195,37.16868,36.823772,37.010475,37.34053,36.943188,37.17408,37.400364,37.326096,37.33376,37.023144,37.4396,37.186455,37.279785
57.595673,57.30975,57.118217,57.74404,57.84951,57.65787,57.646736,57.692944,57.582172,57.875736,57.299717,57.814533,57.753952,57.6353,57.860268,57.631615,57.835117,58.03398,57.720722,58.087605,58.465992,57.744637,58.008377,57.567436,58.028366,57.59092,58.027905,57.884426,57.779404,58.27352,57.73834
46.429577,46.68969,46.131195,46.799553,46.21524,46.39598,46.54383,46.63176,46.639706,46.75316,46.77764,46.624733,46.526073,46.226944,46.977623,46.246006,46.54649,46.822582,46.667355,47.24261,47.023914,46.804314,46.84126,46.594727,47.401608,46.886047,46.463223,46.98544,47.007717,47.003956,46.98315
59.427143,59.614475,59.37912,59.53155,59.457016,59.82615,59.457623,59.645752,59.811653,59.88158,59.544025,59.82669,59.942154,59.473232,59.7106,59.11518,59.64727,59.63081,59.492077,59.64204,60.098244,60.06826,59.995068,60.032104,60.01907,59.594078,59.77462,59.91524,60.32379,60.268078,59.49012
54.0181,54.062916,54.063713,54.24715,54.417442,54.053936,54.490314,54.190426,53.990032,54.51739,54.375957,54.21126,54.565754,54.300533,54.680576,54.551254,54.32767,54.233505,54.53481,54.593075,54.510628,54.630505,54.454193,54.85685,54.480087,54.58972,54.715763,54.80651,54.58592,54.575623,55.11959
39.5051,39.368336,39.783257,39.79684,39.456673,40.121307,39.880768,40.10582,39.658802,39.73773,39.52361,39.859673,39.809566,40.170895,39.941734,39.892338,39.744534,40.43628,39.80609,39.753094,40.039333,39.96061,39.630814,39.521393,40.190193,40.182663,40.136864,40.243958,39.714268,39.802147,40.01437
41.494568,41.618126,41.354218,42.03802,41.58348,41.763508,41.595924,41.87621,41.775272,41.839947,41.636578,41.93412,42.043713,42.078403,41.757305,41.77677,41.831512,41.92242,41.607853,42.04958,42.11261,41.738434,41.91766,41.626938,42.301613,42.065712,41.898014,42.17636,41.82303,42.298397,41.946888
39.8455,39.82902,39.975883,40.162205,39.611374,39.871136,40.15859,39.979828,39.844578,39.97538,40.147125,40.529247,40.155144,40.58614,39.831844,40.26664,40.138176,40.28852,40.005688,40.20042,39.976532,40.178677,40.2876,40.018753,40.73559,40.78904,40.445835,40.395054,40.13824,40.312206,40.721264
51.42087,51.801704,51.557854,51.63901,51.56404,51.280373,51.34233,51.478943,51.7636,51.649765,51.37232,51.519142,51.5698,51.541626,51.883987,51.72917,51.764793,51.689236,51.818775,51.942265,51.92773,51.617466,51.89153,51.834297,51.67905,51.56569,51.759304,52.038784,51.938976,51.95901,51.77634
51.651737,51.944397,52.051155,51.829594,51.899475,52.321564,52.36796,52.26274,52.40009,52.371147,52.468254,52.38535,52.03233,52.2002,52.624477,52.285137,52.365334,52.236927,52.285652,52.373016,52.42733,52.291668,52.678745,52.527428,52.82874,52.86696,52.276123,52.733284,52.392735,52.836933,52.54288
53.96291,54.212982,54.24736,54.193314,54.18541,53.978004,54.09781,53.932163,54.453575,54.301777,54.66788,54.205708,54.37508,54.348305,54.500813,54.281914,54.525597,54.134323,54.574272,54.691566,54.42401,54.371452,54.873466,54.779747,54.843124,54.725075,54.534668,54.42499,54.673553,54.83638,54.945095
40.75764,41.081547,41.123573,40.960083,40.75181,40.957092,40.969204,41.111473,41.21783,40.817184,40.949963,41.1193,41.033566,41.522827,41.152855,41.394463,41.41443,41.14576,40.99276,41.24462,41.10719,41.31971,41.194473,41.281013,41.541286,41.76339,41.470905,41.503212,41.28274,41.540527,41.63059
60.41622,60.750957,61.099365,60.860733,60.879425,61.214024,61.05538,61.04516,61.13042,61.20801,61.084286,61.112232,61.284595,60.967457,61.26823,60.879555,61.365192,60.928047,61.08954,61.140953,61.101368,60.95608,61.472782,61.49846,61.32573,61.276634,61.32237,61.541237,61.25452,61.36226,61.065094
40.97094,41.151917,41.28282,41.299953,40.788666,41.096844,41.29709,41.25445,40.89913,41.035435,41.355198,41.38351,41.349125,41.08017,41.061592,41.02834,41.247593,41.069626,41.140392,41.234585,40.863712,41.42298,41.410007,41.409286,41.519318,41.502434,41.341015,41.509583,41.456482,41.194527,41.50062
44.816162,44.95952,45.114,44.999115,45.234917,45.296654,45.58883,45.176403,44.900143,45.1802,45.21651,45.165283,45.396385,44.934402,45.407055,45.55699,45.508022,45.213184,45.24749,45.563976,45.29657,45.22695,45.373966,45.467102,45.234726,45.393852,45.45007,45.58145,45.396816,45.196823,45.51752
47.709442,47.802235,47.941483,48.336678,47.997864,47.96656,48.2709,48.05046,47.829,48.193268,47.87427,48.2008,48.398197,48.261547,48.224102,48.092297,48.215508,48.431095,48.06779,48.431763,48.54273,48.377163,48.406067,48.17546,48.64465,48.261093,48.62529,48.361183,48.009056,48.271244,48.60498
55.838253,55.57536,55.644188,56.012756,55.77038,55.703197,55.74165,55.847332,55.69266,55.935284,55.752182,55.90449,55.978096,55.9807,55.853462,55.695885,55.979507,56.24496,56.13272,56.186703,56.10856,55.916336,56.15598,55.752213,56.32677,56.00846,56.12083,56.075832,55.811996,56.026005,56.10373
47.608704,47.599087,47.4937,47.24952,47.829697,47.495087,47.509277,47.423172,47.53883,47.687492,47.6893,47.540836,47.66481,47.68835,47.596096,47.852737,47.785717,47.50244,47.906666,47.753384,47.5766,47.74034,47.73961,47.942863,47.43474,47.9086,47.79556,47.87388,48.0221,47.887325,47.946358
57.36891,57.87176,57.717285,57.75186,57.539146,57.995026,57.892086,58.081413,58.28384,57.707638,58.071472,57.464672,57.84571,57.500683,58.24603,58.017544,57.90533,57.715405,58.006657,58.02689,58.145695,58.059113,58.272446,58.60034,58.591423,58.166977,57.816296,58.266457,58.39921,58.42675,58.175343
34.979576,35.170605,34.976,35.267986,35.019844,35.241753,35.2434,35.37636,35.340206,35.514404,35.452274,35.64476,35.178642,35.381645,35.110653,35.497818,35.205406,35.479206,35.29911,35.380573,35.22975,35.058342,35.15435,35.272507,35.31911,35.750324,35.336998,35.93412,35.47036,35.369743,35.278767
52.700806,52.64775,53.17176,52.914402,53.055862,53.363476,53.10714,53.408535,53.063778,52.954723,53.01673,52.87002,53.297333,53.46418,53.05853,53.457012,53.143997,53.085457,53.418003,52.669483,52.882977,52.980656,53.40393,53.482452,53.33567,53.340668,53.3008,53.46159,52.84845,53.28914,53.274487
47.091343,47.43719,47.505417,47.1233,47.251465,47.270874,47.343327,47.13411,47.73414,47.642765,47.922955,47.55838,47.30511,47.50683,47.496128,47.664883,47.747154,47.435524,47.779198,47.622944,47.38937,47.34504,47.826244,47.867035,47.554268,47.883553,47.569553,47.87809,47.972404,47.741245,47.68251
40.388275,40.799873,40.037933,40.28641,39.894234,40.5209,40.215187,40.585854,40.86794,40.652405,40.55182,40.945297,40.37186,40.45544,40.517105,40.350594,40.509655,40.66833,40.44414,40.55611,40.578377,40.401085,40.727898,40.54854,41.04278,40.728127,40.135574,41.034378,41.17542,41.08237,40.36382
54.535656,54.817036,54.500023,54.367435,54.71318,54.74599,54.65878,54.74909,54.834915,54.808514,54.49043,54.52254,54.837242,54.535187,54.815586,54.778683,54.70152,54.84268,54.888355,54.782204,54.9612,55.033108,54.820656,55.2362,54.82725,54.77231,54.81443,55.0514,55.09851,54.881527,54.84271
45.83473,46.457912,45.99826,46.12783,46.33365,46.055916,46.060352,46.105053,46.586903,46.422268,46.276325,46.18799,46.509758,46.467728,46.844868,46.577328,46.56334,46.12303,46.401695,46.7185,46.667023,46.323315,46.683926,46.881622,46.7161,46.594933,46.49791,46.744614,46.69789,47.0967,46.982925
35.43528,35.759117,35.361835,35.326393,35.271164,35.155685,35.158504,35.359367,35.80762,35.3267,35.80292,35.455845,35.378586,35.449757,35.551304,35.494022,35.88486,35.552967,35.768616,35.856747,35.359303,35.63431,35.738747,35.99479,35.89919,35.83969,35.72624,35.60875,36.03888,35.784534,36.042873
47.016026,47.04078,47.291855,46.752247,47.219353,47.27498,47.0799,47.021427,47.072197,46.992588,47.25702,46.947826,47.213963,46.61738,47.02587,46.699623,47.067646,47.096283,47.223866,47.140053,47.140472,47.71179,47.194294,47.693245,46.965473,47.190994,47.50022,46.93171,47.640312,46.98311,47.195545
43.453606,43.658875,43.638367,43.55972,43.72355,43.844036,44.1304,43.93284,43.71926,43.713688,43.5107,43.912556,43.90633,43.84729,43.938866,44.324482,44.212826,44.08205,43.759197,44.027008,44.140392,43.950405,44.260773,43.927956,44.110558,43.939247,43.971928,44.1802,43.57856,44.08534,43.921814
41.640194,42.322197,42.26272,41.975193,42.639427,42.1217,42.624462,41.68068,42.23092,42.932552,42.8006,42.26948,42.559643,41.99195,42.64605,42.152946,42.853508,42.299747,42.598366,43.07881,42.61165,42.445503,42.934574,42.80664,42.43621,42.567085,42.64024,42.456852,42.557056,42.338043,42.844242
37.939743,38.780376,38.46592,38.39208,38.432487,38.447105,38.23895,38.137253,38.875427,38.97905,38.46515,38.635612,38.834106,38.991295,38.80239,38.464092,38.595432,38.756763,38.50128,38.868553,38.977535,38.701374,38.591175,38.841835,38.83885,38.98516,38.898304,38.989845,39.041733,38.91162,39.04959
58.113327,57.821285,57.82778,57.873013,57.970993,57.79064,57.86178,57.81437,57.91395,57.89131,57.882214,58.05273,57.980125,58.077477,58.065327,58.10547,57.98849,58.230793,58.42454,58.153698,58.181667,58.055763,58.36786,58.279404,58.433926,58.11976,58.38149,58.005043,58.42538,58.331135,58.607624
55.530125,55.278744,55.092545,55.73192,55.538475,55.19837,55.452793,55.410984,55.46367,55.80573,55.67823,55.71804,55.58099,55.56957,55.725132,55.642803,55.752098,55.758224,55.866734,55.986294,55.95135,55.496704,55.932648,55.634636,55.895714,55.59362,55.802788,55.947407,55.860588,56.057056,55.903732
48.416245,48.459248,49.103218,49.220936,48.740875,48.665577,48.692924,48.820713,48.90842,48.974834,49.102554,49.032608,49.09262,49.30159,49.18841,48.909714,49.01558,48.98488,49.06312,49.004936,49.12412,48.923874,49.37347,49.06327,49.198154,49.126793,49.383053,49.32182,48.74643,49.334927,49.258907
49.24511,49.743958,49.39794,49.342926,49.355484,49.207947,49.47242,49.272587,49.458984,49.74779,49.443172,49.632355,49.59888,49.480247,49.921757,49.44234,49.769295,49.394035,49.522713,49.84115,49.780174,49.85465,49.939728,49.776466,49.743942,49.668976,49.551105,50.0427,49.983814,50.080803,49.88671
52.502422,52.4258,52.45507,53.074352,52.0149,52.62625,52.655205,52.97174,52.356464,52.419743,52.77372,52.64048,52.754692,52.458824,52.64337,52.46046,52.503986,52.51941,52.48055,52.825027,52.532238,52.81892,52.552822,52.579514,53.19566,53.054375,52.561684,53.28084,53.05794,52.86393,52.845184
36.31759,36.489902,36.917244,36.396984,36.524467,36.37953,36.57985,36.337627,36.29715,36.323284,36.503376,36.465603,36.572697,36.749317,36.833385,37.010727,36.53308,36.593613,36.878887,36.547516,36.470196,36.556236,36.871902,36.690796,36.48839,36.66458,36.761147,36.73459,36.61451,36.589287,37.14
50.13351,49.810608,50.25834,49.741657,50.163963,50.450188,50.05908,50.03034,50.41623,49.90481,50.34055,50.50144,50.118713,50.234634,50.052216,50.28637,50.339046,50.258038,50.14506,50.21135,50.476357,50.395485,50.52078,50.454964,50.301594,50.599304,50.662827,50.033573,50.753796,50.775326,50.221523
50.09798,49.627678,49.60376,50.023304,50.04464,50.090626,49.99327,50.288986,50.14494,49.98984,50.10973,50.081394,50.038895,50.096478,50.197906,50.467407,50.429153,50.376495,50.326187,50.227985,50.392925,50.02925,50.23042,50.27137,50.28766,50.06272,50.392673,50.426876,50.38139,50.561607,50.20538
50.857357,50.552013,50.604355,50.645126,50.5271,50.733814,50.59518,50.862003,50.70927,50.353756,50.346554,50.985138,50.837162,51.117805,50.62654,51.032005,51.10455,51.046436,50.76372,50.85441,50.862434,50.80068,51.02554,50.72999,51.207363,50.986618,51.123116,50.910954,50.87785,51.201965,50.995464
50.29491,50.210896,50.261543,50.298317,50.493042,50.189877,50.193455,50.117805,50.343086,50.480217,50.341263,50.63935,50.456947,50.44853,50.41664,50.050182,50.408085,50.534,50.56265,50.584663,50.74099,50.606533,50.9961,50.554993,50.77488,50.48455,50.79613,50.21943,50.480946,50.86223,50.721508
44.099865,44.45213,44.017387,44.43918,44.148315,44.045372,44.45738,44.25632,44.779182,44.5523,44.8248,44.422825,44.05647,44.238354,45.13789,44.813915,44.783024,44.697884,44.657333,45.333996,45.084858,44.47321,44.766235,44.648727,45.145565,44.95674,44.572094,44.984104,45.025364,45.14474,45.172523
46.33012,46.86534,46.48561,46.611332,46.437775,46.540703,46.539906,46.779175,46.999542,46.719772,46.25333,46.75359,46.493404,46.900352,46.812176,46.93898,46.81515,46.97728,46.682484,46.8793,47.09989,46.700306,46.97863,46.704582,47.134533,46.973503,46.747906,47.205555,46.689384,47.185997,46.751144
52.438263,51.736557,51.955956,52.47277,51.90747,52.467266,52.29332,52.759968,52.295254,52.18222,52.712585,52.840984,52.021,52.31432,52.20515,52.18798,52.4825,52.354538,52.176907,52.48295,52.43628,52.421055,52.551163,51.988472,52.83497,53.006256,52.34938,52.808784,52.52808,53.14707,52.118233
43.027935,43.368366,43.445175,43.176918,43.478188,43.335266,43.336353,43.23779,43.71834,43.415657,43.370567,43.393257,43.50838,43.748215,43.210243,43.86878,43.51211,43.605217,43.57819,43.363525,43.604267,43.63975,43.540405,44.118973,43.51234,43.763496,44.097782,43.570686,43.75998,43.5744,43.87374
49.365025,48.96609,49.08465,49.64693,49.208015,49.454197,49.326607,49.6826,49.04509,48.8003,49.118645,48.989037,49.565056,49.031082,49.271915,49.77052,49.352173,49.53124,49.478264,49.6679,49.316166,49.018078,49.052574,49.318832,49.436935,49.27175,49.497288,49.631817,49.529015,49.10208,49.463642
51.507336,51.468624,51.96759,51.488808,51.319244,52.155575,51.56768,52.114788,52.0717,51.40394,51.826115,51.99548,51.66491,51.91396,51.63574,51.70583,51.83504,51.82141,51.716766,51.558487,51.62874,51.70884,52.14072,51.794212,52.19862,52.35105,51.732952,52.03616,51.686188,52.209896,51.43277
50.842598,50.954742,51.339005,51.06683,51.24321,51.27293,51.17262,51.47284,51.156765,50.866444,50.806133,50.8548,51.466827,51.44656,51.24898,51.92447,51.64133,51.073753,51.280838,50.980133,51.16976,51.14919,51.44625,51.527206,50.94242,51.067986,51.382607,51.755363,50.979984,51.44879,51.063347
36.5679,36.377373,36.78131,36.22373,36.443657,36.853577,36.52267,36.49249,36.653168,36.693703,37.047565,37.016647,36.524055,36.717285,36.55447,36.446945,36.622765,36.786114,36.651783,36.569263,36.575157,36.951107,36.54868,36.71206,36.47025,37.18019,36.937927,36.830738,37.272808,36.801468,36.70162
52.65983,53.057762,52.810547,53.124695,53.0748,53.225548,53.265564,53.250774,53.207626,53.56444,53.261097,52.922134,53.321735,53.11592,53.52571,53.201084,53.20905,53.200996,53.349586,53.39908,53.45576,53.29125,53.25465,53.54966,53.57228,53.48008,53.229046,53.85775,53.52915,53.4908,53.549377
46.30888,46.06204,46.14618,46.096077,46.509567,46.16799,45.965645,46.114735,45.995125,46.152905,46.079052,46.39377,46.602585,46.377388,46.330154,46.29986,46.201443,46.196888,46.435604,46.375053,46.234776,46.19667,46.376263,46.467407,46.09097,46.304115,46.59817,46.31946,46.4151,46.49408,46.6208
45.445034,45.619465,45.5931,45.75169,45.554604,45.752254,45.976795,45.738876,45.681057,45.82676,46.00036,46.0018,46.12244,46.066536,45.983547,45.93824,46.334606,45.81152,45.864605,46.1606,45.83723,45.84508,46.426716,46.039787,46.63175,46.2619,46.021263,46.134377,45.93675,46.337257,46.456207
39.979572,39.96553,39.69786,40.20223,40.395973,39.76161,39.627243,39.625843,40.046215,40.264137,40.197437,40.131836,40.412148,39.963516,40.19972,39.78375,40.09556,40.124527,40.26588,40.59903,40.450027,40.018795,40.216152,40.38115,40.07258,39.92237,40.59673,39.938595,40.591007,40.360294,40.554466
56.302425,56.51409,56.207962,56.41147,56.843895,56.17185,56.604652,56.123924,56.565483,56.98159,56.78952,56.33689,56.668774,56.35171,57.00476,56.74314,56.83907,56.52594,57.013386,57.036877,57.10809,56.781662,57.096928,57.191338,56.723045,56.46147,56.85288,56.835327,57.15722,57.071392,57.19067
56.726364,56.2628,56.297905,56.788113,56.823853,57.006645,56.934628,57.10289,56.44553,56.872868,56.49894,56.69453,56.993156,56.714554,56.808113,56.687134,56.68783,57.162365,56.850204,56.902843,57.23274,57.07184,56.86631,56.656708,57.1404,56.842064,56.91178,57.053883,56.586372,56.970173,56.790718
37.849087,38.16235,37.896515,37.98652,37.64762,37.69542,37.7299,37.853317,37.753235,37.84459,37.92343,38.14425,38.027428,37.9909,37.918705,37.79708,37.94579,37.695007,37.78979,38.136246,37.77144,38.09436,38.05632,37.88851,38.07332,38.297943,37.858173,38.339314,38.292557,38.28422,38.179417
41.52535,41.830666,41.919304,41.616486,41.855186,41.450314,41.368073,41.31838,42.02905,41.721798,41.996384,41.795216,41.815403,41.85907,41.934494,41.679764,42.069115,41.709595,41.883575,42.23363,41.97741,41.996616,42.03439,42.208313,41.808056,42.15403,42.331112,41.7823,42.26661,42.181328,42.276146
53.180298,53.354984,53.20719,53.315903,53.29956,53.09527,53.228218,53.15211,53.507313,53.59455,53.411827,53.590527,53.21103,53.556713,53.413876,53.659218,53.202774,53.48491,53.588413,53.681206,53.640533,53.27252,53.515636,53.482758,53.54155,53.933853,53.537132,53.888435,53.7128,53.77614,53.717968
48.263138,48.177284,47.783356,48.589638,48.261505,48.149582,48.156845,48.389008,48.26454,48.471516,47.88021,48.568897,48.63889,48.513977,48.60005,48.383774,48.42431,48.900055,48.463314,48.73581,48.838276,48.305626,48.349384,48.512337,48.86012,48.240173,48.943493,48.70339,48.643806,48.61398,48.912468
54.3477,54.24688,54.605347,54.335453,54.741844,54.751175,54.550426,54.62621,54.58471,54.41912,54.798206,54.338753,54.68098,54.4083,54.362434,54.767647,54.81204,54.1246,54.647293,54.405483,54.499664,54.728172,54.812107,55.096176,54.292862,54.70864,54.787598,54.78224,54.989708,54.957542,54.42021
52.3328,52.31179,52.02796,52.37156,52.069656,52.463432,52.31078,52.620937,52.43527,52.3606,52.310604,52.49483,52.346264,52.281048,52.357075,52.265224,52.42033,52.47291,52.27592,52.542694,52.63604,52.637074,52.50041,52.378654,52.8147,52.696312,52.328545,52.830242,52.759537,52.890842,52.314114
54.845303,54.90475,55.093155,54.64539,55.408768,55.0659,54.975327,54.74432,54.779423,55.22848,54.860954,54.951824,55.233265,54.924732,55.26068,54.648876,55.0369,54.81172,55.16966,55.03617,55.305424,55.49031,55.46055,55.3751,54.894886,55.015434,55.354557,54.9955,55.336864,55.44154,55.27957
55.015026,55.137764,55.183,54.597424,54.863976,54.82538,54.500782,54.872356,55.21635,54.81956,54.647343,55.096943,54.90273,55.34002,54.954823,54.67836,55.094456,54.91301,54.929478,54.774063,55.172623,55.708458,55.355263,55.292427,55.120987,55.296944,55.3149,55.075314,55.338142,55.73476,55.086666
51.09243,50.90852,51.28572,51.24315,51.42334,51.491604,51.51508,51.44355,51.62248,51.478447,51.733696,51.45464,51.15782,51.54074,51.524223,51.516724,51.657127,51.611454,51.47119,51.689137,51.981586,51.831585,51.812214,51.5317,51.85638,52.105003,51.83089,51.615227,51.4503,52.10198,51.624912
48.835842,48.73944,48.526688,48.282593,48.698814,48.395058,48.688194,48.43036,48.56036,48.67723,48.677464,48.713955,48.551918,48.667835,48.961376,48.96442,48.813,48.891354,49.066044,49.00757,48.86357,49.014053,48.893738,48.977707,48.83172,48.95626,48.917,48.89467,49.222065,48.976765,49.37748
38.953815,39.015514,38.670914,38.794823,38.845604,38.562244,38.735836,38.828045,39.058956,38.891457,38.966747,39.203247,38.843605,39.032078,38.99279,39.079803,39.184402,39.047585,39.010536,39.11791,39.17123,39.28773,39.301357,39.274216,39.162983,39.082886,39.25295,39.11739,39.289368,39.52348,39.309364
53.7058,53.43394,53.521202,54.20563,53.369217,53.889732,53.91,54.1501,53.865814,53.525177,53.838043,53.945686,53.89291,53.949966,53.63691,54.04904,54.078526,54.03918,53.66884,54.01287,54.1893,54.026016,54.128693,53.824646,54.643894,54.14702,54.1028,54.180588,54.086243,54.41386,53.942436
54.46901,55.02233,54.795937,55.202766,55.056076,55.137524,55.32319,55.29746,55.370907,55.436024,55.417625,54.670605,55.43047,55.05259,55.67893,55.533398,55.501488,55.032608,55.480286,55.327522,55.476673,55.19563,55.638508,55.96602,55.743004,55.16012,55.21861,55.863045,55.50836,55.685585,55.636627
41.783512,41.893208,42.10997,41.58048,41.935455,41.956482,41.84191,41.83507,42.315754,41.870567,42.224667,42.049187,41.783417,42.07699,42.196484,42.211647,42.27265,42.197845,42.34324,42.12569,42.07261,42.070724,42.323227,42.487785,42.211517,42.381264,42.457336,42.064903,42.427742,42.321434,42.463432
49.483257,49.455685,49.552895,49.447487,49.585655,49.1736,49.10637,49.143677,49.68404,49.44247,49.933548,49.643295,49.509823,49.358818,49.65127,49.38156,49.71953,49.324265,49.78929,49.944355,49.619946,49.493195,50.028996,49.861443,49.56333,49.70381,49.769505,49.510048,49.98653,50.03829,49.784225
42.576645,42.773167,42.38849,42.51295,42.168396,42.77043,42.709045,43.078968,43.05859,42.829792,42.485783,43.06465,42.403812,42.9285,42.722897,42.894596,42.77088,43.34994,42.594555,42.701664,43.195885,43.125187,42.867783,42.568054,43.22146,43.101265,42.597694,43.394676,42.742058,43.20391,42.453236
42.69977,42.962242,42.606865,42.99818,42.901802,42.704468,42.913788,42.820827,42.863197,43.28409,43.18154,42.53167,42.90701,42.515213,43.47657,42.772816,43.11974,42.94495,43.08643,43.32165,43.412308,43.499775,42.836994,43.283875,42.8707,42.78827,43.088802,43.493015,43.806046,43.230953,43.298798
40.186176,39.918377,39.696777,39.590816,40.12892,39.532646,39.7507,39.576675,39.90431,39.894665,40.154633,39.758953,39.573467,39.630264,40.00108,40.135582,40.113132,40.068386,40.24822,40.292408,40.173336,40.43671,39.676178,40.324265,39.48154,40.037285,40.434814,40.000835,40.895016,40.06863,40.42429
48.976963,48.63465,48.79969,48.85905,48.796852,49.052483,48.7678,48.92502,48.80045,48.5729,48.860397,49.01994,49.08063,48.800003,48.67571,48.931023,48.840218,48.97567,48.94767,48.914608,48.950447,48.92198,49.040306,49.05316,49.05983,48.945107,49.156925,48.853233,49.361443,49.095352,48.974556
48.020504,48.121716,47.80928,48.372868,47.842377,47.868813,48.052612,48.147305,48.115467,48.168606,48.382687,48.205433,47.989136,48.074173,48.2419,48.23415,48.257317,48.0853,48.14619,48.772236,48.351025,48.049862,48.374588,47.80686,48.579693,48.706596,47.845974,48.737946,48.30191,48.68895,48.261646
55.14677,54.94542,54.786133,55.22556,55.27263,55.12572,55.32632,55.231586,55.155537,55.39672,55.36366,55.32173,55.42492,55.058533,55.29435,55.352413,55.417675,55.40836,55.59164,55.413284,55.50149,55.244614,55.76672,55.684906,55.652176,55.08513,55.48416,55.4226,55.509724,55.57339,55.528603
48.03157,48.42841,47.734634,48.13249,47.94384,48.00331,48.292713,48.354435,48.51234,48.23521,48.204678,48.24136,48.052692,48.247772,48.603058,48.683697,48.840652,48.314537,48.35788,48.7181,48.560345,48.298428,48.700016,48.56418,49.00858,48.5829,48.27001,48.855564,48.72726,49.06198,48.73607
44.099976,43.774517,43.49804,43.798077,44.12034,43.878143,44.16567,44.02384,43.48025,43.78802,43.638462,43.868603,44.14029,43.78048,43.783466,44.392105,43.976387,44.06666,44.034878,44.038815,44.043106,44.25376,43.792736,44.245163,43.822155,43.87018,44.29951,44.125126,44.31974,43.920864,44.356304
48.502216,48.375706,48.408302,48.431698,48.648293,48.328655,48.622425,48.288357,48.275322,48.617863,48.577496,48.57377,48.5438,48.282207,48.69314,48.797924,48.744583,48.72133,48.823345,49.02571,48.767044,48.45929,48.739315,48.531013,48.362305,48.520233,48.689655,48.830746,48.818386,48.557953,48.714813
56.43003,56.35818,56.54245,56.469707,56.515244,56.72824,56.948086,56.78981,56.39769,56.719154,56.59082,56.974003,56.821445,56.561764,56.789593,56.698895,57.059025,56.656487,56.62717,56.780365,56.75843,56.864643,57.166897,56.858536,56.927555,56.831253,56.85621,57.139137,56.73569,57.053646,56.703396
43.692265,44.41601,43.561142,44.29674,43.602654,43.364445,43.793644,43.75851,43.82907,44.214016,43.30261,43.98436,44.175144,44.17394,44.3196,43.881073,44.081566,44.32787,43.83798,44.521328,44.567066,44.30684,44.141136,43.843178,44.57154,43.875534,44.0562,44.577553,44.180336,44.316757,44.511734
47.361713,47.781395,47.81298,47.479874,47.42759,47.342236,47.271816,47.335705,47.798267,47.41828,47.26519,47.600338,47.586002,48.0768,47.34405,47.703415,47.932014,47.64615,47.492054,47.74862,47.76043,47.8859,47.85599,47.636116,47.768208,48.042274,47.944748,47.809563,47.769608,47.99698,47.739807
55.6303,55.931423,55.651604,56.049694,56.015167,55.818665,55.908073,55.81669,56.230015,56.30487,55.97094,55.983902,56.128544,55.70125,56.309467,55.854336,56.219284,56.235096,56.1258,56.467197,56.71325,56.187424,56.41147,56.47194,56.35494,55.829308,56.390476,56.26289,56.481644,56.428936,56.1767
50.141693,50.326363,50.47634,50.79576,50.29872,50.35844,50.72706,50.466434,50.536537,50.612476,51.113613,50.375835,50.466774,50.105297,50.939396,50.572758,50.64353,50.494602,50.76634,51.04464,50.844025,50.70983,50.911633,50.895866,51.004936,50.80137,50.69323,50.956936,51.069954,50.84159,51.01374
48.837433,49.37803,49.020706,48.68991,49.165276,49.18995,48.852802,49.096424,49.355404,49.14904,48.65854,48.988068,49.37975,49.38179,49.38418,48.95905,49.23316,48.993126,48.983124,48.985172,49.561943,49.803288,49.549515,49.6232,49.443592,49.223885,49.27843,49.285316,49.425446,49.958534,49.357834
46.612904,46.63787,46.763397,46.971386,46.52487,47.027466,46.957554,47.18349,46.93608,46.945747,47.14884,47.06545,46.9024,46.808434,46.918262,46.715363,46.993286,47.157413,47.16627,46.93707,46.765743,46.795864,47.23934,47.132217,47.562252,47.187576,47.050205,47.25177,47.00102,46.985878,47.083298
50.284706,50.349625,50.560326,50.44646,50.649734,50.664513,50.584496,50.437008,50.61978,50.772392,50.498405,50.730988,50.92277,50.936764,50.496304,50.9596,50.692413,50.87438,50.853107,50.566025,50.809223,50.43911,50.964573,50.844437,50.6935,50.637497,50.90345,50.87603,50.671394,50.743546,50.717896
40.61215,40.3735,40.444565,40.98092,40.694878,40.63299,40.09259,40.685547,40.552197,40.29386,40.349056,40.631184,40.99837,40.970173,40.315063,40.66347,40.39048,40.644146,40.582355,40.696568,40.682133,40.357075,40.4971,40.51351,40.691864,40.73963,40.97225,40.632584,40.687687,40.87157,40.763653
44.79992,45.242374,45.501503,45.16618,44.6027,44.935143,44.81954,44.84297,45.51216,45.04497,45.352608,45.332607,45.038998,45.441555,45.409534,44.868507,45.320747,45.364876,45.166035,45.444927,45.418316,45.522766,45.560944,45.324608,45.83976,45.72541,45.5457,45.345158,45.69939,45.65993,45.675014
48.933918,49.044167,49.237915,48.990494,49.52282,49.164215,49.037155,49.122,49.205276,49.08193,48.795284,49.053635,49.434925,49.453064,49.23305,49.40498,49.26049,49.26556,49.39749,49.16352,49.423004,49.350777,49.50446,49.675835,49.238194,49.255325,49.793186,49.177765,49.128887,49.457794,49.595688
47.056297,47.321537,46.806572,46.824192,47.15013,46.885056,47.18833,46.93734,47.043167,47.509357,47.015415,46.99403,47.09703,46.902817,47.411427,46.99049,47.044468,47.4132,47.334774,47.316624,47.63182,47.8987,47.216194,47.531517,47.22492,47.100655,47.289574,47.43677,47.691864,47.312878,47.555065
41.4265,41.505886,41.745613,41.16465,41.41697,41.62834,41.2585,41.460648,41.762825,41.38267,41.493774,41.69742,41.365902,41.770138,41.49155,41.423824,41.66862,41.637867,41.578674,41.386665,41.63547,41.851788,41.83811,41.67473,41.62964,41.867096,41.82896,41.564297,41.86722,42.005173,41.575203
51.336388,51.728786,51.700424,51.890392,51.203506,51.55266,51.453205,51.7327,51.91457,51.74344,51.549416,51.93509,51.748604,52.0107,51.978855,51.48275,51.804417,51.877785,51.545944,51.938408,52.172615,51.94484,52.254307,51.550735,52.440228,52.041985,51.688267,52.211403,51.700577,52.455906,51.76448
52.883965,53.098095,52.90641,53.06548,53.16951,53.04595,52.92023,53.019646,53.124977,52.977036,53.269836,52.915546,53.36337,52.664368,53.298378,53.05446,53.15741,52.71386,53.330345,53.398895,53.08504,52.883568,53.53961,53.648827,53.328804,53.05632,53.091198,53.20596,53.579605,53.479366,53.36815
49.602085,49.91171,49.804527,49.569862,49.38848,49.745842,49.601727,49.731544,50.15683,49.69771,49.816517,49.73915,49.591637,49.732594,49.762627,49.697407,50.013393,49.986748,49.792465,49.90572,50.024036,50.26268,49.87368,50.159973,50.11886,50.12777,50.067936,50.08355,50.539993,50.111332,49.907543
44.332283,43.92137,44.541855,44.238045,44.393898,44.668262,44.015484,44.43668,44.520683,44.121254,44.34452,44.239033,44.590477,44.77949,44.333588,44.33544,44.32519,44.79712,44.576813,44.176647,44.60906,44.73492,44.318256,44.629364,44.482944,44.55979,45.03311,44.26613,44.625027,44.535957,44.62886
40.999958,41.052345,41.236,40.881374,41.239983,40.890522,40.788734,40.728607,40.99433,40.960587,41.000477,40.896393,41.11421,41.16306,40.65109,41.129482,40.856968,41.13738,41.36123,40.950367,40.96103,41.190292,41.05432,41.34839,40.733227,41.133614,41.451942,40.917538,41.33829,40.83388,41.284653
46.32627,46.016724,46.551758,46.13694,46.251198,46.363354,46.29607,46.363544,46.158844,45.96486,46.40371,46.693592,46.300247,46.63161,45.93093,46.61608,46.513073,46.198967,46.490425,46.163013,45.875652,46.130035,46.74213,46.399376,46.406586,46.83613,46.619625,46.420837,46.30453,46.57434,46.469334
52.958855,52.856472,52.721176,52.263107,53.13054,53.09045,53.093925,52.98707,53.386883,53.237125,53.76506,53.067863,52.540184,52.477657,53.271004,53.110638,53.507404,52.915077,53.483044,53.33131,53.10047,53.115173,53.533848,53.58065,53.059456,53.48163,52.944336,53.305264,53.6213,53.630913,52.994297
47.313538,47.21781,47.342926,47.421333,47.290062,47.284,47.288116,47.3737,47.648872,47.324398,47.8026,47.672756,47.378334,47.54546,47.53352,47.644318,47.91023,47.513367,47.803925,47.708065,47.44388,47.16622,48.109024,47.739952,47.96721,47.69657,47.734127,47.60093,47.72278,48.00509,47.800304
49.226994,49.48008,49.491043,49.68363,49.064514,49.44936,49.298267,49.551163,49.32212,49.151108,49.382362,49.252434,49.605762,49.37096,49.194233,49.421745,49.3687,49.264404,49.38764,49.614357,49.168762,49.352913,49.30679,49.466805,49.68604,49.843803,49.42004,49.87488,49.825344,49.396076,49.5605
53.986576,53.704456,53.742874,54.27365,53.81089,53.91836,54.004845,54.214756,53.946953,54.060135,54.114758,54.31632,54.266014,54.340836,54.401096,54.169144,54.398987,54.23086,54.249374,54.335613,54.26687,54.064835,54.534027,54.18701,54.787556,54.284927,54.366222,54.55225,54.22641,54.74838,54.603966
60.945957,60.44987,60.66346,60.606194,60.932785,61.083813,60.890602,60.982006,60.615055,60.73009,60.825455,60.589977,60.943077,60.635983,60.833492,60.771133,60.72147,60.97755,61.11733,60.932667,60.960052,61.187775,60.76857,61.104744,60.99702,61.13015,61.111305,60.952118,61.235706,60.90794,61.124264
46.521793,47.2344,46.835014,46.656586,47.050613,46.55254,46.498657,46.354866,47.117374,47.014515,46.51507,46.684845,47.14587,47.11762,47.28493,46.861877,47.106617,46.949818,47.031185,47.331566,47.421898,47.101593,47.305042,47.309013,47.17156,46.919266,47.26009,46.936672,47.29319,47.402447,47.535297
49.201267,49.524975,49.52083,49.559513,49.351326,49.58749,49.56951,49.697105,49.725914,49.618267,49.283276,49.591396,49.60792,49.87251,49.765537,49.796337,49.624638,49.889545,49.657402,49.614685,49.98019,49.734585,49.953373,49.686188,50.100616,49.810287,49.73914,50.02731,49.547646,50.007465,49.78646
40.238987,40.239426,40.841553,40.34174,40.150513,40.47717,40.254887,40.201336,40.525204,40.458084,40.352726,40.85405,40.47976,41.19943,40.31846,40.4794,40.6451,40.997955,40.578114,40.34303,40.577553,40.57251,40.740967,40.292435,40.719025,40.837906,41.01496,40.615036,40.601974,40.624374,40.69886
57.877563,57.13078,57.247566,57.41522,57.546623,57.456703,57.49146,57.496696,57.27255,57.492847,57.601707,57.518036,57.531532,57.52747,57.368317,57.711582,57.57588,57.727608,57.923046,57.40035,57.675343,57.836628,57.64952,57.75274,57.508038,57.39884,57.839684,57.675583,58.183105,57.79984,57.750587
47.558685,47.262234,47.532494,47.423767,47.80062,47.63204,47.776615,47.598568,47.509388,47.873135,48.275032,47.71621,47.622166,47.493744,47.738113,47.51483,47.685616,47.595066,47.975986,47.79576,47.674316,48.089317,47.88565,48.113754,47.73848,48.15573,48.005367,47.83162,47.990726,47.923912,48.106846
34.761414,34.76926,35.12274,34.59636,34.919926,34.619843,34.595627,34.406723,34.854645,34.658447,34.977345,34.859062,34.83194,35.051033,34.529575,34.99754,34.895954,34.8228,34.886776,34.702873,34.898254,35.351883,34.877274,35.237663,34.421406,34.989464,35.46867,34.71202,35.42766,34.962246,35.136543
41.70198,41.713642,41.577103,41.377007,41.524574,41.5422,41.280384,41.539875,41.873234,41.260952,41.555317,41.560555,41.3666,41.753544,41.264736,41.75485,41.700462,41.656418,41.592804,41.72137,41.719658,41.935295,41.595695,41.717896,41.696007,42.12561,41.860237,41.60941,42.111763,42.01395,41.732227
53.82615,53.981163,54.04007,54.125034,54.09651,54.192646,53.949696,54.2841,54.341877,54.278084,54.375153,53.94611,54.398354,54.342876,54.491993,54.296005,54.25488,54.037193,54.49599,54.155354,54.182964,54.164974,54.37041,54.753838,54.46466,54.429153,54.34772,54.724087,54.539524,54.65327,54.588455
44.59396,44.549606,44.215088,44.53356,44.263184,44.473026,44.38348,44.607098,44.91961,44.42437,44.495064,44.542088,44.330833,44.83894,44.666862,45.006504,44.774075,45.11506,44.810963,44.863834,44.991123,44.67745,44.55399,44.73288,45.19023,44.943855,44.948154,44.887592,45.256264,45.037403,45.12474
39.11535,39.301086,39.164757,38.996967,39.59308,38.903294,39.21944,38.823433,38.99108,39.45249,38.97508,39.478798,39.49816,39.5733,39.33543,39.496044,39.209652,39.39598,39.365776,39.526382,39.57813,39.548157,39.52361,39.43405,39.13611,39.462288,39.686245,39.351402,39.22212,39.47988,39.861008
47.30624,47.45304,46.831734,46.999878,47.19191,47.33252,47.616444,47.50828,47.22941,47.69007,47.374134,47.776775,47.587334,47.418858,47.526028,47.538685,47.487637,47.428864,47.374355,47.461086,47.469173,47.815926,47.628246,47.822556,47.795197,47.755936,47.363575,48.02343,47.759212,47.89075,47.800808
53.691742,53.8835,53.66452,53.805046,53.54001,53.814644,53.50675,54.100094,53.8002,53.76035,53.433506,53.4251,53.79133,53.849785,53.982132,53.647964,53.544666,53.808132,53.817703,53.699856,53.959328,54.223686,53.58566,53.849724,53.939953,53.999825,53.67125,54.425243,54.09049,54.120335,53.840454
48.153175,48.22408,48.753166,48.513824,48.276794,48.498547,48.24943,48.74972,48.555958,48.0844,48.03825,48.408905,48.543613,48.772522,48.750744,48.675537,48.607014,48.700752,48.649788,48.252663,48.569782,48.454945,48.90351,48.68946,48.774128,48.395653,48.87003,48.727695,48.197746,48.778473,48.62906
53.676613,53.569405,53.59146,53.834606,53.866592,53.87534,53.9049,53.96529,53.745735,53.85747,53.627586,54.023724,53.888138,53.963142,53.915348,54.043602,53.943035,53.96763,53.818745,54.157074,54.216797,53.877186,54.106953,53.752136,54.149776,54.255722,54.040997,54.249187,53.782986,54.35131,53.966908
48.390743,48.320053,48.904686,48.553703,48.25695,48.83331,48.53359,48.967583,48.81354,48.349506,49.0204,48.62222,48.606342,48.928,48.69123,48.704758,48.97597,48.599457,48.831245,48.55556,48.330578,48.73227,48.982693,48.868965,49.13246,49.333717,48.793053,49.068176,48.673943,49.049152,48.825718
41.559917,41.706913,41.77935,41.567772,41.673347,41.85966,42.053955,41.978798,41.842117,41.74499,42.43648,41.892326,41.708797,41.574078,41.782017,42.21039,42.200127,41.4969,42.031914,41.96218,41.403206,41.714386,42.159813,42.266594,41.912907,42.38405,41.748596,42.337036,42.11893,42.06925,41.966263
47.85025,48.211975,48.160156,48.370827,48.140526,48.352413,48.68034,48.356823,48.276043,48.828407,48.711124,48.539944,48.33337,48.63596,48.569885,48.50028,48.38618,48.396683,48.477913,48.73508,48.52158,48.424927,48.657925,48.32955,49.022175,49.328743,48.332726,49.13903,48.439804,48.815197,48.907616
47.391132,47.23011,47.609337,47.451668,47.26551,47.716362,47.64968,47.679794,47.612427,47.116177,47.610287,47.43727,47.31605,47.377674,47.157585,47.765022,47.730907,47.637882,47.45515,47.471397,47.682487,47.85338,47.70223,47.648804,47.696564,47.7834,47.79699,47.604473,47.900444,47.727024,47.354088
53.059498,52.747707,52.667175,52.75967,52.650467,53.026554,52.503384,53.18898,52.991447,52.734978,52.81866,52.77835,52.79118,53.003872,53.11019,52.571926,52.942608,53.00867,53.073864,52.842564,52.97583,53.235687,52.899273,52.993034,53.33414,53.187576,53.010548,53.185104,53.42029,53.502113,53.1284
54.26262,54.137913,53.95677,54.424706,54.48632,54.401115,54.856205,54.261322,54.29059,55.042057,55.16867,54.777706,54.57735,54.136406,54.52494,54.581577,54.54013,54.48113,54.750954,54.95595,54.73874,54.466553,54.85517,54.77318,54.768726,54.844475,54.510868,54.96626,55.050022,54.791878,54.791733
41.638767,41.675587,42.060303,41.37049,41.561653,41.76975,41.45917,41.486588,41.814743,41.79369,41.873924,42.06173,41.594162,41.98685,41.642075,41.49355,41.776417,41.833443,41.772774,41.643314,41.6674,42.05996,41.726414,41.81356,41.52884,42.243286,42.11641,41.96989,42.318737,41.941628,41.814682
46.656555,46.672127,46.539787,46.51344,46.632492,46.636795,46.784252,46.75053,46.99019,46.72159,47.128136,46.946064,46.260296,46.410927,46.57085,47.125584,47.20979,46.65128,46.938007,46.991215,46.74329,46.50432,47.146133,46.88994,46.696293,47.029396,46.700283,47.15468,47.228428,47.20343,46.46885
48.904495,49.274082,49.497154,49.37425,49.533478,49.48293,49.494743,49.205933,49.239933,49.810883,49.243748,49.287865,49.98514,49.713688,49.77155,49.086166,49.427876,49.67724,49.493923,49.573185,49.901817,50.09483,49.625645,49.86554,49.795048,49.608467,50.06656,49.643658,49.603004,49.54925,50.122128
41.56048,41.664104,41.625725,41.273438,41.686638,41.525898,41.34166,41.677853,41.729992,41.54082,41.433487,41.32874,41.498203,41.69001,41.714798,41.998863,41.68343,41.828465,42.031395,41.543453,41.47496,41.670166,41.28365,42.075745,41.2163,41.724625,41.96884,42.057148,42.022045,41.48257,41.89683
37.06416,37.199512,37.100273,36.931534,37.396942,36.971283,36.972855,36.8399,37.002106,36.803192,36.97534,36.937023,37.372887,37.08403,36.516605,37.558327,37.137096,37.012955,37.31449,37.154144,36.810863,37.00036,37.00373,37.661713,36.75046,37.161125,37.604115,36.943638,37.536015,36.78022,37.46213
58.1526,58.32256,58.04899,58.311516,57.841843,58.556206,58.312244,58.78325,58.44524,58.290592,58.089184,58.235428,58.298862,58.5103,58.68285,58.149296,58.365986,58.49,58.2613,58.491764,58.69305,58.747032,58.613472,58.215668,59.36036,58.949165,58.098087,58.95433,58.463028,59.12199,58.549713
54.86347,54.972572,54.935104,55.25373,55.10978,54.699635,55.194042,54.733196,54.966297,55.307377,55.46099,55.269436,55.241543,54.87845,55.610603,55.18344,55.414402,54.984055,55.34257,55.81312,55.533062,55.119114,55.832497,55.372,55.51745,55.223732,55.30111,55.441936,55.53841,55.731804,55.696278
56.67499,56.763973,56.596786,56.588356,56.86222,56.792282,56.560085,56.64141,56.835194,56.731888,56.436794,56.520145,57.00194,56.887886,56.840923,56.694298,56.91269,56.82275,56.640877,57.09655,57.346634,57.375275,56.791904,56.959183,56.95435,57.063004,57.095814,56.94838,57.237225,57.300232,57.0045
53.276638,53.15352,53.168068,53.05366,53.513954,53.138786,53.212135,52.95515,53.298527,53.337326,53.589027,53.338444,53.315056,52.969006,53.587532,53.46326,53.39054,53.094124,53.59208,53.573093,53.622845,53.38686,53.752506,53.7856,53.17838,53.239296,53.518368,53.37882,54.056885,53.8662,53.60979
57.395557,56.851646,57.121384,57.44835,57.449783,57.43722,57.20581,57.58937,57.29086,56.97619,57.077282,56.795273,57.39786,57.498417,57.367252,57.941452,57.367615,57.528324,57.615746,57.307762,57.70838,57.477425,57.155,57.54644,57.353233,57.320328,57.769703,57.61928,57.702,57.650955,57.612736
49.164238,49.36699,49.323074,49.57223,49.102386,49.120247,49.390663,49.544342,49.25456,49.21954,48.93654,49.486362,49.375156,49.94221,49.549427,49.687355,49.82759,49.567463,49.40156,49.717278,49.57776,49.400093,49.975014,49.041862,50.15377,49.854317,49.45847,49.922466,48.92724,50.010887,49.768494
48.17603,48.07444,48.398743,48.09771,48.276657,48.151867,47.849888,47.871483,48.147675,47.992813,47.97358,48.2834,48.35641,48.381153,48.055122,48.007874,48.112778,48.321564,48.16927,48.381325,48.50395,48.46112,48.3774,48.136482,48.174664,48.40529,48.611095,48.021393,48.425945,48.444145,48.328026
44.2567,45.011818,44.679092,44.793106,44.37271,44.256676,44.455105,44.332882,44.633816,44.640182,44.660168,44.418407,44.51991,44.608547,44.848186,44.35909,44.43732,44.38995,44.58042,45.183887,44.835087,44.940876,44.83891,44.59915,45.188366,45.32673,44.54676,44.937,44.997826,45.050198,45.26581
39.09361,39.095406,39.131203,39.472107,39.02121,38.91059,39.23452,39.13438,39.078617,39.032978,39.127552,39.483135,39.189877,39.478867,39.393143,39.6084,39.514305,39.428665,39.193554,39.70204,39.50911,39.27618,39.43567,39.124557,39.605576,39.588974,39.685127,39.589096,39.460484,39.660915,39.822803
58.781147,58.058098,58.484406,58.66907,58.69921,59.246624,58.7403,59.26372,58.881012,58.276,58.83541,58.671074,58.85814,58.880928,58.7244,59.252575,58.90295,58.747135,58.769253,58.648106,59.011223,58.852306,58.87929,59.023575,59.12129,59.144432,59.052185,59.00782,59.077873,59.5249,58.78681
38.58577,38.255894,38.46627,38.65246,38.114113,38.15317,38.07688,38.345165,38.63617,38.30812,38.939022,38.466103,38.04026,39.02704,38.468285,38.868725,38.43938,38.69487,38.82343,38.622425,38.519592,38.502823,38.354855,38.266,38.71982,39.1932,38.690903,38.890335,39.06015,38.973454,39.059723
42.095932,42.4499,42.32424,42.56133,42.301147,42.316364,42.583527,42.562412,42.627586,42.888546,42.721302,42.779873,42.579433,42.56077,42.71286,42.361874,42.75752,42.816044,42.704117,42.684,42.700245,42.807728,42.917217,43.018166,43.04302,42.73967,42.95212,42.98699,42.666824,42.758896,42.93787
50.118954,49.945667,50.15164,50.29595,50.1588,49.464497,50.026226,49.86056,49.850666,49.931194,50.07272,50.262127,49.980137,50.148598,50.144863,50.509434,50.569416,49.910904,50.23865,50.348557,50.274616,50.23187,50.67467,50.204765,49.89733,49.975113,50.497097,50.42005,50.274803,50.65551,50.319023
41.349922,41.704433,41.954773,41.355297,41.849915,42.06693,41.999405,41.618523,41.70166,41.89439,41.82096,41.706905,42.18278,41.885223,41.822727,41.830685,41.945274,41.92298,41.92256,41.792744,41.7773,42.15916,41.895096,42.40631,41.923004,42.118454,42.309322,41.903053,42.201546,41.652126,42.33069
42.482655,42.706978,42.63414,42.4913,42.604523,42.585392,42.817318,42.61079,42.457127,42.693867,42.324047,42.703587,42.823605,42.87766,42.55267,42.750984,42.62189,42.91775,42.54085,42.71797,42.944187,43.41144,42.652393,42.88698,42.82545,43.028854,43.0966,42.92047,42.82533,42.73243,43.096622
53.936447,54.089043,53.982925,54.223618,54.12301,54.22873,54.32447,54.187725,54.528496,54.72899,54.725533,54.300842,54.19614,54.161095,54.76033,54.242924,54.480938,54.45348,54.540844,54.61483,54.87715,54.54892,54.72665,54.62046,54.75634,54.504623,54.396515,54.82269,54.89036,54.960346,54.55882
38.142807,38.353745,38.248177,38.236958,37.690224,38.018845,37.606915,38.197956,38.63868,37.877243,38.07719,38.571823,38.016407,38.428345,38.048443,38.0264,38.360466,38.43361,38.086056,38.247177,38.305862,38.224236,38.50166,38.1556,38.578278,38.391594,38.37203,38.334103,38.51498,38.727264,38.06379
45.274582,45.751915,45.4087,45.732506,45.46495,45.496464,45.85614,45.87114,45.681824,45.83964,45.534416,45.918186,45.760345,45.61661,45.879883,45.795307,45.855145,45.85188,45.64833,46.044613,45.91852,45.81936,46.086384,45.90583,46.213234,45.99649,45.7751,46.284485,45.506207,45.986843,45.915413
52.026466,52.454582,52.418663,52.171886,52.509544,52.102757,52.559147,52.250813,52.440964,52.51361,52.11956,52.503464,52.49115,52.750847,52.92468,52.969357,52.92119,52.532005,52.58981,52.85269,52.833714,52.612686,53.024216,52.789917,52.767654,52.791473,52.845066,52.942284,52.352497,53.02075,53.094875
45.0842,45.200268,45.211823,44.84879,45.03472,45.192986,44.871544,45.330086,45.32416,45.01409,44.714085,45.143898,45.266266,45.707325,45.302288,45.450554,45.394855,45.41394,45.32724,44.885666,45.19676,45.45296,45.23345,45.531746,45.282482,45.310364,45.55933,45.583622,45.40061,45.552475,45.47701
42.11696,42.118893,41.948265,41.86749,41.99621,42.18816,42.123707,42.35394,42.51449,42.064575,42.49941,42.15679,41.785133,41.979893,42.06518,42.46435,42.304928,42.34045,42.36463,42.310043,42.249607,42.345627,42.239822,42.464043,42.31556,42.660378,42.20175,42.500572,42.544853,42.466957,42.159107
59.23706,59.102497,58.99479,59.11892,58.84897,59.287003,59.132694,59.503696,59.040443,59.263664,59.05584,59.19372,59.136948,59.29038,59.474606,58.971573,59.084087,59.24832,59.25875,59.20173,59.38893,59.60022,59.409065,58.97637,59.68082,59.587738,58.875744,59.8342,59.36565,59.824287,59.24424
49.797977,49.508198,49.256836,49.61168,49.591797,49.6332,49.74204,49.562424,49.828255,50.043343,50.019035,50.333805,49.66687,49.740555,49.76047,49.63556,49.91187,50.204956,49.899376,50.21051,50.21692,49.874077,50.146183,49.78859,50.3152,50.12094,50.04184,49.92888,50.226753,50.277344,50.027996
58.078766,57.923622,58.065697,58.1617,57.936684,58.106285,58.493217,58.196278,58.056545,58.144913,58.15049,58.12938,58.09981,58.12433,58.56923,58.325336,58.33259,58.626503,58.376774,58.565495,58.7725,58.795033,58.527954,58.389748,58.917965,58.508705,58.596,58.475224,58.570015,58.553722,58.86147
54.2347,54.534275,54.26158,54.708847,54.469917,54.0495,54.383358,54.343163,54.528324,54.54418,54.529533,54.33618,54.57275,54.56637,54.704712,54.878094,54.81159,54.3719,54.617886,55.170506,54.8048,54.451958,54.77406,54.62224,54.771584,54.888443,54.58795,55.107605,54.676384,55.013966,54.91012
51.086353,51.39695,51.449585,51.89264,51.305016,51.354748,51.490192,51.57971,51.712967,51.937702,51.750973,51.434566,51.61027,51.993614,51.976036,51.582634,51.57745,51.829315,51.9296,51.71094,52.001713,51.719574,52.068275,51.7165,52.367325,51.881172,51.7262,52.168297,51.603706,52.13561,52.13995
48.047375,48.150093,48.291656,48.538406,47.967224,48.091183,47.87541,48.20526,48.35615,48.344894,48.525906,48.335052,48.47457,48.534996,48.527462,48.125687,48.234634,48.368496,48.715866,48.360397,48.156906,47.971725,48.62467,48.50798,48.793457,48.415215,48.439938,48.646927,48.592785,48.562565,48.780903
60.264523,60.309807,60.055595,60.327152,60.233223,60.050175,60.057182,60.102184,60.486637,60.35021,60.468506,60.446552,60.312393,60.2778,60.541546,60.24037,60.24404,60.212402,60.5158,60.746773,60.70208,60.39091,60.858234,60.5935,60.92322,60.704407,60.403942,60.497944,60.818596,61.12709,60.79241
42.87124,42.853767,42.730835,42.857327,42.747795,42.61232,43.029854,42.828106,42.5929,42.945415,43.04779,42.86322,42.87085,42.94413,43.07667,43.230663,42.83992,42.99513,43.15262,43.14181,42.887592,43.213104,42.812073,43.112663,43.03573,43.324608,43.082546,43.422626,43.345936,42.9855,43.645424
45.220833,45.4365,45.508568,45.514896,45.40384,45.384136,45.107704,45.149345,45.561226,45.58526,45.506405,45.581043,45.693195,45.662987,45.320843,45.07338,45.42118,45.579983,45.54474,45.63078,45.657627,45.56235,45.753498,45.571068,45.740852,45.67206,45.788074,45.45142,45.77773,45.700405,45.661545
52.24696,52.06696,52.483086,52.578735,52.161255,52.347446,52.430664,52.3665,52.547523,52.511997,52.826756,52.46653,52.197456,52.47822,52.460728,52.667553,52.485527,52.79264,52.82189,52.641018,52.664997,52.360683,52.643845,52.45156,52.690823,52.764023,52.675842,52.86254,52.808136,52.583492,52.59628
48.543514,48.420948,48.41208,48.687996,48.782097,48.860382,48.66604,48.904182,48.58318,48.765663,48.5922,48.54377,49.054356,48.756752,48.666275,48.865646,48.645905,48.85952,48.942623,48.60679,48.784313,48.72789,48.72026,49.053406,48.794632,48.644257,48.93427,49.023094,48.853565,48.76608,48.870163
61.81011,61.637794,61.769592,62.25301,62.17311,62.08277,62.146313,62.059464,61.94492,62.2323,62.13683,62.14629,62.40748,61.953094,62.375263,62.078773,62.279873,62.02044,62.188866,62.408253,62.591457,62.085903,62.66676,62.332756,62.480778,62.01892,62.35787,62.38029,62.31764,62.73418,62.28651
37.029545,36.488445,37.17328,36.89589,36.702423,37.24999,37.086193,37.137096,36.960316,36.935143,37.120777,37.4653,36.78328,37.607204,36.868156,37.16652,37.177643,37.65118,37.220524,36.68804,37.11336,37.27466,37.23681,36.832962,37.368202,37.410583,37.591507,37.16686,37.228218,37.289707,37.260014
41.80074,41.69581,42.153214,41.81007,41.69477,41.667095,41.95911,41.867764,41.81403,41.818954,42.433254,42.436497,41.616722,41.944458,41.90745,42.126163,42.07222,41.733322,42.085045,42.027092,41.567738,41.881134,42.300484,42.05979,41.894184,42.587547,42.13226,42.360264,42.085102,42.245895,42.17228
35.66898,36.14095,35.799484,35.69935,35.82332,35.696224,35.01748,35.659786,36.149426,35.727936,35.225983,35.68353,36.00285,36.346985,35.790974,35.668594,35.79849,36.01649,35.823338,35.80954,35.954323,35.908253,35.540676,36.005146,35.76027,35.925346,36.27249,35.962204,36.232635,36.069057,36.088276
44.83877,45.329136,45.029083,45.470646,44.285393,44.90403,45.01221,45.42151,45.2046,44.914673,45.044724,45.409992,45.00676,45.267353,45.06496,44.98702,45.15011,45.12019,44.87332,45.299473,44.984173,45.266598,45.300835,45.077454,46.02229,45.796295,45.061466,45.821426,45.350292,45.558403,45.39066
51.522938,51.43529,51.11978,51.24252,51.547333,51.218407,51.264053,51.34034,51.398605,51.572865,51.36315,51.60243,51.488914,51.547436,51.58914,51.16113,51.607433,51.56058,51.56773,51.831623,51.767372,51.927906,51.789124,51.625465,51.87842,51.85782,51.75215,51.555935,51.63238,52.044315,51.93414
39.75219,40.16007,40.020126,39.788486,40.214523,39.981014,40.423023,39.891373,40.1725,40.439434,40.271065,40.30561,40.119694,40.11288,40.5565,40.515568,40.534077,40.36124,40.382435,40.532387,40.51795,40.33164,40.654434,40.557365,40.35284,40.35865,40.452045,40.508194,40.41594,40.48241,40.677486
46.953053,47.31066,47.05667,47.20657,47.00988,47.14996,47.038334,47.464867,47.807423,47.3095,47.089355,47.447975,47.176907,47.846596,47.660892,47.3658,47.641914,47.543972,47.266518,47.3405,47.886314,47.78838,47.897038,47.663795,48.220585,47.73242,47.697304,47.67929,47.39434,48.425972,47.76553
43.118824,43.18571,42.901466,42.906265,43.19832,43.197285,42.99547,43.003063,43.191456,43.13725,43.172466,42.632633,43.24385,42.98868,43.804188,43.15586,43.142155,43.41047,43.460526,43.56809,43.653233,43.655884,42.95147,43.564507,43.420235,43.260025,43.448353,43.289104,44.099674,43.437653,44.00487
46.523495,46.63806,46.60119,46.65762,46.958054,46.533672,47.11515,46.510002,46.55172,47.36507,47.09528,47.065098,46.968285,46.903942,47.12383,47.06677,47.14967,46.90207,47.1042,47.15008,47.08662,47.045006,47.250538,47.15957,46.864006,47.017067,47.156433,47.373814,47.112225,47.14468,47.378162
40.586594,40.295948,39.703644,40.380894,39.979843,40.353424,40.26237,40.613865,40.18744,40.29416,40.326496,40.48795,40.18788,40.116302,40.156403,40.058372,40.226677,40.590237,40.22837,40.510082,40.51733,40.738197,40.176853,40.12464,40.769417,40.57985,40.223145,40.61779,40.85537,40.667294,40.370453
41.398228,40.82393,41.370308,41.393036,41.193855,41.223007,41.14637,41.237896,40.97177,40.72952,41.130333,41.31396,41.122135,41.346336,40.939907,41.449924,41.17064,41.48222,41.403473,41.21044,41.256657,41.26056,41.310448,41.103447,41.286568,41.341743,41.778656,41.056545,41.46839,41.27589,41.51024
60.275826,60.212494,60.16835,60.853386,60.520737,59.916687,60.259293,59.913307,60.150986,60.450447,60.553024,60.223953,60.732185,60.193695,60.920525,60.29683,60.261696,60.422512,60.71884,61.343365,61.02689,60.444195,60.785305,60.599144,60.9957,60.533943,60.80015,60.442265,60.88351,60.801586,61.415318
45.817543,45.772602,45.606056,45.737606,45.34929,45.46163,45.624462,45.717487,45.44449,45.608337,45.597237,45.483223,45.474033,45.45523,45.824314,45.512184,45.671238,45.89479,45.756348,45.891445,45.87371,46.31152,45.51257,45.57962,45.74615,45.773308,45.708687,46.111973,46.28363,45.758427,45.891884
48.09073,47.592373,48.014145,48.2518,47.689644,48.09999,48.06449,48.255596,47.8059,47.702053,48.15166,48.12966,47.910767,48.171402,47.648006,48.151,48.28152,48.20642,48.15176,48.07751,47.82299,47.969086,48.111004,47.798157,48.376328,48.43412,48.30117,48.29876,48.243168,48.131054,48.11143
37.24462,37.570446,37.410957,37.4916,37.42945,37.534775,37.528923,37.617275,37.73044,37.460815,37.650597,37.529182,37.489594,37.458374,37.88376,37.619816,37.819935,37.66942,37.546684,38.028645,37.854378,37.764946,37.747543,37.77253,37.995754,37.99891,37.804497,37.837063,37.839886,37.98674,37.970634
45.24319,45.420414,45.47532,45.464912,44.795906,45.142605,45.030884,45.50852,45.42147,44.960613,45.277325,45.289326,45.121998,45.496365,45.31617,45.15468,45.45122,45.370567,45.35324,45.42469,45.167698,45.589863,45.468857,45.320732,45.88079,45.855476,45.445194,45.679146,45.548836,45.656635,45.619186
47.52044,47.3715,47.56066,48.062355,47.60894,47.468616,47.576794,47.4438,47.48149,47.783077,48.06853,47.685513,47.76306,47.402557,47.737812,47.521564,47.574993,47.730484,47.89117,48.146164,47.88523,47.581455,47.75791,47.692917,47.770306,47.76863,47.943027,47.90318,48.18831,47.731804,47.966354
63.220737,63.166103,63.592834,63.760487,63.3823,63.57558,63.884506,63.674522,63.795853,63.72395,63.839043,63.653008,63.604313,63.60679,64.00318,63.837563,64.073296,64.06148,63.953167,63.99339,64.22082,63.8138,64.34264,64.00833,64.426926,63.809822,64.131836,64.02856,63.79538,64.08915,64.005165
46.43915,46.450203,46.675583,46.96455,46.571648,46.775105,47.01238,46.83428,46.32334,46.53142,47.022877,46.490402,46.831306,46.33815,46.524506,46.69898,46.996147,46.453896,46.66179,47.153694,46.538696,46.768703,46.811398,46.667717,46.92609,47.140945,46.752728,47.054333,46.901386,46.667824,46.82704
64.763145,64.45025,64.47564,64.834366,64.878914,64.59436,65.20115,64.694496,64.529015,65.09456,65.060005,64.94807,64.75251,64.54141,64.74626,65.100395,65.07542,64.90657,65.18489,65.22446,65.05009,64.84538,65.236855,65.05467,65.033745,65.02327,65.08461,65.25648,65.193054,65.02915,65.09526
44.866665,45.278893,44.742645,45.102234,44.99597,44.940777,45.132507,45.14897,45.28134,45.538933,45.34603,45.33554,45.17961,45.189316,45.484554,45.123592,45.38878,45.249065,45.40712,45.530384,45.344982,45.151356,45.675232,45.407837,45.788208,45.475624,45.094948,45.701553,45.35202,45.719048,45.57169
56.800446,56.377365,56.475098,57.148323,56.89218,56.590992,56.659027,56.68002,56.79952,56.803093,56.87365,56.857307,56.83124,56.833046,56.583813,56.851208,56.967827,57.075275,57.11389,57.151978,57.272125,56.649467,57.34645,56.779297,57.257767,56.75403,57.196434,56.75149,56.91464,57.22557,56.932575
51.708725,51.26157,51.366547,51.417667,51.641197,51.9217,51.505703,51.90766,52.162746,51.987007,52.169376,52.13406,51.577995,51.718327,52.16109,51.49105,52.16713,52.162495,52.008034,51.95156,52.183235,51.94149,52.068176,52.11287,52.14644,52.033234,52.205254,52.06483,52.265675,52.523758,51.823036
33.26574,33.619545,32.766014,33.43151,33.138653,32.866535,33.32303,33.134415,33.067017,33.49419,33.20507,33.440704,33.350224,33.223335,33.30608,33.42663,33.210518,33.513954,33.34642,33.835266,33.468586,33.451088,33.20525,33.32348,33.61669,33.55134,33.346893,33.7221,33.7512,33.363052,33.92905
37.405205,37.69676,37.68168,37.29117,37.09574,37.40829,37.217354,37.464455,37.56781,37.120094,37.438904,37.811413,37.378952,37.772514,37.026863,37.554688,37.70635,37.431946,37.46874,37.578213,36.913666,37.244987,37.628418,37.411522,37.728783,38.21952,37.529793,37.719822,37.62083,37.56838,37.581272
49.844444,49.915825,49.938507,50.478928,49.915604,50.12692,50.204304,50.137764,50.090794,50.429657,50.481224,50.02116,50.233803,49.986687,50.33753,50.060204,50.03019,50.38252,50.379517,50.519047,50.476406,50.2111,50.173656,50.21984,50.54507,50.374825,50.26481,50.666786,50.644157,50.23873,50.456684
36.215336,36.158733,36.03303,35.918285,36.295624,36.076546,35.766685,36.03059,36.176243,36.015995,36.139805,36.147213,36.10785,36.318768,35.71296,36.32486,36.116215,36.085094,36.27133,36.157715,35.8999,36.095795,35.823513,36.30935,35.754944,36.54693,36.453606,36.278084,36.60784,36.18702,36.286495
54.5624,54.572235,54.357224,54.89993,54.67791,54.912754,55.084663,54.80786,54.21712,54.803936,54.413643,54.333813,55.13793,54.38838,55.03695,54.83791,54.368008,54.93768,54.76489,55.087326,55.21434,55.100094,54.429394,54.8593,55.042217,54.733948,54.858654,55.165657,55.354034,54.62484,55.312927
48.058887,47.87099,47.93833,48.206985,47.861565,48.363186,47.94349,48.401627,48.254246,47.916954,48.259605,47.916874,48.007904,48.224026,48.0183,47.96659,47.87741,48.34703,48.32832,48.18703,48.214417,48.225925,48.148224,48.089195,48.851925,48.726784,48.18716,48.223385,48.34864,48.424328,48.421513
50.32192,50.11984,50.093216,50.57278,50.45861,50.78453,50.778015,50.90605,50.515278,50.667507,50.564037,50.40515,50.59806,50.336082,50.775692,50.76367,50.568768,50.9387,50.68365,50.698727,51.0256,50.787983,50.49345,50.8006,50.86732,50.630135,50.80339,51.053528,50.8443,50.74789,50.700436
53.105946,53.033867,53.229202,52.972923,52.992332,53.35991,53.43532,53.406483,53.461758,53.097206,53.381832,53.74638,53.1211,53.417835,52.996838,53.64171,53.805077,53.451183,53.30855,53.46776,53.26457,53.166138,53.906723,53.34939,53.783024,53.91468,53.42483,53.599796,53.199978,53.73982,53.163723
42.933323,42.921356,43.390617,43.36958,42.960793,43.110794,43.180195,42.949615,42.936058,42.943645,42.995384,43.36076,43.40311,43.3512,42.86178,43.408985,43.322495,43.38276,43.0979,43.260963,43.26584,43.117306,43.329792,43.090195,43.16238,43.160156,43.64438,43.31286,43.426506,43.081665,43.246456
32.295723,32.799854,32.640007,32.559902,32.738605,32.5483,32.759563,32.326477,32.795845,32.95848,32.91248,32.942566,33.038486,32.78942,33.03322,32.845093,32.78844,33.086628,32.961075,33.22021,32.976562,32.81218,32.966217,33.303837,33.115295,33.026894,33.293858,32.827034,33.11121,32.7138,33.63304
50.361507,50.02874,50.755707,50.218555,50.38376,50.7963,50.188774,50.66526,50.44538,50.05204,50.292255,50.10741,50.43754,50.445667,50.062668,50.344963,50.06708,50.585976,50.51019,49.9442,50.38018,50.875587,50.112484,50.673088,50.1004,50.612778,50.816776,50.441986,50.61871,50.226196,50.191433
45.107174,45.25809,45.32129,44.894726,44.751595,45.251026,45.11518,45.203552,45.245518,44.99466,44.90281,45.411438,45.19136,45.318764,45.267044,45.077667,45.167625,45.53976,44.992924,45.168858,45.47473,45.908123,45.24441,45.337547,45.503197,45.526543,45.481586,45.43683,45.635822,45.458767,45.391293
43.1533,43.24485,43.478188,43.036663,43.54371,43.138557,43.327995,42.942554,43.07308,43.365604,43.037594,43.574093,43.318428,43.190052,43.430996,43.24228,43.567955,43.451794,43.27264,43.65928,43.686707,43.601826,43.64882,43.28408,42.967762,43.300682,43.76268,43.352642,43.414616,43.45954,43.348957
43.774555,43.61638,44.23204,43.708992,43.905594,44.07044,43.77667,43.81036,43.995262,43.74054,44.117725,44.22426,43.991497,44.484222,43.727287,44.300117,44.08796,44.03918,44.16157,44.01582,43.72508,43.611427,44.206585,43.88063,44.045635,44.689507,44.24952,44.104992,43.904385,44.165318,44.17452
37.56395,37.25162,37.549004,37.734993,37.77176,37.595615,37.400368,37.571857,37.19312,37.25223,37.11558,37.850822,38.050583,38.053524,37.068207,37.75381,37.620823,37.714966,37.51131,37.56024,37.45619,37.414463,37.630733,37.495033,37.555386,37.686417,38.22048,37.464073,37.348892,37.55718,37.81658
56.192356,56.077892,56.145393,55.939945,56.082275,56.22672,56.21926,56.237003,56.58495,56.18011,56.513824,56.120506,56.116913,56.164974,56.340828,56.7205,56.36484,56.474495,56.6259,56.20017,56.605602,56.54059,56.63765,56.81495,56.44275,56.293694,56.36517,56.532925,56.82249,56.69137,56.354977
41.48137,41.609573,41.53578,41.34707,41.430748,41.498795,40.98736,41.729637,42.06538,41.426807,41.19555,41.765873,41.59984,42.097916,41.801037,41.491264,41.79843,42.032017,41.805058,41.36975,41.80115,41.795387,41.971214,42.047646,42.060806,41.59558,42.143642,41.65415,41.635624,42.180088,41.89455
47.640373,47.78252,47.973763,47.819286,48.050323,47.83372,47.58778,47.60151,47.84859,47.549,47.85327,47.834763,48.086235,47.752502,47.635338,47.881844,47.89429,47.377674,47.704037,48.076206,47.93237,47.811993,48.169357,48.050896,47.686325,48.067307,48.063347,47.773525,48.163334,48.29373,47.835056
46.707977,46.29991,46.487045,46.244198,46.86859,46.756245,46.839733,46.67415,46.515373,46.63961,46.71516,46.70139,46.65808,46.529755,46.716007,46.95382,46.90113,46.97644,47.000896,46.738083,46.842976,46.92285,46.85702,47.037483,46.597122,46.708305,47.108597,46.73001,46.9266,46.754486,46.929485
42.323666,42.89185,42.504776,42.807774,42.558487,42.594456,42.877335,42.681812,43.074726,43.05206,42.48532,42.86862,42.68404,42.923794,43.09121,42.866543,42.903683,43.393585,42.793846,43.06002,43.7112,43.28132,43.301044,42.992676,43.557125,42.82007,43.155396,43.044888,42.976654,43.313705,43.182083
48.01154,47.727318,48.53002,47.813046,48.393456,48.801994,48.06786,48.432182,48.26951,48.180077,48.387363,48.222794,48.414154,48.473083,48.08481,47.98201,48.064045,48.310673,48.543575,47.810776,47.99488,48.281723,48.416294,48.501762,48.22755,48.67459,48.544506,48.194427,48.096905,48.2816,48.183727
43.726467,43.782394,43.505104,44.036144,43.330696,43.97116,44.139557,44.422813,43.85926,43.8456,43.920597,44.23964,43.80246,43.94051,43.85432,44.337517,43.853794,44.197174,43.962234,44.014027,43.79028,43.656097,44.021587,43.820976,44.58356,44.43371,43.68278,44.71083,43.862015,44.099068,44.01561
48.543373,48.72928,48.726425,48.33913,48.934982,48.529198,48.720306,48.54789,48.495167,48.84819,48.423912,48.730305,48.93947,48.995285,48.809418,48.999397,48.796906,48.64756,48.911613,48.60521,48.77407,49.048744,49.032898,49.13037,48.546703,48.81324,48.992954,49.04469,48.76065,48.995735,49.10886
46.227642,46.549126,46.464996,46.23014,46.511276,46.49583,46.32477,46.497944,46.74211,46.37634,46.45541,46.17961,46.522617,46.731857,46.63084,46.817963,46.856697,46.462234,46.727844,46.644665,46.560707,46.583523,46.723705,46.88987,46.758564,46.889114,46.70031,46.802856,46.7763,46.933758,46.889534
47.841026,47.42614,47.666725,47.955708,48.41362,47.668686,48.00695,47.446922,47.558853,48.27773,48.243156,47.952293,48.22779,47.943703,48.23368,48.197525,47.853302,48.17286,48.57616,48.315357,48.324917,47.801746,48.30671,48.274055,47.93125,47.79979,48.506577,47.898235,48.220844,48.039974,48.778168
47.783756,47.33266,47.451202,47.220833,47.75305,47.48539,47.222317,47.415565,47.25194,47.35931,47.18601,47.525482,47.8237,47.64802,47.79644,47.524178,47.491257,47.667362,47.60292,47.57336,47.826447,48.09046,47.398113,47.765884,47.205673,47.4449,48.020874,47.59414,47.986267,47.845444,47.922462
49.14246,48.98266,48.793983,49.324783,48.934654,49.045795,49.163513,49.312202,49.078075,49.267017,48.959538,49.547813,49.310707,49.364063,49.226803,49.208687,49.30683,49.60627,49.24005,49.351364,49.509113,49.33405,49.460976,49.232964,49.73487,49.260483,49.521046,49.569427,49.323967,49.56607,49.467903
51.21546,51.496796,50.65174,51.55147,51.400658,50.601704,51.369347,50.85242,51.021786,51.985188,51.458355,51.426373,51.506042,51.14002,52.043972,51.27028,51.37599,51.491947,51.58168,52.43026,52.03718,51.587334,51.570766,51.41693,51.782883,51.54454,51.41744,51.96624,51.825367,51.815716,52.30971
47.58199,47.853592,47.57251,47.57072,47.302925,47.974285,47.871365,47.841877,47.76462,48.04475,47.92916,48.16443,47.7022,47.634483,47.89889,47.20696,47.521526,47.867203,47.62093,47.899063,47.96629,48.27654,47.97158,47.79068,48.46043,48.433464,47.641422,48.18411,48.35662,48.241505,47.971207
47.600132,47.865166,47.303314,47.3408,48.12542,47.743793,47.87587,47.59389,47.953472,48.109203,47.734203,47.510296,48.064213,47.716476,48.284885,47.953667,48.269913,48.04093,47.969967,48.300804,48.56282,48.51608,48.03804,48.52379,48.084103,47.8526,48.267673,47.982475,48.413284,48.35166,48.463585
44.324997,44.171875,43.994606,44.285397,44.20701,44.190506,44.069427,44.30202,44.31951,44.43423,44.780945,44.247395,44.140762,44.04305,44.50851,44.103947,44.09502,44.326675,44.574917,44.656925,44.388676,44.43871,44.17627,44.41355,44.416443,44.7465,44.280907,44.66764,44.858715,44.577152,44.616158
43.261795,42.83187,43.142677,43.756905,43.176903,43.089092,43.553837,43.330555,42.896694,43.490868,43.430588,43.63702,43.280308,43.55351,43.495983,43.444576,43.52207,43.81401,43.490025,43.75758,43.72335,43.4795,43.557922,42.949234,43.734688,43.59133,43.793625,43.76969,43.32789,43.567307,43.8136
51.84667,51.88022,52.144127,52.14849,51.97178,52.256035,52.442856,52.269966,52.222733,52.21257,52.358147,52.331036,52.17927,52.072105,51.97409,52.71944,52.334595,52.353485,52.48419,52.066868,52.20423,51.858067,52.721886,52.45459,52.33587,52.12419,52.211353,52.61056,52.290524,52.24634,51.98144
44.4055,45.090633,44.74154,44.81224,44.369835,44.194553,44.50006,44.52439,44.737137,44.32469,44.906384,44.63203,44.672665,44.600784,45.015785,44.641293,45.095173,44.147762,44.69206,45.442696,44.55036,44.63744,45.532494,44.756516,45.53356,45.34639,44.387383,44.93129,44.70527,45.46053,45.30257
44.89428,44.689285,45.15661,44.90005,44.90663,45.14916,44.882473,44.91002,45.342297,45.018074,45.271587,44.958607,44.937805,45.155746,45.305416,44.998604,45.21839,45.705257,45.415516,45.2016,45.491627,45.459126,45.023857,45.49157,45.37108,45.269043,45.90509,45.05681,45.794403,45.14745,45.621025
50.466072,50.384327,50.63961,49.91161,50.558876,50.3841,50.06461,50.248367,50.90761,50.00506,50.680622,50.25589,50.274094,50.69987,50.454803,50.89011,50.753296,50.33859,50.767025,50.58088,50.469646,50.682537,50.681995,51.089622,50.52484,51.11621,50.93397,50.38772,51.018963,51.049213,50.973038
46.400616,45.828186,46.25933,46.513836,46.337914,46.1072,46.3043,46.290977,46.150013,46.448505,46.737747,46.99347,46.284645,46.456287,46.331856,46.44598,46.484287,46.461876,46.611374,46.46859,46.4112,46.207096,46.86885,46.34606,46.384655,46.501457,46.7504,46.62377,46.434624,46.80855,46.48543
64.56212,63.942722,64.69504,64.610504,64.98199,64.54001,64.98493,64.545494,64.41818,64.82637,64.95176,64.8268,64.78241,64.727516,64.907585,65.08202,64.98927,64.822105,65.191986,64.775215,65.04238,64.88719,65.36704,65.212906,64.751816,64.697586,65.42218,64.88478,64.794685,65.08464,65.16866
46.382427,46.96585,47.088516,46.858116,46.528183,46.65857,46.75155,46.82848,47.066902,46.92339,46.82912,46.717327,46.777554,47.22978,47.37919,46.940952,47.092308,46.933212,47.010445,46.93388,47.177803,47.243656,47.40584,47.05906,47.405537,47.18917,46.976383,47.417767,46.984165,47.508392,47.320045
52.561954,52.1118,52.533493,52.839695,52.206017,52.626053,52.08226,52.51681,52.54359,52.388744,52.37209,52.798042,52.676254,52.95274,52.363823,52.029522,52.253967,52.867424,52.378613,52.422356,53.004333,52.956875,52.60578,52.3239,53.008087,52.739243,53.053032,52.52257,52.96029,53.07622,52.633022
49.60215,49.466484,49.896667,49.543304,49.70768,49.76991,49.48603,49.91764,49.82237,49.306797,49.71997,49.66357,49.72768,49.78958,49.538944,49.91384,49.835827,49.666965,49.89118,49.688637,49.4936,49.676876,49.918453,50.006004,49.72141,50.11158,49.981785,49.863888,49.565826,49.871723,49.71147
38.71848,39.067867,39.40937,39.01449,39.095886,39.153713,39.273994,38.901024,38.846066,39.356922,38.885033,39.489193,39.632416,39.73118,39.43917,39.23415,39.347336,39.415558,39.12022,39.299534,39.321632,39.422703,39.43892,39.221664,39.357014,39.494316,39.667164,39.550182,39.142166,39.294003,39.771263
44.321716,44.963505,44.588432,44.938698,44.124138,45.004036,44.243034,45.118923,45.010853,44.734165,44.383373,44.461548,45.079075,44.974346,44.78306,43.990845,44.59722,44.809933,44.38757,44.576187,44.899467,45.2619,44.56668,44.812263,45.447964,44.979828,44.65357,45.247726,45.106667,45.13748,44.673534
37.34292,37.61667,36.95353,37.446053,36.751183,36.80203,36.80845,37.42149,37.6004,36.858704,37.062378,37.53118,37.021233,37.562378,36.97522,37.851303,37.533524,37.41177,37.367874,37.520164,37.006527,36.774487,37.351017,37.269424,37.68945,37.629723,37.241146,37.810783,37.536106,37.64544,37.45286
54.57969,54.460545,54.617188,54.557617,54.632256,54.61588,54.779358,54.631763,54.57396,54.867817,54.494057,54.66441,54.66029,54.74315,54.7872,54.641388,54.68707,54.996082,54.792118,54.517307,55.268684,55.46231,54.984505,54.94358,54.801083,54.560112,55.08683,54.931755,55.055534,55.062107,54.83604
57.94237,57.326916,57.74975,57.375946,57.825386,58.29407,57.64997,58.157204,57.80984,57.32626,57.653507,57.917862,58.011223,57.851665,57.84699,57.90364,57.865585,57.787464,57.91534,57.55038,57.849895,57.851994,58.282177,58.013733,58.065483,57.918602,57.881107,57.749527,57.838505,58.44679,57.679253
52.737106,52.914738,52.25602,52.720795,52.856796,52.548054,52.729034,52.640182,52.95476,53.427067,52.964363,53.067215,52.96602,52.684097,53.304504,52.77012,53.01761,53.107567,53.185078,53.32455,53.381565,52.90851,53.289597,53.178543,53.17161,52.74456,52.86686,53.359547,53.343513,53.397503,53.140133
50.89499,51.060547,51.09745,51.06959,51.22753,51.4339,51.715473,51.470734,51.136105,51.50206,51.248962,51.18887,51.463753,51.436184,51.82093,51.74092,51.459248,51.51928,51.522438,51.44996,51.661545,51.577015,51.68582,51.57216,51.81215,51.62124,51.37078,51.92926,51.28495,51.69566,51.842358
46.92658,46.446106,46.71244,46.9551,47.04531,46.796375,46.936436,46.82587,46.157524,46.69567,46.816235,46.90652,47.126633,46.698727,46.440758,47.084713,46.650364,46.465607,46.82391,46.717113,46.62028,46.855637,46.75605,46.860313,46.275883,46.7787,47.007458,47.082367,47.11335,46.838,46.835236
44.266632,44.446518,43.805756,44.279896,43.989502,43.951836,43.9786,44.20691,44.579346,44.220375,43.899178,44.355675,44.12755,44.411884,44.36862,44.35259,44.44271,44.778683,44.255028,44.589577,44.94024,44.689617,44.408867,44.446922,44.8609,44.321228,44.65537,44.47467,44.828205,44.85434,44.65784
39.98761,40.06404,39.826515,40.177753,39.89337,39.937767,40.179447,40.23377,40.076874,40.297424,40.04823,40.27721,40.039127,40.312786,40.15087,40.333706,40.2454,40.56182,40.337345,40.218277,40.291813,40.2814,40.23276,40.225815,40.482586,40.302437,40.390667,40.627743,40.30205,40.27653,40.483223
48.930954,48.854084,48.51429,48.789993,48.821373,49.087986,48.69492,49.088123,48.964344,48.963703,48.71304,48.805565,49.012497,48.873257,48.798527,48.708565,48.700523,49.11124,48.885384,48.8923,49.181606,49.353928,48.59393,49.139587,49.06014,49.116768,49.121708,49.198547,49.52967,49.147823,49.003166
49.38005,49.216003,49.12461,49.29204,49.406586,49.235252,49.4846,49.411133,49.178677,49.287563,49.872894,49.067142,49.359184,49.089306,49.766666,49.731636,49.544918,49.098698,49.74082,49.832703,49.33959,49.50158,49.504627,49.72071,49.538334,49.80822,49.322548,49.84117,49.90927,49.780293,50.01936
56.286594,55.937027,56.07421,56.24231,56.57927,56.552097,56.360794,56.391518,55.980816,56.48341,56.13055,56.34299,56.729576,56.26192,56.50191,56.353626,56.147083,56.416035,56.50075,56.39601,56.61451,56.39192,56.37103,56.47895,56.24075,56.26963,56.559475,56.628647,56.57706,56.52385,56.478832
52.476543,52.687042,53.359055,52.589947,53.127884,53.094997,52.84168,52.710987,53.221256,53.04523,52.935356,52.981853,53.294186,53.59997,53.365376,53.291702,53.418068,53.069557,53.352448,52.787724,53.226208,53.048836,53.70425,53.6361,53.191765,53.081154,53.66271,53.129898,53.179466,53.57179,53.50209
51.1564,51.22084,51.09279,51.10839,51.30159,50.65915,51.08657,50.726524,51.304287,51.42436,51.44564,51.530613,51.261566,51.291477,51.317738,51.302963,51.359745,51.356895,51.581604,51.56467,51.53472,51.533356,51.775547,51.88703,51.49902,51.396797,51.852814,51.272736,51.741863,51.649807,51.979168
42.783016,42.835377,42.871834,42.911774,42.416878,42.8498,42.41413,43.029976,42.96935,42.796814,42.98531,42.70836,42.691277,43.335762,43.00969,42.787598,42.6199,42.852295,42.90962,42.81115,42.764305,43.159344,42.42632,42.75647,43.08262,43.683884,42.87797,43.56778,43.415913,43.31073,43.26872
46.915512,46.508007,46.175888,46.59534,46.23394,46.636906,46.592556,46.908276,46.75506,46.556553,46.40613,46.991302,46.323284,46.706932,46.751595,46.97025,47.027847,47.367485,46.808815,46.89748,47.087585,46.616936,46.83693,46.308846,47.099483,46.63456,46.67995,47.128986,47.036617,47.13151,46.543373
47.84225,47.900578,47.719917,47.818043,47.560677,47.764412,48.08241,48.01875,48.208046,47.86145,48.304077,47.929432,47.58929,47.770542,47.861687,48.226143,48.44561,48.216213,48.146713,48.26793,48.120537,48.26671,48.28822,48.25727,48.478836,48.353394,48.09661,48.316307,48.41019,48.27659,48.135895
44.843136,44.72969,44.916817,44.87014,44.96823,45.00933,45.18553,45.122627,44.965508,44.842697,44.948704,44.787086,44.8938,45.12021,44.7965,45.56834,45.14972,45.358925,45.245625,45.05116,45.101135,45.221336,44.91591,45.277153,45.102676,45.358635,45.460922,45.294285,45.147816,44.906025,45.34482
52.88101,52.749878,52.905006,53.077847,53.329826,53.006348,53.33762,53.02482,52.83201,53.139954,53.013912,52.934402,53.37263,52.983696,53.40122,53.4896,53.47368,53.16721,53.357296,53.30588,53.515034,53.28523,53.559795,53.538734,53.174522,52.807198,53.552933,53.337513,53.344112,53.4215,53.506996
47.003498,47.240295,47.01792,46.916733,46.878677,46.956482,46.703423,47.129208,47.54615,46.85086,47.39034,46.81401,46.672752,46.77214,47.344124,46.94566,47.144684,46.821144,47.215736,47.181942,47.285355,47.50472,47.329155,47.58384,47.347797,47.37841,47.118744,47.26088,47.911552,47.86178,47.282387
47.225006,47.007526,47.265564,47.615635,46.79303,46.987873,47.161022,47.24315,47.036083,47.107193,47.790802,47.58875,47.22671,47.436928,47.222767,47.18157,47.43744,47.12766,47.43954,47.62978,46.970432,47.02593,47.803154,46.95675,47.92718,47.896088,47.144596,47.646946,47.316353,47.726704,47.6215
56.333725,55.624756,55.366577,56.007008,56.22072,55.92558,55.80818,55.99826,55.69019,55.792084,56.019215,55.82295,56.16764,55.645966,55.603764,55.9751,56.010685,55.85482,56.1977,56.143776,56.075096,55.99387,56.107967,56.136536,55.9966,55.783943,56.086826,55.85485,56.44138,56.29066,56.005127
48.288803,48.302097,47.981056,48.369274,48.32895,48.44767,48.6484,48.56592,48.438396,48.44082,48.706085,48.20737,48.46052,47.91099,48.8062,48.780823,48.492798,48.498383,48.68583,48.732986,48.72502,48.644104,48.454132,49.088272,48.70749,48.441162,48.60129,48.86976,49.283237,48.684193,48.93396
45.923805,46.08306,46.192497,45.39152,46.216194,45.803627,45.990807,45.527428,46.025135,46.038673,46.312294,46.3047,46.108685,46.062805,46.086765,46.114166,46.389038,45.813435,46.340702,46.176174,45.870014,46.262894,46.671387,46.74283,46.04301,46.387863,46.471615,45.933895,46.521896,46.40752,46.656338
36.420586,36.947304,36.79473,36.883858,36.688217,36.530464,37.176334,36.68564,36.77693,37.188114,37.00139,37.39423,37.02141,36.865288,37.115208,37.193024,37.12193,37.01475,36.859505,37.178364,37.130947,37.068188,37.399055,37.258255,37.07248,36.99633,37.174587,37.456165,37.059025,37.138737,37.272285
41.140064,41.573357,40.878815,41.239418,41.139,41.128838,41.317066,41.427902,41.18403,41.25558,40.855633,41.20344,41.389378,41.25154,41.37127,41.56892,41.093678,41.41607,41.277542,41.48034,41.47072,41.511063,41.240376,41.504257,41.625507,41.483505,41.257877,41.747513,41.49737,41.458393,41.726486
49.5235,49.27902,48.920326,49.667274,49.755783,49.13452,49.53479,49.498344,48.97454,49.559326,49.137238,49.423603,49.65373,49.538113,49.80433,49.805866,49.559513,49.503605,49.648655,49.980473,49.828293,49.532455,49.5531,49.448837,49.626736,49.565567,49.755222,49.924953,49.530247,49.915157,50.157753
52.636898,52.715668,52.43544,52.848526,52.621902,52.51843,52.837944,52.83262,52.715927,52.800846,52.696503,52.857216,52.87251,52.928757,53.079918,53.046646,53.041138,52.920574,53.004005,53.152195,53.029327,52.869564,53.249382,53.04281,53.49936,53.067673,52.996685,53.227287,52.938915,53.34051,53.450775
48.322697,47.974037,48.162346,48.277554,48.2759,48.253757,48.44646,48.232655,48.21066,48.461353,48.695335,48.58985,48.40698,48.145496,48.17497,48.28873,48.644085,48.534588,48.47365,48.47911,48.519577,48.71002,48.595833,48.675247,48.36438,48.35672,48.804554,48.51199,48.856857,48.495857,48.423347
43.05987,43.16634,42.856445,43.15358,43.5456,43.122036,43.608208,42.948555,43.232265,43.81727,43.72964,43.408592,43.505424,43.32965,43.612408,43.782726,43.7721,43.480957,43.68388,43.88731,43.772427,43.33656,43.79647,43.66725,43.551136,43.466698,43.563248,43.703083,43.798462,43.748505,43.938538
55.898148,55.905907,55.718002,55.88535,55.841858,55.79835,55.922337,56.0314,56.165085,55.983368,56.124073,56.004765,55.71819,55.756107,55.79281,56.024258,56.32232,55.881744,56.133003,56.012634,56.151604,56.14893,56.54963,56.275597,56.22291,56.017662,56.00415,56.25474,56.34118,56.57581,55.784836
52.35352,52.15311,52.661728,52.306488,52.586113,52.540928,52.51887,52.315605,52.426857,52.450344,52.636784,52.770237,52.698025,52.824722,52.760323,52.57563,52.69705,52.578358,52.740437,52.695396,52.709118,52.693012,53.10614,52.806328,52.952663,52.978493,53.05986,52.53132,52.693207,53.06938,53.171204
42.501003,42.694897,42.59677,42.512794,43.007538,42.673145,42.820328,42.45357,42.518562,42.663937,42.520718,42.614193,42.983967,42.4123,42.83218,42.839977,42.877403,42.76346,42.71678,43.18134,43.09421,42.951256,42.89229,43.021713,42.625553,42.683746,43.103058,42.681633,43.02072,42.77483,43.041946
38.441776,38.49128,39.25551,38.261047,38.371597,39.173603,38.734013,38.953636,39.00789,38.4534,39.019695,38.868504,38.722214,39.264427,39.019463,38.942486,38.936203,38.970936,38.898743,38.461647,38.566406,39.16834,38.90992,39.1885,39.16697,39.590645,39.21387,39.053005,39.061264,39.08985,39.286907
38.53214,38.10655,38.566948,38.031754,38.486343,38.291733,38.48586,37.99591,38.07131,38.467392,38.72838,38.82862,38.491337,38.779194,38.403477,38.576202,38.328342,38.66387,38.652924,38.49282,38.445316,38.918964,38.501995,38.595757,38.336914,38.991005,39.009983,38.422726,38.853687,38.53283,39.202934
43.311867,43.168056,43.73278,42.851433,43.708344,43.502613,43.369667,43.19454,43.40515,42.9392,43.437035,43.323467,43.360935,43.419796,43.40876,43.73584,43.7133,43.254738,43.57332,43.440647,43.430992,43.629616,43.85232,43.808403,43.23447,43.693146,43.897675,43.105377,43.593933,43.75624,43.71581
42.35395,42.611874,42.996887,42.601818,42.80072,42.672733,42.588444,42.514732,42.7036,43.076584,42.91156,42.696438,42.849445,42.919006,43.148968,42.294678,42.78317,42.91827,42.894337,42.98709,43.00506,43.31384,42.808,42.955452,42.762684,43.19516,43.243397,43.048317,42.92389,42.8856,43.217403
42.251472,42.677868,42.775566,42.71863,42.58777,42.691505,42.623386,42.45499,42.763462,42.898693,42.597458,43.08189,43.021313,43.062325,42.990192,42.54317,42.855045,42.93872,42.648182,43.0509,43.130035,42.80977,43.232983,42.76951,43.26566,43.04387,43.102226,42.919796,42.820766,43.190514,43.146534
35.189545,34.597095,34.630074,35.179344,34.975525,35.32191,35.104576,35.51554,34.943306,34.97002,35.213257,35.57731,34.975883,35.203648,34.54854,35.295555,35.04427,35.37052,35.01029,35.167408,34.967262,34.850876,34.86152,34.745384,35.18466,35.68615,35.272263,35.42654,35.02727,35.216652,34.894745
51.71026,52.30727,52.680855,52.29987,51.929832,51.758286,51.746838,51.909832,52.31375,51.993763,51.811504,52.18292,52.166317,52.38553,52.86929,51.8751,52.277084,52.222206,52.352978,52.42959,52.46605,52.286987,52.878517,52.40049,52.689713,52.244225,52.62005,52.351288,52.187443,52.694767,52.781097
42.173843,41.988766,42.505333,41.990322,42.062363,42.171413,42.545982,42.21922,42.209717,42.100136,42.88309,42.569397,42.028152,42.260925,41.87533,42.804375,42.35172,42.274868,42.51185,42.209183,41.896683,42.463615,42.446594,42.696053,42.17787,42.978302,42.59433,42.576218,42.575165,42.20183,42.537697
47.684467,47.479008,47.337883,46.974514,47.341774,47.51732,47.125072,47.350803,47.664234,47.046062,47.39036,47.26354,47.202076,47.36546,47.35532,47.391487,47.487396,47.52174,47.474396,47.490288,47.70749,48.063103,47.415382,47.703796,47.59417,47.771637,47.6854,47.281242,48.31813,47.958244,47.67722
48.322346,47.998577,48.330612,48.294056,48.485855,48.486134,48.504875,48.445057,48.239594,48.56499,48.50786,48.620327,48.630676,48.65298,48.669277,48.580444,48.632153,48.65869,48.59085,48.532536,48.680267,48.743084,48.57156,48.669373,48.50431,48.67788,48.948624,48.81851,48.687355,48.772137,48.83774
44.068207,44.14003,44.192383,43.62039,44.189377,44.035316,44.018326,43.95333,44.356007,44.143703,44.45344,43.948307,43.969273,43.96034,44.5197,44.266003,44.308933,44.178562,44.62552,44.024372,44.29151,44.604046,44.529755,44.92466,44.102978,44.06234,44.433216,44.20075,44.87886,44.531246,44.59126
49.366833,49.127598,49.199516,49.275547,49.38565,49.19322,49.328476,49.35566,49.18177,49.027363,49.15633,49.51487,49.43331,49.552845,49.201984,49.861496,49.788364,49.321896,49.482784,49.535904,49.327652,49.140297,49.839417,49.39509,49.53452,49.498848,49.590374,49.526443,49.311768,49.798576,49.554832
47.399952,47.627464,47.634964,47.54061,47.586617,47.84327,48.001007,47.87255,47.77023,47.800854,47.871395,48.101208,47.714455,47.77717,47.667698,48.11707,47.872158,47.785503,47.95355,47.861347,47.606827,47.38394,48.318474,47.92373,48.21332,48.268677,47.70039,48.175667,47.643795,48.013927,47.879982
49.468193,49.400227,49.410362,49.432426,49.52545,49.594524,49.71579,49.64777,49.298645,49.513912,49.342983,49.289772,49.715622,49.450527,49.812695,49.557205,49.69368,49.85807,49.702656,49.76674,49.87409,50.128124,49.607307,49.79483,49.84313,49.625908,49.886784,49.79573,49.82033,49.62575,50.018585
44.69912,44.614254,45.36183,44.824757,44.730186,44.952435,44.794224,44.990883,44.877934,44.522728,44.909733,44.852222,44.992825,45.27277,44.70363,45.34485,45.080566,44.968124,45.07229,44.679504,44.56259,44.982254,44.81057,45.25596,44.711693,45.297974,45.481583,45.27218,45.105946,44.7929,45.151978
57.151108,56.667244,56.9888,57.282063,56.65056,57.13709,57.279083,57.46675,56.987087,57.075787,57.31266,57.13261,56.941154,57.474197,56.9286,57.515316,57.06612,57.426502,57.439957,56.879486,57.078503,57.356644,57.150715,57.154137,57.611492,57.62786,57.27958,57.79759,57.41899,57.367355,57.42128
48.492786,48.836567,48.81465,48.526337,49.003014,48.89354,48.957676,48.64893,48.66025,49.008736,48.86231,48.536762,49.12765,48.587715,48.774055,48.86315,48.847538,48.668453,49.020485,48.827484,48.79762,49.110794,48.883846,49.45043,48.62427,48.85798,49.057644,49.06541,49.341393,48.699783,49.082928
33.47006,33.36894,33.411255,33.488564,33.50454,33.33696,33.51701,33.41984,33.55711,33.38069,33.802513,33.52296,33.283577,33.64338,33.672318,33.88819,33.875362,33.632294,33.641167,33.849316,33.78867,33.85572,33.61941,33.689648,33.667652,33.93929,34.011086,33.725605,34.088287,34.022533,34.115795
47.202065,47.124245,47.70205,46.47411,47.602036,47.70439,47.488163,47.362896,47.21092,47.31418,46.939144,47.263527,47.46321,47.583572,47.25086,47.39617,47.55947,47.593826,47.434772,46.803185,47.48959,48.201557,47.635574,47.719986,46.947258,47.365486,47.766853,47.32545,47.21388,47.39637,47.196335
50.19748,50.756145,51.214447,50.950977,51.26837,50.630405,50.962837,50.42501,50.665535,50.886547,50.63434,50.375732,51.323563,50.813988,51.23461,50.972813,51.010662,50.718872,50.919815,51.242455,51.443657,51.345695,51.301,51.41973,50.78206,50.755455,51.551567,50.884083,50.888786,50.974808,51.458275
54.87869,54.891853,54.90551,54.73726,54.73478,54.617496,54.503338,54.410435,55.027298,54.849777,54.955006,54.81875,54.79576,54.642143,54.995613,54.64329,54.894287,55.05771,55.116383,55.193462,55.24236,55.128307,55.027065,55.164795,54.917965,54.831253,55.21572,54.879684,55.794857,55.09405,55.1288
40.242844,40.81899,40.752266,40.98063,40.229187,40.374313,40.665974,40.561802,41.016354,41.085987,41.261574,41.13733,40.561684,40.880013,40.90133,40.64838,40.804966,40.90823,40.80162,41.197002,40.894455,40.83453,41.001003,40.902916,41.30092,41.497124,40.95942,41.430874,41.13265,41.085148,41.180294
46.563805,46.43228,46.39879,46.13645,46.568222,46.420307,46.3499,46.393463,46.696423,46.620346,46.729527,46.805428,46.58925,46.662205,47.009823,46.684856,46.77565,46.882935,46.9521,46.94286,46.680485,46.682037,46.652157,47.1026,46.781387,46.993385,47.114395,46.822304,47.10193,46.881542,47.333035
47.11246,47.15676,47.21083,47.1254,47.41809,46.8787,47.173447,46.896225,47.136753,47.309784,47.532833,47.32902,47.276997,47.16555,47.65172,47.33302,47.49258,47.162403,47.691372,47.73225,47.32564,47.189716,47.81791,47.635925,47.464207,47.46411,47.585846,47.353508,47.53857,47.643887,47.993275
40.434395,40.492504,40.676003,40.435802,40.47699,40.75099,40.609863,40.57235,40.666035,40.641052,40.94069,40.52711,40.580883,40.78461,40.677547,40.701855,40.825474,40.794266,40.838425,40.86249,40.6295,40.76605,40.67857,40.64585,40.8685,41.227585,40.755978,40.935932,40.981926,40.78439,40.95441
50.638485,50.35883,50.318497,50.89902,50.524567,50.30688,50.449467,50.57584,50.405357,50.532215,50.45528,50.776554,50.64809,50.58143,50.57545,50.908184,50.615036,50.782585,50.79546,50.86914,50.81808,50.300453,50.797813,50.484055,50.63902,50.45327,50.7607,50.976433,50.77055,50.838303,50.67216
48.15711,47.782528,47.70555,48.101887,48.305,48.337326,48.1502,48.257954,48.063545,48.101864,48.407295,47.9019,48.337173,47.935043,48.74053,48.130756,48.093983,48.260056,48.426914,48.59037,48.631077,48.465893,48.232025,48.522987,48.687843,48.411583,48.46515,48.222866,48.754795,48.716972,48.958416
49.69028,49.589622,49.570747,49.894012,49.61074,49.943653,49.73412,50.01873,50.202805,49.740013,49.925385,49.730324,49.67228,50.03893,49.862503,50.115536,49.87151,50.275074,50.08905,50.00112,50.239365,49.951912,49.888615,50.107162,50.52627,50.322487,50.25813,50.10695,50.32372,50.27052,50.279003
47.263203,46.64352,46.715996,47.02202,46.81275,46.958435,46.74796,46.97307,46.975216,46.92696,47.310047,47.240837,46.929413,46.928303,46.90094,47.20537,46.93183,47.265434,47.290276,47.100765,47.094868,46.83144,46.95934,46.96849,46.921196,47.015533,47.103043,47.284023,47.6736,47.234093,46.9908
49.156933,49.266537,49.768814,49.374886,49.346077,49.57275,49.225628,49.401184,49.701683,49.24016,49.3662,49.622322,49.511295,49.769836,49.719532,49.493427,49.586636,49.614567,49.459225,49.66929,49.798325,49.582237,49.806538,49.586105,49.808952,49.957916,49.94706,49.621925,49.63633,50.00371,49.74682
53.886555,53.28083,53.094788,53.06096,53.591194,53.272633,53.653313,53.51561,53.549477,53.48332,54.090137,53.472282,53.19107,53.274204,53.866558,54.111084,53.992535,53.674263,54.11218,53.960392,53.734043,53.859493,53.879227,53.961845,53.67952,53.855873,53.600483,53.868378,54.11929,54.1202,54.049534
36.634518,36.7562,36.707886,36.675964,36.28804,36.850212,36.831696,37.044186,36.835167,36.789223,37.12797,36.9279,36.691746,37.073135,36.66197,36.9458,36.811283,36.858715,36.809307,36.621,36.603718,37.1494,36.87257,36.8619,37.18277,37.44603,36.647972,37.397366,37.040127,37.12922,36.961655
40.427254,40.392963,40.609726,40.14074,40.28881,40.571823,40.676933,40.78033,40.829273,40.512775,40.865105,40.834663,40.151165,40.728058,40.630337,41.058838,40.919216,40.853897,40.670673,40.615223,40.61275,40.940548,40.64971,40.811142,40.604908,41.30313,40.82326,41.19592,40.759064,40.924183,40.655067
46.260834,46.555428,46.50289,46.504623,46.75113,46.298866,46.535442,46.35954,46.79799,46.53004,46.592136,46.594273,46.771957,46.772804,46.60035,46.922707,47.331852,46.63705,46.674694,47.104443,46.920555,46.74825,47.178265,47.075996,46.907955,46.84118,47.19372,46.70593,46.67338,47.088177,47.005116
46.209633,46.15828,46.095764,46.08264,46.0895,46.213856,45.78818,46.41102,46.358307,46.00096,45.593296,45.98918,46.26171,46.75134,46.32073,46.455273,46.385956,46.68454,46.41907,46.07232,46.456913,46.35549,46.19456,46.22426,46.42013,46.188126,46.504944,46.533306,46.256134,46.538742,46.38971
47.850544,47.500523,47.901,47.787502,47.962585,47.999252,48.038284,48.091892,47.906357,47.760563,48.10788,48.039837,48.057625,48.24393,47.931248,48.372887,48.116535,48.04906,48.188232,47.81862,47.992245,48.21988,48.291584,48.44285,48.248386,48.31128,48.479294,48.119877,48.056328,48.365337,48.45462
54.92915,54.749035,55.3658,55.069237,55.017487,54.953648,54.833164,54.96571,54.924416,55.23827,54.914997,55.34206,55.195576,55.786926,55.04531,54.846794,55.14522,55.350636,55.239914,55.071064,55.148087,55.383667,55.277515,54.96302,55.24932,55.668747,55.644806,55.448833,54.899357,55.341194,55.400494
51.225048,50.877865,50.90062,50.481567,51.03031,50.97102,50.479454,50.752884,51.23342,51.08002,51.05385,51.351097,50.98387,51.1488,51.024582,50.532944,51.09321,51.173786,51.16007,50.858894,51.285606,51.553543,51.31545,51.38999,51.013233,51.062004,51.449665,50.874004,51.69882,51.67745,51.09179
46.401295,46.392624,46.731186,46.579536,46.186455,46.60974,46.4264,46.72152,46.520058,46.452175,46.45561,46.756065,46.562363,46.763065,46.493626,46.668846,46.429146,46.747654,46.591774,46.365295,46.51835,46.625515,46.60402,46.51013,46.57328,46.777725,46.64472,47.086594,46.687195,46.672688,46.449818
46.67201,46.25391,46.702187,46.373173,46.56434,46.86315,46.68069,46.75172,46.424065,46.375477,46.47342,46.960457,46.826084,46.73189,46.31742,46.653446,46.635002,47.02001,46.7396,46.533134,46.520184,46.790115,46.749878,46.802032,46.772114,46.88833,47.138607,46.586945,46.62936,46.482704,46.760143
46.147842,46.702194,46.45352,46.231293,46.539276,46.35858,46.70798,46.389683,46.589504,46.90011,46.791126,46.297886,46.46523,46.380836,47.297123,46.78207,46.471172,46.607506,46.98272,46.929382,46.83885,46.853294,46.772053,47.083305,46.814075,46.956657,46.553547,47.14746,46.97945,46.82795,47.35527
49.170795,49.019783,48.763077,48.372097,48.744064,48.665707,48.531986,48.656464,48.881477,48.669067,48.665443,49.05783,48.741154,48.73718,48.808224,48.7957,48.855293,48.980293,48.935535,48.909954,48.9393,49.341446,48.825314,49.181183,48.69736,48.970497,49.115925,48.93667,49.6551,49.133602,49.049297
46.05391,46.14347,46.45453,46.23153,46.496605,46.345093,46.45259,46.063576,46.456688,46.452778,46.807514,46.597282,46.46927,46.309364,46.444614,46.47869,46.812057,46.362694,46.513668,46.903194,46.611145,46.353264,46.95366,46.618042,46.55337,46.801468,46.750946,46.467224,46.627346,46.75518,46.614403
50.80725,51.17727,51.290977,50.96022,51.488922,51.18305,51.20309,50.922493,51.025723,51.375095,50.826168,51.183773,51.809017,51.586006,51.375134,51.583782,51.363277,51.163883,51.409695,51.21834,51.366867,51.152164,51.670303,51.623566,51.14603,51.12519,51.51463,51.50275,51.21857,51.431377,51.593918
54.437775,54.208702,54.287987,54.525135,54.38936,54.59688,54.146843,54.57717,54.527214,54.433434,54.265575,54.550438,54.732506,54.885784,54.722034,54.3799,54.56951,54.707058,54.61725,54.621548,54.806732,54.513744,54.72771,54.47606,55.029137,54.720688,54.771294,54.737938,54.698524,55.12746,54.819214
45.61743,45.668247,45.762794,45.75789,45.64315,45.630726,45.593826,45.915962,45.881718,45.60102,45.72999,45.71903,45.686813,46.014046,45.77192,46.05798,46.09867,45.749207,45.86418,45.766422,45.81598,45.928093,46.01469,45.954002,45.877182,46.02157,45.99875,46.209805,45.888657,46.25902,45.87561
44.23867,44.243824,43.87047,43.850773,44.36361,43.82141,44.25622,43.9503,43.8047,44.31552,44.15747,44.169178,44.205666,44.10317,44.011295,44.427284,44.186428,44.172,44.473698,44.429867,44.05755,44.33799,44.276833,44.351006,44.02285,44.433434,44.193443,44.427837,44.26954,44.129986,44.58139
44.69295,44.73812,44.650475,44.894573,45.003952,44.986923,45.022255,45.135082,45.329037,45.170795,45.092224,44.65666,44.819336,45.017445,45.527836,45.284027,45.32027,45.699806,45.541927,45.37344,45.62053,45.1476,45.24469,45.366577,45.601845,45.11284,45.42312,45.299557,45.129406,45.272923,45.546474
52.648613,52.399895,52.309387,52.55274,52.311264,52.76454,52.17081,52.817394,52.97562,52.309486,52.67452,52.370564,52.36551,52.670002,52.555702,52.438972,52.424355,52.750195,52.80268,52.511127,52.849487,52.780445,52.71965,52.764175,53.283707,52.945633,52.688694,52.604202,53.16617,53.26167,52.795185
45.55054,45.4831,45.177307,45.8678,45.43332,45.15089,45.584354,45.622826,45.536392,45.80084,45.898594,45.81272,45.582478,45.66108,45.485477,45.971466,45.592052,45.738174,46.01258,45.722614,45.59226,45.438892,45.95794,45.87448,45.91635,45.678337,45.67669,46.114727,45.766666,45.85271,45.957424
45.326534,45.087345,44.47164,44.636482,45.234695,44.994896,45.09968,45.070366,44.91915,45.24991,45.417847,45.03103,44.81403,44.610096,45.211075,44.97418,44.980442,45.033897,45.33026,45.581818,45.14499,45.431995,44.895794,45.25171,45.124104,45.69239,44.974174,45.343212,45.695496,45.374172,45.513855
39.81013,40.089424,40.273262,39.907265,40.259003,40.151802,40.31122,39.876804,40.293125,40.38172,40.243324,40.243362,40.275948,40.40635,40.26696,40.679646,40.478237,40.602753,40.43144,40.449688,40.521713,40.27914,40.372726,40.48932,40.14538,40.4261,40.674503,40.489017,40.475075,40.18991,40.540173
43.35176,43.54775,43.170708,43.34559,43.68316,43.117493,43.5671,43.242725,43.368996,43.864674,43.26426,43.767143,43.622597,43.79631,43.573555,43.857506,43.57927,43.90667,43.825825,43.82902,43.81369,43.563457,43.821537,43.7315,43.71038,43.692833,43.888165,43.826828,43.461708,43.65821,44.118893
43.680473,43.94248,43.510933,43.917973,43.754425,43.866467,43.39836,43.74681,44.266006,43.84232,44.023003,43.75386,44.108135,43.960434,43.869053,43.93907,43.77197,43.97811,44.177486,44.136288,43.94367,43.514484,43.871975,44.36998,44.38432,44.109756,44.107567,43.992863,44.632034,44.15928,44.410625
49.919254,50.002758,49.88385,50.00389,49.877014,50.064754,50.182,50.158882,50.04867,50.181355,50.027653,49.906586,49.940166,50.105225,50.106438,50.27542,49.948505,50.346405,50.29376,50.108593,50.355038,50.37217,50.161472,50.156136,50.396385,50.34783,50.084244,50.52013,50.36758,50.267635,50.310238
58.037666,58.301987,57.846237,58.101273,58.51361,57.936337,58.316345,57.92019,57.936142,58.638393,58.03989,58.290062,58.629322,57.889023,58.708664,58.159954,58.17663,58.191452,58.44442,58.763996,58.715057,58.40804,58.684425,58.662994,58.366188,58.081406,58.35128,58.547882,58.516876,58.555534,58.729767
36.110435,36.2838,37.00673,35.924007,36.327316,36.490772,35.935356,36.19471,36.633705,36.158634,36.250374,36.41774,36.188087,37.151936,36.24392,36.50488,36.45927,36.538467,36.518696,36.086502,36.188736,36.520527,36.31769,36.420692,36.15216,37.113937,36.93881,36.511223,36.496017,36.5439,36.61354
39.022335,39.284252,38.905235,39.22252,38.868874,39.090942,39.335773,39.243805,39.19357,39.433167,39.252743,39.58925,39.2376,39.293274,39.464306,39.17774,39.449677,39.576195,39.21273,39.620945,39.53939,39.469166,39.587185,39.194267,39.88717,39.561806,39.291832,39.696762,39.437782,39.64544,39.593006
48.171463,48.596535,48.208305,48.695286,48.040794,48.092342,48.214222,48.28382,48.44579,48.601906,48.505627,48.402008,48.36621,48.417797,48.577606,48.114513,48.365997,48.51275,48.622616,48.85263,48.526493,48.405266,48.63884,48.436058,49.122017,48.798615,48.424812,48.848312,48.856167,48.701775,48.94349
47.44433,47.958527,47.721497,48.02146,47.493553,47.78442,47.795193,47.876312,48.13656,48.2136,48.035725,48.03992,47.994606,47.922302,48.20969,47.48104,47.99527,47.999935,47.720287,48.12824,48.419365,48.530975,48.182617,48.2481,48.528713,48.213768,48.154243,48.42501,48.45785,48.54014,48.188908
49.749325,49.999012,50.388573,49.873177,50.261795,50.15548,50.408463,50.192257,49.85017,50.088943,50.093704,50.17192,50.51999,50.283905,50.24246,50.490097,50.64862,49.788536,50.2662,50.0608,49.83589,50.286423,50.6835,50.72902,50.095356,50.346863,50.47771,50.596893,50.08491,50.37279,50.469933
59.702705,59.722496,59.805847,60.201244,59.45604,59.73741,59.85828,60.02252,60.05349,59.82288,60.295364,59.932644,59.816177,59.753124,60.16258,59.911583,60.17498,59.840214,60.037407,60.325527,60.150852,59.949703,60.489304,59.99756,60.614857,60.261642,59.828506,60.450638,60.244167,60.597744,60.045094
47.265984,46.977055,46.902924,47.264244,47.42537,47.25474,47.05864,47.244026,47.24513,47.33285,47.245815,47.225155,47.502678,47.25784,47.27477,47.19351,47.363758,47.524788,47.526512,47.38128,47.541477,47.434452,47.30073,47.69442,47.40075,47.150856,47.84908,47.307583,47.760868,47.47774,47.631084
41.245304,41.41432,41.86097,41.935856,41.744705,41.679955,41.70725,41.56246,41.43037,41.537914,41.458977,41.669106,42.156193,41.824516,41.78347,41.86655,41.823887,41.728527,41.578064,41.89173,41.9835,41.733036,41.95316,41.77453,41.7042,41.60064,42.176926,41.850754,41.664562,41.79641,41.92629
53.191067,53.211742,52.719124,53.212486,52.82984,52.854145,52.91789,53.211853,53.288055,52.972282,53.31545,52.83206,52.90691,52.82561,53.072445,53.0781,53.269283,53.008476,53.18432,53.410084,53.359676,53.570972,53.242832,53.37726,53.525677,53.34693,53.05133,53.459076,53.821503,53.694466,53.26826
49.753765,49.675594,49.912796,49.814747,49.76493,49.966095,49.82088,50.027348,49.916492,49.587788,49.75193,50.039783,50.18675,49.982224,49.851482,49.888374,50.21912,49.90496,49.826866,49.785774,50.02702,50.28267,50.390945,50.38691,50.258297,49.88295,50.385895,49.93372,50.110134,50.379158,50.056202
48.624546,48.768898,48.762154,48.454117,48.720154,48.54563,48.83847,48.721,48.531998,48.809753,48.614994,48.940727,48.769775,48.997837,48.310024,48.970592,48.771233,48.786835,48.90124,48.74789,48.38737,48.930244,48.788704,48.99759,48.730003,49.4153,49.00715,49.172398,48.636147,48.601162,49.03478
51.665295,51.241234,51.70751,51.625786,51.89206,51.78984,51.63678,51.544067,51.61967,51.639244,51.673515,51.7512,51.89654,51.776676,51.87176,51.696606,51.901028,52.050713,51.94095,51.92847,52.16646,51.949444,51.97907,51.94352,51.858597,51.71202,52.42721,51.60631,52.06817,51.9862,52.097137
41.78452,41.687164,41.41166,42.108112,41.660255,41.62008,41.624413,41.83507,42.060696,41.932995,41.948177,41.84324,41.80772,42.172207,41.99243,42.40619,41.941307,42.373394,42.173702,42.265255,42.263947,41.652924,41.71845,41.88971,42.208267,42.10589,42.169952,42.40299,42.343792,42.16756,42.36078
35.97667,35.98067,36.129784,35.869156,35.881348,36.05168,35.963905,36.163994,36.259968,35.881123,36.355507,36.343746,35.866703,36.338497,36.099586,36.138084,36.33586,36.213116,36.220272,36.24017,35.961906,36.27059,36.352146,36.287743,36.55024,36.856888,36.45581,36.2405,36.245598,36.513508,36.573277
35.931023,36.523502,36.4215,36.08325,35.942818,35.93389,36.114834,36.06701,36.18968,36.00343,35.832905,36.423367,36.339123,36.64754,36.020393,36.63651,36.232964,36.236855,36.06411,36.19521,36.10257,36.437656,36.30153,36.432404,36.2666,36.635223,36.482513,36.619133,36.334713,36.323177,36.599277
40.450874,41.02442,40.447533,40.683315,40.49347,40.756424,40.761044,41.0261,40.82428,40.99604,40.422745,40.650932,40.88628,40.805103,41.26964,40.543392,40.92247,41.202435,40.722763,41.200226,41.100025,41.35213,40.530685,41.021706,41.345993,41.216553,41.03242,41.457375,41.051376,40.91704,41.351097
49.417793,49.529938,50.11248,49.686554,49.39177,49.875576,49.432457,49.695873,50.011417,49.42619,49.584602,49.625473,49.71727,50.17562,49.852253,49.578182,49.697674,50.056824,49.771763,49.667416,50.031647,50.179646,49.85963,49.954117,50.311867,50.247215,50.369106,49.76868,50.107487,50.089127,50.220596
47.306236,46.646175,47.30217,47.322643,46.909927,47.333977,47.38891,47.69738,47.029144,46.840313,47.47322,47.42969,46.968025,47.263916,47.21353,47.559433,47.454018,47.47849,47.64275,47.079155,46.88198,47.080276,47.493996,47.315887,47.584595,47.53025,47.584286,47.579533,47.284767,47.344627,47.487698
39.32286,38.93917,39.29035,38.74028,39.169647,39.615604,39.250187,39.433147,39.44987,39.289227,39.317616,39.58008,39.194748,39.796024,38.641342,39.54298,39.40696,39.903168,39.48414,38.824738,39.09835,39.63509,38.989857,39.604355,39.177654,39.841316,39.951942,39.471684,39.609493,39.100113,39.301594
43.169098,43.092438,43.11718,43.1838,43.035362,42.92708,43.03339,42.91058,42.888065,42.85953,43.007683,43.3478,43.40249,43.25576,42.853085,43.33284,43.378963,43.115013,43.08298,43.340443,43.08529,43.222675,43.29268,43.26529,43.17036,43.22973,43.540512,43.22679,43.593864,43.288513,43.45312
48.354473,48.56612,48.653328,48.64352,48.49314,48.756588,48.396225,48.63708,48.921635,48.70682,48.745552,48.921062,48.859684,48.818142,48.857853,48.455833,48.90239,48.705208,48.65115,48.89424,48.92398,48.65949,49.14332,48.82788,49.11448,48.95347,48.874187,48.935833,48.935814,49.300865,48.738075
54.78794,54.642567,54.802834,54.93155,54.947792,55.19595,55.138313,55.188915,55.172897,54.9817,55.28903,54.94524,54.827602,54.80908,55.042595,55.019127,55.14654,55.159863,55.18474,55.31467,55.33177,55.172142,55.32513,55.22222,55.562607,55.55316,55.248264,55.19972,55.233402,55.429848,55.173775
55.993797,55.77963,55.629417,56.420414,56.151146,56.280346,56.366,56.285873,55.863472,56.317783,56.103,55.82969,56.569855,56.09518,56.59107,55.992504,56.07119,56.5108,56.325916,56.622765,56.834736,56.668915,56.250668,56.374695,57.054413,56.330055,56.535015,56.379387,56.530273,56.500996,57.005577
49.230488,49.58395,49.756386,49.23241,49.851624,49.442383,49.719418,49.373623,49.5321,49.62663,49.48495,49.349236,49.841137,49.70351,49.502075,50.21201,49.918385,49.70873,50.088997,49.751583,49.439213,49.41903,49.935913,50.13916,49.43338,49.720314,49.90202,49.86248,49.437874,49.299374,49.933807
42.643837,42.489227,42.753296,42.52233,42.865334,42.980633,42.601654,42.690945,42.71045,42.62205,42.7791,42.71023,42.81458,42.751957,42.74171,42.67273,42.753674,42.76534,42.750584,42.848007,42.966835,42.94294,42.833004,42.74778,42.692722,43.016403,42.971222,42.744343,43.0381,43.070576,42.7859
37.380962,37.64143,37.394905,37.28243,37.306595,37.3219,36.858006,37.593113,37.78686,37.00989,37.115616,37.4139,37.297768,37.705036,37.392597,37.471745,37.494606,37.501255,37.471992,37.551853,37.365242,37.41039,37.495663,37.552963,37.7218,37.9037,37.617664,37.54225,37.437534,37.860497,37.64502
53.96151,54.19447,54.20571,54.020924,54.14734,54.205227,53.979202,54.270798,54.554348,54.247425,54.01463,54.124847,54.21842,54.256542,54.457966,54.339672,54.33384,54.450493,54.42889,54.2168,54.59487,54.404102,54.487366,54.663673,54.338535,54.20092,54.491528,54.592216,54.50546,54.60268,54.243015
43.46263,43.204243,43.82126,43.242348,43.456024,43.60764,43.776615,43.489243,43.69803,43.631966,44.047695,43.906357,43.352596,43.780975,43.785107,43.77878,43.85194,43.92516,43.848507,43.49368,43.9233,44.221848,44.170612,43.95018,43.82615,43.95443,44.10975,43.72468,43.928684,44.099422,43.94474
44.646023,44.788967,44.54238,44.59415,44.643753,44.754803,44.470295,44.69326,44.831085,44.908154,44.91192,45.01045,44.834923,45.147186,44.74121,44.577892,44.73479,44.69057,44.825,45.038326,44.698166,44.73305,44.932606,44.686493,45.239254,45.62596,44.719963,45.113655,44.94971,45.33685,45.14154
42.916004,42.923485,42.872467,42.87509,43.286507,43.058216,43.029446,42.902325,43.174744,42.968807,42.88845,42.95313,43.43278,43.414646,42.94723,43.62553,43.39324,43.300743,43.131996,43.177013,43.48796,43.45764,43.129963,43.680885,43.137856,43.159554,43.82238,43.125805,43.564396,43.380165,43.60482
52.960423,53.1764,52.664536,53.1469,52.678513,52.62764,52.77473,52.926674,53.099586,53.1789,53.009415,52.92584,53.08153,52.988693,53.18869,53.02676,53.14322,53.229004,53.235275,53.365826,53.27893,53.21351,53.122105,53.24608,53.39234,53.04428,53.03721,53.597942,53.598392,53.316887,53.339325
28.991577,29.529755,30.00103,29.024773,29.28784,29.164902,29.609442,29.05581,29.355928,29.453184,29.436302,29.574219,29.33547,29.91799,29.711998,30.02702,29.688984,29.786064,29.781754,29.447948,29.262836,29.680439,29.547615,29.884005,29.334835,29.92266,30.124397,29.843254,29.694246,29.1996,30.365992
42.88936,43.252495,43.084053,42.55781,42.87742,42.92876,42.598927,42.87742,43.607857,42.857098,42.686558,43.23457,42.90622,43.374477,43.23127,43.107224,43.35588,43.40274,43.09988,43.043266,43.48166,43.40427,43.515285,43.485725,43.41954,43.172173,43.512814,43.026367,43.425346,43.73088,43.29589
60.344364,60.35623,60.014107,60.21183,60.542953,60.01494,60.457756,60.335506,60.091038,60.525143,60.11803,60.455734,60.430676,60.107044,60.62989,60.3707,60.49834,60.31575,60.52139,60.810413,60.610092,60.7142,60.632114,60.76973,60.50413,60.56887,60.668526,60.788563,60.54368,60.721027,60.835495
42.738525,43.29621,42.834183,42.97552,42.93734,42.677685,43.16057,42.900707,43.04999,43.30972,43.296562,43.222893,43.10932,42.857235,43.32456,43.276367,43.370365,42.99745,43.326126,43.562187,43.022785,42.92788,43.55073,43.44751,43.356857,43.29799,43.00749,43.623768,43.294235,43.29537,43.49346
53.103416,53.32647,53.348717,53.675312,53.597855,53.826557,53.3764,53.77979,54.2082,53.464203,53.555447,52.991737,53.720276,53.886513,53.86129,53.992462,53.897137,53.915672,53.89385,53.83063,54.2239,53.594486,53.81001,54.153107,54.388268,53.868202,54.11455,53.800213,53.935646,54.19299,54.087242
44.633675,44.73665,44.663742,44.68367,45.060135,44.652573,44.773968,44.774376,44.59286,44.93768,44.673637,44.930218,45.13636,45.056034,44.96846,45.013096,44.908936,44.715103,45.01492,44.90589,44.804577,44.893284,45.106613,45.21396,44.8568,45.014366,45.162712,45.14484,44.803806,45.147766,45.352047
44.195133,44.007317,43.825783,44.07249,43.975105,43.839806,43.534695,44.020073,44.265648,43.84279,44.056595,43.890198,43.969173,44.167587,44.00534,44.115818,44.336864,44.288597,44.49806,44.180317,44.02867,43.89141,44.142212,44.302536,44.265232,43.993378,44.400608,44.116634,44.596,44.31582,44.373177
49.596222,50.04597,50.097137,49.98361,49.91353,49.986736,49.804527,50.034603,50.510075,49.969463,50.273552,49.853615,50.06432,50.165363,50.168606,50.12876,50.339874,49.974457,50.201176,50.288834,50.22024,50.14178,50.490364,50.539444,50.537136,50.52871,50.27331,50.326687,50.256596,50.589813,50.312664
57.737583,57.530106,57.801666,58.20169,57.417854,58.05509,57.686893,58.104656,57.806328,57.792255,57.70623,57.986805,57.91328,57.953415,57.758087,57.423218,57.709362,58.20303,57.95438,57.877396,58.054043,57.754696,58.21749,57.487663,58.600216,58.00386,57.850655,58.097,57.8632,58.130005,57.700558
44.594723,44.590076,44.60479,44.774216,44.52401,44.438087,44.722137,44.85578,44.618454,44.612392,44.225548,45.04879,44.49277,45.03084,44.779285,45.022453,44.86603,45.055737,44.603252,44.828514,45.097866,45.015106,44.918472,44.576347,44.93331,44.988647,45.13586,45.19884,44.57908,45.17626,44.90982
45.332108,45.89898,45.92399,45.38398,45.45916,46.11475,45.720867,46.114536,46.22896,45.717056,45.355,45.962643,45.86544,46.284325,45.69209,46.084126,46.15995,45.958797,45.619045,45.37337,45.91092,46.034603,46.203594,46.098953,46.09428,46.068832,45.90267,46.34222,45.777637,46.341816,45.47912
45.556797,45.709957,46.056564,45.81234,46.068108,45.852066,46.00408,45.448795,46.05063,46.11772,46.500008,46.092094,45.982033,45.812965,46.008633,45.99072,46.199493,45.92184,46.130123,46.417126,46.29028,45.989006,46.51996,46.239143,46.055058,46.28324,46.32007,45.943382,46.374516,46.285686,46.2247
49.844547,50.132767,50.23078,50.087757,49.851135,49.941692,49.611713,50.07946,50.1,49.862194,49.628933,49.88176,50.00272,50.253105,50.093533,49.58693,49.948902,50.0181,49.96182,50.005898,50.220783,50.477627,50.221527,50.00467,50.322685,50.302513,50.231464,50.21015,50.108257,50.469936,50.136646
63.70148,63.07633,63.91246,63.90396,63.704468,64.34737,63.808113,64.00225,63.895905,63.82556,64.266716,63.95511,64.06853,64.215065,63.68967,63.812622,63.818302,64.06118,64.25849,63.74522,63.85684,63.5917,64.2513,63.912865,64.508514,64.41002,64.15544,63.99371,64.04591,64.20992,64.018486
47.87248,48.024384,48.2761,47.98146,48.221367,47.910458,47.842228,47.722763,48.374302,48.06394,48.160637,48.007637,48.016396,48.228523,48.083973,48.144276,48.33652,48.242455,48.33746,48.2996,48.530968,48.3187,48.598248,48.380882,48.20214,48.208206,48.588184,47.990765,48.422752,48.50756,48.308067
47.488365,47.488396,47.138092,47.17349,47.68049,47.551624,47.403168,47.458157,47.824657,47.35328,47.51457,46.915627,47.441856,47.038876,48.038265,47.76445,47.669144,47.842087,47.835213,47.948345,48.282513,47.99721,47.573154,48.114105,47.70808,47.32847,47.7958,47.471188,48.30605,47.897934,47.953545
47.47768,47.54228,47.582718,47.428734,47.611496,47.59593,47.642323,47.60754,47.7143,47.754307,47.661926,47.728863,47.676907,47.761425,47.919693,47.785603,47.89354,47.88022,47.852108,47.8088,47.945213,47.958885,47.952724,47.97631,47.868824,47.860123,47.993435,47.99412,47.95671,48.042233,48.005314
42.346165,42.137753,42.62745,42.521503,42.456856,42.715748,42.66417,42.48811,42.51849,42.767437,42.829548,42.656494,42.742085,42.61322,42.94477,42.337196,42.65337,43.206448,42.869724,42.694717,43.04286,43.081226,42.81463,42.86699,42.96627,42.599007,43.20885,42.64258,42.94635,42.628563,43.076443
55.161694,54.99356,55.020782,55.21873,54.996338,55.299397,55.090153,55.352493,55.280746,55.03702,55.053272,55.477913,55.23022,55.44663,55.144016,55.22012,55.33086,55.378094,55.26346,55.382717,55.37628,55.166958,55.579704,55.219803,55.908054,55.690155,55.476894,55.41158,55.398598,55.79197,55.467
46.32676,46.82694,46.731537,46.363365,47.082268,46.43435,46.52561,46.2936,46.62425,47.00941,46.210194,46.69496,47.17388,47.31997,47.04408,46.897736,46.745148,46.761326,46.957058,46.67552,47.09046,46.9932,47.30615,47.167297,46.797253,46.675934,47.1155,46.85015,46.549873,47.192986,47.38716
56.330338,56.316875,57.032097,56.898537,56.272644,56.83748,56.857937,56.810642,56.79836,56.6233,56.955322,56.8962,56.75652,56.792034,57.053967,56.676662,57.06058,56.96022,56.809795,56.909283,57.022507,56.9502,57.290775,56.897797,57.388367,57.050003,57.155716,57.130745,57.01539,57.15589,56.97576
43.81389,43.858414,44.34561,43.93708,44.07997,43.970417,43.92339,43.868504,44.084053,44.114136,44.019463,44.237904,44.18952,44.56274,44.091602,44.00069,44.23065,44.33366,44.235367,44.014797,44.212482,44.51453,44.31307,44.44416,44.241947,44.435555,44.889603,44.161793,44.25552,44.289574,44.635014
47.537563,47.887417,47.56781,47.41585,47.936546,47.476254,47.56349,47.38898,47.92245,47.984715,47.588318,47.844505,47.84981,47.81835,48.016857,47.826378,48.069424,47.922977,47.974308,48.11969,48.147003,47.940205,48.09402,48.265427,47.85109,47.82669,48.23886,47.93525,48.200123,48.15635,48.232456
49.218575,49.336327,49.65824,49.463207,49.659782,49.109028,49.461376,49.136402,49.60754,49.418316,50.06017,49.015877,49.397583,49.257393,49.882442,49.89423,49.59756,49.47664,50.13107,49.98975,49.65257,49.627243,49.7322,50.25071,49.568203,49.79992,50.013084,49.616814,50.027584,49.551735,50.40555
49.585224,48.815357,49.36075,49.26399,49.686256,49.717186,49.41147,49.54336,49.427555,49.530148,49.788,49.644505,49.430073,49.43011,49.270756,49.603832,49.443367,49.793575,49.87301,49.350895,49.601246,49.43716,49.56317,49.60327,49.1863,49.530945,49.859524,49.542213,49.704113,49.56229,49.29701
45.9055,46.50523,46.13855,46.309265,46.149017,46.308933,46.25346,46.311317,46.5048,46.81342,46.117718,46.5036,46.69625,46.483753,47.052193,46.024754,46.289574,46.726734,46.3108,46.604023,47.081005,46.95162,46.629276,46.739723,46.930817,46.417175,46.623634,46.89417,46.716248,46.89494,46.844788
37.777428,37.804455,37.91507,38.29044,37.78282,37.894314,38.19497,37.9115,37.6032,37.947346,37.740597,38.278812,38.25688,38.20921,37.872814,38.011955,38.12685,38.428722,37.872807,38.359646,38.252853,38.192818,38.148697,37.79535,38.487343,38.223816,38.513844,38.161407,38.02404,37.956097,38.474888
39.455868,39.902267,39.618652,39.762535,39.568283,39.93588,39.819435,40.13745,40.159897,39.923904,40.168777,39.788628,39.84864,39.792107,39.92013,39.906807,40.09365,39.93809,40.094982,40.013855,39.676273,39.752163,40.072525,40.302498,40.426853,40.32186,39.84841,40.348495,40.03183,40.04531,40.093544
43.92979,43.855396,44.272064,44.55163,44.166977,44.408836,44.546276,44.495663,43.81618,44.1732,44.2067,44.30403,44.715973,44.571243,44.384464,44.67299,44.444386,44.31347,44.320896,44.420055,44.20113,44.138294,44.4275,44.242226,44.5807,44.576836,44.545357,44.831463,44.131184,44.363834,44.71662
40.48079,40.617226,40.42965,40.59217,40.08883,40.40112,40.52923,40.655907,40.509113,40.3844,40.35577,40.57463,40.416203,40.685776,40.596786,40.700436,40.735107,40.959328,40.467255,40.90592,40.763214,40.910988,40.443695,40.346344,40.95028,40.99797,40.669525,41.0611,40.798656,40.69862,40.823544
54.755646,54.82409,54.82531,54.90524,54.495163,54.945927,55.076416,55.18063,54.848553,54.852642,54.691338,54.961975,54.75388,55.04108,54.774693,54.804462,54.83289,55.145084,54.81261,54.880047,55.145924,55.566322,55.074364,54.938858,55.580223,55.50145,55.07963,55.327816,55.03798,55.250984,55.123077
46.01492,45.814243,46.228477,45.73222,46.395187,46.20815,46.380547,46.066113,45.90873,46.0064,46.03592,46.066605,46.210777,46.322,46.11014,46.665054,46.468723,46.239784,46.27674,46.19532,46.245934,46.54553,46.1765,46.5103,45.918148,46.5055,46.784546,46.332718,46.36521,46.246357,46.588425
44.398293,43.947517,44.51068,43.95133,44.46679,44.737278,44.675907,44.508118,44.385597,44.40276,44.931454,44.34241,44.209335,44.38186,44.464214,44.666195,44.381306,44.68853,44.95115,44.18177,44.4147,44.781033,44.639137,44.840523,44.52141,44.806168,44.730312,44.464138,44.810276,44.5104,44.797195
58.22161,58.11605,58.02951,59.00857,58.30352,58.29335,58.705666,58.795162,58.632732,58.534092,58.575253,58.608128,58.58522,58.46198,58.96311,58.74116,59.302395,58.87182,58.63651,59.24411,59.224155,58.58135,59.25359,58.73043,59.56645,58.598183,59.012356,59.03632,58.550007,59.31598,58.927925
44.39845,44.419666,44.522858,44.03946,44.83429,44.68104,44.772972,44.3502,44.66623,45.14162,45.092087,44.75131,44.676983,44.594143,45.00075,44.606186,44.907185,44.909126,45.16179,44.769955,44.82309,44.919086,45.038628,45.22606,44.696827,44.835632,45.01007,44.83485,45.093937,44.831787,45.135616
51.96577,52.15199,52.063217,52.363243,51.820786,52.224876,52.20646,52.251003,52.591328,52.267426,52.50456,52.182434,51.957302,52.0345,52.412754,52.22257,52.61846,52.534454,52.41084,52.70537,52.65886,52.239857,52.578693,52.309822,52.912945,52.51985,52.36404,52.635765,52.8878,52.69008,52.340828
51.153027,51.023087,51.276154,51.006638,51.260597,51.54946,51.199177,51.0734,51.333694,51.247944,51.48766,51.006897,51.403275,51.10669,51.513924,51.19735,51.03967,51.550404,51.55454,51.503017,51.643612,51.584175,51.1728,51.623894,51.480846,51.563972,51.608276,51.267803,52.084534,51.33776,51.76514
42.382103,42.344746,42.44864,42.028107,42.105675,42.399654,41.85275,42.54589,42.48147,41.93044,42.1194,42.440247,42.265167,42.69012,41.83189,42.4111,42.37674,42.20498,42.290318,41.89974,41.897293,42.380424,42.32362,42.400772,42.15983,42.692673,42.35859,42.576794,42.415443,42.612106,42.02711
38.126934,38.545933,38.17636,37.80777,38.67021,37.784275,38.109497,37.68832,37.848396,38.58339,37.86255,38.409313,38.477325,38.458202,38.28649,38.267113,38.17087,38.138588,38.393787,38.43794,38.249428,38.501934,38.36738,38.482147,37.79752,38.393585,38.540424,38.414543,38.343853,38.29661,38.823616
58.132812,57.89774,57.61972,58.129093,57.916946,58.0742,58.169506,58.326935,57.83275,58.009136,57.51317,58.05689,58.166668,57.969627,57.68765,58.000153,58.082245,58.35865,57.862453,58.05146,58.47673,58.714287,57.975063,58.16208,58.310814,58.047394,58.41421,58.366055,58.367954,58.23902,57.98447
45.873627,46.584423,46.000008,46.444157,46.051567,45.937626,46.41469,46.390045,46.673176,46.403038,46.294216,46.013508,46.182217,46.311115,47.04368,46.74175,46.72985,46.464382,46.380817,46.871872,47.121906,46.88563,46.836727,46.768677,47.128773,46.542168,46.42578,46.987698,46.68373,47.21087,46.985157
58.463455,58.20763,58.759354,58.427372,58.658463,58.68053,58.646946,58.614777,58.558693,58.448544,59.035748,58.314503,58.557842,58.402943,58.753147,58.76892,58.73291,58.25855,58.852726,58.577034,58.65305,58.961266,58.880505,59.101006,58.51792,58.890533,58.83294,58.875557,59.150562,59.06218,58.807587
52.50718,52.4941,52.331665,52.583645,52.68448,52.69585,52.698425,52.748974,52.609715,52.832348,52.650127,52.488766,52.805916,52.64079,52.830654,52.742184,52.56685,52.82325,52.875546,52.802986,52.99137,52.981426,52.723682,52.997116,52.959583,52.881798,52.849834,53.04088,52.989315,52.94692,53.05011
57.090736,56.86674,57.17714,56.705936,57.07569,57.530193,57.06578,57.514915,57.20198,56.652306,56.91044,56.922714,57.01842,57.080875,57.125763,57.225094,57.153027,56.995407,57.162838,56.901093,57.15593,57.405373,57.39828,57.328903,57.364223,57.51162,57.14743,57.2298,57.21023,57.669098,57.034916
44.655373,44.65269,44.946274,45.289433,44.61039,44.862892,44.803364,44.9922,45.42116,44.832886,44.985733,45.221863,44.943264,45.35373,45.01735,45.34386,45.445522,45.601696,45.093273,45.185215,45.537193,44.929146,45.41287,45.18506,45.608963,45.026123,45.709118,45.234314,45.268875,45.45282,45.19818
49.636536,49.725956,49.675842,50.129166,49.55388,49.992844,50.02353,50.022648,50.08206,50.03742,50.322735,50.157757,50.07818,49.908703,50.095913,50.07434,50.368725,50.05733,50.02002,50.339684,50.165653,49.788097,50.41373,50.078056,50.615578,50.21531,49.999245,50.489395,50.404728,50.47803,50.08981
48.146313,47.730453,47.692406,47.532665,48.06613,48.10114,48.279057,48.179737,47.668068,47.99973,47.948,48.049793,48.203682,48.090366,47.867546,48.313858,48.1593,48.173817,48.27969,47.676598,47.92077,48.56788,48.185463,48.57096,48.09901,48.0439,48.330505,48.203243,48.2927,48.150837,48.416527
61.74992,61.889885,61.769142,62.25194,61.737602,61.787045,61.92867,62.04912,61.841347,62.085724,62.217342,62.159492,62.293995,61.940907,62.349403,61.862762,62.17584,61.646446,62.191433,62.403526,61.92795,61.728542,62.708977,62.17816,62.733406,62.300552,61.82003,62.584015,62.132713,62.681786,62.393005
39.660362,40.072117,40.28734,39.83242,40.17817,40.60888,40.478294,40.40986,40.28698,40.274418,40.51609,39.759087,40.371754,40.05655,40.597633,40.59951,40.135174,40.21168,40.55281,40.057297,40.145626,40.398632,40.17724,40.9683,40.282433,40.50051,40.324528,40.693924,40.64668,40.14553,40.67853
43.335773,43.45949,43.299423,43.234215,43.567596,43.245113,43.218998,43.34728,43.51547,43.426983,43.50277,43.225048,43.302876,43.371418,43.610657,43.766754,43.515858,43.386166,43.745434,43.681023,43.485523,43.399414,43.387848,43.72793,43.21483,43.674446,43.583042,43.822506,43.850494,43.66966,43.740833
43.33483,43.236633,43.447426,43.02694,43.425743,43.679955,43.361988,43.536682,43.601986,43.46034,43.77262,43.285496,43.356037,43.200752,43.668823,43.344486,43.345226,43.621334,43.768448,43.319977,43.55494,43.86321,43.477833,43.96855,43.420204,43.6027,43.659172,43.579273,43.972637,43.579025,43.613335
48.900715,49.427216,49.639206,49.385242,49.032005,49.06854,49.42848,49.127834,49.489143,49.5223,49.928864,49.61739,49.203693,49.39875,49.769016,49.303165,49.42061,49.116623,49.442963,49.79527,49.49241,49.67067,49.967297,49.64341,49.90601,50.241318,49.45456,49.90755,49.716667,50.01253,49.960438
56.50187,56.659008,56.814827,56.52284,56.892227,56.780525,57.067936,56.538555,56.831802,57.238995,57.513657,56.986774,56.838806,56.64618,57.079105,56.97344,57.140476,56.44081,57.171936,56.983505,56.906258,56.906345,57.5792,57.37033,56.91815,57.140396,56.836216,57.296516,57.476727,57.479355,57.079437
40.848984,41.310013,41.153305,40.79494,41.01847,41.274937,41.307365,41.111794,41.36138,41.38136,41.126175,41.208443,41.283897,41.28239,41.279423,41.36417,41.43531,41.582382,41.307106,41.267147,41.413414,41.59765,41.282307,41.664276,41.40489,41.43393,41.523205,41.576347,41.669052,41.22681,41.50361
47.718716,47.84286,47.57608,47.684223,48.065964,47.76181,48.181114,47.55234,47.790344,48.240158,48.084457,47.730312,48.106445,47.799328,48.006493,48.46869,48.05898,48.153797,48.362362,48.201687,48.211407,48.02731,47.998997,48.51362,47.926807,47.88195,48.26783,48.240654,48.692608,47.87203,48.569805
42.95351,42.96377,43.067596,42.974457,43.044647,43.019638,43.420326,43.048294,42.633293,43.444626,43.144794,43.282524,43.437775,42.99958,43.206783,43.032555,43.205215,43.403454,43.280476,43.141247,43.0831,43.675995,43.053093,43.5634,42.98464,43.092964,43.602726,43.58985,43.504547,42.77649,43.556274
50.676655,50.604183,51.189545,50.849987,50.73474,50.60425,50.65032,50.62721,50.854664,50.435726,51.189068,51.048603,50.850536,50.920135,51.04913,50.831608,51.09343,50.607082,51.079453,51.17836,50.72122,50.791267,51.581707,51.171104,51.33547,51.366867,51.282608,50.771664,50.990364,51.394485,51.487156
47.410988,47.50955,47.874718,47.6333,47.56434,47.457504,48.013344,47.42853,47.39866,47.86534,47.793327,47.881294,47.5372,47.83744,47.727585,48.021973,47.574787,47.865826,47.82157,47.866253,47.93632,48.02511,47.943497,47.64933,47.740253,48.1985,47.933113,48.14698,47.812996,47.78865,48.09966
42.275692,42.084873,42.347984,42.213055,42.628426,42.572998,42.394634,42.23669,42.309315,42.56408,42.519585,42.95887,42.85399,42.58818,42.27336,42.394634,42.703796,42.55527,42.395,42.629734,42.551617,42.439888,42.7047,42.644516,42.35421,42.646103,42.993004,42.49277,42.627384,42.659916,42.52133
52.74397,52.801357,52.98565,52.462276,52.844994,52.736546,52.523544,52.54254,52.776485,52.68878,52.55823,52.71208,52.7718,52.79936,52.62056,52.509007,52.80219,52.848206,52.93626,52.789177,52.90061,53.108192,53.094322,52.89228,52.750942,52.906036,53.004448,52.683846,52.985203,52.939003,52.778187
40.117756,41.04762,40.68847,40.644413,40.80654,40.45865,40.673084,40.583805,41.08842,41.19915,40.725193,40.738483,40.936516,41.0193,41.252678,40.87717,41.33442,40.992687,41.060505,41.30597,41.010727,40.757156,41.215534,41.305183,41.20085,41.093163,41.16922,41.343372,40.776043,41.053116,41.38523
42.24014,42.79552,42.539192,42.717316,42.482216,42.546932,42.802334,42.598995,42.526043,42.993446,42.670094,42.683125,42.821575,42.705082,43.213085,42.634888,42.662094,42.64021,42.626026,42.97487,43.049557,43.088345,42.881718,42.83268,43.036903,42.973778,42.711823,43.334015,43.078854,43.15272,43.222084
42.974888,42.996803,43.048935,42.884487,43.060112,42.993855,43.027058,43.04573,43.171703,43.10357,42.94874,43.1931,43.142464,43.502243,43.05751,43.331387,43.26416,43.461857,43.275814,43.060303,43.2961,43.522877,43.218014,43.504677,43.330223,43.402824,43.723255,43.303642,43.36375,43.3381,43.6227
40.502598,40.508247,40.38774,40.557343,40.779213,40.238194,40.52366,40.285873,40.143284,40.73713,40.525845,40.47742,40.734764,40.45914,40.367588,40.74843,40.621555,40.56166,40.970352,40.61374,40.391907,40.34965,40.719536,40.700928,40.17313,40.21701,40.687332,40.758636,40.74899,40.32697,40.73738
52.63456,52.87827,53.076233,52.84529,53.45656,52.97723,53.20937,52.874863,52.769497,53.172733,52.820744,52.90198,53.70354,53.37234,53.46578,53.504192,53.39972,52.861084,53.200615,53.262554,53.292404,53.323742,53.46723,53.694397,53.05831,53.179604,53.59117,53.43971,53.064854,53.451454,53.785873
37.935448,37.94346,37.810837,37.798588,37.63803,37.888474,37.74145,38.235733,37.906887,37.489555,37.588898,37.859154,37.71187,38.18367,37.47339,38.16524,37.976627,37.896076,37.663143,37.711708,37.803112,38.348934,37.716095,37.837563,37.93307,38.39907,37.998875,38.270237,38.00057,38.227165,37.83551
56.424004,56.18058,56.672203,56.705544,56.368286,56.438953,56.23185,56.58649,56.537167,56.278942,56.34107,56.59879,56.827827,57.013535,56.529972,56.508865,56.78644,56.743713,56.70951,56.503883,56.653313,56.686752,56.986023,56.753815,57.02853,56.650826,57.116116,56.663548,56.50464,56.947445,56.877266
48.182655,47.868076,48.68364,48.043808,48.235596,48.553127,48.400467,48.392387,48.31195,47.9799,48.173996,48.2577,48.407043,48.920216,48.38749,48.8661,48.54955,48.62764,48.469875,47.971924,48.535316,48.878082,48.486652,48.696724,48.459656,48.642067,49.073532,48.497032,48.624386,48.67418,48.82062
45.91478,45.58446,45.90464,45.94186,45.97352,45.936695,45.629097,45.823868,45.849136,45.459595,45.830505,45.674557,45.809456,46.006992,45.555164,46.05856,45.906868,45.84417,45.882618,46.044003,46.041508,45.965057,45.804127,45.761826,45.83543,46.259506,46.25539,45.813747,46.232685,46.181824,45.991264
35.656666,35.60226,35.554382,35.81099,35.506485,35.757515,35.650642,35.73839,35.487793,35.655376,35.8217,35.945927,36.020042,35.624435,36.01943,35.487186,35.716137,35.929497,35.74236,36.071407,35.835663,35.847443,35.856308,35.732372,36.122234,35.8453,35.88382,35.893852,36.052055,35.90293,36.16283
53.425304,53.027367,53.528976,53.67335,53.506866,53.809658,53.4719,53.680634,53.549988,53.482697,53.43317,53.800682,53.829987,53.85337,53.600155,53.527706,53.728703,53.915756,53.595787,53.620316,53.9763,53.67048,53.870667,53.60199,53.954517,53.69158,54.144943,53.703228,53.704407,54.007305,53.67358
31.072845,31.233913,31.481773,31.13802,30.704893,30.941345,30.731426,31.043943,31.154716,30.730686,31.272814,31.377861,31.130867,31.322876,30.694563,31.00026,31.154705,31.252514,31.222626,31.179886,30.492447,31.045374,31.008472,31.24249,31.199223,31.665098,31.477837,31.22612,31.371895,30.798721,31.401697
59.686546,60.07218,60.046593,59.96749,59.824776,60.100285,60.25211,60.208622,60.091934,60.39138,59.99459,60.035583,60.104416,59.925987,60.46936,59.790947,60.175236,60.240482,60.190422,60.208622,60.420387,60.634457,60.42493,60.4617,60.57803,60.329414,60.238476,60.687195,60.3684,60.394108,60.31166
47.43611,47.627537,47.831367,47.484695,47.440742,47.599125,47.66746,47.624416,47.864185,47.661133,47.98711,47.918514,47.57364,47.792294,47.651657,47.874687,48.16144,47.546013,47.85081,47.61856,47.593376,47.73203,48.36704,48.017403,47.890747,47.92186,47.79566,48.05453,48.029976,48.243095,47.69469
46.137653,46.272675,46.299667,46.335648,45.97883,46.523315,46.208088,46.54562,46.707767,46.114395,46.46317,46.304943,46.219955,46.157124,46.549965,46.292946,46.31919,46.697563,46.449837,46.644302,46.698193,46.439518,46.6139,46.447533,46.996742,46.685677,46.37254,46.518475,46.605118,46.674812,46.418293
47.73491,47.90625,47.58567,47.787403,47.607147,47.656754,47.5432,47.74712,47.896717,47.99655,47.678486,48.068497,47.840256,47.793182,48.171597,47.494446,47.982002,48.022438,47.910957,48.072582,48.167477,47.96699,48.18827,47.893044,48.190414,47.77559,47.937954,48.164055,48.269676,48.3738,47.987114
54.562943,54.8849,54.63336,54.441116,54.29136,54.529217,54.53841,54.715405,54.739574,54.74242,54.67103,54.645027,54.485863,54.410915,54.821823,54.18969,54.706417,54.529266,54.54651,54.70518,54.88774,55.469906,54.95802,54.8555,54.908386,54.92935,54.48662,55.12397,55.147305,55.22669,54.568424
39.230824,39.156223,38.93023,38.613445,39.125153,38.87825,38.97815,38.927998,39.04973,38.82541,38.940914,39.111137,38.880142,39.181816,38.915745,39.63203,39.229862,39.114326,39.22781,39.08827,39.08977,39.28931,39.159317,39.284462,38.869785,39.28897,39.23611,39.209282,39.501183,39.389584,39.344654
44.514374,44.602726,44.3953,44.751846,44.64434,44.361206,44.594933,44.45587,44.905514,44.877583,45.26705,44.743126,44.703274,44.728733,44.871525,45.10437,45.158073,44.831688,45.144196,45.352184,44.826138,44.39846,45.035538,45.011505,45.036274,45.07168,44.901638,45.140396,45.158413,45.054367,45.224148
50.98748,51.191708,50.742233,50.774788,51.303703,50.895683,51.01631,50.915066,51.22597,51.573097,51.09454,51.147575,50.989918,51.283653,51.29743,51.204533,51.13299,51.161438,51.31639,51.3094,51.629223,51.48386,51.468914,51.266922,51.214336,51.446777,51.101578,51.537388,51.35386,51.83172,51.331066
58.939503,58.883965,59.346,59.63806,59.111282,59.267483,59.655327,59.363934,58.97201,59.364223,59.42301,59.322063,59.586945,59.396675,59.28363,59.4183,59.527985,59.414406,59.50073,59.54052,59.386963,59.377193,59.78743,59.45533,59.90916,59.609222,59.66532,59.73795,59.285168,59.39718,59.72321
44.442112,44.309155,44.68799,44.020123,44.63726,44.712135,44.44762,44.502712,44.962814,44.47114,44.9484,44.431507,44.384888,44.705948,44.934654,44.971172,44.797085,44.86634,45.136555,44.564358,44.743034,44.74604,44.8515,45.22126,44.718506,44.920067,45.039787,44.649437,45.08827,44.948696,45.10971
43.53418,44.39289,44.323906,44.229996,43.904755,43.73434,44.258995,43.78953,44.111984,44.19187,43.850174,44.23551,44.325882,44.35949,44.55205,44.648903,44.797924,44.14204,44.111668,44.622494,44.470688,44.03122,44.855595,44.228493,44.418125,44.109207,44.2986,44.76546,44.2702,44.575043,44.493366
60.66195,60.600304,60.90615,60.599754,60.809753,60.838837,60.4314,60.657715,60.804787,60.63076,61.096195,60.56538,61.060387,60.802223,61.042896,60.44139,60.796913,60.416283,61.138603,60.949425,60.702312,60.78381,61.45787,61.062332,61.258442,61.1463,60.669956,60.759144,60.917423,61.39482,61.12557
36.14252,36.450546,36.056793,36.280975,35.99124,36.032616,36.231575,36.08053,36.143864,36.350113,36.10006,36.47259,36.41069,36.64854,36.319984,36.4112,36.336845,36.60448,36.24829,36.66918,36.492558,36.502937,36.34449,36.144264,36.77187,36.73957,36.421356,36.65099,36.53609,36.511047,36.89015
38.384872,39.32117,39.377434,38.590466,38.855072,39.134193,39.08146,38.883354,39.48655,39.109077,39.343533,39.06016,39.00644,39.20015,39.312454,39.176926,39.223835,38.95099,39.059517,39.32179,39.08293,39.352592,39.353855,39.620506,39.451115,40.02527,39.252365,39.444614,39.39844,39.409607,39.576736
45.125473,44.923023,45.133453,45.16405,44.820038,45.242897,45.362232,45.190052,45.192593,45.11902,45.900967,45.142002,44.994488,45.118103,44.87652,45.431606,45.381794,45.216125,45.3601,45.34983,45.08161,45.41097,45.243378,45.274063,45.447865,45.832825,45.20446,45.57352,45.84933,45.345833,45.344994
39.306057,39.722088,39.31968,39.507523,39.327934,39.25382,39.148052,39.645683,39.483727,39.202545,39.045628,39.211704,39.683403,39.75662,39.514294,39.616505,39.581142,39.387753,39.374233,39.56012,39.474167,39.792908,39.447968,39.693077,39.712605,39.71273,39.585556,39.873985,39.508686,39.82834,39.842823
37.841755,37.682518,37.77755,37.84934,38.008614,37.720715,37.73335,37.79747,37.849728,37.815235,37.824398,37.85575,37.961964,38.068226,37.720398,38.25716,37.798054,38.228676,38.20641,37.83421,37.97432,38.00379,37.757835,38.311615,37.74131,37.899834,38.532024,37.97233,38.203434,37.782448,38.353714
45.11096,45.15166,45.327057,45.466812,45.25608,45.54454,45.75213,45.56473,45.028202,45.37683,45.39185,45.353874,45.68392,45.416325,45.40799,45.74329,45.436813,45.576454,45.49379,45.67012,45.32795,45.40985,45.311466,45.477737,45.65007,45.85077,45.596905,45.944534,45.47887,45.193653,45.824364
47.423584,46.88803,47.210884,47.16914,47.13288,47.16296,47.104202,47.257763,47.32522,47.269714,47.630405,47.66285,47.05716,47.263824,47.426304,47.278526,47.403816,47.68894,47.74262,47.416374,47.317314,47.255035,47.506783,47.492615,47.44886,47.481667,47.755917,47.463703,47.724464,47.509064,47.60651
44.17713,44.772045,44.30201,44.171356,44.288452,43.992954,43.75523,44.03956,44.59516,44.12874,44.127434,44.135395,44.4882,44.35818,44.526375,44.10936,44.591965,44.16931,44.39566,44.795044,44.3975,44.471226,44.569515,44.725777,44.621616,44.55973,44.525864,44.382553,44.79188,44.76929,44.814945
44.29395,43.97969,43.89894,43.9268,44.58219,44.37361,44.533356,44.112144,43.93798,44.325207,44.44851,44.198902,44.62438,44.038956,44.161716,44.831516,44.331425,44.25249,44.502895,44.336514,44.38344,44.41501,44.27124,44.78881,43.92433,44.148262,44.519875,44.41847,44.912342,44.29084,44.580814
50.398895,50.363033,50.29441,50.20179,50.418976,50.447536,50.380943,50.44766,50.218723,50.142036,50.440975,50.122944,50.566677,50.16515,50.411777,50.472622,50.259438,50.18929,50.498997,50.57692,50.347904,50.732677,50.3784,50.76264,50.507423,50.7703,50.44666,50.55433,50.818775,50.55993,50.79697
46.414246,46.869038,46.65448,46.32564,46.476685,46.464203,46.22442,46.48219,46.91815,46.489323,46.064365,46.779694,46.73739,47.0582,46.68428,46.580673,46.80549,46.899456,46.62476,46.695118,46.858345,46.899635,46.92492,46.982635,47.063416,46.890457,47.114487,46.72248,46.808105,47.055904,47.040016
35.5313,36.016823,35.888863,36.072273,35.66481,35.716106,35.908436,35.840054,36.00614,35.905796,35.762917,35.909245,35.984535,36.089054,35.66119,36.15637,36.0428,36.20924,35.84659,36.0332,36.11644,36.18603,35.906925,36.165375,36.106762,36.09199,36.363766,36.257576,36.208237,35.871197,36.167908
53.1011,53.45463,53.113907,53.238155,53.20333,53.598564,53.41459,53.62843,53.451107,53.647095,53.243507,52.96516,53.455166,53.360992,53.456593,53.16733,53.08057,53.57595,53.506863,53.330605,53.607456,54.01013,53.08778,53.80478,53.81426,53.843338,53.489147,53.91838,53.912376,53.461124,53.756004
43.965923,43.931458,44.27408,44.2293,44.36017,44.601654,44.596737,44.498524,44.23933,44.550877,44.348537,44.32491,44.642773,44.739338,44.675064,44.725483,44.496647,44.770412,44.642082,44.33335,44.618828,44.510178,44.53809,44.643112,44.70536,44.604187,44.797344,44.81606,44.373505,44.52534,44.8951
36.296825,36.467056,36.801735,36.60363,36.431366,36.538418,36.822296,36.690845,36.68372,36.702053,36.770702,36.9472,36.733864,37.203182,36.529156,37.158993,37.052937,36.976624,36.79688,36.563213,36.60166,36.884083,36.94218,37.016327,36.894363,37.088364,37.24419,37.15328,36.66513,36.784214,37.08637
50.68066,50.525265,49.92598,50.088615,50.052635,50.45516,50.3196,50.71225,50.609665,50.55016,50.419582,50.81594,50.096954,50.279587,50.233177,50.35236,50.434002,50.667618,50.44373,50.37538,50.533375,50.79336,50.427753,50.523254,50.643856,50.76342,50.274063,50.980198,51.06154,50.91696,50.17879
42.16984,41.42512,41.201637,41.267986,41.37992,41.442,41.349766,41.730106,41.706326,41.368713,42.018906,41.900658,41.19646,41.737896,41.343094,42.002033,41.745533,41.831882,41.943184,41.628025,41.4087,41.79531,41.462646,41.74769,41.647366,42.15605,41.745255,41.89926,42.32253,42.046585,41.885616
41.751064,41.70479,41.170326,41.433254,41.483612,41.50205,41.718086,41.711117,41.48155,41.78866,41.738857,41.885006,41.452797,41.361042,41.55327,41.906754,41.62125,41.66585,41.76373,41.732426,41.616302,41.667274,41.657215,41.689995,41.514996,41.740524,41.402752,42.204475,42.16294,41.870407,41.5926
52.765274,52.922127,52.935654,53.038692,53.11267,53.00473,52.90562,52.94418,52.964382,52.958458,52.78053,52.621544,53.176716,52.90432,53.04667,53.169903,53.01256,52.989147,53.15973,53.124027,53.31153,53.079746,53.12129,53.23378,52.973328,52.88919,53.181137,53.242256,53.346252,53.17778,53.098064
41.41209,41.475395,41.52323,41.839302,41.373016,41.99279,41.87352,42.16337,41.69499,41.744926,41.52234,41.735264,41.757442,42.036358,41.857964,41.925446,41.743702,42.229584,41.731144,41.816624,41.902824,41.89917,41.452023,41.712074,42.28637,42.3012,42.083023,42.402874,41.86642,41.81398,42.128216
42.783966,42.48809,42.768852,42.66221,42.449753,42.766197,42.94906,42.87225,42.641563,42.387733,42.885006,43.068405,42.666,42.593563,42.962063,42.922955,43.328106,42.968487,42.807392,42.969738,42.89462,43.02056,43.323826,42.902626,43.192116,42.80755,43.10985,42.877007,43.13072,43.206276,43.00841
50.492874,50.391087,50.545555,50.68356,50.88389,50.22141,50.8607,50.080242,50.35128,51.043545,51.362724,50.757496,50.708557,50.279266,51.002224,50.83734,50.709576,50.529743,51.193264,51.200394,50.8543,50.657772,51.07181,51.17209,50.571655,50.742638,51.04785,50.902176,51.422165,50.82647,51.437134
51.901714,51.625202,51.495247,52.13661,51.859528,51.795105,51.909122,52.036148,51.901493,51.97563,51.98894,52.269535,51.989525,52.067703,51.91977,51.853996,51.995594,52.069447,51.942196,52.19626,52.370728,52.213245,52.420776,52.050735,52.65169,52.287872,52.299007,52.099697,52.05844,52.693493,52.314774
52.224575,52.319992,52.536957,52.728817,52.678368,52.37961,52.97969,52.19714,52.19792,53.042564,52.700993,53.16255,52.974792,52.601593,52.811634,52.589844,52.96387,52.77285,52.75713,53.146873,52.928154,52.555176,53.314228,52.794685,52.966774,52.69892,53.18091,52.908024,52.796726,52.810505,53.15385
49.775658,49.939976,49.682266,49.822483,50.017235,49.806744,50.08818,49.93262,49.998333,50.330738,50.08178,50.460243,50.034203,50.0469,50.312923,50.08795,50.166485,49.9134,50.052155,50.179367,50.36611,50.233543,50.656513,50.35215,50.32732,50.244682,50.163086,50.465733,50.239353,50.848606,50.316628
42.562553,42.77148,42.92578,42.363552,43.19771,42.546654,42.843716,42.406853,42.60677,42.80685,42.821766,42.901997,42.996994,42.710037,42.829456,42.90832,43.004192,42.630928,42.963593,43.051918,42.795723,43.09299,43.20389,43.403503,42.552902,43.026917,43.34693,42.722965,42.87173,42.887844,43.30968
42.034565,42.172157,41.677933,41.934395,42.00454,41.69176,41.84212,41.96696,42.025417,42.01708,41.852085,42.32952,42.143307,42.09558,41.86678,42.252167,42.31752,42.060047,41.988304,42.32508,42.129093,42.086185,42.291756,42.169342,42.060333,42.1444,42.138878,42.373383,42.14308,42.420437,42.079582
41.892292,41.580578,41.8562,41.59465,41.668053,41.88521,41.439262,41.77948,41.540398,41.680664,41.354385,42.222942,41.994934,42.33756,41.375828,41.369244,41.541767,42.037125,41.655506,41.35636,41.76475,42.204235,41.90534,41.580437,41.85293,41.976273,42.12677,41.709713,41.70994,42.019848,41.75775
60.23559,60.634937,60.64537,60.88507,60.554047,60.928566,60.59075,60.859547,60.73202,60.84681,60.322037,60.431435,61.11487,60.704372,60.578094,60.289272,60.540157,60.791924,60.53705,60.76565,61.082947,61.039116,60.762436,60.816307,61.069317,60.85041,60.812477,61.095715,60.76249,60.817772,60.510395
43.91936,43.9093,44.13188,44.159546,44.034386,44.3887,44.229717,44.409718,44.21388,43.958977,44.131695,44.28319,44.266792,44.29567,44.54091,44.441635,44.388336,44.31616,44.138206,44.452995,44.466354,44.255577,44.39327,44.273888,44.614803,44.610756,44.481625,44.55929,44.34443,44.70841,44.52546
48.602665,48.983036,48.882652,48.93215,49.35401,49.270973,49.063877,48.99885,49.277126,49.512474,49.040558,48.812614,49.324764,49.291355,49.145638,49.36493,48.936436,49.207554,49.2239,49.199005,49.580887,49.250885,48.957817,49.46499,49.011906,49.433296,49.37172,49.580257,49.441795,49.31478,49.28825
57.14417,56.875694,56.827232,56.839493,57.450134,56.91352,57.342537,57.086227,56.90284,57.512104,57.39221,57.355213,57.04816,56.678867,57.27277,57.308746,57.34714,57.11837,57.56714,57.42275,57.238167,57.1529,57.54255,57.499657,56.805,57.13595,57.24422,57.601624,57.271328,57.32371,57.112175
52.87821,52.53724,52.73812,52.78157,53.11206,52.803864,52.769306,52.792988,52.896107,52.916676,52.84551,53.0688,53.068417,53.18779,53.138996,53.205585,53.022644,53.258827,53.35455,53.17477,53.190155,52.796814,53.243042,53.23271,53.202774,53.116066,53.510006,53.015076,53.01427,53.257473,53.542557
51.87283,52.12276,52.223083,52.18729,52.125687,52.033855,52.092426,52.134277,52.090843,52.006607,51.971718,51.845413,52.202293,52.19893,52.267216,52.303432,52.096207,52.055084,52.210938,52.328587,52.363735,52.44892,52.267426,52.36741,52.321705,52.48771,52.369457,52.476784,52.33404,52.431168,52.52447
41.274128,41.31202,41.28032,41.354763,41.214256,41.259617,41.499905,41.328724,41.146336,41.17595,41.179855,41.31461,41.34636,41.236305,41.660683,41.566494,41.555256,41.568596,41.275997,41.755966,41.790264,41.8341,41.41136,41.371902,41.531433,41.49466,41.658585,41.659843,41.80519,41.635025,41.77483
48.939743,49.207546,49.440903,49.069027,49.37033,48.968414,49.128956,48.86701,49.273396,48.877907,49.286613,49.049538,49.333263,49.082207,49.259773,49.596302,49.62803,48.89663,49.339066,49.56989,49.2571,49.273,49.59393,49.848145,49.128498,49.38748,49.753765,49.23945,49.730007,49.504555,49.68194
51.94442,52.1114,52.0737,52.278263,51.87806,52.09521,52.308376,52.189,52.345398,52.33049,52.738052,52.294403,52.0328,52.076263,52.36831,52.190598,52.4023,52.14705,52.370243,52.589996,52.36935,52.390137,52.632473,52.45986,52.847233,52.820984,52.272972,52.683296,52.76315,52.76738,52.595375
55.3879,54.656128,55.224213,55.323124,55.543182,55.715042,55.606964,55.614834,55.15477,55.435078,55.81731,55.364105,55.64062,55.32796,55.744793,55.620697,55.6302,55.565193,55.905575,55.479046,55.46433,55.421112,55.567375,55.86412,55.5919,55.53289,55.92231,55.708965,55.870483,55.643524,55.917847
53.76044,53.5726,53.672142,53.514378,54.03853,54.407543,54.319527,54.27494,54.17511,54.392757,54.341663,54.281666,53.98794,54.022156,54.299793,54.122528,54.351784,54.270676,54.296703,54.01619,54.33013,54.23689,54.547676,54.444397,54.47948,54.429512,54.20525,54.466995,54.210274,54.649525,54.123486
42.988293,42.88592,42.92945,42.37394,43.441467,43.069717,43.11585,42.891903,43.18986,43.282722,43.034946,42.94731,43.005905,43.142048,43.22124,43.26908,43.450714,43.52603,43.467075,43.05164,43.482136,43.73882,43.234875,43.75866,42.90374,43.09021,43.79755,43.058167,43.442593,43.235737,43.4934
37.318443,37.45498,37.246056,36.955143,37.395935,37.29425,37.479675,37.41594,37.251083,37.475555,37.165325,37.43075,37.52622,37.828007,37.358025,37.62468,37.66669,37.56676,37.404842,37.22144,37.514435,38.187527,37.578053,37.72017,37.49686,37.670486,37.68591,37.71223,37.46637,37.74917,37.811012
54.672016,54.60326,54.738632,54.370644,54.865105,54.409264,54.31568,54.26345,54.75325,54.28463,54.620605,54.251907,54.603966,54.435432,54.314816,54.83257,54.83206,54.38733,54.819023,54.674168,54.769917,54.95602,54.804184,55.20382,54.24905,54.53888,55.07695,54.43408,55.359913,54.875305,54.71399
48.12358,47.44572,47.57862,47.59196,48.053467,47.93642,48.234154,48.069263,47.638805,48.00982,48.45641,47.904438,47.776615,47.746605,47.737644,48.53885,47.83896,48.074837,48.454323,47.906807,47.73685,48.080864,47.751694,48.315628,47.66179,48.337982,48.08315,48.359715,48.302853,47.81803,48.25487
39.17831,39.51713,39.122353,39.419548,39.09928,38.83417,38.91463,39.06477,39.29279,39.280525,39.254475,39.423805,39.487408,39.518993,39.897842,39.068386,39.398197,39.318916,39.36279,39.800884,39.60074,39.621025,39.67925,39.510216,39.951256,39.552383,39.55682,39.52825,39.6778,40.01368,40.22919
51.726963,51.55364,51.58374,52.001328,51.69558,51.67593,51.84283,51.82103,51.38062,51.74505,51.76677,51.685795,52.035942,51.791706,51.65242,51.9321,51.661053,51.75968,51.95291,51.911842,51.724575,51.82454,51.787376,51.871452,51.95874,51.959778,51.92419,52.166378,52.038208,51.804256,52.162514
43.519436,43.408463,43.692924,43.614613,43.525368,43.643723,43.799206,43.766216,43.604908,43.54066,43.796463,43.804367,43.44534,43.679688,43.36342,43.968697,43.99151,43.848347,43.87048,43.76366,43.502277,43.54975,43.869076,43.692375,43.75016,44.037605,43.950897,43.97902,43.729923,43.65752,43.681686
54.85263,55.053307,55.005936,55.14816,54.781784,54.93803,55.169075,55.17276,54.974316,55.133247,54.885735,54.98846,55.193153,55.05787,55.59657,55.092323,55.056496,55.35814,55.24436,55.293476,55.49418,55.550243,55.375134,55.354225,55.65543,55.17968,55.259655,55.59683,55.334377,55.40151,55.622967
35.706398,36.30028,36.23913,36.099537,36.166126,35.904984,36.213814,35.673515,35.876614,36.10642,36.247692,35.948986,36.173912,35.94851,36.121655,36.197678,36.099648,35.86997,36.055183,36.72404,36.227753,36.18181,36.306595,35.99005,36.123497,36.617027,36.055687,36.265343,36.3067,36.15734,36.49091
53.17424,54.162514,53.991913,54.252598,53.546684,54.21006,53.97417,54.44091,54.70218,53.917507,54.020237,53.52977,54.023735,54.198112,54.461884,54.48108,54.423244,53.838886,53.804417,54.40371,54.510525,54.072533,54.298153,54.288094,54.827927,54.73314,53.853783,55.0334,54.23635,54.919266,54.05631
47.035442,46.439972,46.49901,46.956726,46.930977,46.814453,46.85457,46.822147,46.92053,47.21612,47.182545,47.32933,46.850582,47.073032,47.23596,47.04154,47.098076,47.570114,47.346558,47.328674,47.473633,46.906025,47.163174,46.91706,47.271706,47.04976,47.434673,47.19473,47.355038,47.37841,47.378403
41.62566,41.62202,41.507202,41.491222,41.673912,41.652325,41.752728,41.584896,41.63168,41.78855,42.06745,41.698742,41.598392,41.527958,41.804535,41.864304,41.703663,41.709476,41.95572,41.979454,41.746616,41.79512,41.78488,41.887688,41.772438,42.093742,41.728836,42.001503,42.2275,41.91461,42.070015
45.783268,46.054348,45.802696,45.8862,45.762695,46.01125,46.095387,46.133957,46.188103,46.176834,46.103302,46.020947,46.02361,45.986187,46.14966,45.976116,46.119675,46.339005,46.117855,46.177185,46.35765,46.55004,46.268158,46.382088,46.562183,46.32865,46.17202,46.40039,46.31978,46.322426,46.298603
43.63687,43.694447,43.90638,44.05327,43.649315,43.996506,43.780853,43.944595,44.066925,43.85267,44.006573,44.315117,43.972282,44.422466,43.880093,44.17725,44.13118,44.07246,43.94525,44.19299,43.956936,43.55114,44.159847,43.796967,44.451866,44.637985,44.22989,44.365074,44.10533,44.41936,44.23291
39.90215,39.828045,40.264908,40.361088,39.66884,40.034946,40.192024,40.186565,39.951176,39.985752,40.21163,40.4383,40.091248,40.36725,39.8389,40.20258,40.31692,40.371292,40.070602,40.09344,40.054794,40.256252,40.317734,39.99639,40.39213,40.42015,40.48105,40.49438,40.22212,40.18104,40.20131
45.57808,45.261562,45.628197,45.54753,45.589638,45.735237,45.77273,45.917778,45.662987,45.677006,45.83352,45.94216,45.64034,46.02155,45.8826,46.36644,46.051147,45.88121,46.07471,45.53576,45.6078,45.46799,45.98395,45.94394,45.724045,45.862114,46.004658,46.32858,45.856415,46.08863,45.92982
52.499634,52.05457,52.305626,52.524967,52.685394,52.391224,52.448433,52.47958,52.3757,52.42669,52.183834,52.928577,52.82043,52.787266,52.80022,52.63419,53.074245,52.895298,52.73549,52.745434,52.96823,52.51835,53.2792,52.772125,52.981308,52.259476,53.315487,52.4809,52.46964,53.141647,52.96933
51.887085,52.07812,51.99897,52.02984,52.12937,52.230087,52.062004,52.135628,52.22209,52.190952,52.382236,51.73558,52.26371,51.72299,52.30763,51.925335,52.178642,52.117683,52.396915,52.440834,52.31117,52.311184,52.32758,52.511543,52.373783,52.247948,52.11229,52.322376,52.53881,52.25531,52.26141
51.76384,52.00511,52.198097,52.186565,51.76264,52.09289,51.759094,52.355686,52.33522,51.949364,51.97491,52.076008,52.3273,52.54245,51.96303,52.215725,52.187363,52.043667,52.15623,51.770195,51.97855,52.14076,52.40904,52.445778,52.414524,52.301895,52.23253,52.615948,52.069736,52.519966,52.06058
66.43549,65.879845,66.06168,66.01818,66.45206,66.5576,66.021774,66.454926,66.46442,66.04206,66.12343,66.21775,66.374954,66.24629,66.262245,66.31436,66.49027,66.450935,66.62237,66.36445,66.50646,66.232315,66.55662,66.6617,66.5716,66.39595,66.70923,66.2583,66.67045,66.76785,66.34741
36.06627,36.54045,36.204796,35.66571,35.99155,36.269867,36.113182,36.10846,36.3955,36.049263,36.06425,36.03564,35.939835,36.190025,35.8813,36.059013,36.300182,36.241405,35.936657,36.24998,36.28565,37.0517,35.919426,36.439735,36.251312,36.891396,36.42304,36.317142,36.900856,36.361584,36.362103
48.184074,47.80103,48.165802,48.627586,47.8077,48.1227,48.26413,48.234337,48.047775,47.921486,48.58075,48.38335,48.165993,48.25068,48.36756,48.26776,48.059498,48.346897,48.236855,48.59624,48.512756,48.47828,48.404354,48.15413,48.947933,48.796776,48.561646,48.414085,48.71863,48.704163,48.898045
50.29624,50.1833,50.146164,50.044765,50.334785,50.459694,50.555206,50.38521,50.481876,50.72478,50.526302,50.937378,50.56339,50.53802,50.603947,50.66472,50.735226,50.724346,50.72476,50.29111,50.680576,50.490475,51.13925,50.900146,50.72949,50.288475,50.665115,50.76457,50.764908,50.97252,50.571407
57.659225,57.648777,57.586,57.88201,57.8256,57.73887,58.048424,57.689827,58.00268,58.125465,58.354454,58.140675,57.72202,57.498814,57.937317,57.656246,58.102886,57.979145,58.12705,58.424915,58.31072,57.98768,58.636524,58.189636,58.589153,58.23906,58.139812,57.942272,58.28262,58.4151,58.165638
48.81322,48.688534,49.119194,49.019962,49.17151,49.212997,49.307045,49.21476,49.018963,49.151268,49.36782,48.976875,49.053387,48.756634,49.52926,48.926502,49.1484,49.31994,49.43445,49.30396,49.416878,49.47737,49.47409,49.52723,49.442623,49.257553,49.551342,49.19341,49.237453,49.262188,49.528744
41.84443,41.70059,41.841057,41.85858,41.66279,42.002,41.950653,42.209385,42.225307,42.166733,42.4486,42.0911,41.74841,42.13098,42.38695,42.012505,42.027145,42.556236,42.497288,42.05416,42.135742,42.22019,42.187695,42.300972,42.597336,42.45176,42.25282,42.433586,42.218277,42.260952,42.518116
50.859642,51.381546,51.309242,51.163998,51.31858,51.300663,51.51178,51.370502,51.241245,51.60406,50.943996,51.31705,51.74824,51.640644,51.794735,51.509,51.762592,51.404472,51.36703,51.34863,51.667675,51.829803,51.77662,51.882713,51.641266,51.34514,51.740818,51.97252,51.496605,51.80506,51.81547
42.50308,42.265247,42.48008,42.413433,42.705666,42.542675,42.370102,42.466156,42.630383,42.644978,42.607178,42.86271,42.79407,43.016293,42.72479,42.93285,42.65206,42.85288,42.898525,42.531143,42.765804,42.548,42.806168,42.96424,42.61342,42.68392,43.157177,42.78331,42.86618,42.976524,43.061
43.686672,44.12584,43.903496,44.070145,43.877617,44.194466,43.96314,44.288383,44.08967,44.231857,43.77409,44.254646,44.20267,43.957294,44.42942,43.666904,44.12786,44.131306,43.83137,44.278732,44.44327,44.264797,44.378345,43.969337,44.388126,44.16755,43.979805,44.5662,44.04043,44.57824,43.880173
51.18982,50.699764,50.68461,50.884033,51.211792,50.865448,51.12254,51.007164,50.910507,51.159805,51.439922,51.259182,51.250214,51.055733,51.347084,51.42057,51.32783,51.163284,51.6572,51.192966,51.087425,51.099586,51.539036,51.780304,51.337547,51.055252,51.528915,51.26973,51.563255,51.499165,51.842888
48.437332,48.691147,48.413948,48.239853,48.886314,48.76043,48.76969,48.42926,48.618645,48.73154,48.25118,48.649033,49.077637,48.477608,48.729843,48.767563,48.614777,48.91444,48.606487,48.865578,49.233643,49.177692,48.770195,49.28096,48.723064,48.57702,49.1624,48.619762,49.146713,48.759705,49.028236
35.87345,35.878242,35.569923,34.872585,35.647198,35.79149,35.50348,35.77136,36.08927,35.428764,35.89049,35.508472,35.20698,35.52923,35.45275,36.167862,35.74988,35.77301,36.047096,35.408554,35.46315,35.974075,35.532215,36.27587,35.38009,36.01705,35.695038,35.815464,36.465405,35.83523,35.72208
53.522797,52.988934,53.376648,53.187504,53.30208,53.572098,53.472553,53.557224,53.24811,53.148148,53.54051,53.252007,53.305256,53.32272,53.195267,53.714794,53.10674,53.53861,53.79141,53.039547,53.320953,53.62812,53.421833,53.75177,53.42717,53.53485,53.600166,53.51225,53.86251,53.425697,53.615025
44.857517,44.62768,44.40248,44.8256,44.938377,44.964245,44.809227,45.21574,44.90284,44.897522,44.7069,44.738655,44.745552,44.94593,45.11653,44.881264,44.92026,45.265564,44.93461,45.241814,45.38948,45.286537,44.74012,44.80445,45.2655,45.369156,45.142788,45.22616,44.88494,45.33403,45.17798
56.004284,55.683655,55.623253,55.555996,55.74299,55.860603,55.58895,55.99642,56.050465,55.748074,55.83036,56.106087,55.736095,55.8215,55.89982,55.618053,55.90336,56.027287,56.015713,55.820854,56.09724,56.235832,56.286644,56.183533,56.271576,56.05487,56.092888,55.901966,56.153614,56.51698,55.93487
52.50394,52.28242,52.397316,52.95262,52.155342,52.687656,52.607334,53.101723,52.71657,52.155823,52.31368,52.62872,52.364185,52.743687,52.51421,52.93384,52.939007,52.938507,52.44192,52.904964,52.993458,52.60177,52.814144,52.20291,53.30062,53.01957,52.72709,53.08578,52.505566,53.16908,52.45222
50.802273,50.64091,50.84221,50.771027,51.159576,51.06261,51.21723,51.028137,50.772633,50.99156,51.15106,50.898857,51.014797,51.030994,51.071117,51.31437,51.077206,50.85129,51.13511,51.184933,51.097435,51.217403,51.15116,51.22442,51.114685,51.587715,51.23498,51.32211,51.144485,51.37523,51.443295
50.89374,51.155266,51.805794,51.22911,51.515747,51.995335,51.6471,51.702927,51.447224,51.308125,51.233173,51.246,51.90376,51.634792,51.406864,51.560505,51.583817,51.553265,51.421467,51.39423,51.498215,51.69708,51.59784,51.83071,51.63919,51.92009,51.88808,51.703243,51.246605,51.381237,51.521893
53.380558,53.083126,53.135246,53.25959,53.341812,53.657993,53.2461,53.464306,53.517612,53.471092,53.500595,53.15251,53.455273,53.47127,53.40754,53.171406,53.373653,53.766068,53.686695,53.426872,53.763897,53.778133,53.435875,53.61013,53.869766,53.62908,53.69716,53.454765,53.940174,53.702606,53.673244
42.066853,42.428352,41.832474,41.8216,42.037308,41.69103,41.993546,41.904152,41.87777,42.186764,41.69999,42.12126,41.958096,41.918423,42.31591,41.88302,41.979214,42.282784,42.045982,42.61115,42.365913,42.639412,41.97739,42.07933,42.181286,42.476807,42.18377,42.40434,42.291157,42.191353,42.561016
50.260887,50.087997,50.32926,49.98805,50.58261,50.395565,50.23248,50.2396,50.576286,50.46955,50.403053,50.725487,50.360073,50.434376,50.539864,50.478077,50.758686,50.661495,50.799213,50.463367,50.606087,50.181835,51.06324,50.757263,50.485836,50.32968,50.855186,50.376404,50.501453,50.817497,50.47253
46.943436,46.600414,46.503105,46.19002,47.452873,46.84983,46.967243,46.466385,46.418507,46.99231,46.70047,46.443527,47.04697,46.581196,47.38795,47.127876,46.989174,47.0974,47.293232,47.30945,47.332996,47.19774,46.7893,47.12947,46.459114,46.693123,47.176205,46.818584,47.31286,46.881226,47.510605
50.024136,49.71338,49.983818,50.017246,50.309402,50.574158,50.47344,50.353954,50.125385,50.44574,50.547676,50.068428,50.403698,50.109623,50.3519,50.259434,50.09232,50.5528,50.59066,50.203186,50.519283,50.55455,50.345295,50.638763,50.51861,50.422638,50.51752,50.397484,50.525787,50.296288,50.56626
41.242577,41.12047,41.181465,41.160652,41.668648,41.27506,41.383945,41.21946,41.12733,41.622066,41.45218,41.301376,41.527203,41.48906,41.373554,41.631668,41.167377,41.523945,41.79305,41.314003,41.40154,41.49133,41.312874,41.787216,41.13464,41.480812,41.78079,41.589622,41.598522,41.294346,41.90231
40.62232,40.75733,41.038162,40.747738,41.225937,40.825924,40.834286,40.52482,40.83586,40.987606,40.756504,41.209248,41.19182,41.258224,40.660057,41.157475,40.925503,40.887913,40.76842,40.978634,41.242348,41.156803,41.122894,41.12574,40.57178,41.163673,41.523647,40.959606,41.04951,41.20582,41.07092
52.886463,52.79184,53.429977,53.11952,53.314583,53.41341,53.088657,53.133984,53.14922,53.231327,53.524914,53.215878,53.583622,53.2977,53.48041,52.974594,53.221596,53.122383,53.585888,53.249916,53.138607,53.147022,53.685505,53.677048,53.522045,53.485916,53.624424,53.25442,53.376522,53.468636,53.68923
42.02962,42.189873,42.107338,41.6845,42.096085,42.408516,42.057957,42.345165,42.71395,42.387733,42.473907,42.274113,42.149185,42.647896,42.162273,42.374332,42.518948,42.498074,42.539837,41.972248,42.252514,42.5416,42.537594,42.75769,42.59517,42.71952,42.427063,42.53084,42.514427,42.71582,42.398506
43.083477,43.2613,43.305252,43.266106,43.015823,43.251892,43.29433,43.412807,43.322845,43.06749,43.364315,43.30711,43.36575,43.300804,43.634724,43.51007,43.590244,43.28621,43.39436,43.444542,43.333435,43.46547,43.631714,43.66974,43.713516,43.496147,43.51448,43.68075,43.700275,43.73772,43.763233
46.82093,46.570244,46.5776,46.18023,47.237015,46.372593,46.78882,46.190235,46.215263,46.765938,46.276222,47.123276,46.723106,46.791386,46.47035,46.9447,46.897293,46.72485,46.74664,46.960472,46.936115,46.921577,47.076653,46.68554,46.226143,46.813248,47.19672,46.57195,46.668064,46.93715,46.93895
43.394558,43.41616,43.123947,43.49538,43.15503,43.373795,43.320305,43.65302,43.876923,43.712612,43.78207,43.655113,43.323334,43.66841,43.961964,43.466866,43.69013,44.05618,43.927746,43.725235,43.89357,43.68176,43.919903,43.79908,44.373302,43.75609,43.7116,43.90351,43.860474,44.117462,44.039215
47.26233,47.442368,48.121582,47.55485,47.72061,47.46239,47.48942,47.08604,47.759747,47.732655,47.631252,48.09683,47.929577,48.004566,47.815823,47.59827,47.711384,48.06024,47.80248,47.946186,48.098873,47.870953,48.15466,48.050888,47.810223,47.913307,48.609657,47.551525,47.825905,47.789093,48.22471
46.797653,46.821617,46.749756,47.02632,46.588943,46.821228,46.853283,47.033886,47.10417,46.842937,47.155518,46.882183,46.80428,47.04836,47.172848,47.13571,47.101433,47.15105,47.23239,47.150875,47.14259,46.984177,47.336735,47.07743,47.642937,47.243355,46.994568,47.294624,47.257355,47.463707,47.381245
50.986897,50.756184,50.582153,51.170856,50.8188,51.0558,51.05392,51.327896,51.026043,50.822754,51.006687,51.024254,51.132355,51.215332,51.01195,51.227196,51.14923,51.15133,51.083855,51.155586,51.297523,51.269707,51.37107,51.22265,51.88058,51.39183,51.240765,51.262276,51.204655,51.697636,51.493607
44.59033,44.75841,44.186066,44.91982,44.654297,44.696888,44.997433,44.943604,44.524857,45.15247,44.59116,44.933903,45.12257,44.993248,45.142796,45.041473,44.90598,45.1326,44.73584,45.379242,45.244926,45.001743,44.74977,44.67608,45.301502,45.2155,44.81466,45.63375,44.85564,45.142532,45.301342
52.76407,53.306015,53.14737,53.501568,52.828156,52.856987,53.31773,53.266666,53.305054,53.306084,52.901085,53.31098,53.279007,53.513123,53.57802,53.716812,53.464306,53.496517,53.364666,53.452435,53.661556,53.206642,53.88383,53.362434,53.910694,53.255257,53.317066,53.961082,53.15383,53.73268,53.587574
54.608997,54.691544,54.751526,54.46391,54.6874,54.678574,54.60435,54.789814,55.018677,54.689613,54.797222,54.584953,54.68122,54.87063,55.05522,54.974255,55.195293,54.75493,55.056606,54.736183,54.984783,55.067493,55.29633,55.254715,55.015114,54.83912,54.956505,55.091656,55.12284,55.446095,54.9766
47.728523,47.917244,47.799133,48.32443,48.36154,48.103554,48.402744,48.286118,47.885525,48.298943,47.892822,47.76377,48.63272,48.04763,48.67012,48.531254,48.404507,48.375732,48.400616,48.53626,48.618187,48.254814,48.356186,48.59337,48.425518,47.88996,48.53476,48.620197,48.136158,48.24612,48.732056
51.375885,50.84956,51.01664,51.28015,51.517616,51.35869,50.960236,51.234123,51.07086,51.115154,50.907257,51.37714,51.68415,51.385323,51.350285,51.148155,51.20884,51.514183,51.346115,51.416927,51.676346,51.37939,51.345417,51.40441,51.354137,51.124886,51.8795,51.146095,51.514683,51.60953,51.568146
43.1812,43.15769,42.814568,43.04028,43.384323,43.02304,43.16214,43.109447,43.21606,43.340164,43.281273,43.08695,43.218678,43.167667,43.542953,43.414886,43.468006,43.3718,43.520855,43.561153,43.61324,43.47234,43.472866,43.543297,43.412262,43.257355,43.469925,43.422832,43.62795,43.696022,43.738937
47.74053,47.89516,47.649414,47.917385,47.954765,47.753555,47.678864,47.80312,47.96729,48.029716,48.324688,47.54846,48.08075,47.72133,48.26284,47.886295,47.983597,47.693924,48.26519,48.26774,48.009914,47.978996,48.086636,48.35457,48.102863,48.06524,47.890564,48.253937,48.48387,48.31878,48.389957
40.856297,41.100555,41.276115,40.698116,40.868073,41.280586,41.04981,41.266315,41.212917,40.91062,40.857178,41.114933,41.036224,41.46766,40.927025,41.266014,41.316296,41.253403,41.090496,40.836792,40.94587,41.44363,41.12487,41.34704,41.24162,41.60681,41.41917,41.431564,41.26176,41.258514,41.24329
51.673203,52.143494,52.24646,51.93323,51.95723,51.92515,51.922737,51.89752,52.265003,51.977695,52.08008,51.700535,52.145485,52.555447,52.15351,52.435444,52.20566,52.02473,52.447094,52.16519,52.023537,52.116264,52.397743,52.51432,52.60122,52.68892,52.319374,52.383167,52.294228,52.396976,52.83489
47.10259,47.23115,47.080933,47.347282,46.907562,47.054604,46.908688,47.40118,47.17417,47.161003,46.82248,47.300842,47.35965,47.70769,47.016262,47.11136,47.092327,47.402462,47.11319,47.167805,47.244347,47.56526,47.11776,47.203423,47.588062,47.68264,47.45417,47.697365,47.17703,47.476818,47.460575
31.833084,32.27472,31.574013,32.118793,31.320576,31.82215,31.592913,32.177116,32.166622,32.13506,31.693716,32.207523,31.707464,32.165085,31.823866,31.692326,31.603966,32.3843,31.760017,31.91828,32.125393,32.244957,31.537071,31.749798,32.318058,32.33159,31.905437,32.635345,32.450897,32.1649,31.969408
42.843742,42.461704,42.575966,42.69919,42.45662,42.314327,42.55894,42.30741,42.59405,42.77819,43.224407,43.429276,42.47857,42.767418,42.995888,42.55213,42.750484,42.87496,42.87721,43.20889,42.993942,42.803387,43.289684,42.53003,43.15693,43.17134,42.922592,42.806023,43.18034,43.435703,43.263332
50.42522,50.282093,50.890625,50.80245,50.600334,50.665604,50.61643,50.668415,50.772736,50.4594,51.121876,50.796314,50.796864,50.720936,50.84618,50.77842,50.8959,50.706463,51.125263,50.876534,50.591923,50.436596,51.34669,51.149597,51.23922,50.99095,51.16681,50.709488,50.82062,50.992268,51.221756
48.3019,48.49864,48.4973,48.212772,48.18495,48.710148,48.37196,48.78789,48.845463,48.57431,48.686047,48.710464,48.43718,48.574875,48.788193,48.41789,48.726635,48.571175,48.551327,48.507027,48.577923,48.811356,48.734398,48.84764,48.837566,49.019363,48.5637,49.121593,48.919594,49.106567,48.518646
56.62373,56.10885,56.92199,56.39182,56.803673,56.91981,56.542377,56.74397,56.66654,56.3968,56.598923,56.802696,56.87567,57.138,56.288532,56.96878,56.994293,56.719097,56.878124,56.30205,56.557976,56.7049,57.05385,56.968895,56.577614,56.882362,57.25624,56.71112,56.66001,56.98181,56.59361
48.256718,48.069206,48.41153,48.315006,48.714752,48.211906,48.7919,48.317753,48.64565,48.583134,49.091934,48.649143,48.485703,48.50485,49.01192,49.291332,49.024696,48.779594,49.12639,48.975372,48.910397,48.541588,49.31761,49.272957,48.858562,48.724304,49.133,48.72328,48.630436,48.996964,49.32576
45.25897,45.73307,45.82454,45.27335,45.449104,45.43877,45.394993,45.317528,46.02829,45.379436,45.577175,45.462822,45.582745,45.613907,46.185658,45.699837,45.900013,45.816162,45.72854,45.924564,46.106075,46.19105,45.93045,46.391975,46.023075,45.83676,46.295383,45.643555,46.337505,46.097298,46.39689
46.18581,46.09715,46.079506,45.942673,46.081146,46.11932,45.821182,46.18584,46.33424,46.012558,46.267086,46.279533,46.175583,46.2154,46.410816,45.79028,46.293926,46.199726,46.260944,46.296093,46.36011,46.656174,46.563557,46.51989,46.640495,46.491035,46.483833,46.132656,46.49908,46.851788,46.567986
52.676247,52.447144,52.667244,52.822327,52.502174,52.931133,52.945953,53.356693,53.025475,52.59621,52.905815,53.069145,52.584625,53.112343,52.80595,53.425648,53.026417,52.892063,52.971573,52.56767,52.90547,52.812263,53.41299,53.021133,53.405487,53.24739,52.888424,53.39988,52.728626,53.634655,52.828865
51.594147,51.596546,51.351906,52.005352,51.599434,51.378735,51.664745,51.615925,51.82096,51.815327,51.82998,51.93592,51.512684,51.52143,51.681465,51.764935,51.79997,51.82139,51.72846,52.17964,52.243176,51.85252,52.00111,51.843857,52.062176,51.92663,52.062172,52.031742,52.225445,52.266632,51.90172
46.985996,47.16179,47.31185,47.042797,46.896744,47.366787,47.08393,47.16399,47.568855,47.050102,47.555565,47.73774,47.231785,47.24002,47.0451,47.036835,47.445347,47.102295,47.073944,47.360382,47.233494,47.326443,47.758324,47.580933,47.769234,47.854424,47.515,47.29165,47.77019,47.86664,47.30292
44.593647,45.099133,44.929855,44.735073,44.764824,44.999634,45.10295,44.829422,44.78511,44.8866,44.739277,44.927773,45.194695,44.578655,44.745296,44.925926,45.150894,44.91858,44.8101,45.1356,44.90898,45.05395,45.110214,45.19069,44.955853,44.92131,44.97916,45.184017,45.296963,44.75875,44.84946
41.341015,41.427483,41.94052,41.697094,40.93814,41.867725,41.480392,42.025684,41.841274,41.32116,41.62319,41.824566,41.37523,42.089397,41.171505,41.587475,41.59584,41.95082,41.522522,41.326084,41.409954,41.712948,41.729618,41.291565,42.127144,42.375885,41.637882,42.057686,41.393536,41.742043,41.317204
55.46384,55.461323,55.777596,55.349884,55.693092,56.0486,55.79848,55.874073,55.816082,55.961143,55.639004,55.622074,55.796078,55.8076,56.167473,55.65595,55.837822,56.123737,55.976177,55.67281,56.179325,56.21503,55.97185,56.001442,55.936504,55.88243,55.970516,56.154392,55.93107,56.043255,55.823517
41.577797,41.45819,41.637573,41.63391,41.20558,41.713028,41.39544,41.75478,41.7196,41.443882,41.94471,41.829567,41.46274,42.114628,41.331074,41.546978,41.673172,41.658188,41.57269,41.767704,41.475613,41.726322,41.74823,41.223343,42.18942,42.685524,41.534145,41.96514,41.674534,42.14942,41.74737
42.15517,42.02382,42.117043,42.23977,41.982903,42.24933,42.443256,42.369804,42.382946,42.245335,42.657646,42.586445,42.101692,42.146004,42.169495,42.361507,42.890972,42.58092,42.34949,42.59829,42.413136,42.46512,42.678272,42.4253,42.68826,42.585587,42.61831,42.56401,42.607277,42.577415,42.313766
45.658722,46.01018,45.681786,46.000423,45.82482,45.334633,45.727825,45.53455,45.472656,45.726788,45.479645,45.907104,46.156918,45.68384,46.016438,45.851086,46.140472,45.691925,45.826164,46.40173,45.92112,45.759666,46.230515,45.95125,45.99093,45.674004,46.05056,46.056576,46.000294,46.032215,46.295296
51.51307,51.740208,52.010086,51.499348,51.79576,51.835415,51.723186,51.783375,52.038757,51.613018,51.844337,51.46666,51.711224,51.63635,52.104805,51.829876,52.009724,51.875748,52.057213,51.972496,52.008274,52.206425,52.03248,52.40705,52.003704,52.090263,52.244926,51.92045,52.202427,52.029312,52.197765
48.433487,48.033897,48.08062,48.22447,48.428917,48.384464,48.200996,48.361835,48.108288,47.84983,47.73192,47.93121,48.584236,48.224827,47.8447,48.42617,48.35039,48.597134,48.36435,47.98461,48.580215,48.82673,48.277847,48.767967,48.282864,47.729645,48.971848,47.934998,48.736732,48.231075,48.424145
45.768314,46.406242,46.008255,46.32761,45.981277,46.125034,46.06528,46.29518,46.40853,46.248158,46.221424,46.044666,46.208828,46.294662,46.722862,46.186886,46.279068,46.17088,46.371815,46.800068,46.391384,46.029274,46.56016,46.268173,47.10727,46.88259,46.083664,46.719624,46.316174,46.7987,46.84878
47.764027,47.854595,47.869713,47.53458,47.8527,47.71034,47.88576,47.606632,47.733643,47.835888,47.819344,47.86294,48.01447,47.941547,47.728336,48.40928,48.04466,47.887787,48.07354,47.91801,47.790043,47.90145,47.92318,48.21895,47.571003,47.965866,48.064312,48.251476,48.337074,47.848213,48.09428
38.875412,38.766293,38.895447,38.488323,38.866783,38.90236,38.78187,38.91798,38.88371,38.823956,39.127808,38.911606,38.807976,39.013344,39.069614,38.97082,39.02268,38.945385,39.135193,38.902943,38.798042,39.238136,38.984447,39.183647,38.92254,39.350273,39.10837,39.1324,39.188988,39.200844,39.304768
49.62247,49.76958,49.59417,50.099926,49.834846,49.522484,49.54602,49.647224,49.785637,49.710514,49.661755,49.446533,49.901775,49.614014,50.13897,49.758778,49.89036,49.903606,49.995804,50.386986,50.286602,49.819782,49.995163,49.89151,50.127262,49.71717,50.053745,49.94426,50.142056,50.111767,50.23748
39.409332,39.432903,39.416832,39.353832,39.419823,39.165432,39.398315,39.12532,39.679478,39.54423,39.77363,39.68806,39.297276,39.685432,39.49017,39.81029,39.709755,39.851295,39.907486,39.72285,39.71797,39.560066,39.891716,39.839622,39.802967,39.730766,39.99565,39.529747,40.020325,39.786205,40.112106
43.257042,42.821404,43.15975,43.000515,42.987343,43.31231,43.13446,43.405754,43.0275,43.00508,43.317642,42.976486,42.948185,43.33524,43.33539,43.09871,43.1051,43.476845,43.395,43.152668,43.21729,43.79055,42.9104,43.21122,43.4321,43.788605,43.529312,43.435448,43.53815,43.350258,43.715107
46.756607,47.33422,47.308296,47.51535,47.227547,46.985844,47.145382,47.03728,47.304527,47.30977,47.419537,47.055214,47.595238,47.315548,47.33398,47.693855,47.401497,46.981186,47.409054,47.62639,47.276947,46.976276,47.48196,47.633324,47.26532,47.43908,47.364136,47.83313,47.57003,47.434105,47.579887
47.24098,47.075314,46.863358,47.07925,46.823586,46.764923,46.927513,47.00422,47.13256,46.98931,47.536057,47.236977,46.70666,46.791306,46.990063,47.012894,47.21369,47.026787,47.27057,47.47093,47.064617,47.229046,47.288563,47.149635,47.320267,47.529945,47.085335,47.34134,47.70536,47.496075,47.27139
50.937653,51.07193,51.385475,50.584145,51.589912,51.283722,51.50154,50.93601,51.021885,51.2255,50.927418,51.209267,51.40036,51.251945,50.838623,51.467186,51.46607,51.32891,51.433765,51.124706,51.240242,51.497265,51.71099,51.713448,51.062656,51.33268,51.724552,51.03883,51.082783,51.053474,51.363922
52.125145,51.904366,51.298416,51.94448,51.82737,52.142822,52.102875,52.373817,52.37637,52.283833,52.261772,52.361794,52.093243,51.919003,52.24845,52.29034,52.53824,52.4072,52.15625,52.301975,52.63987,52.28787,52.513245,52.385056,52.631264,52.016983,52.04225,52.62752,52.63695,52.929607,51.94806
47.690945,47.319542,47.631783,47.71121,47.834785,48.03787,48.037388,47.993187,47.62286,47.571407,48.010693,47.662075,47.955387,47.709866,47.66803,48.318447,47.769123,47.82711,48.02354,47.741287,47.77323,47.86379,47.793568,48.255653,47.89314,48.047302,48.156116,48.006283,48.18549,47.863785,48.1653
34.050365,34.130547,33.618412,33.77943,33.87249,34.021866,33.98795,34.153088,34.276978,34.058495,33.95218,34.47458,33.97944,34.199486,34.121983,34.3525,34.530922,34.485977,34.003803,34.42471,34.354744,34.170723,34.205708,34.117416,34.383194,34.376198,34.276974,34.444077,34.37777,34.554253,34.20497
36.953037,37.410614,37.48635,37.500343,36.873604,37.35284,37.337456,37.902603,37.56211,37.026535,37.29278,36.8694,37.301308,37.67786,37.47401,37.740105,37.6168,37.567448,37.50308,37.24092,37.260605,37.684566,37.515583,37.55706,37.94213,37.73918,37.3266,37.989975,37.061165,37.51409,37.594913
48.70574,48.72584,48.847023,48.811604,48.967873,48.821007,49.0088,48.90385,48.83025,48.71448,48.81785,48.52085,49.00895,48.98023,49.038235,49.459133,48.984035,49.094856,49.25833,49.076077,49.041245,49.105232,48.89924,49.44404,49.112026,49.15441,49.415573,49.150593,49.214275,48.909412,49.655907
41.906536,41.9267,42.422752,41.958965,41.833862,42.237396,42.45909,42.1808,42.279102,42.055637,42.630596,42.48388,41.926212,42.191486,42.022915,42.520298,42.281162,42.47582,42.318066,42.338932,42.079468,42.401077,42.255768,42.512253,42.442844,43.032227,42.6563,42.518852,42.535007,42.10583,42.56426
54.326077,54.340637,54.053627,54.62488,54.410973,53.984734,54.203625,54.329563,54.116783,54.321636,53.842506,54.67862,54.793167,54.499702,54.34857,54.51645,54.583366,54.4364,54.361244,54.7461,54.59368,54.237617,54.792385,54.46187,54.61161,54.22625,54.6889,54.700478,54.25783,54.73139,54.58867
54.363556,54.31688,53.856102,54.20448,54.086823,54.44669,54.288376,54.82821,54.343884,54.24815,54.017593,54.12574,54.29452,54.35069,54.542763,54.564236,54.46954,54.548546,54.57819,54.409355,54.414516,54.335457,54.453617,54.357155,54.87015,54.51705,54.067196,54.962906,54.414265,54.75441,54.43289
50.783386,50.686916,50.727737,50.906223,50.860016,50.611797,50.902702,50.741867,50.666744,50.99144,50.68319,51.101875,51.10624,51.103626,51.014114,51.034824,50.901833,51.07953,50.9247,50.93616,51.37462,51.35381,51.328583,51.071716,51.079952,50.814674,51.238434,51.155373,50.986755,51.36562,51.2217
45.462128,45.289745,45.42592,44.969532,45.704224,45.416748,45.18778,45.095253,45.408436,45.393124,45.21753,45.44456,45.405468,45.322456,45.466972,45.2985,45.33553,45.69495,45.575592,45.529316,45.848167,45.82488,45.492382,45.646103,45.134144,45.394913,45.914772,45.200867,45.845226,45.570236,45.581642
48.77984,48.43143,48.576424,48.487198,49.06006,48.791454,49.138924,48.58912,48.617783,49.05794,49.254383,49.38457,48.975975,48.66334,48.74833,49.03345,49.328655,48.747684,49.056393,48.949352,48.925873,48.88634,49.602615,49.321587,48.843086,48.82431,49.24694,48.895138,49.257954,49.32648,49.01453
45.374374,45.56236,45.99259,45.562443,45.723503,45.58139,45.87453,45.364067,45.40979,45.76776,45.975185,45.75778,45.80232,45.492565,45.724735,45.49647,45.781433,45.621826,45.815765,45.996162,45.714527,46.01135,46.11468,45.880608,45.717056,46.022125,45.963005,45.76139,45.82976,45.654503,46.00013
41.241398,41.521008,41.292076,41.201416,40.91291,41.37071,41.180317,41.52527,41.643227,41.134624,41.30988,41.40217,41.23954,41.48143,40.80862,41.41869,41.4808,41.55937,41.230072,41.347668,41.225113,41.674057,41.230957,41.52408,41.62793,41.93557,41.470333,41.690277,41.67242,41.399284,41.247784
47.33469,46.861614,47.00762,47.05603,47.323708,47.159004,47.409416,47.067677,46.794304,47.215885,47.41891,47.072323,47.219864,46.979565,47.131573,47.426723,47.10218,47.382046,47.52294,47.363564,47.3459,47.54109,47.146732,47.354218,47.063683,47.310493,47.451145,47.32129,47.692745,47.118965,47.590046
47.41354,46.534588,46.8313,47.35316,47.19538,47.412518,47.180588,47.502934,47.179596,47.01018,47.16159,47.682198,47.341446,47.564373,47.131023,47.685837,47.232353,47.763382,47.35654,47.233383,47.638695,47.156635,47.363785,47.22734,47.58328,47.36239,47.821873,47.36524,47.397655,47.733395,47.45042
51.67575,51.7997,52.067505,52.09044,51.93599,51.98065,52.005688,51.95175,52.182884,52.22914,51.98227,52.110912,52.232086,52.717274,52.47386,52.42311,52.26865,52.5349,52.4229,52.338947,52.435616,52.054314,52.334614,52.302544,52.71285,52.57071,52.669796,52.55961,52.213978,52.458447,52.91623
37.747196,38.137974,37.549866,37.899014,37.729576,37.705894,38.00562,37.782238,37.98312,38.093323,38.422913,37.87662,37.838223,37.428856,37.86948,37.942825,37.8363,37.88843,38.051785,38.3758,37.989246,38.14444,37.914764,38.33593,38.15598,38.28797,37.865997,38.259182,38.687965,37.97501,38.296783
50.142464,50.587917,50.698784,50.17884,50.24243,50.427605,50.51423,50.305435,50.90527,50.645863,50.445034,50.883785,50.39199,50.840828,50.4653,50.585876,51.03227,50.85474,50.496445,50.658043,50.91317,50.90938,51.168373,50.762413,50.952187,50.949303,50.916595,50.814903,50.723072,51.036007,50.548107
49.773678,49.414043,49.487938,49.53349,49.343376,49.77955,49.29289,50.09257,49.48055,49.166374,49.01218,49.53545,49.580425,49.982773,49.44623,49.534603,49.331337,49.843372,49.520576,49.32842,49.639217,49.99956,49.451153,49.354416,49.93469,49.996758,49.665207,49.8532,49.422607,49.948772,49.62208
46.833477,46.97808,47.031944,46.833607,47.173782,47.04505,46.835705,46.782913,47.273975,47.23091,47.14708,46.942696,47.14985,47.084854,47.199116,47.096146,46.811703,47.32261,47.313354,47.211685,47.449276,47.384483,46.89674,47.62059,47.005337,47.32875,47.61668,47.207035,47.754116,47.143627,47.55037
40.621353,40.57286,40.18981,40.34505,39.908607,40.239788,40.026466,40.53946,40.5754,39.978584,40.4237,40.597137,40.243397,40.640125,40.304695,40.59997,40.408382,40.364594,40.36785,40.420708,40.262527,40.621445,40.364056,40.564926,40.845833,40.93969,40.459686,40.74451,41.145737,41.036312,40.830597
45.544617,45.96256,46.17576,45.97205,45.48903,45.85355,46.02188,46.041603,46.26811,46.076393,46.220566,46.35135,45.96504,46.17473,46.596573,45.893574,46.331112,46.286064,46.103214,46.20721,46.30727,46.412487,46.716217,46.416008,46.84553,46.402306,46.353127,46.484505,46.183273,46.62723,46.54003
50.89047,50.38499,50.706635,50.305614,50.61302,50.819313,50.306896,50.874573,50.94853,50.243996,50.600986,50.723625,50.397194,50.65718,50.396576,50.692726,50.66168,50.90206,50.827274,50.403378,50.720245,51.028694,50.628464,51.041893,50.577,50.89483,51.17137,50.60611,51.11213,50.95221,50.55953
51.550083,51.55801,51.584534,51.60538,51.447517,51.523354,51.384647,51.45872,51.81152,51.676697,51.62961,51.61073,51.5028,51.704636,51.578114,51.668007,51.518925,51.871094,51.80215,51.65932,51.975807,51.8834,51.629795,51.842705,51.71801,51.780785,51.96455,51.899544,52.356556,51.909813,51.805984
29.890228,30.32155,29.997873,30.3904,29.8725,29.967916,30.171534,30.164059,30.124706,30.284842,30.214579,30.277,30.16682,30.150108,30.243893,30.164135,30.142551,30.553114,30.199535,30.670784,30.294577,30.262333,30.032032,30.123184,30.531399,30.59405,30.35876,30.629654,30.388657,30.044693,30.616228
56.24871,56.3405,56.232353,56.07705,56.306763,56.28476,56.20105,56.243526,56.500988,56.398937,56.16137,56.187702,56.28449,56.041267,56.151306,56.17877,56.603634,56.531067,56.381367,56.410873,56.699646,56.850353,56.411983,56.727753,56.18216,56.198418,56.672638,56.531864,56.92809,56.452785,56.073902
36.730717,36.9522,36.844627,36.62441,37.084145,36.57801,36.918232,36.758965,36.944107,36.8241,36.849,37.003544,36.889305,37.04517,36.82486,37.666553,37.207138,36.867718,37.113857,36.89735,36.920883,36.953663,37.23244,37.45289,36.61618,36.93222,37.27773,37.19217,37.06857,37.170433,37.205643
45.01727,44.87732,45.05443,44.9451,45.240387,44.90281,44.837093,44.868137,45.042156,44.909798,45.245342,44.838364,45.14859,44.759182,45.176533,45.081833,45.318726,45.130543,45.432426,45.367935,45.11613,45.100826,45.19795,45.505753,44.877033,44.925583,45.50262,45.027218,45.494324,45.046238,45.34239
55.618492,55.705593,55.681168,55.773045,55.554,55.708252,55.762463,55.9826,55.988857,55.923218,55.66633,55.93909,55.846405,55.94641,56.105835,55.96104,56.119385,56.09245,55.884182,55.868694,56.26017,56.224953,56.170544,56.143013,56.13207,55.857513,56.088364,56.44757,56.07256,56.385906,55.885136
48.618626,48.846485,49.03681,48.775795,48.728134,48.62156,48.94406,48.776646,49.08509,49.125706,49.289948,49.04645,48.742558,49.369865,49.36309,49.083645,49.106018,49.008846,49.270287,49.060947,49.120686,49.43663,49.423904,49.42965,49.545044,49.687782,49.386795,49.405724,49.272026,49.618492,49.87843
44.539787,44.663277,44.348602,44.55516,44.7462,44.46787,44.933018,44.485584,44.68539,45.014194,44.876595,44.958282,44.773808,44.458828,45.229286,45.021152,44.908337,45.114838,45.16082,45.2025,45.16291,44.71157,45.2412,45.213776,45.109318,44.611496,45.034077,44.987453,45.175304,44.973686,45.39306
51.051594,51.134346,51.042595,51.153267,50.690437,50.70202,50.94533,50.7263,50.966278,51.14798,51.185516,51.445423,51.00828,50.99544,51.053806,50.815617,50.887505,51.228,51.149277,51.384796,51.290894,51.30322,51.45046,51.03569,51.473415,51.3276,51.140842,51.272594,51.56004,51.349327,51.372845
50.93653,51.359974,50.87072,51.138268,50.944893,51.092293,51.49924,51.25336,51.37097,51.638805,51.826527,51.24018,51.271515,50.82901,51.939423,50.91565,51.719055,51.259018,51.398926,51.912334,51.651314,51.93841,51.78881,51.861336,52.14695,51.697906,51.30622,51.816467,51.961636,51.924957,51.938213
46.64808,46.31157,46.2237,46.509117,46.72473,46.661522,47.046062,46.73231,46.381374,46.882607,46.818638,46.89978,46.75832,46.257465,46.801662,47.021664,46.892193,46.991978,46.957672,46.84238,46.9363,46.738594,46.95035,46.997627,46.623844,46.37487,46.885567,47.039845,47.023983,46.724964,46.762524
49.027306,49.430363,50.151367,49.535522,49.58207,49.916294,49.481987,49.399815,49.797863,49.84096,49.47988,49.754177,50.077347,50.118183,50.226875,49.41602,49.911964,49.981277,49.64272,49.88104,50.174194,49.885185,49.976685,49.779716,49.895348,49.934975,50.27453,49.985012,49.85471,49.995216,49.965183
28.80405,29.194994,29.264795,28.766922,28.876352,28.372568,28.6693,28.577648,28.58718,28.50434,28.81952,28.747246,28.788149,29.038319,28.751837,29.16224,28.85559,28.606052,29.024258,29.044846,28.36151,29.040686,28.76456,29.050217,28.530952,29.382744,29.148642,29.049213,29.051638,28.692703,29.56519
48.59817,48.245213,48.42272,49.178448,48.596085,48.800224,49.157684,48.996315,48.361267,49.204334,48.877094,49.026127,48.95161,49.166637,49.020603,49.005367,48.67976,49.422424,49.14481,49.06284,49.085445,48.785122,48.844955,48.59606,49.486225,49.239296,49.151115,49.493977,48.75212,48.856956,49.504745
55.359398,55.010197,54.80356,55.23867,55.545975,55.02101,54.99383,55.164566,55.312084,55.242374,55.145363,55.03805,55.456764,55.45839,55.429527,55.61974,55.474556,55.418804,55.725384,55.407707,55.689064,55.364223,55.581493,55.79458,55.517147,55.072334,55.777702,55.328938,55.697647,55.8608,55.87325
48.9984,48.387783,48.30384,48.758774,48.758736,48.853447,48.69874,48.997185,48.88098,48.872566,48.662052,49.016468,48.73101,48.9551,48.936974,48.915176,48.86345,49.593666,49.13373,48.938538,49.37157,49.027195,48.860394,48.91327,49.25112,48.825104,49.35737,48.97468,49.133125,49.155285,49.131557
40.20301,40.228683,40.59072,39.910637,40.173782,40.459538,40.411533,40.32707,40.539196,40.130543,40.74469,40.629047,40.138218,40.57841,40.327297,40.651012,40.74903,40.417393,40.596027,40.47609,40.103874,40.388382,40.77127,40.64013,40.715218,41.18828,40.659935,40.52054,40.626713,40.705814,40.781055
38.48783,38.56723,38.461807,38.753498,38.57849,38.295094,38.437153,38.55176,38.502224,38.31036,38.38028,38.474667,38.561893,38.757282,38.38582,39.044586,38.68056,38.69881,38.580906,39.004765,38.65635,38.598206,38.325016,38.583076,38.56095,39.04088,38.998383,38.91276,38.740242,38.61707,38.99487
51.295757,51.50521,51.1687,51.67872,51.636047,51.318153,51.616035,51.497787,51.268314,51.575172,51.22815,50.933575,51.723743,51.40053,51.859882,51.8559,51.45543,51.678745,51.70191,52.06829,52.047054,51.78304,51.434826,51.607986,51.737694,51.609955,51.59363,51.97865,51.670418,51.614857,52.0773
46.398487,46.377792,46.37599,46.533127,46.55596,46.257515,46.317932,46.236008,46.394817,46.54988,46.67277,46.53827,46.808426,46.463383,46.921314,46.361927,46.520973,46.54262,46.735294,46.860603,46.819153,46.79223,46.858303,46.942245,46.812763,46.52909,46.917686,46.563587,46.96908,46.918938,47.22804
43.949764,43.83391,43.587257,43.810875,43.79418,43.49178,43.678036,43.58772,43.561817,43.863316,43.866352,43.84317,43.69679,43.75016,43.60942,43.759903,43.765327,43.840797,43.878223,44.166878,43.905186,44.11437,43.675346,43.690414,43.70591,44.168495,43.941437,44.070007,44.289394,43.94338,44.06816
36.28296,36.365864,36.25016,36.15665,36.49714,36.513325,36.488075,36.422676,36.325397,36.50116,36.116364,36.667225,36.639706,36.93359,36.2059,36.750244,36.69505,36.79468,36.394108,36.585033,36.543896,36.60585,36.411476,36.424866,36.560616,36.936546,36.84987,36.731384,36.40729,36.55196,36.739635
54.49527,54.38219,54.281143,54.96067,54.25477,54.568325,54.436222,54.77563,54.58358,54.80095,54.699722,54.752132,54.780197,54.769962,54.89876,54.289627,54.354668,54.956486,54.751213,54.980118,54.936226,54.790165,54.611065,54.62152,55.423462,55.131134,54.830235,55.139946,54.93238,54.99191,55.170948
48.820374,48.942608,48.58451,48.64372,49.022865,48.46003,48.85316,48.559116,48.57153,49.15112,49.12745,48.3707,48.874733,48.441895,49.38305,48.842407,48.711407,48.771103,49.40147,49.177,49.03107,49.305267,48.924664,49.373917,48.77074,48.792816,48.837917,49.18435,49.497234,48.945972,49.605125
49.49456,49.43379,49.294754,49.36111,49.865448,49.513042,49.542286,49.56657,49.421795,49.712845,48.922794,49.516922,49.94969,49.82519,49.972343,50.021744,49.909344,50.142166,49.929707,49.78672,50.06637,49.585407,49.794704,49.80253,49.57408,49.19188,50.033543,49.91811,49.5126,49.71187,49.923683
41.028553,41.732082,41.81407,40.827084,41.193176,41.566704,41.292103,41.369747,41.97307,41.379017,41.41812,41.361744,41.253788,41.69522,41.348484,41.469666,41.561222,41.680733,41.47751,41.399113,41.46959,42.019646,41.47318,41.963478,41.645905,42.255615,41.77798,41.68777,41.780304,41.534897,41.660183
41.130177,41.028156,41.321686,41.024647,41.21315,41.02938,41.14281,41.05931,40.90013,41.009666,40.761066,41.090687,41.209362,41.410305,41.168842,41.61113,40.826065,41.67396,41.467506,41.1355,41.285885,41.391476,40.907158,41.310875,40.95506,41.302673,41.699963,41.34962,41.24509,40.803898,41.718063
46.71346,47.24914,47.137825,46.996387,46.916473,47.13668,47.341553,47.00095,46.958862,47.48789,47.337315,47.102272,47.32363,46.91596,47.098606,46.95412,46.9443,47.152977,47.349987,47.212097,46.99141,47.28849,47.30165,47.472572,47.35117,47.416832,47.04609,47.581783,47.474216,46.891888,47.39249
39.948677,40.010307,39.50573,40.00188,40.222702,39.931366,40.0621,39.99848,39.881973,40.487324,39.991116,40.12689,40.451565,40.23886,40.469387,40.16329,40.06263,40.352158,40.316277,40.293922,40.499554,40.33891,40.23234,40.39656,40.361572,40.009026,40.313694,40.444714,40.35847,40.454624,40.741364
49.354153,48.98473,49.508408,49.879807,49.075256,49.69017,49.381474,49.81303,49.433064,49.2613,49.502014,49.574978,49.663933,49.64875,49.58031,49.327457,49.497536,49.92799,49.503395,49.60122,49.75244,49.65162,49.573925,49.358566,50.075172,49.708267,49.868553,49.795124,49.590492,49.699074,49.620213
52.387424,52.203007,52.65377,52.617275,52.624,53.071293,52.757805,52.888416,52.65383,52.968075,52.536865,52.89793,53.071045,52.978695,53.0311,52.65907,52.944763,53.303173,52.94035,52.70981,53.07146,52.697598,53.01069,52.770515,53.039055,52.662575,53.10476,53.143505,52.65659,52.86787,52.743816
49.489822,49.797726,49.80368,49.71797,49.68225,49.99473,49.627563,50.027782,50.18683,49.817394,49.790726,49.65752,50.00681,49.965748,49.934727,50.043896,49.922092,50.063686,50.072075,49.896637,49.901035,49.78649,49.841484,50.318253,50.098797,50.134605,50.074894,50.31954,50.09593,49.952927,49.998436
63.165333,63.249264,63.386887,63.225872,63.673485,63.338158,63.349182,63.377293,63.468338,63.17768,63.062866,63.0767,63.604992,63.543343,63.448635,64.00933,63.71021,63.176918,63.589523,63.47146,63.660225,63.45182,63.816532,63.955086,63.414505,63.476196,63.774662,63.675026,63.56705,63.94059,63.64824
44.183796,44.089897,44.07173,44.19105,43.999176,43.88706,43.985016,44.23445,44.5081,44.123276,44.38688,44.153706,43.85439,44.358517,44.268475,44.616882,44.518616,44.663937,44.605877,44.513927,44.360687,44.28248,44.17551,44.458298,44.40255,44.59252,44.65285,44.64873,44.575867,44.390526,44.599377
47.472733,47.373314,47.76487,48.11732,47.324226,47.684937,47.934864,47.904343,47.32998,47.614742,47.720905,47.905266,47.755222,48.03295,47.604828,47.874393,47.575504,47.715687,47.585644,47.72132,47.791107,47.921806,47.9431,47.39888,48.186436,48.255135,47.804436,48.267273,47.657597,48.069633,47.971775
45.655357,45.568653,45.774284,45.714054,45.709915,45.649376,45.85158,45.71059,45.804897,45.75319,46.19839,45.83659,45.662865,45.783997,45.768944,46.207336,46.07877,45.8539,46.182545,46.007854,45.72563,45.628536,46.171444,45.998116,45.92363,46.10029,45.938515,46.114613,46.041443,45.995296,46.04752
47.174694,47.101696,47.165268,47.109444,47.159164,47.528454,47.24634,47.55647,47.45653,47.3196,47.41261,47.379868,47.25893,47.34475,47.3142,47.18428,47.367424,47.460083,47.39177,47.22912,47.448208,47.64702,47.488255,47.562744,47.646366,47.678177,47.50439,47.58511,47.579296,47.727135,47.364094
51.209484,51.260868,50.747856,51.129913,51.033867,50.851387,50.898914,50.969566,51.029015,51.13376,51.007744,51.094578,51.04079,50.830406,50.932034,50.826637,50.905735,51.053772,51.091892,51.38466,51.353424,51.505116,51.083347,51.247475,51.260952,51.29531,51.205967,51.25931,51.78141,51.416367,51.307808
47.329895,46.9696,46.989876,47.5444,47.150826,46.93087,47.10491,46.99449,46.7981,47.2307,47.21312,47.442093,47.348484,46.87424,47.23509,47.196762,46.948215,47.423214,47.32791,47.625046,47.4896,47.116352,47.151012,47.041573,47.014862,46.983246,47.40782,47.460674,47.696106,47.146866,47.32905
43.882538,43.807167,43.728897,44.295464,43.953606,43.834373,43.975792,43.96585,43.77116,44.006184,44.064125,43.945328,44.210503,44.043407,44.03776,44.10628,43.896915,44.0871,44.1888,44.220325,44.162746,44.075462,44.083687,44.19445,44.342663,44.11518,44.327717,44.23715,44.37227,44.19121,44.59536
55.80054,55.669815,55.619614,56.07494,55.939835,56.209072,55.88346,56.25054,56.061478,56.111107,56.245308,55.878242,56.250443,55.976704,56.334526,55.80378,56.084293,56.04948,56.25372,56.355995,56.191357,55.955055,56.236607,56.22222,56.694435,56.424446,56.078983,56.386543,56.220303,56.521496,56.37567
47.27659,46.78168,47.18846,47.200634,47.500603,47.50379,47.57626,47.39668,47.08423,47.396538,47.433846,47.483448,47.505993,47.185402,47.50313,47.323433,47.545105,47.746204,47.51089,47.5445,47.72502,47.75938,47.515404,47.62233,47.442482,47.387,48.00184,47.40237,47.54914,47.435448,47.649323
40.05806,40.314804,40.513588,40.46586,40.377106,40.506878,40.471104,40.643883,40.521057,40.510788,40.546047,40.525803,40.6014,40.691494,40.48229,40.772346,40.539165,40.57649,40.681923,40.440376,40.330803,40.3386,40.620663,40.796326,40.611233,40.82202,40.734566,40.976482,40.401085,40.522438,40.710903
47.1648,46.89095,46.873688,47.142094,46.992622,47.199966,47.196156,47.37325,47.043495,46.992634,47.17727,47.076004,47.113728,47.227104,47.09448,47.45428,47.386185,47.351635,47.28173,47.387737,47.20824,47.24519,47.099926,47.13556,47.436256,47.567307,47.32006,47.57664,47.408554,47.38152,47.400425
51.78045,51.790623,51.870293,52.131275,51.840866,51.86805,51.930744,51.94567,51.873833,51.99506,52.08558,52.062313,52.129616,52.073677,51.973385,52.11213,52.172066,51.972134,52.184097,52.253235,51.97964,51.73916,52.35831,52.005478,52.31979,52.227425,52.061348,52.380344,52.114662,52.274834,52.191555
48.8147,48.70399,48.80887,48.782627,48.697464,49.085014,48.94588,49.29313,48.96533,48.70336,48.816372,48.779457,48.740986,48.951042,48.658398,49.227448,48.918724,49.07412,49.022217,48.720177,48.863365,49.08363,48.838562,49.07154,49.03344,49.268578,49.026882,49.35012,49.065624,49.02431,48.83902
56.93081,57.222836,57.044106,57.141075,57.094322,56.99791,57.285347,57.05745,57.190945,57.398754,57.08688,57.177868,57.276806,57.116123,57.365017,57.269623,57.27199,57.246643,57.23426,57.392666,57.684654,57.680084,57.545784,57.572685,57.453384,57.28479,57.407627,57.635525,57.65107,57.63564,57.458336
53.207195,52.882713,52.751778,53.223824,53.315926,52.97765,52.92056,53.00013,53.113594,52.994587,53.262825,53.087696,53.163517,52.827896,53.360962,53.1395,53.237354,53.12643,53.42924,53.687885,53.508385,52.977257,53.5112,53.318115,53.462353,53.150482,53.39578,53.069443,53.593903,53.677933,53.537724
48.235588,47.991737,48.227554,47.839394,48.294968,48.20705,48.267067,48.1386,47.896404,48.249043,48.001186,48.206028,48.302605,48.511982,48.172188,48.40529,48.104717,48.386986,48.354023,47.99494,48.348064,48.821587,48.19664,48.392014,48.03674,48.452652,48.558075,48.4672,48.420532,48.358173,48.56164
37.610012,37.94954,37.898613,37.419643,37.63691,37.5503,37.625763,37.40553,37.76939,37.768513,37.630737,38.062916,37.70232,37.777973,37.516438,37.660946,37.95035,37.801067,37.623894,37.73254,37.844727,38.210674,37.96876,37.990143,37.528046,37.837753,38.10944,37.85272,38.274723,37.92722,37.75615
53.25025,52.782043,52.669968,52.714237,53.188942,52.952705,52.580338,52.837257,52.95194,52.74953,52.774136,52.95276,53.011917,52.827377,52.814026,53.03721,52.999638,53.073936,53.187603,53.180466,53.1326,52.889153,52.913643,53.11151,52.759346,52.935524,53.272194,52.89775,53.52329,53.209206,53.013126
52.40431,51.70792,52.15516,51.99752,52.469994,52.50707,52.66307,52.400032,51.932083,52.21193,52.38718,52.44451,52.266254,52.026855,52.14468,52.72724,52.42017,52.39761,52.43578,52.17514,52.499844,52.571434,52.479145,52.4683,51.92914,52.225388,52.59338,52.49122,52.62548,52.46537,52.14444
40.353962,40.193096,39.830956,39.9039,39.90425,40.18972,40.157593,40.4819,40.33671,40.08196,39.887753,40.674435,40.057278,40.45002,40.14965,40.56238,40.392776,40.56007,39.996986,40.046696,40.54068,40.795856,40.212532,40.41838,40.36122,40.41469,40.53104,40.68049,40.687004,40.852493,40.26327
42.108845,42.13975,41.887436,42.046436,42.116783,41.805862,42.203514,41.975178,42.034325,42.362198,42.19013,42.35455,42.163673,42.399864,42.510345,42.545105,42.152847,42.337376,42.369534,42.305424,42.56237,42.56767,42.460922,42.433144,42.37254,42.32258,42.402565,42.59343,42.56394,42.72998,42.854675
56.41526,56.51948,56.52334,56.294662,56.75551,56.41826,56.601772,56.256317,56.4521,56.87665,56.512917,56.933147,56.875042,56.733585,56.78583,56.58776,56.551903,56.587486,56.7745,56.73999,56.92934,56.82719,57.276253,56.929314,56.798546,56.750977,56.80783,56.76242,56.69766,57.11821,56.975544
49.916412,49.668926,50.081375,49.89928,50.041252,50.013508,50.515438,50.01993,50.066006,49.918884,50.938114,49.998028,49.89264,49.755245,50.32749,50.612,50.631744,50.06829,50.72116,50.499855,49.9666,50.034695,50.762726,50.749344,50.625076,50.546288,50.44484,50.213123,50.567745,50.34234,50.875008
48.769897,48.235497,48.43164,48.341965,48.66269,48.78683,48.66023,48.721157,48.47828,48.419285,48.6409,48.746502,48.687923,48.450027,49.01001,48.64289,48.644787,48.882122,48.700085,48.847363,49.06521,49.163296,48.741165,48.884407,48.831276,48.807938,49.05414,48.664524,49.079567,49.086308,49.05489
40.720825,40.855473,41.223434,41.072765,40.381363,40.95517,40.85427,41.088577,41.035686,40.48848,40.678635,40.895573,40.843327,41.340282,40.970158,40.92455,41.19588,41.423088,40.8122,41.07441,41.19535,41.475903,41.08685,40.808662,41.68059,41.44072,41.404106,41.11886,41.03556,41.183186,41.331764
47.80448,47.48264,47.746704,47.727077,47.82448,48.016365,47.875202,47.860577,47.67571,47.85692,47.76683,47.760464,48.04472,47.88772,47.85492,48.214993,47.90929,48.181488,48.122124,47.686314,48.07402,47.87678,47.911674,47.955116,47.6511,47.52256,48.029682,48.15738,48.23803,47.87063,47.79521
53.37455,53.582867,53.44702,53.74297,53.128098,53.445107,53.450306,53.81942,53.694447,53.541077,53.472546,53.656006,53.551697,53.60872,53.84284,53.29329,53.844044,53.53285,53.324913,53.658577,54.04084,54.259674,54.073265,53.66004,54.166298,53.72442,53.597412,54.119076,53.834496,54.486134,53.539097
58.6229,58.553474,59.041534,58.755154,58.545036,59.180317,58.88898,59.032562,59.104984,58.766216,59.04297,58.534805,58.68456,58.798737,59.00655,58.791927,58.991776,59.11215,59.071346,58.797775,59.207703,59.33192,59.054775,59.11149,59.282116,59.155296,59.100945,59.164948,59.44599,59.1905,58.90039
52.58292,52.864723,53.02353,52.921005,52.967712,52.873947,53.20611,52.745396,53.253666,53.570694,53.587044,53.125134,53.086285,53.06971,53.702126,53.158688,53.245754,53.442066,53.661545,53.477566,53.498955,53.17018,53.67085,53.65905,53.648952,53.346283,53.44451,53.490757,53.485455,53.3741,53.84569
48.694794,48.920593,48.905327,48.895554,48.72223,49.233875,48.803413,49.162346,49.415356,49.03757,49.265438,48.994156,49.033573,49.050552,49.045155,48.894436,49.24245,49.05375,49.036114,49.10522,49.227783,49.093506,49.403065,49.152916,49.475758,49.363647,48.899204,49.376705,49.281445,49.603664,48.79994
43.286118,43.467274,43.22225,43.12841,43.022415,43.61659,43.21102,43.62437,43.676258,43.119595,43.09913,43.3946,43.25923,43.676147,43.12476,43.24243,43.47686,43.736393,43.239075,43.466278,43.53773,43.813477,43.385086,43.39041,44.1413,44.140747,43.587326,43.492367,43.593067,43.753708,43.58047
50.355495,50.36036,49.895134,49.945133,50.265747,50.103065,50.10852,50.136127,50.19475,50.363976,49.900654,50.27794,50.229267,50.143368,50.43239,50.18021,50.249916,50.51331,50.25875,50.541084,50.79214,50.77472,50.30876,50.285187,50.290516,50.292343,50.323654,50.51374,50.668766,50.657497,50.37257
42.910408,43.094227,43.1308,43.036663,42.75535,42.61618,42.631542,42.598362,43.109135,43.082405,42.84285,43.499687,42.895084,43.351982,42.95769,42.639515,43.33743,43.33743,42.994743,43.293346,43.338223,43.21113,43.55465,42.795143,43.33713,43.165962,43.423786,43.067127,43.231697,43.485893,43.135418
53.372684,53.139576,53.134766,53.55605,53.25676,53.39791,53.426777,53.532307,53.58108,53.730274,53.83904,53.874897,53.593132,53.430313,53.70593,53.402187,53.76754,53.771027,53.78895,53.70966,53.745853,53.427628,54.0577,53.78116,54.02379,53.490974,53.714985,53.87597,53.819,53.999744,53.651314
52.3989,51.92128,52.01969,52.16048,52.10093,52.27956,51.683456,52.20201,52.274345,52.006245,52.082867,52.2283,52.176006,52.418156,52.25868,51.92255,52.1797,52.464916,52.372585,52.376038,52.416275,52.267754,52.117523,52.104317,52.51496,52.515747,52.57317,52.244263,52.7438,52.66926,52.484516
42.071995,41.876194,41.752823,42.391403,42.00009,42.17583,42.383068,42.232998,41.88681,42.524624,42.554676,42.196186,42.325,42.20967,42.561733,42.23269,42.08798,42.534348,42.493965,42.54692,42.48985,42.34428,42.226063,42.14434,42.720184,42.471977,42.24537,42.716763,42.59671,42.406174,42.84443
43.673416,43.737522,43.536766,43.528828,43.869637,43.45063,43.585068,43.597492,43.525387,43.732628,43.564293,43.884987,43.797626,43.6365,44.202087,43.765038,44.02,43.52357,43.76,43.992626,43.98557,43.918415,44.20039,43.876366,43.64637,43.615074,43.833866,44.017456,43.94642,44.43169,43.98942
48.544212,48.2972,48.083847,48.129604,48.542336,48.13668,48.101383,48.0831,48.29326,48.22592,48.467163,48.300423,48.129715,48.32124,48.538616,48.516846,48.43724,48.179688,48.549713,48.86673,48.587154,48.422726,48.441593,48.326424,48.38378,48.85646,48.478783,48.46633,48.983086,49.028584,48.865074
51.428627,51.384285,51.324036,51.979908,51.63559,51.55283,51.51344,51.518417,51.436428,51.854076,51.49749,51.83302,51.938934,51.704823,51.655872,51.19064,51.368023,51.906445,51.563934,52.14581,52.23741,51.775917,51.948334,51.333115,52.21997,51.909286,51.818813,51.72785,51.488293,51.986866,51.84517
53.512306,54.125732,54.091675,53.57017,53.88817,53.812374,53.526535,53.47464,54.19128,53.901478,53.83072,53.70129,53.98375,53.731922,53.698723,53.637,53.91766,53.711376,53.87823,54.09241,54.069973,54.04991,54.17457,54.201042,53.78432,54.089394,53.92829,53.932014,54.28435,54.064323,53.690025
47.66733,47.700867,48.092537,47.44961,47.785385,47.738514,47.81909,47.57336,48.000343,48.046543,48.366344,48.137947,47.76406,48.088272,48.35947,48.012386,48.059113,47.978252,48.308445,48.062126,47.970802,48.04469,48.419907,48.248566,48.095234,48.42045,48.13724,48.20444,48.23481,48.384815,48.474636
36.009285,36.13286,35.46409,36.143684,35.694,35.817345,35.9057,36.134457,35.82278,36.053898,35.722603,36.106113,36.063374,36.283974,36.021267,36.041805,35.882496,36.300674,35.891502,36.297356,36.215485,36.335777,35.747803,35.84034,36.537052,36.47262,36.0901,36.512726,36.317875,36.317505,36.577286
52.68342,52.6806,52.603508,52.475742,52.487022,52.52969,52.40915,52.480667,53.08958,52.853416,52.9631,52.917294,52.607025,52.85963,53.012684,52.643143,52.7082,53.006752,53.088646,52.754482,53.109226,53.07781,53.15227,53.280518,53.22068,52.906548,53.091843,52.870255,53.509285,53.371258,53.26002
45.864677,46.05159,46.027817,46.06657,46.095543,46.369396,46.01355,46.126316,46.188774,46.315144,46.37193,45.995537,46.26156,46.10385,46.351387,45.74241,45.940628,46.139317,46.240376,46.39193,46.37557,46.377266,46.245007,46.216194,46.5714,46.667114,46.145187,46.343025,46.51515,46.50487,46.45204
46.929516,47.06685,47.453545,47.147015,47.229713,47.47283,47.479877,47.318306,47.14434,47.50218,47.314934,47.276485,47.46374,47.562424,47.095436,47.267708,47.083298,47.46539,47.3783,47.043667,47.34807,47.831356,47.302128,47.602844,47.4027,47.772827,47.69031,47.63232,47.4328,47.231506,47.574097
45.663765,45.42772,45.538002,46.035343,45.414856,45.922592,45.700752,46.313404,45.78758,45.672626,45.983948,45.594208,45.791794,45.979034,45.78405,46.00122,45.90275,45.991722,46.054897,45.761955,45.591324,45.684414,45.63491,45.837616,46.2145,46.183525,45.852066,46.4772,45.92139,45.93504,45.975826
45.111515,45.33756,45.292023,45.27415,44.863075,45.16743,45.134937,45.266712,45.383224,45.138943,45.391987,45.556072,45.202274,45.365273,45.33666,45.585617,45.284687,45.12879,45.24372,45.335182,45.24749,45.203968,45.474056,45.397858,45.432774,45.646606,45.23184,45.864292,45.858807,45.79793,45.406006
48.647995,48.487194,48.40397,48.282104,48.855927,48.86826,48.756996,48.865482,48.559162,48.827442,48.64929,48.55473,48.841133,48.53631,48.974792,48.72424,48.5963,48.83452,48.914906,48.658485,48.871067,49.21868,48.53816,49.26938,48.638206,48.851357,49.028107,49.028744,49.139812,48.84738,49.100067
38.185654,38.19675,38.17933,38.194458,38.12319,38.34911,37.81676,38.30009,38.534176,38.112076,38.203705,38.461567,38.29981,38.68556,37.72841,38.244614,38.132698,38.34302,38.153004,38.026443,38.287365,38.381016,38.26587,38.322334,38.355812,38.657967,38.506638,38.334625,38.507347,38.649986,38.137135
53.284492,52.98324,53.210854,52.85337,53.593384,53.203808,53.409046,52.953686,52.807426,53.171993,52.945683,53.725105,53.685528,53.222473,53.04134,53.479427,53.271843,53.22456,53.156837,53.387306,53.476444,53.518494,53.68156,53.493156,52.963413,53.27974,53.67228,53.175632,53.247192,53.451393,53.353058
45.840904,46.22904,46.22886,46.35214,46.047073,46.399487,46.545475,46.49027,46.616558,46.540558,46.529694,46.63021,46.42383,46.641743,46.776,46.700237,46.942738,46.63079,46.387936,46.847115,46.708122,46.37598,46.817394,46.563904,47.09925,47.000526,46.644733,47.107903,46.50054,46.97863,46.768993
40.842518,40.998928,40.687088,40.79032,40.911865,40.916485,40.789875,40.73262,40.949123,41.195652,41.07669,41.018425,41.165977,40.918484,41.268475,40.65344,40.74696,41.184498,40.959454,41.39636,41.372982,41.50814,40.759132,41.234047,41.20384,41.40116,41.277813,41.18577,41.654106,41.207775,41.594612
49.42093,49.773773,49.88472,49.487373,49.665726,49.41767,49.378223,49.32999,49.943478,49.90206,49.868988,49.635796,49.760746,49.92668,49.99229,49.732883,49.949642,49.71425,50.121315,49.713398,49.8044,49.882595,50.085075,50.332893,49.733963,49.75139,50.122963,50.01665,50.34012,50.078022,50.188717
53.337475,53.000145,53.029236,53.11808,53.212746,53.45044,53.125908,53.453323,53.38587,53.124825,53.192932,53.359997,53.43677,53.323742,53.265076,53.30592,53.431263,53.59945,53.526997,53.295597,53.46865,53.364506,53.582035,53.60296,53.71912,53.32116,53.60689,53.334034,53.564964,53.633934,53.44289
41.277126,42.02647,42.15338,41.858192,41.81614,41.587055,41.835484,41.511005,41.63814,42.059746,41.490433,41.845997,42.24778,42.493107,42.009617,42.198616,41.897224,41.829422,41.957615,41.880875,41.80252,41.915787,41.95835,42.16098,41.879715,42.18631,42.322052,42.44785,42.01062,41.87911,42.62614
49.275635,49.158184,48.47296,49.23388,49.376656,49.012875,49.279396,49.270073,48.908962,49.491055,49.41661,49.161076,49.34453,49.0069,49.188713,49.23857,49.03718,49.113735,49.487446,49.694313,49.23143,49.25721,49.19957,49.404755,49.55771,49.697044,49.132275,49.611332,49.47052,49.46408,49.787037
52.86086,52.340614,52.786667,52.881413,52.78176,53.311256,53.228493,53.275875,52.900303,53.186794,53.288948,53.020924,53.12433,53.22703,52.964176,53.222652,53.149227,53.48073,53.400764,52.71834,53.069847,53.20631,53.09545,53.322594,53.348694,53.16809,53.382835,53.46974,53.31026,53.079613,53.227024
41.748207,41.37963,41.740433,41.44638,41.80796,41.812653,41.671703,41.649876,41.826958,41.80996,42.018642,41.958416,41.764668,42.11833,41.847687,42.15099,41.865986,42.231533,42.26737,41.79465,41.802254,41.716568,41.83783,42.077644,41.830585,42.12455,42.317673,41.94523,42.10857,41.867825,42.30912
49.41671,49.148235,49.512657,49.406155,49.751663,49.70103,49.62962,49.528637,49.435116,49.460262,49.42581,49.552242,49.585644,49.4719,49.304512,49.782333,49.65355,49.86188,49.757122,49.733807,49.700603,49.461864,49.56273,49.672745,49.437595,49.730217,50.081726,49.600357,49.655514,49.392677,49.599678
47.96079,48.00494,47.71405,48.019783,47.790276,47.897846,47.572803,47.99601,48.456436,48.000042,48.07031,48.23141,48.06179,48.219666,48.206562,48.162212,48.0513,48.35555,48.2644,48.297226,48.36772,47.849667,48.307404,48.27083,48.555386,48.227043,48.198303,48.30222,48.44537,48.61484,48.30666
48.774384,49.02412,49.354393,49.03058,48.9926,49.220364,49.086292,48.977757,49.15665,49.137268,49.18321,49.141834,49.300312,49.094505,49.292206,48.963444,49.43626,49.123672,49.160263,49.238274,49.31206,49.353344,49.52487,49.390358,49.277275,49.19394,49.437027,49.35139,49.587654,49.424126,49.2226
49.65975,49.153454,49.043472,49.73929,49.596703,49.39794,49.815254,49.766457,49.027992,49.533485,49.516064,49.733196,49.7152,49.49501,49.454918,49.869442,49.786385,49.650352,49.698013,49.876755,49.539333,49.569416,49.60769,49.619873,49.764465,49.753113,49.9012,49.998417,49.664963,49.70563,49.98434
40.71115,40.99844,41.014023,40.79968,41.251335,40.98286,41.54386,40.94545,40.755394,41.511913,41.068226,41.224167,41.259586,41.26697,41.414677,41.511017,41.32848,41.368046,41.401466,41.35731,41.26352,41.275208,41.441715,41.33072,41.193172,41.38945,41.371128,41.625168,40.991066,41.110485,41.70682
45.5991,45.621872,45.65441,45.525352,45.85665,45.81408,45.959927,45.699158,45.97974,46.00729,46.137413,46.036655,45.78383,45.758694,46.184772,45.94569,46.06143,46.030773,46.063133,46.06304,46.245224,46.20064,46.26283,46.429092,46.200428,46.1184,46.35016,46.002647,46.39224,46.362915,46.408436
29.902039,30.311518,30.28418,29.862244,30.379782,29.902864,30.098354,29.766315,30.048819,30.359644,30.058891,30.249416,30.351027,30.551844,30.018486,30.483816,30.170467,30.33791,30.429253,30.1333,30.062862,30.352741,30.149685,30.628086,29.86126,30.385899,30.744463,30.328442,30.411606,29.965538,30.799046
55.039227,55.450653,55.42621,55.348766,55.196846,55.262547,55.438374,55.33527,55.425312,55.62608,55.391853,55.08765,55.48914,55.412907,55.85087,55.329395,55.604305,55.5034,55.59523,55.572006,55.798157,55.978756,55.74092,55.759468,55.77982,55.508545,55.527725,55.94841,55.799904,55.77747,55.791855
56.838634,56.520267,56.628265,57.05838,57.023308,57.201824,57.070904,57.296124,56.80566,57.203453,56.89818,56.956726,57.28691,56.780746,57.261395,56.76153,56.891327,57.28912,57.23902,56.928394,57.35492,57.26777,57.157463,57.411842,57.30673,56.75775,57.380207,57.299866,57.228626,57.184486,57.181095
51.631947,51.965755,51.655487,51.60952,51.44976,51.581112,51.968178,51.73648,52.12131,51.67971,52.01742,51.914555,51.46917,51.721893,52.289776,52.341114,52.2319,51.846184,51.938133,52.355206,52.246727,52.041748,52.407505,52.148605,52.543915,52.377846,51.85317,52.31507,52.48651,52.69756,52.404045
47.157322,46.94174,47.142204,47.04506,46.858437,47.196976,47.025093,47.199112,46.987053,46.798786,47.168915,46.805935,47.059242,46.924652,46.9556,47.25651,46.997726,47.22183,47.25384,47.078625,47.060226,47.353035,46.86977,47.183983,47.006706,47.2349,47.154274,47.36858,47.6598,47.00031,47.13663
47.0877,47.550224,47.56627,47.48506,47.415405,47.505276,47.932423,47.54993,47.45998,47.76337,47.325443,47.68211,47.937714,48.032772,47.950447,48.116848,47.964584,47.9494,47.68471,47.900215,47.899204,47.819626,47.97036,47.87294,48.154915,47.980293,47.96185,48.24609,47.528465,47.811935,48.298992
49.66415,49.725243,50.09037,50.078728,49.675346,50.13498,49.838818,49.94143,50.042984,49.560352,49.77758,50.060123,50.216946,50.115685,49.753483,50.12344,49.896126,50.11073,49.87656,50.017246,50.164246,49.823643,50.320488,50.00757,50.442688,50.143394,50.214733,49.95874,50.100014,50.201553,50.022366
36.157085,36.00334,36.11611,36.56717,35.985085,35.986244,36.112183,36.037495,35.927147,35.91664,36.407906,36.250298,36.060112,35.89926,36.1577,35.951786,35.957817,36.265858,36.028755,36.776253,36.502647,36.45729,36.15159,35.845745,36.44945,36.594048,36.39579,36.16375,36.543484,36.347736,36.52295
57.49859,57.56731,57.550217,58.06361,57.797028,57.929955,58.13085,57.901993,57.49532,57.789116,57.745495,57.416412,58.08369,57.527943,57.673035,58.10557,57.588608,57.76146,57.92196,58.066586,58.009403,57.802094,57.79316,58.002434,58.10732,57.993736,57.88179,58.185547,58.134842,57.734703,58.101204
51.103527,50.85781,50.35845,50.718384,51.112633,51.071877,50.82131,51.35133,51.25984,51.18843,51.126205,50.864037,50.674854,50.97163,51.122272,51.15241,50.902325,50.97699,51.20284,50.943317,51.368668,51.392582,50.95897,51.300156,51.112103,51.40078,50.960472,51.510487,51.486443,51.855114,51.061394
51.388294,50.89161,51.21212,51.4,51.855446,51.325855,51.333897,51.093063,51.255566,51.70749,51.906925,51.662926,51.581375,51.463955,51.519554,51.356323,51.541374,51.303646,51.660362,51.81885,51.793804,51.514484,51.800674,51.585007,51.345825,51.741226,51.90983,51.47898,51.777115,52.03894,51.774292
55.628674,55.64418,55.7806,56.09987,55.854156,56.001606,56.095974,56.14716,55.689205,56.262074,55.77072,56.11712,56.264397,56.102566,56.08667,56.006954,55.93776,56.11491,55.981976,56.019817,56.22164,56.047104,56.18567,55.929237,56.13608,56.080833,56.038742,56.67606,55.799614,56.197445,55.933353
42.531235,43.005383,42.71016,42.53086,42.887177,42.508926,42.813374,42.29191,42.44907,43.162933,42.326103,43.044155,43.17222,42.950867,43.07934,42.580215,42.778065,43.015182,42.770103,43.06988,43.192505,43.307503,43.005604,43.050446,42.881645,42.79741,43.267185,42.976624,43.154377,42.91702,43.47966
43.241604,43.083622,43.189667,43.433334,43.26877,43.31093,43.60925,43.451237,43.18378,43.29942,43.507137,43.479824,43.302845,43.262276,43.800507,43.471992,43.569622,43.65858,43.448677,43.94994,43.78268,43.72074,43.59145,43.41204,43.919487,43.852097,43.771156,43.653862,43.570343,43.748497,44.0323
49.85825,49.959034,49.72634,50.17135,49.916374,49.91013,49.860714,50.027946,49.952713,49.917393,50.084484,49.616985,50.047653,49.97956,50.08379,50.18051,49.844723,49.710506,49.92873,50.284607,50.243324,50.349865,49.696724,50.19406,50.118015,50.50734,50.101624,50.52654,50.7387,50.4887,50.450603
59.296032,59.29434,59.32831,59.699303,59.341507,59.621254,59.59158,59.758556,59.643322,60.04531,59.545647,59.86654,59.810688,59.768677,59.799976,59.168587,59.64444,60.054016,59.76594,59.6014,60.06322,59.971073,60.09629,59.845734,60.336914,59.67678,59.925365,60.054478,59.63695,60.031864,59.754017
45.655617,45.568012,45.546677,45.23008,45.86093,45.734966,45.60326,45.672993,45.810352,45.932068,45.673927,45.69285,45.75987,46.022133,45.63794,45.807365,45.70758,46.069042,46.02782,45.522133,45.910316,46.235355,45.770496,46.186996,45.72272,45.97793,46.139168,45.8821,45.917866,45.897568,46.03256
49.938858,49.620937,49.592865,50.00082,49.693718,49.76778,50.20423,50.106884,49.793747,50.03354,50.28235,50.249306,49.56178,49.951454,49.823753,50.171173,50.07953,50.003265,50.09916,50.066536,50.07866,50.12064,50.41265,49.83998,50.426304,50.45539,49.931618,50.417496,50.07433,50.54868,50.106903
46.85747,46.62883,46.652985,46.53376,46.61331,47.07574,46.84186,47.025066,46.71651,46.67126,46.519382,46.989807,46.836887,46.75106,46.643417,46.68388,46.771816,47.102272,46.719887,46.548286,47.00995,47.34303,46.856236,46.99331,46.973106,46.82669,47.10492,46.92009,47.241997,47.02578,46.754517
39.185543,39.593403,39.5205,39.236378,39.323868,39.428566,39.714558,39.39994,39.481075,39.932487,39.768177,39.679264,39.596207,39.639122,39.872715,39.597443,39.583855,39.753002,39.722176,39.60581,39.66976,40.041393,39.707104,39.94536,39.713474,39.893555,39.71268,40.12303,39.94018,39.6842,40.06358
41.467308,41.237217,41.340584,41.440514,41.07245,41.167454,41.707466,41.572697,41.027523,41.50585,41.570705,41.995388,41.33067,41.6345,41.56379,41.48611,41.628254,41.756516,41.613396,41.598038,41.32931,41.744766,41.876194,41.338974,41.965183,41.91349,41.620575,41.933582,41.303066,41.679737,41.95635
54.130745,53.77626,53.93273,53.831352,54.573357,54.31822,54.01469,54.148186,54.201103,54.356716,54.14075,54.06745,54.44165,54.297615,54.45772,54.261593,54.28237,54.51867,54.654106,54.34337,54.537647,54.251175,54.381256,54.566444,54.225494,54.232376,54.62329,54.270496,54.266144,54.444088,54.516655
52.040432,52.01197,52.22908,51.922234,52.18754,52.335995,51.83994,52.0719,52.35126,52.16863,52.185688,52.18519,52.30856,52.383892,52.43536,51.704372,52.19587,52.317047,52.381927,52.276955,52.44151,52.517345,52.537266,52.485664,52.71398,52.569878,52.613667,52.079697,52.541595,52.724297,52.65639
50.48048,50.711243,50.869347,50.96073,50.798195,50.64108,50.79328,50.791504,50.73424,50.767994,50.775684,50.51899,50.957676,51.041122,51.307373,51.12891,51.07535,50.771107,51.051754,51.202053,51.021904,50.923874,51.01891,51.072754,51.15697,51.18683,51.16781,51.352936,51.05903,51.234993,51.559788
46.480003,46.364986,46.44036,46.96088,46.4144,46.699467,46.67407,46.811565,46.159016,46.878265,46.252,46.985012,47.027645,47.04267,46.539524,46.21172,46.28213,46.968094,46.427525,46.59179,46.93738,47.088978,46.707653,46.283447,47.118988,46.904747,46.857876,47.03569,46.428886,46.84156,46.83114
53.737644,53.720085,53.675865,54.28001,53.901688,53.637653,53.863136,53.868687,53.732353,53.975224,53.812172,53.932896,54.1881,53.96395,53.833393,54.0468,54.096592,53.93136,53.93043,54.258102,54.229416,53.980515,54.177296,53.983124,54.087364,53.925644,54.19439,54.331314,54.03001,54.23075,54.05093
39.81421,39.97335,39.50644,39.52135,40.042244,39.398273,39.68162,39.547096,39.81789,39.913593,39.848286,39.826973,39.85176,39.68831,40.105247,40.114414,39.93599,39.950787,40.18109,40.26702,39.968838,39.997498,39.856785,40.440323,39.75252,39.96035,40.251545,40.029346,40.32289,39.969143,40.584805
41.79028,41.634544,41.647682,41.512432,41.91485,41.47987,41.34616,41.24021,41.63245,41.695877,41.878624,42.25149,42.025604,41.92944,41.68566,41.673195,41.64816,41.60923,41.859486,41.99078,41.667107,41.67834,41.913925,42.148315,41.700626,42.09298,42.332783,41.60679,42.326187,42.10721,42.428154
42.627304,42.944565,42.465103,42.548046,42.64766,42.550922,42.21859,42.57245,42.92749,42.65626,42.534363,42.42675,42.726147,42.6897,42.763138,42.45691,42.48559,42.817135,42.85307,42.849438,42.916077,43.01721,42.602528,43.059517,42.946877,42.871574,42.886105,42.74009,43.259308,42.948082,43.12313
43.974155,43.75014,43.710403,43.725903,44.145027,43.5542,43.81874,43.60797,43.607647,43.74297,44.065647,43.97196,43.875923,43.74388,43.738873,44.122334,43.871624,43.744663,44.26246,44.200466,43.703487,43.72135,44.166565,44.14981,43.840862,44.14743,44.146164,43.80162,44.073505,43.987698,44.43536
45.440502,45.502995,45.704536,45.091652,45.56156,45.5609,45.338894,45.3648,45.49104,45.373737,45.19135,45.559956,45.521152,45.485493,45.181713,45.462425,45.397453,45.772064,45.646755,45.392853,45.472473,45.702168,45.516476,45.727806,45.2399,45.608986,45.861946,45.453133,45.661648,45.256233,45.44092
53.99837,54.215435,54.05944,54.304806,54.076363,54.003242,54.30197,54.194748,54.216705,54.058132,54.35022,54.232323,54.34108,54.14167,54.312527,54.424973,54.425755,54.032055,54.31195,54.657143,54.334087,54.3318,54.754375,54.629837,54.891174,54.682632,54.392056,54.491455,54.490246,54.75022,54.799515
43.35983,43.37522,42.838013,42.943687,43.54698,43.077904,43.444935,43.15474,43.30658,43.608643,43.310135,43.74091,43.4314,43.25512,43.420864,43.621258,43.69945,43.525257,43.56274,43.574276,43.61173,43.58053,43.757484,43.956146,43.42201,43.29509,43.78266,43.54209,43.81785,43.761787,43.788567
40.188168,39.972637,39.905098,39.968925,40.3601,40.19359,40.309113,40.24481,40.1139,40.5461,40.31538,40.337173,40.09048,40.315624,40.233864,40.337963,40.173008,40.46462,40.318947,40.150894,40.608704,40.850685,40.14857,40.421112,40.036465,40.461533,40.579823,40.59782,40.578724,40.561836,40.415287
46.49379,46.38186,46.54892,46.442783,46.20854,46.412018,45.78501,46.359104,46.544285,45.968426,46.04896,46.671825,46.647144,46.77209,46.13123,46.20068,46.40508,46.603928,46.506634,46.352867,46.291634,46.177776,46.70009,46.42856,46.75026,46.469734,46.763954,46.23486,46.58299,46.66307,46.497173
53.647606,53.215,52.84842,53.499245,53.26729,53.209007,53.53493,53.670692,53.092842,53.38266,53.5486,53.296875,53.26209,52.987488,53.347836,53.553707,53.38078,53.443798,53.59825,53.652897,53.48266,53.719814,53.308777,53.51526,53.52631,53.548668,53.34371,53.920883,53.859287,53.59625,53.57096
50.30041,50.310673,50.104553,49.825222,50.548973,50.390713,50.225212,50.162766,50.054184,50.43111,50.023186,50.10135,50.70853,50.29685,50.398552,50.380035,50.441532,50.325386,50.470932,50.399754,50.360676,50.606396,50.15737,50.67726,49.99428,50.2987,50.50821,50.605362,50.807755,50.332462,50.569912
40.607956,40.547382,40.737762,40.31415,40.973038,40.647633,40.677822,40.300762,40.760704,40.72052,40.771507,40.94817,40.821728,40.857933,41.09394,40.855225,41.151802,40.96026,40.870995,41.132988,41.21928,41.084652,41.142475,41.111496,40.835155,40.923073,41.47005,40.595074,41.233856,41.24362,41.391582
49.447174,49.109245,49.471603,49.066223,49.563576,49.30832,49.351,49.091755,49.211517,49.096405,49.644962,49.46971,49.386826,49.167732,49.2757,49.53881,49.52422,49.357517,49.815746,49.685448,49.182076,49.178204,49.77839,49.691147,49.410522,49.656075,49.739822,49.14511,49.675068,49.395226,49.815178
48.88267,48.59417,48.31874,49.026867,48.50084,48.76017,48.91143,49.23172,48.539978,48.89681,48.63472,48.94917,48.813515,48.75277,48.920776,48.627834,48.769005,49.098335,48.741962,48.816,49.20597,49.419426,48.965683,48.72152,49.305748,48.81903,48.842804,49.324223,48.93398,49.294044,48.88022
37.717857,37.735172,37.372658,37.622593,38.016357,37.385635,37.67021,37.31683,37.352528,38.0373,38.04092,37.94402,37.919163,37.572514,37.567776,37.649193,37.72301,37.628967,37.911648,38.38567,37.656803,37.595966,37.843655,37.63051,37.557102,38.13565,37.695232,37.888824,37.80019,37.718517,38.042717
44.19766,44.307137,44.136383,44.34713,44.151657,44.357346,44.209896,44.298843,44.488754,44.33016,44.642708,44.53991,44.496483,44.367268,44.21529,44.64,44.37124,44.31995,44.555904,44.516865,44.208817,43.984627,44.478237,44.68474,44.600338,44.672607,44.43806,44.716232,44.970688,44.58697,44.61641
55.923557,55.32779,55.588066,55.90054,55.981743,55.85083,55.982307,55.84039,55.722675,55.8542,55.953316,55.974915,55.82546,55.931557,55.57771,56.199474,55.890575,56.062893,56.14309,55.811253,56.231716,55.96335,56.286167,55.98909,56.04476,55.87201,56.243374,55.90213,56.115257,56.278633,55.972847
49.080746,48.915997,48.830177,49.0647,49.112335,49.223904,49.161297,49.188114,49.118736,49.13119,49.16255,49.13413,49.314503,49.31997,49.16549,49.206676,49.146812,49.44339,49.34811,49.38043,49.412052,49.405373,49.31047,49.40223,49.792446,49.59658,49.513336,49.242435,49.41826,49.466652,49.767372
45.934525,46.417507,46.537453,46.312138,46.39457,46.49837,46.709408,46.439487,46.406143,46.726494,46.343136,46.636295,46.587997,46.758003,46.347603,46.572445,46.58489,46.590908,46.470623,46.514412,46.535767,46.69842,46.739464,46.70861,46.76215,47.04393,46.819984,46.93348,46.398697,46.567043,46.756508
45.27936,45.596333,46.071815,45.83113,45.452873,45.596745,45.221054,45.550293,45.9409,45.466885,45.418697,46.027523,45.916348,46.322464,45.951824,45.606117,45.838737,45.789814,45.565834,45.803185,46.040333,45.685925,46.353172,45.63337,46.18507,45.986656,46.089172,45.84671,45.525135,46.450882,45.90003
40.800404,40.995342,40.57473,40.363018,40.843643,40.527607,40.12862,40.399635,40.976288,40.726437,40.54439,40.67525,40.76922,40.905613,40.749443,40.6088,40.822075,40.914173,41.01784,40.95884,40.821617,40.776997,40.73772,41.001663,40.719357,40.86355,41.011135,40.703846,41.279552,40.97876,41.095306
42.36529,42.485405,42.46998,42.556587,42.140747,42.410736,42.112045,42.367725,42.528446,42.34328,42.587704,42.363632,42.190083,42.637287,42.525883,42.051926,42.349617,42.423252,42.330456,42.82446,42.693954,42.834923,42.40021,42.062447,42.90824,43.27652,42.46091,42.693375,42.93966,43.04123,42.76218
48.01165,47.794678,47.89321,47.920033,48.28453,48.234726,48.462215,48.12697,48.08072,48.303165,48.49388,48.432026,48.20491,48.331364,48.01979,48.646164,48.528316,48.278168,48.55554,48.35107,48.150105,47.912453,48.75945,48.39505,48.56549,48.617355,48.389885,48.381584,48.22577,48.52369,48.531414
46.410873,46.740646,46.643387,46.524128,46.3134,46.269535,46.240772,46.332058,46.65863,46.184032,45.934074,46.221622,46.45431,46.89661,46.743122,46.69268,46.687122,46.85418,46.46809,46.821644,47.15776,47.09284,46.712822,46.44416,46.966827,46.711716,46.858795,46.633575,46.82324,47.028564,47.003727
51.93364,51.828125,51.626152,51.721092,51.84665,51.655064,51.820522,51.776688,51.836967,51.81057,51.77393,52.08671,51.818558,51.91011,51.725365,51.8258,52.01335,51.9232,51.82445,52.1128,52.197826,52.398434,52.224125,52.05694,52.21736,52.248344,52.196777,51.95256,52.163868,52.44541,52.156364
55.681896,55.59907,56.03286,55.916267,55.70854,55.742485,55.85687,55.643646,56.02604,55.78429,56.133472,56.104,55.71676,55.682144,55.773212,55.71788,55.884502,56.04863,55.94257,56.13066,56.32789,56.220364,56.434574,56.101944,56.238224,56.151436,56.323727,55.80868,56.218784,56.238605,55.964508
57.981243,57.55048,58.350517,57.86443,57.94558,58.52567,58.12439,58.537537,58.293682,57.749123,58.13399,58.181503,58.067772,58.364693,57.959736,58.499344,58.348938,58.132797,58.15511,57.62243,58.15577,58.395603,58.41572,58.468185,58.15331,58.41407,58.492043,58.471405,58.27137,58.656643,57.84446
50.761047,51.43112,50.9945,50.949333,50.911964,50.85871,51.0581,51.0847,51.379536,50.985874,50.630116,50.858456,51.10314,51.251495,51.13686,51.675106,51.478653,51.18343,51.125423,51.22484,51.45847,51.311813,51.498093,51.471756,51.389503,51.121353,51.157726,51.600834,51.319126,51.551224,51.217796
51.173405,50.986248,51.080574,51.427322,51.52939,51.224625,51.48342,51.220127,51.151463,51.37636,51.50099,51.373837,51.58798,51.202396,51.520718,51.695766,51.63374,51.363174,51.572342,51.794884,51.679386,51.23734,51.800667,51.587135,51.506966,51.33342,51.649513,51.567154,51.546043,51.704803,51.684666
39.005714,39.521442,38.916832,39.141678,38.84668,39.222324,39.069527,39.73513,39.650146,39.08978,39.002792,39.294197,39.363346,39.632614,39.407787,39.74871,39.559547,39.35171,39.23675,39.185715,39.19544,39.41073,39.305984,39.850807,39.82987,39.65647,39.391163,40.02577,39.52661,39.8338,39.650517
40.686867,40.92081,40.40677,40.806484,40.338547,40.303257,40.55258,40.52769,40.70683,40.461895,40.775173,40.39252,40.50878,40.452377,40.8334,40.9831,40.6056,40.811802,40.790325,41.238026,40.92306,40.938854,40.447044,40.823563,40.981297,41.003815,40.719677,41.05111,41.52094,40.83167,41.318996
47.9251,47.82459,47.828697,48.373524,47.9852,47.672787,48.09431,47.884136,47.88463,48.086346,48.153717,48.34205,48.2807,48.19735,48.212566,48.39838,48.39124,48.182858,48.200237,48.513863,48.42434,48.00256,48.66953,48.13674,48.46013,48.058105,48.374496,48.385536,48.18205,48.580444,48.491955
46.561066,47.12044,46.686028,47.114853,46.438126,46.539425,46.685974,46.791424,46.553135,46.93041,46.365463,47.013817,47.04948,46.92799,46.563656,46.408752,46.520233,46.886585,46.653313,47.013184,46.77017,46.953064,46.89845,46.672188,47.317184,47.139305,46.799786,47.2417,46.811184,46.787952,47.04114
44.981327,44.93336,45.253143,45.343006,45.107544,44.983273,45.36573,44.87237,44.88109,45.323055,45.61131,45.488132,45.282867,45.22495,45.226288,45.16075,45.22128,45.24178,45.361996,45.6702,45.255497,45.280136,45.512943,45.233025,45.53283,45.76571,45.57848,45.4023,45.495342,45.32409,45.843216
41.62208,41.080093,41.170937,41.31709,41.063972,41.508636,41.516155,41.659203,41.229214,41.08696,41.304874,41.50334,41.208084,41.24829,41.127144,41.546844,41.220875,41.964924,41.361725,41.33976,41.604057,42.034084,40.97241,41.49785,41.507145,41.625893,41.87572,41.561924,41.978188,41.271885,41.59029
61.48583,61.302998,61.431587,61.119553,61.485794,61.50729,61.328808,61.473362,61.554886,61.63766,61.660065,61.21923,61.38156,61.598747,61.61813,61.53441,61.349342,61.46363,61.841,61.375526,61.6099,62.00229,61.399246,61.92585,61.4562,61.97312,61.666664,61.960884,62.130325,61.878365,61.822987
41.229576,41.66352,41.701813,41.32708,41.57779,41.386234,41.36912,41.243923,41.848534,41.641148,41.570324,41.773514,41.605267,41.619194,41.753582,41.379925,41.840286,41.718197,41.594257,41.799923,41.980633,41.99616,42.091934,42.04093,41.782642,41.71544,42.11851,41.55023,41.90593,42.018497,41.87799
52.785618,52.615685,52.44451,53.19063,52.63186,52.74596,52.776634,52.94726,52.55686,52.759007,52.75603,52.81893,52.92913,52.750786,52.715427,52.76866,52.40515,52.799236,52.67625,53.137573,53.1208,53.049156,52.657745,52.66922,53.18645,53.275246,52.871513,53.225613,53.140743,53.14908,53.091854
43.86111,43.878822,44.657837,44.052876,44.15352,44.41249,44.5051,44.19084,44.320282,44.21061,44.66047,44.502304,44.34235,44.368256,44.452698,44.38014,44.67,44.42659,44.520477,44.210094,44.288193,44.5663,44.847256,44.922516,44.597298,44.570732,45.025856,44.36151,44.63157,44.487255,44.789444
49.466118,49.685467,50.04756,50.244045,49.704193,50.18363,50.06911,50.126686,50.011932,49.939873,49.689754,50.018696,50.307655,50.276188,50.137867,50.114628,50.275196,50.39697,49.90987,50.191166,50.477253,49.97648,50.43446,49.863983,50.60038,50.06028,50.273277,50.3788,49.81459,50.27617,50.006676
49.815613,49.563602,49.49768,50.01636,49.729836,49.85113,49.624653,49.994904,49.794136,49.882576,49.93918,49.65702,50.140366,50.06398,50.0176,49.953228,49.69686,50.060738,50.27231,49.82813,49.88006,49.866833,49.731194,50.294975,50.277325,49.95616,50.213753,50.22261,50.410023,50.052216,50.55089
45.97382,45.988342,46.02295,45.875797,45.92334,45.923634,45.97167,45.986748,46.03829,45.812645,46.020245,45.951138,46.014954,46.04377,45.746758,46.43633,46.221004,46.063118,46.24838,45.96251,45.90216,46.066303,46.164703,46.38469,45.971527,46.09719,46.262466,46.254997,46.454235,46.083878,46.155834
51.116318,51.526737,51.43898,51.08065,51.547394,51.387787,51.605145,51.34135,51.45727,51.693718,51.675102,51.253532,51.385525,51.054935,51.640366,51.46898,51.45896,51.27223,51.713223,51.596626,51.538128,51.78006,51.741905,52.005867,51.3788,51.694794,51.45096,51.82862,51.817764,51.597416,51.632328
45.20858,45.549908,45.546722,45.08208,45.733818,44.948925,44.84401,44.82423,45.763367,45.47501,45.630997,45.19639,45.446877,45.564095,45.862175,45.47725,45.677113,45.281223,45.979874,45.673355,45.622513,45.449127,46.00614,46.11966,45.365906,45.396538,45.84182,45.32779,45.88455,45.9854,46.08793
42.14418,42.669342,42.28784,41.965134,42.46673,42.03028,42.676723,42.1564,42.489006,42.77599,42.985165,42.62312,42.259277,42.32223,42.96023,42.758183,42.918896,42.087082,42.63415,42.92275,42.518158,42.885323,42.977383,43.097054,42.598396,43.112015,42.530876,43.065197,43.0076,43.17771,43.19527
45.235466,45.30477,45.291542,45.293175,45.517296,45.463165,45.656334,45.47221,45.213856,45.48204,45.476875,45.168907,45.565468,45.374954,45.844612,45.655045,45.61191,45.563587,45.81843,45.69901,45.574974,45.61063,45.70785,45.753525,45.80005,45.612297,45.6333,45.72085,45.65973,45.608837,46.12083
48.264023,48.49901,47.733467,48.351837,48.18522,48.166317,48.263847,48.35771,48.401234,48.340107,48.1438,48.111702,48.4127,48.056408,48.361973,48.564735,48.277767,48.460854,48.398514,48.60934,48.747047,48.517582,48.360237,48.65335,48.664406,48.22599,48.284786,48.677563,48.954037,48.64742,48.56676
57.58966,57.764565,58.1119,57.4956,58.093033,58.33305,58.29999,57.812218,57.85052,58.145493,57.925648,58.05791,58.452312,58.223743,58.400692,58.33497,58.04802,58.040306,58.24376,58.04572,58.248585,58.079506,58.5832,58.42289,58.366528,58.316437,58.173336,58.272808,58.21366,58.38054,58.5458
47.814896,47.704098,47.30697,48.209217,47.416634,47.595287,47.51286,47.936604,47.912895,47.80005,47.80072,47.950817,47.748592,47.962543,47.809208,47.862186,47.672615,48.09209,47.897045,48.094574,48.136917,47.722366,47.857285,47.678543,48.45115,48.063736,47.868427,48.266132,48.222645,48.33373,48.090374
49.478386,49.511753,49.36361,49.13935,49.918037,49.526337,49.527683,49.289757,49.285316,49.59126,49.090313,49.59474,49.83708,49.669365,49.40013,49.732037,49.496304,49.519516,49.64395,49.547386,49.739197,49.694866,49.807724,49.80509,49.407425,49.556664,49.833546,49.519318,49.68944,49.77707,49.813835
40.949303,41.43783,41.227882,41.149338,41.010803,41.26937,41.177723,41.343063,41.63461,41.405773,41.433018,41.29746,41.263878,41.413555,41.419983,41.34775,41.53729,41.43399,41.446743,41.331818,41.422783,41.48904,41.652176,41.673775,41.722176,41.552666,41.371082,41.71949,41.649887,41.707024,41.477757
54.20026,54.419727,54.36338,54.314133,54.667107,54.59169,54.429337,54.459957,54.514572,54.801003,54.254593,54.579052,54.81205,54.757965,54.589424,54.357697,54.32022,54.55726,54.471207,54.552532,54.946686,54.967636,54.699528,54.816994,54.718243,54.892517,54.825695,54.810932,54.610096,54.97554,54.76618
57.774975,57.415833,57.8024,57.71536,58.00659,57.673992,57.945354,57.660095,57.678394,57.96131,58.38905,58.00392,57.92368,57.73035,58.254635,57.913464,58.214035,57.622883,58.21828,58.149246,58.045956,58.04492,58.622425,58.262436,58.049156,58.04592,58.132874,58.067127,58.177544,58.574432,58.311886
46.224823,46.151505,46.17843,45.883526,46.09784,46.34395,45.989098,46.43494,46.455692,45.969288,45.639202,46.43496,46.234024,46.714367,46.116413,46.56568,46.488567,46.6388,46.15195,46.01643,46.51016,46.561127,46.31806,46.391685,46.334663,46.39897,46.690525,46.505127,46.351692,46.694862,46.198086
54.610947,54.819546,54.263947,54.72248,54.673775,55.188034,55.136154,55.23256,55.124306,55.30911,55.155632,54.628967,55.10843,54.4953,55.718605,54.802994,55.05345,55.281956,55.101448,55.366196,55.61181,55.502613,55.002987,55.52009,55.72186,55.095375,54.902256,55.593163,55.637012,55.42872,55.39463
50.286522,49.991413,50.178802,50.444584,50.391937,50.619244,50.499317,50.686813,50.4719,50.421833,50.474045,50.590725,50.454464,50.500576,50.18109,50.48269,50.6305,50.649395,50.37342,50.519096,50.69736,50.716404,50.485455,50.60959,50.689972,50.850906,50.93829,50.72239,50.62143,50.76754,50.430023
41.729874,41.695953,41.1604,41.50658,41.66957,41.04355,41.210938,41.229473,41.39892,41.50914,41.563927,41.402004,41.481266,41.43744,41.556454,41.60969,41.495644,41.465145,41.74602,41.976902,41.730503,41.73098,41.589558,41.591393,41.48295,41.647087,41.56304,41.641506,41.997272,41.893967,41.980537
46.561478,47.11945,46.439056,46.5471,46.497246,46.56994,46.370216,46.80581,47.04654,46.635216,46.728367,46.390327,46.60853,46.71021,46.83564,46.752068,46.6214,46.40726,46.731747,46.860107,46.81104,47.039825,46.806126,47.04686,47.097897,47.233063,46.40606,47.17786,47.2245,47.410496,46.983345
53.629604,53.927734,54.069458,53.50022,53.449905,54.11758,53.719055,54.037434,54.35139,53.72758,54.086975,53.818665,53.83279,53.893375,53.900223,53.903328,54.149796,53.98338,54.07406,53.81229,53.817265,54.037224,54.275723,54.3015,54.313198,54.291107,53.806667,54.25507,54.266453,54.21879,53.7632
46.29982,46.39552,46.736755,46.955788,46.379066,46.708813,46.28015,46.895935,46.925602,46.49984,46.55137,46.30568,46.694046,47.34807,46.68531,46.902294,46.362434,46.98374,46.921577,46.492676,46.83832,46.663216,46.613304,46.69523,47.2195,47.166885,46.934315,47.067387,46.56988,46.950073,47.083817
51.53218,51.062855,51.92369,51.491627,51.994522,51.70905,51.896423,51.54853,51.69318,51.47877,52.21767,51.883053,51.79429,51.74812,51.944187,52.213978,52.14172,51.765392,52.33682,51.863766,51.71827,51.533207,52.56252,52.455696,52.01125,51.923134,52.525467,51.526077,51.853546,52.074238,52.464443
47.968277,47.59325,47.84681,47.560898,47.6317,47.923183,47.615,47.930035,47.661514,47.418453,47.60491,47.962143,47.688324,47.84508,47.432926,47.585575,47.85613,47.848263,47.6653,47.69154,47.718056,48.209084,47.80472,47.706963,47.821102,48.176132,48.059628,47.813778,48.03906,48.04442,47.681343
40.51653,40.748898,40.662445,40.543514,40.857002,40.99009,40.757336,40.88594,41.048126,40.99254,40.97223,40.861526,40.86911,40.844822,41.13366,40.7639,40.89512,40.97842,40.896538,41.06448,41.108723,41.164177,40.82401,41.267883,41.069855,41.356735,41.21439,41.15422,41.248596,41.208702,41.24536
50.876152,51.028065,51.00988,51.258575,50.680946,51.033684,51.12058,51.460255,51.2919,51.213493,51.34385,51.459282,50.881985,51.164967,51.246643,51.080482,51.39568,51.100887,51.097343,51.269405,51.241997,51.24081,51.675865,51.062225,51.657673,51.623337,50.973377,51.870777,51.10204,51.864704,50.94813
39.630295,39.73387,39.371902,39.65995,39.477608,39.22525,39.149475,39.250957,39.425762,39.57121,39.321163,39.567333,39.65469,39.63665,39.34622,39.138584,39.34118,39.788597,39.516407,39.86975,39.783764,40.008965,39.318962,39.524673,39.658833,39.75882,39.93103,39.557312,40.068027,39.58082,39.96644
54.96658,54.894176,54.940468,54.926838,55.09459,54.734806,54.565987,54.616367,55.17627,55.18424,54.957302,54.87423,55.099518,55.201374,55.19825,54.90968,55.219536,55.30579,55.383854,55.20364,55.509075,55.240807,55.288303,55.281204,55.046345,54.829933,55.472538,55.113457,55.563477,55.408195,55.289955
49.90725,50.43884,50.45311,50.02145,50.047768,50.435654,50.360073,50.561832,50.607315,50.413586,50.324673,50.372528,50.317722,50.440693,50.62261,50.171776,50.30747,50.40413,50.43848,50.183334,50.45791,50.895145,50.83865,50.90561,50.97709,50.842346,50.44829,50.739304,50.38739,50.816074,50.652596
45.13022,45.310837,45.273987,45.223366,45.26757,45.16854,45.246487,45.121075,45.277523,45.444447,45.327892,45.460808,45.582756,45.588467,45.432487,45.48035,45.47789,45.438446,45.49008,45.486332,45.49614,45.4592,45.71729,45.54177,45.55424,45.486984,45.518463,45.62805,45.534584,45.663887,45.70357
62.291122,62.05923,62.74624,62.845867,62.87023,62.576927,63.021572,62.467304,62.181007,62.797054,62.67445,62.860405,63.106228,62.457355,63.166634,62.626892,63.130028,62.636395,62.863834,62.987934,63.190094,62.729233,63.781944,62.88237,62.963814,62.22136,63.13025,62.77633,62.544632,63.166603,62.91249
54.761986,54.518265,54.47252,54.55432,54.644524,54.9109,54.5226,54.806004,54.88852,54.77828,54.618977,54.933548,54.750164,54.784576,54.55896,54.72222,54.772087,55.053726,54.89953,54.765305,54.952705,54.665245,54.8492,54.80799,54.911705,54.875458,54.92521,54.971527,55.133232,55.03316,54.582775
50.49179,50.810143,50.765823,50.7351,50.36148,50.44666,50.40994,50.360435,50.702206,50.51044,50.33729,50.50824,50.74574,50.82488,50.54804,50.450096,50.649086,50.73898,50.53974,50.63495,51.12729,51.283394,51.01664,50.761963,51.03022,50.58599,50.89787,50.66038,51.21225,51.102814,50.852108
45.88075,45.826492,45.485504,45.82491,45.830376,45.667618,45.50505,45.929916,45.835487,45.868946,45.645126,45.94978,45.76931,45.98948,45.762047,45.861763,45.738724,45.80743,45.881275,45.867805,45.9596,45.91406,45.85148,45.84017,45.8542,46.06125,45.902954,46.230286,46.069656,46.35547,45.901352
47.307396,47.32195,47.292877,47.58802,47.22107,47.358707,47.407475,47.35285,47.35302,47.762234,47.67855,47.68166,47.40867,47.54839,47.458786,47.375813,47.330402,47.624954,47.575184,47.731842,47.6496,47.45783,47.559334,47.20597,47.67046,47.883957,47.403168,48.00267,47.771187,47.718403,47.55625
46.792618,47.15013,46.641647,47.120056,46.896362,46.4599,46.855972,46.545956,46.876675,47.057068,47.26208,46.829643,47.0053,46.55498,47.05818,46.986904,46.959793,46.861958,47.271633,47.70922,47.07201,46.746613,47.270752,47.15023,47.292515,47.123466,46.869324,47.155514,47.441555,47.067722,47.4941
35.90233,35.52004,34.993896,36.004616,35.603947,35.462532,35.750694,35.909668,35.56558,35.839523,36.12439,35.79837,35.530132,35.566387,35.691216,36.06433,35.61146,35.983578,35.983368,36.155937,35.862717,35.725475,35.447975,35.701283,35.947086,36.080555,35.786438,36.252205,36.20768,35.922924,36.179832
38.10877,38.595318,38.793556,38.661327,38.552925,38.2023,38.530533,38.155384,38.45339,38.64058,38.580723,38.507385,38.84842,38.81249,38.747738,39.00593,38.77005,38.614338,38.744144,38.836044,38.701687,38.563694,38.809883,38.855972,38.446598,38.596832,38.960037,38.96814,38.798126,38.582043,39.089676
53.228752,53.396767,53.297966,52.947006,53.531425,53.15031,53.118267,53.037643,53.161247,53.321114,52.95564,53.10863,53.41244,53.403183,53.52901,53.3257,53.528427,53.172443,53.479454,53.485764,53.510124,53.555813,53.620335,53.46804,53.220337,53.369774,53.455338,53.48448,53.583977,53.746323,53.60596
49.763897,49.886814,49.974052,50.382225,49.416893,49.890102,49.677223,50.09369,50.08199,49.807,49.889717,49.958065,49.934845,50.129757,50.050858,49.612156,49.89944,50.213093,49.841404,50.221664,50.332153,50.283943,50.106346,49.7362,50.694656,50.358337,50.09934,50.326286,50.21725,50.41419,50.122993
49.40887,49.370117,49.516678,48.925034,49.886414,49.64056,49.66342,49.4957,49.720604,49.51793,49.568615,49.276558,49.50863,49.680454,49.61789,50.27178,49.98799,49.65436,49.936596,49.54682,49.704548,49.861847,49.623226,50.311996,49.31278,49.847176,50.134415,49.815865,50.04104,49.80029,49.977665
41.6237,41.99265,41.81929,41.74341,41.74823,41.849262,41.881516,41.798027,42.263565,42.10266,42.005024,42.05959,41.89299,42.300217,42.247894,42.093563,42.129463,42.385796,42.155746,42.271206,42.39473,42.198895,42.346462,42.19201,42.670242,42.475166,42.258095,42.214314,42.195602,42.453808,42.583782
55.10927,55.457882,55.605125,55.148155,55.403175,55.75272,55.918186,55.798126,55.444767,55.557903,55.146015,55.578094,55.60124,55.798325,55.597126,55.902798,55.836784,55.621513,55.59024,55.405586,55.603886,55.74211,56.127975,55.694458,55.974964,55.950897,55.53485,56.088512,55.195568,55.89015,55.596863
47.625225,47.122917,46.985497,47.54363,47.68161,47.435795,47.74487,47.482662,47.078735,47.720173,48.182503,47.38842,47.684563,47.234104,47.728718,47.664085,47.55952,47.40481,47.968273,47.973804,47.48571,47.64127,47.503498,47.86725,47.72429,47.889412,47.68593,47.86034,48.19345,47.728954,48.33789
58.82957,58.49898,59.248,59.03365,58.818565,58.827618,58.99508,58.86092,58.81005,58.792667,59.162834,58.909954,58.964542,59.141983,59.088104,59.01873,59.305004,58.994484,59.26356,58.955208,59.06265,59.340153,59.44509,59.31151,59.27543,59.155518,59.59823,59.14164,59.35529,59.348152,59.47576
48.18385,47.772385,48.68756,48.067616,48.133827,48.68424,48.496346,48.624645,48.423176,48.02374,48.417664,48.5454,48.13193,48.81274,48.308384,48.63927,48.529327,48.8054,48.61431,48.13384,48.318226,48.576492,48.62721,48.51832,48.84424,49.09931,49.01152,48.48415,48.279015,48.569107,48.74725
38.664207,38.645977,38.793037,38.561188,38.36235,38.818836,38.46414,38.76978,38.57731,38.2518,38.579346,38.87276,38.765648,39.09114,38.1478,38.729607,38.624153,38.641,38.583218,38.60242,38.184166,38.643147,38.55718,38.58291,38.95387,39.470238,38.844837,38.820137,38.8604,38.736782,38.925182
47.048874,46.553066,46.524857,46.97124,47.08094,46.697586,46.840775,46.75733,46.598278,46.896667,46.7751,46.735466,46.97365,47.102222,46.85889,47.122116,46.88565,47.16885,47.043423,47.100727,47.44111,47.372295,46.894474,46.835785,46.95052,46.9405,47.30152,46.982735,47.196728,47.26462,47.33974
42.496292,42.720425,42.167366,42.85862,42.01422,42.061733,42.060085,42.395386,42.457153,42.39089,42.620987,42.51818,42.495346,42.421722,42.7787,42.25202,42.390274,42.472794,42.567482,43.113132,42.557262,42.385914,42.591885,42.279938,43.119854,42.82576,42.23856,42.919247,42.96735,42.939327,42.993694
43.124653,43.087234,43.744606,43.815807,43.392006,43.440205,43.555527,43.402786,43.263847,43.408207,43.722607,43.55442,43.594784,43.89902,43.507626,43.693783,43.485313,43.43323,43.533463,43.65984,43.584347,43.55989,43.72888,43.393585,43.76888,44.106483,43.908012,43.818443,43.537853,43.818775,44.004673
47.560123,47.92781,47.667793,48.084415,48.341965,48.04881,48.008453,47.87682,47.925972,48.285007,48.031143,47.960457,48.586895,47.843773,48.32403,48.06484,48.129387,47.880306,48.23494,48.52449,48.28354,47.590446,48.535572,48.349525,48.30346,47.946342,48.083996,48.23332,48.055885,48.328728,48.337494
38.58272,38.43407,38.352158,38.814976,38.768974,38.63509,38.377728,38.648262,38.547417,38.62327,38.863655,38.724964,38.849003,38.601803,38.631565,38.679047,38.26911,38.601368,38.822693,38.925804,38.644646,38.368587,38.53359,38.745224,38.696938,38.97917,38.80122,38.81143,38.90675,38.811016,39.010612
42.927204,42.98377,43.04403,42.778072,43.00605,43.19156,43.29274,43.045856,42.601902,42.963375,42.725643,43.029953,43.255867,42.958763,42.65347,43.260715,43.014053,43.135597,43.071278,42.878376,42.852726,43.165726,43.03789,43.086494,42.81854,43.02588,43.0907,43.26667,43.17794,42.701584,42.978992
44.88627,44.92111,44.31604,44.85655,44.743515,44.396893,44.289616,44.799778,44.68796,44.519997,44.152824,44.891056,44.97143,44.911858,44.95661,44.81813,44.62164,44.71139,44.585873,44.931038,45.177555,45.023426,44.93465,44.83944,44.962418,44.637703,44.879517,44.971848,44.93557,45.53561,45.06448
51.901844,51.55731,51.810783,51.802303,52.167458,52.07825,52.580257,52.04514,51.547344,52.03568,52.29023,52.273987,52.212803,51.823177,51.919724,52.52275,52.2208,51.830193,52.190014,52.070694,51.94391,52.12717,52.46611,52.480225,52.06859,52.254578,52.31458,52.31032,52.26126,52.249325,52.39232
50.233124,50.260834,50.243034,49.912067,50.26626,50.100185,49.73543,50.08708,50.482254,49.612835,50.22781,50.037464,50.009464,49.92901,49.870525,50.157333,50.202347,49.782555,50.236588,50.29885,50.066353,50.29349,50.388016,50.694878,50.20447,50.579155,50.46518,49.914925,50.736706,50.635483,50.30796
44.253307,44.40285,44.94226,44.62847,44.66931,44.77534,44.790348,44.692764,44.55391,44.705032,44.700344,44.535385,44.56709,44.913483,44.840603,44.78209,44.571537,44.79124,44.843822,44.75931,44.817642,44.862965,44.805847,44.624367,44.844635,45.298073,44.955082,45.019955,44.57108,44.809982,45.049335
50.62731,50.340008,50.82036,50.82455,50.55284,50.82834,50.42435,50.917107,50.92898,50.422356,50.758408,50.554844,50.53889,50.67068,50.721336,50.467,50.7777,50.954147,50.761906,50.755383,51.065716,51.13547,50.778152,50.823265,50.93755,50.930885,51.196617,50.778545,51.004913,51.065876,50.672886
54.94888,54.70505,54.789986,54.535316,55.53354,54.479656,54.99906,54.41294,54.86666,54.987476,55.445763,54.857903,54.9161,54.76793,55.036255,55.58637,55.379013,54.614323,55.55792,55.40265,54.98656,54.921883,55.45908,55.782135,54.66097,55.188103,55.506657,54.9538,55.491947,55.357418,55.71487
51.829033,52.122482,51.74507,51.919857,51.845337,51.843155,51.91473,52.11952,51.992546,52.292213,51.891327,52.083862,52.115322,52.09342,52.49055,51.723522,51.897087,52.0898,52.058784,52.23253,52.33521,52.630085,52.164948,52.347794,52.524086,52.456596,52.149784,52.60106,52.275322,52.574314,52.57977
53.113304,53.203167,53.21814,53.23454,52.69007,53.461864,53.250477,53.493816,53.3783,53.05816,53.099518,53.42544,53.233463,53.297794,53.028053,53.184456,53.472153,53.502163,53.02105,53.38078,53.424854,53.51855,53.410397,53.10058,53.78714,53.69673,53.239075,53.70785,53.553844,53.571777,52.993862
50.1959,50.027046,50.331932,49.8624,50.449173,50.103424,49.910034,49.951233,50.160744,50.013355,50.227203,50.00661,50.04416,50.166416,49.932804,50.054424,50.21803,50.100483,50.456352,50.2949,50.120106,50.379303,50.290806,50.386734,49.988857,50.588013,50.577663,50.020004,50.40901,50.289078,50.374012
49.39215,49.228607,49.3984,49.541744,49.307915,49.508587,49.39781,49.513855,49.575386,49.261086,49.52921,49.636734,49.413147,49.304844,49.163948,49.42161,49.694862,49.680424,49.514244,49.670555,49.639378,49.486065,49.78386,49.567123,49.767757,49.611626,49.818447,49.489384,49.757248,49.667583,49.352165
54.90413,54.72478,55.150642,54.738358,55.243103,54.94646,54.73482,54.72299,55.050903,54.752342,54.82962,54.9052,55.102135,55.20535,54.90584,55.254463,54.95177,55.010124,55.288624,54.920605,55.17199,55.071583,55.27059,55.472824,54.929058,55.106987,55.6165,54.836426,55.32674,55.286552,55.38935
49.454597,49.033447,49.30533,49.612247,49.46012,50.05938,49.5132,50.093708,49.808205,49.513813,49.82344,49.345615,49.55201,49.639515,49.672596,49.76661,49.525272,49.915565,49.8778,49.49765,49.760838,49.61926,49.336155,49.874092,49.93279,49.972214,49.920345,50.01323,50.036907,49.849033,49.7484
45.91208,46.108517,45.452995,46.127304,45.709137,46.02875,46.008263,46.42539,45.90892,45.829643,45.358475,45.9894,46.317017,46.03297,45.780792,46.162445,45.988575,46.18585,45.73067,45.923714,46.249615,46.371464,45.991463,46.21991,46.47513,45.901352,46.078583,46.432285,46.168056,46.28921,46.039433
55.311623,55.07707,55.08413,55.376106,55.27176,55.44867,55.471546,55.429646,55.062412,55.296383,55.37616,55.20487,55.50604,55.09714,55.336388,55.406845,55.404587,55.3338,55.502884,55.509403,55.43808,55.425755,55.451145,55.484818,55.55028,55.39576,55.426674,55.650745,55.83869,55.512077,55.524647
56.190243,55.897606,55.942787,55.953087,56.401062,55.941475,55.810616,55.91842,56.173206,56.151062,55.981697,56.027206,55.980076,55.535305,56.419186,55.8296,56.296333,56.447746,56.46651,56.573154,56.662582,56.22221,56.29226,56.368767,55.85059,55.70397,56.597103,56.05624,56.568295,56.23906,56.050823
39.492058,39.663246,39.767403,39.566216,39.442566,39.743828,39.99557,39.774006,39.931026,39.841934,39.641346,39.96903,39.513123,40.079052,39.846024,40.21768,40.01594,40.46012,39.789097,39.894356,40.28553,40.279728,39.842976,39.85209,40.089577,40.200188,40.263878,40.24842,40.047176,39.96245,40.074596
52.87909,52.54675,52.93152,52.76898,52.721222,53.261124,52.90827,53.076084,52.99798,52.84461,53.182255,52.891117,52.879543,52.84603,52.889687,52.881607,52.76978,53.162083,53.174725,52.809483,53.001984,53.170288,52.866997,53.240105,53.158043,53.28077,53.243153,53.133785,53.591743,53.049137,53.10654
33.321396,33.294075,33.004936,32.731915,33.52301,33.327595,33.089447,33.326717,33.43976,32.83232,32.935455,33.17857,33.444786,33.474,32.927387,33.803043,33.38752,33.588043,33.46708,33.278343,33.213955,33.413074,33.21838,33.9038,33.372955,33.537235,33.837734,32.999092,33.339718,33.247017,33.783173
53.84319,53.657394,53.716087,53.819965,53.94864,54.13315,53.75007,54.13762,53.619408,53.650284,53.385265,53.71033,54.341568,53.93421,53.488792,53.746815,53.654423,53.918114,53.8509,53.64233,53.858128,54.10703,53.878914,54.062256,53.98548,53.864296,54.067028,53.906414,53.791718,53.86262,53.809597
50.022633,50.57688,50.504944,50.349987,50.223434,50.277775,50.345837,50.42558,50.276703,50.21668,49.748035,50.294716,50.574707,50.434196,50.382084,50.454586,50.557182,50.299664,50.264755,50.304768,50.49666,50.577374,50.812195,50.554634,50.528343,50.229935,50.469017,50.725254,50.35745,50.62938,50.344616
43.45536,43.753174,43.371826,43.395794,43.462196,43.254795,43.079067,43.45567,43.573624,43.51402,42.96044,43.770466,43.631493,43.976185,43.341454,43.52368,43.365517,43.657032,43.4514,43.55028,43.60914,43.65758,43.538296,43.550514,43.605595,43.859398,43.733486,43.832634,43.49397,43.84495,43.70909
48.56931,48.643787,48.681343,48.41115,48.77906,48.582066,48.488995,48.44082,48.64003,48.585876,48.330242,48.75387,48.8662,48.99882,48.80494,48.92098,48.848103,48.71076,48.779675,48.699,48.99723,48.789494,49.210567,48.79068,48.767857,48.641357,48.875416,48.75891,48.81017,49.25961,48.90328
57.656517,57.184517,56.72027,57.27155,57.50054,57.22523,57.157864,57.313698,57.233086,57.871605,57.442905,57.627785,57.594673,57.592148,57.304966,57.244083,57.305367,57.57287,57.724586,57.427147,57.64539,57.60455,57.53996,57.536392,57.546806,57.448624,57.47618,57.76812,57.84369,57.916496,57.605473
49.237156,48.755497,48.922844,49.881336,48.84719,49.522964,49.22611,49.69046,48.86844,49.09674,48.812744,49.509247,49.646313,49.740963,48.92838,49.05278,48.98826,49.628983,48.906868,49.177864,49.60521,49.518295,49.165894,48.73799,49.995564,49.519127,49.55449,49.597645,49.25291,49.624588,49.338146
37.88689,38.852497,38.51104,38.08565,37.985847,38.247887,38.299126,38.250237,38.86305,38.2652,38.378933,38.4388,38.40327,38.447598,38.58824,38.50996,38.987206,38.373665,38.23963,38.685688,38.604267,38.726685,39.046013,38.82261,38.94435,38.704697,38.41304,38.709778,38.724495,38.979397,38.5629
51.10489,51.197086,50.856926,50.859318,50.818817,50.781475,51.150314,50.987965,50.755047,51.04559,50.91049,51.23066,50.80927,50.741077,50.831215,50.933846,51.047527,50.934708,50.879185,51.284172,51.15514,51.497757,51.291668,50.815628,51.064625,51.3562,50.75313,51.431816,51.225018,51.34303,50.85227
37.819263,37.9192,37.9225,37.979214,37.801796,37.798832,37.923138,37.829533,38.0836,38.187572,38.40812,38.193707,37.74487,38.045467,38.08401,37.87856,37.8771,38.259724,38.161633,38.35071,38.18634,38.316105,37.97638,38.115334,38.296898,38.701942,38.347237,38.29968,38.456745,38.19739,38.543354
58.12625,57.59857,57.66162,58.5657,57.946915,58.206364,58.129555,58.30043,57.892754,58.138584,57.796753,58.474426,58.45879,58.388664,58.290176,58.076378,58.159397,58.75571,58.24323,58.56432,58.725624,57.96519,58.49669,57.82277,59.085777,58.21733,58.539864,58.348156,58.104836,58.577023,58.52831
41.409092,41.436123,41.396797,41.676228,41.343346,41.282158,41.627243,41.62494,41.243633,41.372,41.632584,41.774944,41.456387,41.564854,41.68171,41.548286,41.513027,41.364807,41.47663,41.857094,41.54287,41.77824,41.89138,41.508247,42.063076,42.1595,41.645603,41.84797,41.519367,42.068283,42.121952
42.467155,41.84668,42.51406,41.987556,42.26062,42.65281,42.49453,42.347168,42.416397,42.05536,42.893044,42.614033,42.166576,42.38778,41.927082,42.727436,42.480984,42.6736,42.599636,42.327072,42.239662,42.542213,42.35593,42.6185,42.34454,42.99456,42.89811,42.30532,42.91597,42.33246,42.52752
35.14131,35.591698,35.379944,35.50288,34.930565,35.12734,35.11996,35.338913,35.405766,35.233383,35.25534,35.764065,35.489727,35.731514,35.351074,35.31955,35.48806,35.291103,35.149548,35.435665,35.358025,35.513733,35.796806,35.353783,35.852592,35.69742,35.414,35.733105,35.52909,35.96501,35.618473
50.51819,50.18166,49.760994,49.75275,50.49523,50.52945,50.31703,50.57379,50.17853,50.365932,50.14762,49.910202,50.48642,50.276768,50.402344,50.46165,50.363075,50.509937,50.610336,50.19737,50.445213,50.95128,50.061832,50.834404,50.3437,50.415222,50.456028,50.594887,50.81248,50.519947,50.69118
53.685944,53.720917,53.708305,53.608665,53.95868,53.630333,53.84773,53.388668,53.559467,53.845406,53.860863,53.54144,54.130913,53.686882,53.703255,53.892418,53.613102,53.7434,53.955093,54.001244,54.044037,54.358295,53.80376,54.376747,53.780006,53.984283,54.212826,53.81794,54.455063,53.807655,54.43629
54.40263,54.215084,54.538094,54.099747,54.510124,54.50315,54.446518,54.335976,54.2824,54.442856,54.433716,54.082817,54.47057,54.432285,54.359425,54.525173,54.265476,54.61482,54.722908,54.351982,54.52408,55.04333,54.131172,54.867447,54.20083,54.749733,54.884068,54.663757,55.003162,54.263046,54.81412
40.768105,41.37713,40.948715,41.07986,41.028008,40.85573,40.84777,41.02624,41.117844,41.02935,40.778103,41.083237,41.404163,41.325478,41.318172,41.16229,41.33111,40.895844,41.037365,41.338173,41.130512,41.183483,41.35956,41.477028,41.44815,41.31089,41.326893,41.46101,41.34309,41.599243,41.660595
47.415394,47.50335,47.34854,47.316826,47.816635,47.435772,47.45509,47.488796,47.639385,47.858986,47.62094,47.575302,47.715084,47.725273,47.576847,47.720654,47.570988,47.701298,47.941322,47.61924,47.710297,47.735744,47.801876,48.071587,47.585396,47.775993,47.869102,47.84295,47.66701,47.795486,47.903625
43.148426,43.074036,43.23819,43.737915,43.08722,43.350033,43.33941,43.327915,43.0139,43.37241,43.30339,43.170105,43.596245,43.363914,43.70202,43.192554,42.925552,43.795174,43.39876,43.765827,43.811443,43.668617,43.05391,43.151505,43.769848,43.602585,43.619576,43.68884,43.679184,43.269974,43.98351
46.36841,46.24265,46.79856,46.58817,46.660164,46.67304,46.754063,46.589836,46.250027,46.68351,46.451485,46.560616,46.899414,47.01377,46.56546,46.826393,46.50926,46.89108,46.781902,46.48571,46.67912,46.993164,46.496613,46.806763,46.547356,46.914047,47.22119,46.966686,46.673573,46.447987,47.104073
51.29515,51.4483,50.741295,51.72814,51.04796,51.313755,51.115826,51.703125,51.644592,51.600292,51.441425,51.748154,51.48643,51.298447,51.473434,51.2083,51.62649,51.43236,51.35116,51.807774,51.66109,51.113106,51.78713,51.33629,52.063786,51.531487,51.151264,52.07268,51.687782,52.186813,51.17783
51.048595,50.96066,51.054405,51.15978,51.283325,51.214584,51.425896,51.114822,50.989,51.231728,51.516903,51.26937,51.2838,50.892357,51.361134,51.386665,51.265694,51.121338,51.500957,51.634632,51.269413,51.02797,51.60252,51.414246,51.46264,51.50528,51.29866,51.423115,51.524292,51.423885,51.599915
35.554413,34.93157,34.92651,35.24981,35.320625,35.337593,35.32232,35.46044,34.87757,35.05234,35.091316,35.608078,35.40847,35.436104,35.165855,35.74722,35.361675,35.61172,35.33733,35.431515,35.29025,35.239967,35.047646,35.1397,35.17403,35.438877,35.664986,35.553524,35.525394,35.368565,35.584103
46.10084,45.842667,45.488525,46.07179,45.60202,45.763645,45.393948,46.094418,45.894394,45.694786,45.689865,46.129574,45.863514,45.847572,45.819042,45.295372,45.601803,46.12929,45.87206,46.061943,46.02666,46.107574,45.906395,45.815094,46.480843,46.12298,46.062824,45.91043,46.129944,46.290783,46.09866
55.42269,55.512623,55.558372,55.816944,55.23236,55.30478,55.292442,55.588673,55.908897,55.42845,55.770172,55.818134,55.537388,55.783707,55.53765,55.67678,55.784996,55.64588,55.842392,55.800915,55.631348,55.398758,56.211773,55.885437,56.31426,55.956253,55.838158,55.869915,55.81169,56.1697,55.892094
51.155224,51.426502,50.78797,51.11872,51.496742,51.019135,51.0608,51.02606,51.389088,51.487976,51.307858,51.42908,51.625572,51.084232,51.86489,51.11949,51.661633,51.165142,51.418877,52.021606,51.751667,51.387184,51.855324,51.8291,51.765987,51.366653,51.536674,51.454548,51.79651,52.10498,51.92102
50.882027,51.069515,51.007004,51.27225,50.446014,50.809254,50.920353,50.99432,50.64412,50.54949,50.704746,50.91861,50.959114,50.650257,50.588375,50.58105,50.97212,50.79608,50.609344,51.233086,50.942608,51.2542,51.160435,50.593933,51.349976,51.156418,50.782097,51.137627,51.17263,51.068504,50.773083
53.921085,53.445892,53.614265,53.872528,53.743988,54.2032,53.639896,54.336132,53.89853,53.48819,53.635147,53.88723,53.87638,53.860157,53.543617,53.76035,53.633675,53.97129,53.913456,53.586067,53.84416,53.8838,53.851425,54.039726,54.22004,54.081535,54.163563,53.904137,54.040173,54.165794,53.799892
41.310814,41.681385,41.43141,41.696266,41.63006,41.090416,41.263172,41.36854,41.592243,41.79946,41.29034,41.30754,41.62848,41.865673,41.903446,41.806828,41.442078,41.936752,41.961445,41.798195,41.93528,41.691147,41.54268,41.806717,41.608345,41.54422,41.92924,42.01527,41.673126,41.636772,42.200546
52.587563,52.20783,52.306694,52.836277,52.449226,52.6589,52.70536,52.81572,52.588875,52.827503,52.90042,52.962048,52.72865,53.010445,52.639706,53.001656,52.771248,52.95925,52.926456,52.880566,52.814022,52.41979,52.935383,52.516747,53.1718,53.134674,52.748276,53.26548,52.70947,53.10582,52.88752
54.876842,55.006588,54.93727,55.393646,55.134865,55.31906,55.171566,55.283318,55.33878,55.61009,55.60877,55.350883,55.5033,55.211468,55.46247,54.92854,55.33738,55.175426,55.31226,55.58607,55.59482,55.290478,55.734417,55.373688,55.810722,55.581,55.19987,55.71151,55.448532,55.900246,55.312595
52.001717,52.306107,52.468414,52.06791,51.840195,52.49499,52.10728,52.58087,52.76947,52.19988,52.377274,52.04153,52.135784,52.52917,52.45406,52.156464,52.427048,52.50185,52.52961,51.998924,52.423244,52.81385,52.70118,52.722466,52.992924,52.679375,52.36596,52.640926,52.597507,52.814404,52.42665
41.838554,41.715782,41.960144,41.735462,41.47361,41.8506,41.46171,41.848747,42.147556,41.574917,41.95777,42.174805,41.723125,42.29219,41.548977,41.741676,41.832024,42.21884,42.043514,41.757797,41.74839,41.89851,42.140915,41.943222,42.449562,42.42079,42.217155,41.787376,42.020275,42.144566,42.132053
35.498455,35.73365,35.747246,35.22152,35.674862,35.561966,35.386776,35.201145,35.655083,35.57249,35.94838,35.331085,35.685448,35.507347,35.326237,35.583847,35.580093,35.63083,35.99299,35.687386,35.289375,35.73903,35.429344,36.138756,35.375805,35.89591,35.924175,35.507286,36.361076,35.237247,36.06128
44.300625,44.208565,44.56314,44.270287,44.240204,44.2703,44.42218,44.454758,44.42236,44.39048,44.52127,44.52303,44.437847,44.96246,44.54505,44.766212,44.75955,44.66784,44.73668,44.23756,44.39046,44.87884,44.681664,44.913002,44.698666,44.78289,45.047462,44.837337,44.713486,44.76551,45.09962
34.54476,34.99638,34.605072,34.055897,34.62305,34.266613,34.26322,34.168583,34.59099,34.42015,34.200695,34.77189,34.63863,34.706787,34.314247,34.777527,34.408573,34.589684,34.56392,34.61217,34.482243,34.798035,34.54645,34.937035,34.279053,34.819656,34.825073,34.568222,34.93969,34.573147,34.918358
38.707573,39.07771,38.99066,39.134037,38.79341,38.830547,38.76983,39.11722,39.15103,39.003338,39.073677,38.66599,38.909824,39.34751,38.899586,39.239513,38.868706,39.07948,39.239964,38.96794,38.949413,39.105663,38.962616,39.087074,39.215412,39.467445,38.981102,39.515633,39.019917,39.137318,39.27371
40.303482,40.018806,40.341995,40.06092,40.329796,40.29299,40.459785,40.217705,40.34479,40.383507,41.018185,40.39148,40.080524,40.32902,40.62124,40.486958,40.53924,40.498215,40.67089,40.677307,40.51068,40.804886,40.51853,40.605453,40.53565,41.03517,40.7137,40.54367,40.83784,40.72022,40.981606
49.66579,49.592827,48.908928,49.94237,49.418137,49.04923,49.69662,49.52114,49.09731,49.78062,49.545406,49.644444,49.632313,49.33965,49.9762,49.448658,49.78629,49.585327,49.577007,50.298283,50.009403,50.025795,49.733173,49.536476,50.118725,49.69246,49.702847,50.132725,50.136883,50.148388,50.31082
60.812965,60.440174,60.680443,60.940163,61.51493,60.753605,60.837246,60.387093,60.503067,61.208664,61.04272,60.643,61.2991,60.690826,61.07078,60.88656,60.637394,60.724445,61.346394,61.149963,61.346786,60.967102,61.075386,61.368805,60.60196,60.657516,61.44354,60.835434,61.556442,61.108612,61.480675
68.78055,68.58357,68.487015,68.624504,68.662575,68.99037,68.754974,69.04708,68.916,68.63356,68.510765,68.64599,68.92099,68.829185,68.94274,68.943565,68.92242,68.84326,68.84668,68.81283,69.28007,69.16916,69.18537,69.10335,69.375015,68.94802,68.8759,69.1241,69.19317,69.597336,68.89201
34.907173,35.448185,35.31002,35.158882,35.041466,35.305023,35.222954,35.25925,35.47934,35.262768,35.223408,35.42788,35.203117,35.25508,35.360558,35.18655,35.60296,35.414055,35.17363,35.52397,35.466114,35.426956,35.599636,35.35374,35.59301,35.549065,35.43442,35.542416,35.550854,35.603138,35.321102
38.589508,38.934475,39.135765,39.01462,38.546417,38.665665,38.750313,38.727337,39.02408,38.62618,39.044044,39.076973,38.715412,39.034668,38.54147,38.722404,38.909412,39.023354,38.872646,39.221786,38.80452,39.022797,39.16634,38.9216,39.475773,39.68428,39.280243,38.86294,38.937172,38.948723,39.292656
46.76817,46.709934,47.14763,46.416924,46.73678,47.055996,46.179367,46.875477,47.580765,46.453136,47.01083,46.702553,46.633644,47.239445,47.013874,46.870747,47.188606,47.07937,47.23959,46.801983,46.882065,46.860435,47.077198,47.289085,47.15141,47.35035,47.34094,46.801804,47.319534,47.42716,47.08322
33.92925,34.494614,34.410633,33.976063,34.177776,34.36747,34.239914,34.29726,34.694088,34.313663,34.45467,34.29847,34.360794,34.6127,34.604065,34.5347,34.804634,34.41968,34.421932,34.442093,34.44047,34.653984,34.66092,34.841293,34.696648,34.769127,34.64252,34.65248,34.719868,34.8217,34.796204
48.86692,49.05606,49.50728,48.736134,49.353416,48.851982,49.444225,48.593075,48.869137,49.12452,49.28137,49.41704,49.1599,48.896927,49.310013,49.283077,49.523212,49.008213,49.240547,49.592716,49.314075,49.50543,49.82922,49.543205,48.994907,49.417336,49.663193,49.120857,49.357086,49.318253,49.591724
41.720352,41.581554,41.41678,41.55603,41.930756,41.520218,41.55426,41.5966,41.785633,42.111202,41.998653,41.99455,41.787796,41.85636,42.29683,41.824078,41.998318,41.987,42.15878,42.10403,42.104206,41.804546,42.108463,41.998085,41.819714,41.821297,42.024338,42.122982,42.0384,42.333004,42.21491
35.21967,35.48181,35.208214,35.1929,35.07705,35.318542,35.574112,35.72666,35.31042,35.626286,35.178913,35.699894,35.460766,35.849144,35.624996,35.966885,35.625183,35.794518,35.40283,35.364323,35.397694,35.795425,35.166943,35.607094,35.42146,35.851135,35.607597,36.485264,35.540012,35.550114,35.754677
48.466072,48.764732,48.695686,48.238323,48.824005,48.840885,48.757362,48.694027,48.973167,48.750843,48.379765,48.71553,48.826565,48.95617,48.958344,48.990814,49.161194,48.961533,48.790665,48.730896,49.23459,49.23741,49.20427,49.240364,48.979977,48.81665,49.173347,48.91101,49.018337,49.321064,48.98077
48.034332,47.974022,48.08142,48.40893,48.257698,48.29412,48.329266,48.017704,48.16499,48.388546,48.540146,48.280174,48.489647,47.957386,48.29258,48.086136,48.202,48.487556,48.438686,48.681778,48.61443,48.37279,48.35969,48.606834,48.582317,48.360443,48.785156,48.266163,48.96778,48.258144,48.73296
43.996647,44.04026,43.802315,44.419033,43.89167,43.96383,43.879566,44.16388,44.17042,44.301506,44.085087,44.246307,44.44694,44.558468,44.30309,44.273434,44.17959,44.443867,44.306866,44.252625,44.39807,44.183117,44.20579,44.330956,44.59312,44.20266,44.45283,44.671356,44.555683,44.543922,44.643936
51.032753,51.561634,51.37039,51.327454,51.25654,51.078545,51.202618,51.187344,51.534332,51.43591,51.555298,50.884903,51.206856,51.222946,51.54006,51.279385,51.398556,51.29458,51.641254,51.821827,51.5204,51.626633,51.530415,51.616447,51.695034,51.87977,51.338898,51.715755,51.666534,51.56362,51.781612
54.690575,54.26704,54.75284,54.49885,54.428207,54.69181,54.55336,54.62477,54.35626,54.54803,54.744385,54.836395,54.650173,54.664543,54.787945,54.274334,54.579582,54.793816,54.89553,54.668728,54.595688,54.83856,54.98863,54.581055,54.9869,54.93499,54.809917,54.742386,54.80197,54.87358,54.921803
43.069454,42.925774,43.447113,42.91729,43.1808,43.00108,43.00894,42.90938,42.92636,42.747894,42.918552,43.003586,43.098152,43.241726,43.07673,43.39432,43.055912,43.218155,43.217438,43.075882,43.237835,43.501747,43.144436,43.280037,42.825294,43.24948,43.621826,43.089413,43.34537,43.14402,43.44609
48.12983,47.471817,47.642204,47.4461,47.85086,48.21893,47.735714,48.079987,47.906445,47.740395,48.081825,48.260788,47.99645,47.68523,48.13489,47.719498,47.99296,48.223724,48.145668,47.978786,47.967686,47.993305,48.085705,48.192566,48.10475,48.00921,48.177113,47.89396,48.327656,48.235806,48.029186
35.615986,36.157227,35.909348,36.001694,35.26283,35.702286,35.60695,35.960358,35.92336,35.879433,35.4907,35.948956,35.88307,36.392086,35.967686,35.59004,35.74831,36.393,35.87524,35.93169,35.91898,36.247158,35.8144,35.75746,36.630867,36.3703,36.065464,36.33281,35.963566,35.933834,36.434933
53.310883,53.184196,53.520607,53.5012,53.416504,53.80696,53.45681,53.630074,53.636765,53.44326,53.56274,53.42421,53.78462,53.875523,53.75201,53.624626,53.548557,53.781754,53.79824,53.55308,53.764965,53.68944,53.715054,53.919273,54.181087,53.939186,54.033123,53.72596,53.9622,53.934284,54.175156
48.865654,48.767815,48.732986,48.897118,48.982513,48.96093,48.831596,48.972668,48.9073,48.71029,48.845444,48.876926,49.091805,48.924038,48.650555,49.19468,49.32166,48.843895,48.94848,49.129177,48.928097,48.857494,49.02503,49.140976,48.941498,49.084763,49.23838,49.146477,49.30193,49.196224,48.95584
42.87509,42.565437,42.578682,42.62738,43.309097,42.987957,43.55665,42.952774,42.48402,43.032234,43.350636,42.701843,43.178818,42.798595,43.334087,43.837215,43.416912,42.7466,43.298874,43.148853,43.03347,43.320107,43.03687,43.68946,42.7973,43.097137,43.372585,43.433643,43.686287,43.282745,43.854355
44.040947,44.20328,43.43702,43.86716,43.914864,43.681023,43.59662,43.86022,44.35983,44.079117,43.795605,44.0784,43.955456,44.098503,44.02766,44.025253,44.194317,44.262794,43.969925,44.258636,44.60308,44.481316,44.08185,44.382614,44.298508,44.031975,44.361362,44.19991,44.727985,44.70471,44.29219
54.364677,54.41749,54.16076,54.254955,54.418205,54.59556,54.714035,54.62001,54.67282,54.853302,54.790314,54.84953,54.64464,54.498653,54.629246,54.642788,54.86189,54.62011,54.66067,54.671646,54.797115,54.830013,55.042965,55.031464,54.978107,54.841446,54.656174,55.04371,54.96922,55.1547,54.678513
44.21157,44.375504,44.606483,44.342113,44.402763,44.143417,44.146824,43.989067,44.63211,44.774456,44.71299,44.89354,44.4404,44.83103,44.692,44.240337,44.63381,44.714916,44.79228,44.69868,44.69922,44.501816,45.05895,44.64203,44.75181,44.767708,44.93591,44.59573,44.724174,44.926853,44.93444
47.97669,47.627583,47.832657,47.406113,47.99816,47.73788,47.403976,47.54581,47.898407,47.849804,47.861504,48.146152,47.866985,48.180992,47.90121,47.77304,47.82904,47.948994,48.08603,47.795654,47.97011,48.086292,48.009003,48.141876,47.71623,48.123787,48.364376,47.827248,48.31023,48.35311,48.227726
41.784214,42.02779,42.21006,42.020638,41.66948,41.879784,41.85342,41.958317,41.851982,41.7798,41.95477,41.880054,41.82791,42.04033,41.85586,41.806084,41.88236,42.075996,42.009632,42.28146,41.78307,42.140434,41.805855,41.79348,42.199863,42.7229,42.117115,42.289463,42.097607,41.82365,42.299812
57.026726,56.767467,56.61862,56.50815,57.307083,57.11881,56.96449,57.04641,56.978466,57.327377,56.825653,56.965687,57.26941,57.165745,57.068584,56.906445,57.198906,57.19168,57.23562,56.806946,57.373825,57.729546,57.1841,57.674225,57.052925,56.99878,57.53063,57.197197,57.421917,57.483044,57.29051
38.118706,38.54038,38.859062,37.9901,38.263084,38.41432,38.321533,38.266968,38.043365,37.95025,37.921707,38.38054,38.686344,38.492275,38.30762,38.453842,38.357822,38.168674,38.196175,38.237793,38.004078,38.668873,38.403927,38.59616,38.118977,38.63028,38.586197,38.519184,38.432877,38.21523,38.623695
42.360756,42.311817,42.359337,42.48548,42.946014,42.577667,42.528866,42.583572,42.51444,42.60051,42.87084,42.19821,42.73263,42.44816,43.04808,43.094013,42.647076,42.429893,43.005962,42.941753,42.700176,42.37097,42.580215,42.983925,42.383446,42.755516,42.744835,42.974655,42.869728,42.8488,43.101208
39.592747,39.573284,40.016014,39.94277,39.462204,39.55031,39.10154,39.392075,39.66416,39.376816,39.46251,39.71945,39.67144,40.12314,39.48735,39.274055,39.421432,39.903305,39.675014,39.745335,39.79372,39.801456,39.62115,39.39392,39.900467,40.023956,40.223255,39.515797,40.00376,39.81377,40.0456
52.220955,52.272457,52.976105,52.23859,52.650826,52.436756,52.205425,52.129272,52.438282,52.329956,52.333736,52.94051,52.777542,52.9775,52.18406,52.20838,52.728138,52.247677,52.4543,52.377926,52.35003,52.614113,53.18353,52.79091,52.56314,52.91674,53.20928,52.270603,52.41533,52.93553,52.706486
54.38306,54.89536,54.745277,55.19379,54.389946,54.851753,55.063416,55.04911,55.08254,55.034035,55.512337,55.025295,54.755886,54.63239,54.954258,54.728725,55.013065,54.479717,54.786118,55.324642,54.98715,54.93003,55.53187,54.98494,55.767025,55.69892,54.546234,55.571335,55.21087,55.661896,54.942738
54.038246,54.05276,54.181442,54.549717,54.21913,54.226143,54.297462,54.34599,54.301674,54.618706,54.572693,54.352673,54.40848,54.323265,54.151276,54.35929,54.29281,54.414543,54.672077,54.34169,54.31107,54.155254,54.50957,54.59648,54.464165,54.450516,54.538395,54.836994,54.583458,54.35906,54.393124
42.69614,42.178932,42.60212,42.653397,42.591446,42.632572,42.59201,42.681213,42.535023,42.451775,43.062008,43.025345,42.629646,42.754436,42.501045,42.709774,42.818615,42.76722,42.8452,42.892586,42.524353,42.58779,42.921898,42.695404,42.92053,43.205757,43.06791,42.70946,42.74258,42.922745,42.97889
53.233036,52.69379,52.820778,53.22019,53.184204,53.12732,52.955624,53.186146,53.072933,52.76486,53.37624,52.56934,53.079987,52.834606,53.190456,53.268684,53.076614,53.26416,53.45228,53.62142,53.373936,53.251255,52.885468,53.283142,53.364666,53.460434,53.419476,53.138016,53.61451,53.238304,53.609417
52.431293,52.543846,52.28131,52.641903,52.739746,52.425457,52.590393,52.608685,52.43327,52.42731,52.670597,52.275234,52.85851,52.11555,52.79395,52.876217,52.876053,52.235058,52.781067,53.08734,52.62746,52.40781,52.91,52.99369,52.643017,52.508583,52.541477,52.910652,52.869293,52.87679,52.811707
49.27454,49.34502,49.165184,49.415802,49.238655,49.125305,49.53242,49.33597,49.392494,49.66616,49.665062,49.60615,49.322247,49.40284,49.55566,49.54418,49.459812,49.653763,49.66952,49.77222,49.66644,49.6813,49.69609,49.67015,49.84502,49.849564,49.623745,49.893597,49.725887,49.713028,49.919136
51.01591,50.669212,50.758324,50.849068,51.04071,50.912376,51.07664,51.228992,50.87749,51.047504,50.69849,50.875374,50.865215,51.18455,51.358707,51.469303,51.118614,51.555016,51.435448,51.00788,51.370518,51.28784,51.013496,51.215157,51.101593,51.013428,51.451176,51.50228,51.0849,51.196026,51.448357
55.253906,55.04593,55.361664,55.48222,55.23871,55.259563,55.57934,55.606457,55.177734,55.301197,55.466736,55.63953,55.320503,55.496895,55.400288,55.83887,55.377068,55.231747,55.61121,55.196243,55.26248,55.408104,55.75798,55.778206,55.590534,55.6883,55.70643,55.95403,55.601086,55.825882,55.76571
51.565777,51.339153,51.798218,51.50869,52.019966,51.723,51.631985,51.549522,51.494793,51.721493,51.80269,51.741432,51.80984,51.84084,51.464344,51.83372,51.651157,51.56182,52.02219,51.697563,51.56402,51.523098,52.00282,51.821228,51.496086,52.040344,51.953785,51.774803,51.61129,51.81967,51.81327
52.52344,52.048656,52.286133,52.253815,52.666595,52.27708,52.11039,52.26902,52.279945,52.11751,52.19922,52.280197,52.58988,52.797466,52.462845,52.750175,52.55,52.319805,52.53234,52.404015,52.659325,52.764366,52.435184,52.78778,52.32409,52.576965,53.10114,52.4502,52.895424,53.03183,53.020485
50.82015,51.062317,50.75276,50.95834,50.917686,50.85843,50.91152,50.871304,50.931404,50.91663,51.14281,50.78028,51.09511,50.867687,50.78317,51.27482,50.937675,50.62975,51.155422,51.19414,50.81721,50.79551,51.10496,51.26609,51.127716,51.337044,50.83377,51.344948,51.49551,51.222466,51.26056
44.98676,44.870144,45.278114,44.926277,45.276527,45.079174,44.837864,44.85277,45.345078,45.36215,45.249435,45.338932,45.22754,45.562008,45.42685,45.384693,45.2078,45.520374,45.571655,45.112995,45.465084,45.19039,45.300392,45.55346,44.96863,45.212814,45.81758,45.401733,45.64176,45.453144,45.55896
46.32927,45.893658,46.378456,45.942554,46.232773,46.21108,46.020424,45.863632,45.926987,46.22354,45.775093,46.43887,46.33972,46.701004,45.97674,46.055862,45.9906,46.909424,46.389492,46.045525,46.508854,46.698677,46.102158,46.122833,46.12759,46.294792,46.96994,46.047615,46.47441,46.032867,46.57865
46.8657,47.032337,46.751396,47.255795,47.034454,46.97573,46.76009,47.22372,46.944378,47.05594,46.872196,46.730465,47.218933,47.030025,47.09531,46.86954,46.939304,46.995087,47.193512,47.2729,46.994766,47.010773,46.82588,47.19216,47.256065,47.296677,47.194626,47.46342,47.262714,47.137993,47.389957
42.646618,42.797638,42.241318,42.808434,42.56575,42.65276,42.710056,42.896698,42.692745,42.52704,42.30316,42.477036,42.726524,42.708595,42.747604,42.929123,43.012787,43.030754,42.720234,43.13669,43.075333,42.865482,42.76113,42.67743,43.29429,42.839867,42.861267,42.983604,42.959675,43.00984,43.056618
46.928352,46.56038,46.702644,47.115204,46.426544,47.29462,47.05929,47.643375,47.286934,46.7937,47.195057,47.089054,46.72579,47.19853,46.89013,47.342022,47.20769,47.42715,46.9356,46.915768,47.27534,47.32358,46.95464,46.96261,47.588192,47.551224,47.129692,47.673927,47.277664,47.551052,46.852345
46.355453,46.53565,46.57611,46.1849,46.56626,46.707905,46.80238,46.697704,46.584667,46.762913,46.368587,46.85647,46.812386,46.790928,46.852566,46.77068,46.820168,47.006752,46.697353,46.651455,46.87511,47.076458,46.92141,47.01422,46.865005,46.866753,46.99084,47.005157,46.599117,46.812717,46.924965
40.581642,40.518555,40.875946,40.521683,40.38729,40.539333,40.469044,40.700577,40.7664,40.07333,40.33958,40.565002,40.415775,41.020176,40.19945,41.293087,40.795723,40.92078,40.722675,40.40449,40.552547,40.751778,40.58372,40.782684,40.574123,40.896454,41.12509,40.79697,40.814148,40.64308,40.75023
42.48836,42.49682,43.355896,42.8096,42.923363,43.310703,42.94391,42.75532,42.774868,42.90244,42.966278,43.012077,43.323208,43.126053,42.964554,42.79102,42.98631,43.209644,42.95905,43.043903,43.0298,42.980007,42.993633,42.956017,42.919067,43.244904,43.48162,42.996372,43.04035,42.738422,43.09532
45.51842,45.837208,45.77108,46.000046,45.71982,45.393078,45.43076,45.39315,45.93439,46.14012,45.86916,46.085087,45.92601,46.295956,46.0821,45.654076,45.88272,45.98142,45.928425,46.27293,46.271843,45.88485,46.237328,45.7471,46.221718,46.20632,46.11944,46.167538,45.99776,46.44281,46.316074
47.41815,47.19909,47.097717,46.93172,47.530983,47.35451,47.15196,47.390766,47.482376,47.013218,47.580925,46.999874,47.17545,47.15475,47.04085,47.842632,47.518406,46.988384,47.566696,47.2998,47.17236,47.37709,47.313377,47.82875,47.010647,47.6146,47.40267,47.47611,47.89593,47.707684,47.35187
35.21236,35.513565,35.24175,35.0601,35.198364,34.784683,35.218723,34.766716,35.356876,35.753216,35.432602,35.753757,35.22389,35.689438,35.699955,35.339622,35.625374,35.81438,35.55405,35.76541,35.824364,35.78344,35.8358,35.34667,35.59612,35.56404,35.618023,35.616215,35.62361,35.78869,35.94792
53.052227,53.01173,53.07026,52.96815,53.55625,52.96945,53.152054,52.856434,52.96507,53.465492,53.045467,53.224052,53.527126,53.35905,53.316257,53.323765,53.42818,53.2043,53.480522,53.26898,53.50123,53.414227,53.685013,53.584114,53.046764,52.996338,53.612114,53.347775,53.35727,53.550194,53.525417
45.06642,45.103043,44.77173,45.178402,45.382095,45.223198,45.654217,45.1706,44.97447,45.689285,45.41605,45.457394,45.67195,45.053898,45.433254,45.548992,45.52147,45.51303,45.55438,45.605915,45.522526,45.287743,45.629196,45.702087,45.482445,45.111122,45.483383,45.670216,45.626312,45.332924,45.681595
47.476593,48.01721,47.467667,47.720695,47.579826,47.455044,47.46236,47.577053,47.540405,47.87276,47.15018,47.691727,47.95453,47.704067,48.231224,47.190063,47.80462,47.8601,47.718643,48.185028,48.09543,47.91128,48.134693,47.605988,48.304546,47.654884,47.67105,47.978786,47.733894,48.129353,48.120132
43.842346,44.271793,44.198463,43.929386,43.757607,43.904503,43.575756,43.914684,44.150642,43.82569,43.615902,43.985275,44.007225,44.208187,44.157143,43.50657,43.978237,44.233532,43.930576,44.295753,44.27795,44.40036,44.276516,43.832733,44.50869,44.404404,44.10467,44.043884,43.988136,44.348633,44.20755
41.82868,42.515797,41.73352,41.80768,41.93528,42.069794,42.19674,42.04527,42.5262,42.553707,42.221855,42.186848,42.04465,42.128036,42.140755,42.152653,42.475693,42.339207,42.048355,42.472122,42.6478,42.71735,42.395035,42.42962,42.562714,42.567947,42.082077,42.6522,42.70141,42.687805,42.198597
42.02322,41.8577,42.231163,42.42442,42.201317,42.488644,42.53665,42.29644,42.14805,42.551,42.84919,42.641216,42.77707,42.406055,42.915764,42.395206,42.58441,42.565945,42.55075,42.721413,42.57107,42.37771,42.67509,42.650963,42.82751,42.585876,42.776203,42.758205,42.787994,42.68083,43.04452
52.507484,52.69759,52.954506,52.91557,52.929,52.92254,52.90518,52.91363,52.896465,52.955326,52.687946,52.80567,53.047436,53.19041,53.234364,52.97783,53.162933,52.96048,52.833405,53.17159,53.41547,53.305363,53.178116,52.997208,53.19126,53.29489,53.3162,53.343723,52.966473,53.492603,53.22117
42.022366,42.222553,41.86667,42.03547,42.1938,41.99195,42.63572,42.086372,42.048428,42.62585,42.45224,42.296135,42.077618,42.151077,42.548485,42.523884,42.58398,42.4933,42.3893,42.840607,42.65853,42.646427,42.477837,42.259735,42.53134,42.716133,42.300663,42.823708,42.496662,42.550453,42.746128
51.171635,50.84723,50.789856,50.806152,51.256752,50.69789,50.856033,50.59637,50.677254,51.136353,51.067978,51.335052,51.198025,50.999275,51.1407,50.87609,51.1351,50.848625,51.05561,51.3621,51.30125,51.383755,51.341152,51.152466,50.86861,51.13359,51.349316,51.08603,51.50151,51.611115,51.405525
51.082394,51.166527,51.428795,50.91165,51.436195,51.14441,51.65851,50.924282,50.66347,51.57756,51.21702,51.106377,51.55794,51.416622,51.692142,51.537064,51.286892,51.244278,51.435764,51.43236,51.471695,52.07494,51.185844,51.621643,50.9889,51.628204,51.674202,51.84336,51.81297,51.300694,52.12354
41.678642,41.780033,41.548027,41.264397,42.018684,41.92506,41.672504,41.511986,41.773552,41.79623,41.88676,41.736355,42.080482,41.558132,41.719135,41.658463,41.903236,41.732037,41.856503,42.06902,41.84607,42.000954,41.820675,42.275337,41.745575,42.016876,42.06437,41.65431,42.37606,41.895416,42.1031
56.872105,56.75279,56.666504,57.060284,56.703613,56.781307,56.877735,57.06385,56.7173,56.606606,56.440254,56.80598,57.049835,56.837162,57.25731,57.37612,57.10218,57.08879,57.069923,57.17633,57.19089,56.724163,57.137165,56.961647,57.21368,56.66899,57.023663,57.393036,57.171936,57.246315,57.179802
42.823105,43.223766,43.49649,43.185753,42.962265,42.896812,43.05218,42.94029,43.0002,43.06348,43.122375,43.122528,43.374958,43.537636,42.99884,43.131817,43.12247,43.12512,43.272312,43.161587,42.91065,43.469948,43.316494,43.48458,43.41246,43.663376,43.587772,43.374397,43.262222,43.094128,43.811253
42.538273,43.09018,43.07618,42.773853,42.934288,42.728195,43.194695,42.544617,43.149197,43.380302,43.52552,43.187717,43.066338,42.959812,43.562923,43.27325,43.278816,43.166393,43.38356,43.5812,43.326984,43.12859,43.61198,43.544518,43.37403,43.401756,43.258606,43.413887,43.48277,43.3153,43.768528
49.96542,50.351746,49.756798,50.024727,49.571877,49.87217,49.67252,50.156685,50.37495,49.861374,49.81324,49.84695,49.821873,50.017315,49.770588,50.117172,50.008194,50.04767,49.9897,50.03193,50.140415,50.21203,49.997025,50.170807,50.342,50.249428,49.851116,50.504433,50.633232,50.435196,49.910927
54.705936,54.432423,54.814346,54.566536,54.658035,54.546196,54.502132,54.368946,54.923603,54.81237,55.106075,55.184887,54.696774,54.835182,54.70178,54.725346,54.908234,54.870983,55.07608,54.73991,54.972065,54.761806,55.47515,55.082054,54.89296,54.75245,55.130486,54.730244,55.223385,55.296425,54.83927
48.551235,48.35111,48.545776,48.675014,48.764694,49.212543,49.02795,49.05095,48.633747,48.919334,48.780117,48.83528,49.11298,48.957546,48.746616,49.081028,48.678593,49.047672,48.928276,48.64548,48.90308,48.881718,48.697926,49.100807,49.010662,49.08593,49.12675,49.236084,49.095467,48.864822,49.06548
41.924557,42.218452,42.14003,42.25344,42.28495,42.087013,41.996655,42.015522,42.366142,42.274235,42.026333,41.956852,42.481,42.424896,42.456123,42.49387,42.211544,42.57452,42.431812,42.451134,42.734024,42.407146,42.251213,42.57276,42.33206,42.15818,42.66756,42.432354,42.578358,42.366524,42.701145
37.216545,37.208412,37.429123,37.169495,37.111694,37.231827,37.38195,37.132328,37.232327,37.19647,37.605045,37.45743,37.237408,37.501225,37.030148,37.51748,37.62224,37.459904,37.457794,37.470432,37.166473,37.47102,37.521774,37.360306,37.491028,37.817314,37.594975,37.464787,37.64811,37.37359,37.635845
56.019226,55.935387,56.258636,56.588737,56.38977,56.578278,56.65988,56.43234,56.278145,56.756004,56.711876,56.69414,56.829155,56.327908,56.885853,56.32723,56.75118,56.665337,56.710014,56.91495,56.718163,56.22859,56.937595,56.725433,57.022327,56.588142,56.878242,56.861275,56.6757,56.701023,56.88335
49.58056,49.50613,49.69806,49.660854,50.099937,50.0718,50.19702,49.984104,49.70468,50.381676,50.068966,49.83185,50.019947,49.98764,50.081085,50.044926,49.954197,50.160454,50.449406,49.79526,49.94527,49.971825,50.094234,50.366753,50.04384,50.080704,50.278343,50.34531,50.055214,49.90049,50.36818
54.062225,53.562576,53.700005,53.653767,53.846863,53.55989,53.536327,53.629467,53.650513,53.500134,54.069054,53.928734,53.77464,53.739742,53.56509,53.724133,53.88069,53.555096,54.044064,53.947495,53.61263,53.944283,54.129726,54.08838,53.927563,54.15477,54.095898,53.678753,54.234894,54.23523,54.183086
49.034332,48.962948,48.8909,48.802013,49.18907,48.82695,48.946785,48.67634,48.990078,48.96847,49.09911,49.259953,49.166286,48.764515,49.207756,49.131306,49.259125,48.999077,49.17352,49.409065,49.393642,49.1355,49.614883,49.383965,49.057003,48.89476,49.305576,48.962933,49.52382,49.52601,49.277092
41.791576,41.914288,41.989693,42.00271,42.051003,42.371952,42.08966,42.23708,42.10667,42.17833,42.128624,42.044384,42.41508,42.152306,42.343346,42.107044,42.18358,42.33193,42.28545,42.196857,42.236443,42.121037,42.254894,42.359894,42.4092,42.225388,42.29392,42.402275,42.292572,42.24244,42.362
42.482166,42.81249,42.18445,43.017925,42.617958,42.720695,43.237484,43.12082,42.833244,43.268055,42.969925,42.87168,42.919647,42.91867,42.839794,43.523342,43.17441,43.120193,43.052834,43.101864,42.99999,42.75915,42.90769,43.158463,43.293106,43.096344,42.890465,43.83453,43.13121,43.024666,43.180267
51.0677,50.59982,50.56095,51.06665,51.03482,50.58218,50.55717,50.708443,50.469845,50.903595,50.777462,50.823734,51.070435,50.872684,50.945805,50.666195,50.648922,50.86682,51.05829,51.056164,51.104378,51.12239,50.799976,50.913246,50.784664,50.792862,51.227924,50.997593,51.317238,51.162476,51.313747
53.217415,52.550713,52.36885,53.171383,53.109108,52.77683,52.995014,53.00717,52.821594,53.26202,53.398796,53.21263,53.02616,53.02871,53.242477,53.26889,53.025543,53.17099,53.452873,53.34533,53.366535,53.001453,53.25668,53.171867,53.327312,53.156937,53.25373,53.40674,53.51062,53.650265,53.575905
50.51537,51.045128,50.841995,50.67026,50.972343,50.57419,50.684746,50.483013,50.929928,51.0326,50.4868,51.113644,51.24185,51.09784,51.275227,50.93529,51.076576,50.969677,50.925186,51.303757,51.323627,50.97323,51.4432,51.245247,51.15727,50.964966,51.259212,51.107372,50.980556,51.375816,51.393906
43.03599,42.92454,43.188293,43.50225,42.882828,43.031055,43.103893,43.16243,42.77224,43.155216,43.146416,43.52441,43.449116,43.627995,42.875393,43.243122,43.157726,43.197563,43.20807,43.136585,42.900887,42.98036,43.34854,42.940025,43.396553,43.47027,43.34891,43.61945,43.165604,43.2739,43.410217
46.915688,46.309185,47.068436,46.31159,47.173134,47.011982,46.930004,46.93426,46.771202,46.760387,46.848186,47.158016,46.924225,47.34606,46.93023,47.362015,47.11059,47.08518,47.101242,46.52351,46.962532,47.43217,46.99957,47.44187,46.515556,47.21991,47.780914,47.048576,47.023087,47.24297,47.279728
41.417175,41.39024,41.4393,40.96714,41.27147,41.1711,41.261906,41.035248,41.24601,41.12525,41.464016,41.505302,41.16148,41.254738,41.2865,41.48679,41.33023,41.295174,41.351723,41.60336,41.35638,41.71199,41.322506,41.485962,41.176517,41.86917,41.585003,41.44312,41.97563,41.548763,41.71479
41.55346,41.585194,41.778732,41.646603,41.64789,42.04603,41.602768,41.705334,41.7063,41.66877,41.623737,41.492695,42.015877,42.076324,42.08949,41.558266,41.63749,42.097034,41.76415,41.98704,42.18585,42.246853,41.635235,41.703217,42.24421,42.230003,42.07636,41.83887,42.127686,42.0303,42.372154
38.203686,38.8275,38.541763,38.19525,38.424454,38.248043,38.123524,38.388916,38.78145,38.27258,38.417126,38.170357,38.41438,38.645275,38.757008,38.836346,38.76556,38.29241,38.583202,38.784904,38.48567,38.563812,38.603752,38.770317,38.50263,38.928703,38.453556,38.908356,38.717976,38.93843,38.826733
42.69362,42.936325,42.647057,42.922684,42.732697,43.040752,43.01182,43.021114,42.919567,42.88581,42.805233,42.579422,43.161243,42.754898,43.196884,43.24367,42.811623,43.196182,43.02452,43.058,43.314167,43.240067,42.762123,43.339935,43.186287,42.847015,43.073887,43.32947,43.61881,42.99046,43.359016
57.134617,57.174213,57.67044,57.095,57.62812,57.47061,57.265358,57.104282,57.367245,57.269653,57.561962,57.085857,57.550358,57.25992,57.558956,57.31264,57.304977,57.049305,57.65269,57.389587,57.52317,57.65411,57.816254,57.927742,57.35198,57.564987,57.68043,57.287872,57.83696,57.76165,57.736065
39.796703,40.034527,39.519203,40.03187,39.470085,38.859608,39.441525,39.24688,39.370678,39.649883,39.856762,39.823574,39.320564,39.319298,39.323555,39.422993,39.451893,39.386463,39.59331,40.291134,39.64742,39.90099,39.68824,39.371475,39.588707,40.079346,39.557507,39.91353,40.150024,39.806755,39.894714
57.006374,57.575493,57.64431,57.63298,57.316216,57.436172,57.12638,57.27118,57.78002,57.311058,57.417877,57.368423,57.722446,57.533684,57.613304,57.065357,57.52924,57.223106,57.314224,57.905777,57.885838,57.671043,58.081738,57.690178,58.206615,57.93772,57.659004,57.49624,57.7301,58.201244,57.733814
45.242256,45.307472,45.0598,45.473236,45.45082,45.563396,45.431145,45.75181,45.517395,45.654724,45.239346,45.31066,45.51712,45.55208,45.851692,45.486534,45.462852,45.822033,45.49648,45.681866,46.05917,45.888027,45.3995,45.56054,45.80606,45.685806,45.693172,45.989693,45.60437,45.914524,45.731155
50.076107,49.84795,50.126175,50.5818,50.300766,50.27934,50.499138,50.53545,49.844692,50.2679,50.19686,50.123016,50.491615,50.221733,50.65143,50.653824,50.0805,50.358192,50.419487,50.470882,50.54897,50.403496,50.195942,50.358604,50.320633,50.398804,50.527317,50.910625,50.346436,50.409267,50.710262
51.094208,50.721394,50.950096,51.106766,50.976547,51.554085,51.02783,51.667316,51.2835,50.774487,50.9194,51.139782,51.35058,51.359783,51.078716,51.420376,51.321293,51.444046,51.135227,51.084255,51.305725,51.20876,51.14868,51.304947,51.526695,51.4142,51.467308,51.46566,51.21128,51.51761,51.1054
46.893616,46.940315,46.55622,46.811295,47.04683,47.01633,46.726902,46.985672,47.05171,46.988373,46.69625,46.857754,47.186817,46.920406,47.112366,46.789234,46.99448,47.24301,47.07942,47.222,47.354244,47.214428,47.011875,47.29792,47.33097,47.009132,47.31231,47.01408,47.342068,47.26791,47.32895
53.62948,53.504375,53.675995,53.55467,53.964195,53.531868,53.59159,53.394424,53.453144,53.813915,53.659588,53.38386,53.9527,53.450027,53.788723,53.39787,53.303375,53.930252,54.114323,53.78806,53.970844,54.259106,53.68223,54.319893,53.649143,53.597023,54.294285,53.52804,54.10509,53.442493,54.33095
41.936745,42.28465,42.038734,41.722527,41.89161,41.57061,41.872517,41.761772,42.17716,41.68712,42.118805,41.91314,41.839344,41.744587,42.321777,42.185017,42.599117,41.92024,42.16036,42.50449,42.147934,42.36703,42.565636,42.487007,42.247925,42.127945,42.21221,42.0783,42.476307,42.497887,42.477806
58.469723,57.89573,58.236473,58.43152,58.408806,58.87472,58.33686,58.91824,58.591114,58.134007,58.46933,58.19979,58.666256,58.57793,58.3618,58.911,58.24194,58.786266,59.03902,58.156193,58.364845,58.143345,58.450645,59.024994,58.898373,58.56369,58.825993,58.618706,58.75113,58.512093,58.79509
31.456154,31.506887,31.50161,31.144281,31.214193,31.509888,31.455194,31.514591,31.56789,31.25366,31.06008,31.858292,31.279644,32.101402,31.319622,32.101627,31.856869,32.06363,31.391499,31.593786,31.595558,31.613554,31.326424,31.264658,31.574177,32.089684,31.930727,31.907158,31.682896,31.669003,31.732174
50.164185,50.443394,50.468452,50.59242,50.614944,50.81651,50.94271,50.931774,50.5066,50.932346,50.485397,50.524563,50.955894,50.86265,50.718227,51.115784,50.679115,50.753735,50.779125,50.51785,50.76547,50.736732,50.758305,50.95263,50.76229,50.8442,50.713196,51.455112,50.546356,50.755367,50.76048
44.96345,45.305717,44.793175,44.84118,45.06649,44.70564,44.824825,44.75162,45.163338,45.041935,44.775978,45.362217,45.03402,44.954582,45.059505,45.106834,45.37777,45.01664,44.920006,45.497116,45.380596,45.1711,45.37733,45.264297,45.09021,45.150696,45.320522,45.23743,45.52662,45.59648,45.186066
42.204784,42.482418,42.081055,41.63155,42.283867,41.884644,42.052357,42.030624,42.27239,41.914745,41.941177,42.11464,41.997112,42.273754,42.106956,42.727104,42.39898,42.07668,42.33095,42.34982,42.079025,42.432816,42.21199,42.68766,42.080486,42.6678,42.463978,42.3907,42.59578,42.47679,42.72044
42.661076,42.836624,42.811638,42.66803,42.98741,43.099133,42.707382,43.135036,42.90277,42.8638,42.40698,42.601933,43.06988,43.092346,42.849953,42.8697,42.787415,43.16247,42.93182,42.77036,43.00262,43.25963,42.5474,43.163116,42.83505,43.129227,43.29519,43.188057,42.9238,42.819397,43.05143
55.836246,54.959473,55.517036,55.50405,55.64039,55.818714,55.230915,55.582775,55.5418,55.531597,55.961975,55.83588,55.67197,55.623306,55.555996,55.03318,55.644016,55.772823,55.79292,55.76158,55.767735,55.801464,55.771515,55.524323,55.77623,55.946487,56.0051,55.474735,55.970303,56.056244,55.621983
45.4513,45.645992,45.52572,45.150883,45.659065,45.72433,45.719044,45.554947,45.53326,45.730335,45.562508,45.666515,45.844475,45.513027,45.81094,45.761982,45.518864,45.796253,45.85854,45.70106,45.71031,45.81692,45.834393,46.030823,45.705215,45.779327,45.669544,45.856476,45.83698,45.65403,45.936264
53.04102,52.737873,53.188187,53.14932,53.235466,53.078587,53.151974,52.90609,52.939472,53.113865,53.532604,52.935654,53.283703,52.955997,53.52878,52.820595,53.24069,53.17348,53.41578,53.534615,53.497017,53.72879,53.431187,53.55092,53.50532,53.398422,53.74064,53.054607,53.717255,53.474205,53.920536
40.573257,40.45831,40.064278,40.442043,40.904984,40.29203,40.55327,40.252125,40.128178,40.709885,40.449112,40.292946,40.65439,40.133972,40.759914,40.60595,40.5284,40.723557,40.81468,41.13304,40.847942,40.678165,40.256462,40.71292,40.267574,40.435318,40.899067,40.6635,41.087166,40.380684,41.123375
55.702953,56.131542,55.70704,55.65009,55.99385,55.7201,55.554356,55.67481,56.115894,55.933334,55.79849,55.30774,55.905136,55.73808,56.050667,56.169075,55.720955,55.694984,56.33525,55.95189,56.01555,55.828697,55.92414,56.486145,55.822514,55.85663,55.830635,56.2107,56.635426,56.14593,56.230663
44.886005,44.92623,44.5766,44.912,44.852783,44.995705,45.131058,45.111183,44.77153,44.772976,45.12477,44.555134,45.03218,44.576286,44.922108,45.265957,44.957687,44.863358,45.151924,45.22554,44.887123,45.040527,44.9054,45.250114,45.230198,45.187653,44.824116,45.263107,45.441307,44.984924,45.335175
41.047268,41.362194,40.940453,41.21329,41.164375,40.740147,41.215656,40.99129,41.159863,41.346176,41.074577,41.563263,41.196583,41.049213,41.343796,41.3773,41.62655,41.464844,41.439453,41.694016,41.42379,41.010345,41.85885,41.35582,41.47044,41.01937,41.394585,41.461456,41.260826,41.435295,41.439754
48.48175,48.529423,49.103783,48.995552,48.90084,49.039513,49.321182,48.86132,48.850708,49.295246,49.0489,49.32566,49.184235,49.232567,49.07312,49.053932,49.25486,49.549564,49.2003,49.21012,49.344494,49.059032,49.55519,49.069954,49.44987,49.237755,49.557644,49.266247,48.762386,48.98862,49.28133
38.639668,38.99735,39.00016,38.321007,38.857346,39.02456,38.86493,38.81875,39.174534,38.832752,38.854115,38.798126,39.0005,39.013557,39.053543,39.22873,39.512184,39.062702,39.01918,38.837303,39.062378,39.27992,39.245255,39.449486,38.85701,38.869995,39.179104,39.128223,39.364536,39.222507,38.983303
39.335217,39.5219,38.95159,39.119473,38.902367,38.96407,39.24096,39.399002,38.980705,39.08902,39.246845,38.903698,39.054115,39.081425,38.721863,39.510513,39.17574,39.102356,39.321148,39.18578,38.766117,39.538734,38.895866,39.26686,39.095425,39.57656,38.839077,39.81419,39.562805,39.01838,39.252243
40.396275,41.061306,40.85576,40.409977,40.881935,40.906147,40.464245,40.67665,41.14882,40.930798,40.662094,40.50767,41.026394,41.179893,41.117928,40.929672,40.873135,40.733643,40.968307,40.731068,40.96846,41.039474,40.895702,41.35679,40.876236,41.080933,40.996258,41.152943,41.305496,41.27932,41.238346
48.416836,48.8423,48.51403,48.706295,48.741577,48.521675,48.437977,48.531364,48.76733,48.843384,48.405685,48.6127,48.96433,48.621727,49.042187,48.42063,48.915447,48.73726,48.701378,49.028713,49.224297,48.962074,49.154266,48.922905,48.958164,48.473732,48.86695,48.89075,48.956306,49.22253,48.84691
58.46312,58.05854,58.568237,58.257183,58.637222,58.696358,58.830284,58.47281,58.31922,58.590904,58.710625,58.566074,58.63626,58.362965,58.881477,58.5135,58.68929,58.78779,58.781292,58.769077,59.00579,59.109478,58.967358,58.845055,58.791924,58.741936,58.9816,58.628513,58.8458,58.855145,58.927517
51.59137,50.832344,50.75248,51.62466,51.531746,51.462826,51.428387,51.682026,51.09139,51.48803,51.67996,51.38477,51.649265,51.414898,51.62214,51.71839,51.047733,51.491146,51.797894,51.479294,51.595234,51.45457,51.23691,51.763313,51.680504,51.589943,51.721973,51.81646,51.964703,51.82277,52.133766
54.53191,54.334496,54.53534,54.507847,54.88211,54.652534,54.678352,54.49622,54.55428,54.575863,54.730007,54.625908,54.95131,54.65776,54.700863,54.90442,54.648094,54.72388,55.005344,54.889683,54.85355,54.63207,55.100246,55.0931,54.949963,54.833565,55.02969,54.596962,54.788097,54.89726,55.17475
47.34885,47.421333,47.288666,47.54323,47.72261,47.462296,47.68006,47.511627,47.520294,47.577232,47.216763,47.42363,47.84101,47.760216,47.64495,47.980488,47.640327,47.89935,47.667503,47.684566,48.205536,48.02868,47.86089,47.996544,47.895725,47.49212,48.102524,47.67698,47.705242,47.906464,48.08572
46.793472,46.8344,46.902435,46.85298,47.100433,46.76779,46.746693,46.704685,47.11375,47.392933,47.20462,47.210613,47.07967,47.40807,47.075813,47.019764,46.92036,47.248795,47.275604,47.22117,47.296604,47.181442,47.160877,47.19873,47.06978,47.509933,47.37513,47.345562,47.127136,47.33697,47.41032
50.0158,49.98858,49.892754,50.393276,50.146675,49.90869,50.175877,50.204353,50.14735,50.346714,50.32365,50.02041,50.26214,50.347565,50.519245,50.446102,50.408882,50.36366,50.58615,50.45283,50.47899,50.348335,50.45494,50.55715,50.642323,50.313797,50.563572,50.66966,50.525585,50.614143,50.885933
50.7564,50.78347,50.55011,51.501095,50.788834,50.77032,51.04393,51.118683,50.626675,51.055275,50.725586,50.760517,51.24215,51.0054,51.0229,51.01348,50.787514,51.19729,51.058014,51.236717,51.336723,51.11528,51.056263,50.911346,51.543133,50.964104,51.089973,51.42255,50.99384,51.105614,51.394917
43.102566,43.11483,43.275658,43.116577,43.203392,43.362865,43.07391,43.23333,43.071857,42.983463,43.04856,43.159317,43.470078,43.547672,42.97278,43.410877,42.897743,43.1568,43.234222,43.09451,43.059143,43.367496,42.978127,43.45366,43.26859,43.762756,43.564415,43.39345,43.56016,43.28017,43.69612
35.40169,35.449516,35.019173,35.251846,35.287724,35.348644,34.899536,35.308178,35.807705,35.282898,35.282944,35.560364,35.284023,35.586548,35.3674,35.39104,35.575752,35.747528,35.457092,35.62396,35.727253,35.39155,35.410305,35.55726,35.737873,35.58714,35.81366,35.39739,36.043037,35.92484,35.67138
53.977306,53.636417,54.258408,54.011986,54.508842,54.239544,54.205883,53.95174,53.865036,54.40611,53.88229,54.26467,54.603474,54.62657,54.53604,54.03097,54.302322,54.5467,54.387997,54.11984,54.793747,54.782665,54.63041,54.465767,54.3372,54.083763,55.051968,54.14705,54.213398,54.585518,54.768734
43.81498,44.375637,44.05979,43.673653,44.060486,43.726574,43.827927,43.620686,43.840767,44.150967,43.72301,43.707027,44.18059,44.05224,44.112743,44.125053,43.908386,43.86582,44.188457,43.979523,44.003254,44.34944,43.94562,44.40751,43.651768,43.959694,44.07645,44.370876,44.61547,44.006573,44.417427
52.44957,52.60593,52.46357,52.826202,52.651947,52.489117,52.719357,52.625107,52.785797,52.8705,53.060207,52.70044,52.895134,52.661564,52.95491,52.9136,53.0563,52.624702,53.046722,53.043266,52.878998,52.667656,53.28563,53.2343,53.183228,52.814545,52.90617,53.12532,53.15292,53.240475,53.19159
42.92559,43.208775,43.728546,43.13925,43.2147,42.991653,43.201805,42.918354,43.277622,43.19757,43.695435,43.195366,43.258015,43.56886,43.656143,43.409912,43.48951,43.13112,43.58417,43.554844,43.286858,43.557648,43.845924,43.562378,43.552803,43.892624,43.567974,43.46637,43.40918,43.70515,44.04478
53.502018,53.188736,53.25728,53.557373,53.4284,53.33708,53.24905,53.556232,53.40139,53.362553,53.78415,53.418385,53.372517,53.149055,53.354954,53.331207,53.478733,53.241978,53.774986,53.506226,53.318386,53.364517,53.73761,53.726456,53.533775,53.5065,53.53285,53.64785,53.842087,53.78451,53.481125
57.623905,57.74211,57.570923,57.542946,58.050224,57.416206,57.841507,57.29999,57.704483,58.156322,58.23697,57.959305,57.997402,57.3984,58.075363,57.809185,58.144176,57.61839,58.310463,58.35274,57.91689,57.627827,58.6257,58.392967,57.922733,57.748444,57.920677,57.944515,58.195625,58.14345,58.220512
33.96669,34.50851,34.439377,34.28186,34.027035,34.066055,34.113243,34.0802,34.617264,34.019608,34.34004,34.22954,34.317314,34.418488,34.31232,34.53804,34.65462,34.557976,34.42234,34.662315,34.420406,34.381508,34.61593,34.66489,34.759502,34.554718,34.701344,34.34665,34.642822,34.420307,34.800335
41.63962,41.35921,41.3554,41.03035,41.893127,41.1069,41.14233,41.005043,41.123016,41.27384,41.149788,41.387283,41.726532,41.47604,41.60233,41.39465,41.58773,41.497974,41.63696,41.608105,41.659576,42.022392,41.542797,41.95089,41.104717,41.233322,42.18923,41.11408,41.853924,41.63644,42.15284
51.137234,51.209164,51.77221,51.482372,51.042366,51.455013,50.995625,51.63141,51.738007,51.03547,51.543373,51.56804,51.4386,51.730694,51.343273,51.521626,51.466827,51.291058,51.554337,51.21001,51.09,51.188725,51.701256,51.76864,51.677338,51.886375,51.699875,51.805824,51.5367,51.799133,51.467087
53.120335,52.72688,52.81053,52.85737,53.26339,53.110046,52.89835,52.917767,53.014576,53.33839,53.384125,53.024506,53.224365,53.12149,53.0555,52.884396,52.945545,53.20304,53.495953,53.083523,53.207317,53.368053,53.082767,53.532013,53.138405,53.306847,53.50714,53.157215,53.69456,53.294357,53.533993
45.682663,45.38988,45.79431,45.887173,45.752716,46.00738,45.775337,46.06814,45.912296,45.785362,45.935505,46.16351,46.02834,46.216934,45.93768,46.07421,46.042942,46.200905,46.043785,45.947914,45.964886,45.722065,46.132526,45.96733,46.244186,46.227882,46.299374,46.183372,45.776657,46.200264,46.09937
43.42884,43.535576,43.351593,43.967094,43.107117,43.520832,43.587055,43.79504,43.71615,43.647957,43.7057,44.111588,43.56097,43.962635,43.680943,43.813694,43.652733,43.874798,43.561733,43.97899,43.82759,43.480225,43.852043,43.41516,44.42963,44.303856,43.71512,44.279087,43.85247,44.221783,43.98024
47.032925,47.14908,47.418297,47.159798,47.0427,47.249607,47.448277,47.2187,47.723076,47.50315,47.96045,47.374783,46.979797,47.509865,47.76676,47.737583,47.730186,47.690647,47.86987,47.591225,47.63344,47.463303,47.877502,47.723938,47.92844,47.87458,47.629196,47.804436,47.900574,47.867977,47.931385
46.2418,45.744026,45.38984,45.9957,46.128387,46.058132,45.84852,46.053223,45.69814,45.991577,45.686554,46.046967,46.183876,46.18661,45.740982,46.03648,45.748325,46.238483,46.026062,46.10394,46.319366,46.16519,45.842743,45.794594,46.184322,46.157295,46.160522,46.070114,46.2672,46.331203,46.240147
45.740044,45.747776,45.78282,45.41881,45.860497,45.979694,45.595356,45.933235,45.98589,45.720818,45.52522,45.62867,45.673496,45.768723,45.923836,45.688766,45.68119,46.118576,45.90885,45.72776,46.142174,46.37071,45.6561,46.138016,45.77555,46.011612,46.2129,45.910316,46.167072,45.991642,45.934727
57.863663,57.642826,57.71801,57.825417,57.487404,57.849823,58.100136,57.966743,57.47508,57.60575,57.657475,57.838882,57.895008,57.75328,57.72307,57.935368,57.93436,57.913,57.751343,57.926052,57.97707,58.358524,57.99123,57.86654,58.25001,58.105186,57.965153,58.191395,58.235104,58.079807,58.07088
45.710423,45.98017,46.09069,45.869797,45.506187,45.401596,45.561214,45.64758,45.82832,45.598915,45.558376,45.978584,45.71015,46.153595,45.89556,46.03687,45.95454,45.91447,45.90411,45.928394,45.86668,45.97102,46.123264,45.850685,45.969933,46.059708,46.084927,46.207485,46.02979,46.152683,46.1628
54.43448,54.405926,54.447548,54.747353,54.157516,54.57777,54.360744,54.396286,54.417187,54.77405,54.50323,55.062714,54.44251,54.713596,54.199158,53.845924,54.227882,54.65899,54.311726,54.76167,54.769424,54.670956,54.659405,53.98957,55.056324,55.24675,54.610252,54.819973,54.91874,54.953552,54.469242
50.288258,50.065567,49.941605,50.246574,50.23755,50.52339,50.248066,50.550728,50.288383,50.419285,50.36823,50.01743,50.33986,50.501915,50.20868,50.58304,50.108418,50.542835,50.65592,50.268353,50.330845,50.33225,49.960938,50.42994,50.497612,50.748787,50.367226,50.84463,50.76291,50.39841,50.60355
44.260284,44.433643,44.559647,44.469025,44.281914,44.618702,44.698273,44.430973,44.671135,44.749084,44.933456,44.67679,44.53202,44.779583,44.36883,44.567295,44.546013,44.850655,44.728996,44.660374,44.72059,44.889263,44.83217,44.746773,45.13656,45.213676,44.794464,44.79049,44.923065,44.735462,44.95174
63.283684,62.833908,63.486084,63.75108,63.659195,63.53074,63.69524,63.659718,63.34033,63.640358,63.758286,63.913506,63.915916,63.74087,63.981953,63.67171,64.09549,63.533478,63.89605,63.78075,63.764034,63.34151,64.542465,63.882896,64.12481,63.605804,64.10032,63.898502,63.373047,64.30538,63.964355
48.70066,49.117058,48.52561,48.71514,48.93547,48.422585,48.657814,48.65665,48.989086,48.911907,48.661533,48.7749,48.941334,48.779064,49.325905,49.082184,49.146416,48.880173,49.090034,49.38271,49.26515,48.961098,49.330856,49.296967,49.178875,48.848656,48.996735,49.166073,49.1494,49.443657,49.405552
37.88157,38.22407,38.140076,37.971268,37.94026,38.11708,38.40891,38.432194,38.184975,38.41482,38.009953,38.305836,38.10464,38.551365,38.448284,38.42586,38.47253,38.629597,38.357906,38.06934,38.33696,38.73733,38.43494,38.478203,38.568516,38.49514,38.49486,38.84832,38.151417,38.423714,38.612846
43.715794,43.72348,43.787567,43.642178,44.03633,43.70806,43.586163,43.550575,43.620785,43.805683,43.70726,44.0348,44.0967,43.947083,43.61563,43.54359,43.633457,43.64317,43.794567,43.794518,43.875736,44.105366,44.13233,44.080353,43.81293,44.009514,44.196774,43.644306,43.94026,44.144554,44.117332
54.391808,54.465637,54.00364,54.73729,54.272163,54.426685,54.107838,54.596542,54.702286,54.511322,54.34052,54.301804,54.521557,54.373634,54.651413,54.171158,54.44357,54.65935,54.461704,54.90007,55.07879,54.671814,54.570408,54.44467,55.072487,54.602257,54.489426,54.796715,54.92306,55.099213,54.544727
48.81041,48.989517,49.06804,49.10171,49.027817,48.52942,48.4637,48.41074,49.194397,48.877777,49.188736,48.724586,49.085636,49.11261,48.885452,49.23608,49.145523,48.832752,49.307415,49.246773,49.07744,48.85058,49.062916,49.486137,48.81065,48.992813,49.51238,49.075626,49.8682,49.215763,49.467228
56.15733,55.880253,55.87667,56.09873,56.2239,56.122288,56.560726,56.389576,56.040848,56.393036,56.46984,56.338856,56.081356,56.118786,56.50178,56.606304,56.189236,56.140285,56.407604,56.24147,56.61308,56.69844,56.6895,56.548897,56.473373,56.50905,56.266872,56.770622,56.469856,56.973217,56.5485
47.300587,47.625557,47.998085,47.232166,47.738777,47.634064,47.86867,47.282413,47.86504,47.80444,48.073296,47.50725,47.462345,47.510925,47.93385,47.768116,48.11048,47.873333,48.08181,48.0505,47.961445,48.045097,48.19679,48.13907,47.837925,48.062225,48.091167,47.73344,48.139786,47.80395,48.10874
65.205826,64.60794,64.79529,65.653755,64.81669,65.257645,65.152054,65.46273,64.878296,65.26352,65.212616,65.350716,65.35039,65.013306,65.43706,64.69363,65.07658,65.50256,65.32517,65.45308,65.62444,65.22093,65.611,64.851295,65.98724,65.13205,65.15903,65.547134,65.27442,65.66045,65.19395
47.73964,48.23195,47.600166,47.573063,47.619026,47.722633,47.73358,47.86879,48.241806,47.824398,47.55545,47.78172,47.65008,47.8404,47.73378,47.81998,48.170357,48.098232,47.730545,48.105686,48.354073,48.499584,48.172047,48.04644,48.34941,48.15719,47.895424,48.0817,48.19968,48.40359,47.82584
45.740215,45.407295,45.33967,45.86055,45.500984,45.63703,45.60939,45.88475,45.60915,45.46673,45.837543,45.447594,45.68486,45.69839,45.736572,46.152348,45.620155,45.775776,45.97581,45.69536,45.76759,45.70013,45.609116,45.911194,45.91827,45.753487,45.81255,46.07636,46.255302,45.989693,46.1051
50.869034,50.589928,50.801826,50.795364,50.947563,50.827076,51.051315,50.94964,50.58546,50.9268,51.130253,50.76433,50.912083,50.884544,50.926945,51.233765,50.988277,50.76859,51.152412,50.930614,50.826836,51.17362,50.888687,51.169952,50.736507,51.21707,51.101086,51.41153,51.283787,51.08706,51.24548
47.00937,46.85904,46.995285,46.811256,47.369125,47.089523,47.234547,47.170185,47.2562,47.110542,47.333076,47.16982,47.029495,47.21229,47.149555,47.960976,47.58164,47.09732,47.640076,47.00734,47.14845,46.857197,47.765053,47.64856,47.01623,47.070137,47.340336,47.436756,47.293827,47.626217,47.230213
39.47328,39.10193,39.557503,39.351723,39.8181,39.624588,39.562584,39.438103,39.449493,39.52922,39.66004,39.433216,39.799313,39.833023,39.39999,39.93559,39.823387,39.903225,39.893227,39.453392,39.644047,39.875294,39.435383,40.117836,39.30951,39.591736,40.46019,39.58219,39.992874,39.44013,40.06087
46.56102,46.555676,46.65896,45.917374,46.855087,46.657276,46.458385,46.161495,46.38213,46.562138,46.41663,46.52831,46.82242,46.590168,46.28016,46.538914,46.25751,46.55704,46.690224,46.41049,46.584213,47.04548,46.51533,47.015167,46.173695,46.77079,46.905575,46.36948,47.049145,46.470436,46.84737
50.137856,50.519577,50.73736,50.581604,50.51001,50.70755,50.68991,50.47629,50.74507,50.726048,50.82882,50.379368,50.838985,50.68926,50.747948,50.577362,50.725197,50.808594,50.940193,50.847813,50.78842,50.78286,50.982513,51.096245,51.232166,50.998024,50.982285,50.77549,50.94162,50.68615,51.19776
58.972263,58.39677,58.72593,59.003403,58.677032,59.23475,59.051136,59.28485,58.839527,58.70844,59.074684,58.79354,58.760582,58.787537,58.819237,58.985447,58.841312,59.13338,59.05895,58.972416,59.18131,59.14247,59.016727,58.800095,59.390717,59.313896,58.96795,59.19798,59.224747,59.269066,58.8927
42.103344,42.244385,42.323433,42.249996,41.932266,42.223858,41.9971,42.288044,42.080967,41.703228,42.16374,42.07315,42.282097,42.305317,41.673664,42.04811,42.189884,41.812027,41.963585,42.130806,41.85195,42.482983,42.27157,42.217453,42.455013,42.755096,42.235077,42.237934,42.42177,42.446648,42.28773
51.879475,52.259457,51.5055,52.051216,51.85717,52.041145,52.04528,52.259514,52.329296,52.33681,52.267323,52.090187,52.065384,51.916374,52.05099,51.94848,52.193985,51.977745,52.119392,52.371193,52.281353,52.26598,52.4155,52.386017,52.77066,52.533836,51.856266,52.598003,52.514496,52.735397,52.189236
44.162567,43.962097,44.40345,43.707718,44.295845,44.14669,43.9525,43.802723,44.19931,44.114803,44.42961,44.29566,44.16905,44.248573,44.138504,44.11607,44.328785,44.3201,44.64168,44.11903,44.09406,44.219307,44.64935,44.515305,44.102352,44.245094,44.5603,43.935825,44.510956,44.29667,44.447205
57.15131,57.225346,57.137146,57.592445,56.973053,57.48293,57.328297,57.73272,57.59485,57.682125,57.23943,57.717644,57.460182,57.50102,57.84705,57.033184,57.318188,58.01787,57.486137,57.657635,58.03553,57.658485,57.82849,57.360764,58.345894,57.655647,57.505516,57.974514,57.34691,57.94049,57.5011
35.557358,35.51917,34.51675,35.09045,34.95034,34.981792,35.08564,35.37641,35.51006,35.31849,35.17375,35.80379,34.931126,35.307777,35.312065,35.151154,35.572212,35.792416,35.17088,35.80869,35.759277,35.75024,35.475174,35.175354,36.02963,35.738323,35.38007,35.510696,35.68844,36.046024,35.58353
63.47623,63.10308,63.091873,63.443768,63.213913,63.469307,63.318146,63.628326,62.93998,63.46844,63.01987,63.620647,63.457912,63.37412,63.31671,62.699512,63.004616,63.33361,63.19316,63.323708,63.602345,63.9328,63.51073,63.12088,63.797264,63.73963,63.401535,63.696465,63.464016,63.91322,63.381966
35.842697,35.847256,35.52822,35.915474,35.532303,35.549744,35.752205,35.91086,35.694817,35.913963,35.707146,35.919727,35.827805,36.144855,35.913914,36.056984,36.003307,36.30402,36.115353,35.90184,35.844925,35.992447,35.792675,35.921288,36.163628,35.911552,36.119495,36.344227,36.149708,35.90982,36.39592
48.950413,48.8241,49.175797,48.743374,49.130455,49.408794,49.26282,49.45512,49.286026,48.947742,49.35178,48.994255,49.15166,49.24191,49.61446,49.97944,49.484406,49.064995,49.491196,48.988064,49.175976,49.123173,49.478012,49.66349,49.111546,49.32901,49.192085,49.768925,49.443905,49.73748,49.33599
47.922726,47.608475,47.77098,47.628757,47.37397,47.984562,47.936165,48.00781,47.976936,47.995583,48.390186,48.084774,47.408154,47.633698,48.018223,47.54725,47.615864,48.31294,48.200512,47.755997,48.017838,48.43502,47.971077,48.102028,48.368893,48.312965,48.006348,48.142998,48.60822,48.10113,48.147743
56.36961,56.359634,56.460365,56.710987,56.353355,56.550407,56.474712,56.66519,56.94117,56.7183,56.98192,56.81308,56.456123,56.794067,56.723267,56.503624,56.616695,56.796337,56.862,56.919704,56.89221,56.686096,57.054245,56.853165,57.47695,57.37977,56.91299,56.93236,56.86242,57.26178,57.06819
44.818,44.672497,44.924294,45.224075,44.409607,44.99217,44.690018,45.288754,45.18373,44.876316,45.3255,45.182426,44.871082,45.334167,45.237133,44.77611,45.030083,45.356747,45.212852,45.23217,44.92914,44.93622,45.096176,44.92466,45.893967,45.775322,45.21186,45.47474,45.081356,45.38477,45.49038
39.693287,39.74077,39.275856,39.535263,40.228607,39.7729,40.22177,39.866806,39.43568,40.242256,39.6219,39.68452,40.03639,39.840202,40.093033,40.221962,40.06864,40.009926,40.049404,39.997257,40.197807,40.312687,39.892826,40.204536,39.780033,39.812782,40.14107,40.279713,40.02006,40.045174,40.40439
44.856056,44.97653,44.646317,45.24081,44.171516,44.905506,45.156536,45.505913,45.04466,44.70844,44.974808,45.21439,44.570435,44.97594,44.67795,45.159145,45.031364,45.17973,44.620205,45.225727,45.105392,45.313858,45.049545,44.596558,45.803055,45.811638,44.70267,45.716015,44.973255,45.437077,44.846207
47.24721,46.895657,46.97342,46.70381,47.041054,47.135826,47.000572,47.292603,47.049976,46.834038,46.910496,47.359562,46.925484,47.371372,46.95934,47.35161,47.193214,47.223755,47.14634,47.047054,47.0793,47.32775,47.256332,47.085068,47.224293,47.652306,47.272354,47.32846,47.065674,47.57312,47.214046
37.680023,37.65429,37.01799,36.849648,37.74077,37.341015,37.559795,37.35803,37.319553,37.690525,37.447136,37.64108,37.494366,37.48867,37.558258,37.73765,37.59349,37.629856,37.84795,37.577408,37.507713,37.8184,37.70842,37.912697,37.511406,37.656036,37.5869,37.61665,37.864315,37.77227,38.05476
47.0267,47.173756,47.14058,47.16638,46.8509,47.258778,47.23857,47.272243,47.260536,47.235737,47.63135,47.380623,47.199306,46.93861,47.658783,46.840782,47.46152,47.17489,47.236496,47.65719,47.325195,47.580162,47.50046,47.507774,47.838615,47.74356,47.370693,47.605747,47.911034,47.73472,47.68469
52.642246,52.529274,53.10102,52.507874,53.019936,52.580685,52.72964,52.408707,52.536854,52.66594,52.721207,53.01174,52.953964,52.803158,52.848907,52.794907,53.017662,52.546413,52.931652,52.697746,52.851643,53.055378,53.454475,53.263084,52.54224,52.659027,53.382088,52.68399,53.029633,53.17626,53.063946
45.043953,45.24668,45.028137,45.34089,45.098198,44.887157,44.92149,45.01423,45.334637,45.204037,45.16681,44.998886,45.11673,45.272713,45.263035,45.140125,45.12998,45.38328,45.207848,45.61021,45.727375,45.661385,45.19541,45.25946,45.478695,45.54059,45.47862,45.41166,45.578373,45.57872,45.580482
57.11059,57.69361,57.24002,57.56057,57.670105,57.319344,57.82272,57.455242,57.69698,58.299725,57.455414,57.950375,58.129368,57.76766,58.579082,57.728462,58.027493,58.049393,57.967342,58.249958,58.409084,57.80168,58.56943,58.27083,58.50089,57.57013,57.988388,58.26392,57.62617,58.302197,58.45867
46.655094,46.449635,46.556664,45.93559,46.47206,46.19822,46.061943,46.15469,46.3571,46.456806,46.72451,46.59621,46.301186,46.45875,46.457237,46.16385,46.260067,46.32351,46.811615,46.359962,46.15596,46.829544,46.51996,46.810883,46.191505,46.846497,46.632984,46.508404,46.97782,46.653694,46.846638
46.67903,47.0846,46.971413,46.976288,46.889015,46.64545,47.146328,46.936497,47.11789,47.16878,47.131233,47.123207,46.924385,46.94327,47.790592,47.28884,47.410645,47.055614,47.121685,47.45589,47.612247,47.505787,47.6788,47.425575,47.378563,47.14901,47.236286,47.617012,47.31718,47.82193,47.541336
53.01315,53.01756,53.395554,53.029793,52.96412,53.525105,53.614582,53.467834,53.323284,53.33122,53.637672,53.511017,53.220108,52.984562,53.479366,53.17548,53.493935,53.450153,53.291332,53.434048,53.49354,53.816784,53.674946,53.60196,53.650696,53.748764,53.45084,53.71208,53.596508,53.564144,53.287395
41.69319,41.18688,41.356926,40.874878,41.510056,41.66764,41.42135,41.498596,41.411667,41.308895,41.356697,41.66694,41.272488,41.618668,41.263306,41.5199,41.4068,41.81136,41.548107,41.185703,41.66861,42.089603,41.49932,41.593422,41.4086,41.74436,41.848183,41.35254,41.812626,41.77874,41.57824
43.09482,43.565315,43.45288,43.463894,43.25466,43.053017,43.544262,43.24983,43.494453,43.60852,43.265057,43.693775,43.408695,43.669586,43.48033,43.745567,43.717995,43.819828,43.563885,43.726254,43.728615,43.665577,43.79749,43.721436,43.761997,43.685326,43.937057,43.889996,43.585167,43.579,43.900288
50.18894,49.867157,49.954407,49.937946,50.21514,50.11088,49.978863,49.984215,49.76666,49.949852,49.878963,49.973667,50.195564,50.064537,49.881264,49.91226,49.96838,50.163967,50.190845,50.174522,50.158943,50.422222,49.977,50.173096,50.099335,50.30336,50.489044,50.017715,50.47193,50.127335,50.43143
45.37576,45.282047,45.40915,45.73123,45.704597,45.59997,45.871925,45.486504,45.153732,45.801582,45.726562,45.68358,45.657513,45.511288,45.34525,45.76556,45.406578,45.583847,45.714592,45.84284,45.666607,45.43579,45.69221,45.376465,45.575924,45.937057,45.646935,45.914852,45.67013,45.564503,45.728928
39.061752,39.137917,39.64167,39.068268,39.266342,39.23303,39.107338,38.96869,39.235367,39.143726,39.13406,39.221245,39.252155,39.517876,39.22602,39.28989,39.062313,39.6142,39.395237,39.24959,39.4941,39.683346,39.223984,39.393738,39.149403,39.5571,39.84663,39.21347,39.513115,39.16276,39.654243
50.231895,49.89785,49.960663,49.63617,50.52339,50.40872,50.364044,50.169674,49.92242,50.211056,50.004227,49.85157,50.31142,49.9432,50.316612,50.392883,50.142338,50.462452,50.459667,50.201603,50.522053,50.743446,50.01867,50.606895,49.903423,50.14496,50.55271,50.250275,50.623558,50.120224,50.48448
58.790527,58.61291,58.705566,58.60369,59.25068,58.75299,58.971275,58.844402,58.985413,59.038486,58.75936,59.037006,59.193256,59.29821,59.607544,59.569836,59.446995,59.115417,59.370438,59.113235,59.50141,59.123573,59.68866,59.649315,59.259235,58.883705,59.571022,59.265217,59.078606,59.8247,59.705276
56.356255,56.276604,56.213646,56.483376,56.175568,56.634018,56.46829,56.90909,56.375156,56.242447,56.280804,56.021553,56.494816,56.31334,56.549637,56.464264,56.2418,56.514977,56.526073,56.36832,56.52813,56.968353,56.13034,56.873543,56.85385,56.7845,56.66266,56.94941,56.970814,56.60385,56.842907
45.24895,45.561012,45.15969,45.62498,45.36944,45.419746,45.450275,45.623898,45.703785,45.504997,45.410072,45.24965,45.675835,45.511166,46.132217,45.608807,45.829247,45.886337,45.832893,45.98959,46.049114,45.629562,46.04099,45.841164,46.45216,45.476418,45.682014,45.75916,45.71695,46.049187,46.187576
48.563168,48.577496,48.527573,48.741116,48.995987,48.34492,48.605827,48.594215,48.647243,48.438232,48.208416,48.79755,48.942062,49.12149,48.73245,49.322487,48.968872,48.70449,48.84276,48.825573,49.06738,48.718822,49.376995,49.121918,49.020924,48.659927,49.328358,48.694344,48.538586,49.380062,49.320072
50.28858,50.026314,50.275024,50.30157,50.121407,50.69546,50.007755,50.475754,50.640926,49.94902,50.197845,50.08357,50.53414,50.428,50.21479,50.40831,50.1799,50.75549,50.38321,50.23231,50.73683,50.634487,50.130478,50.684517,50.637836,50.396126,50.825768,50.29963,51.016655,50.512703,50.456566
40.248493,40.73427,40.49111,40.520794,40.599594,40.433167,40.54171,40.487686,40.562447,40.793884,40.552708,40.140923,40.838554,40.697968,40.95761,40.73834,40.557495,40.75502,40.901188,40.751926,40.752808,41.032646,40.39629,41.216957,40.73512,40.762115,40.985584,41.048073,41.13517,40.554615,41.44325
50.44272,50.07438,50.203613,50.52366,50.342827,50.725254,50.587337,50.816063,50.61196,50.543198,50.82803,50.500263,50.48862,50.674007,50.679375,50.712402,50.604916,50.903194,50.873642,50.684452,50.770103,50.59225,50.75821,50.628754,51.21747,51.002342,50.679462,50.87851,50.686447,50.953274,50.89446
46.617565,46.382854,46.28887,46.01057,46.52356,46.33448,46.363304,46.4799,46.34684,46.4196,46.057503,46.93448,46.401615,46.958652,46.360905,46.893818,46.555504,46.64231,46.623672,46.26569,46.503017,46.547688,46.864624,46.488434,46.482227,46.712692,46.63833,46.74194,46.359707,47.02027,46.63284
52.9587,52.86176,53.307938,52.84631,53.08116,53.180103,53.26317,53.006756,53.177074,53.01973,53.185516,53.30161,52.970264,53.154594,53.09188,53.408947,53.168667,53.374416,53.312878,53.279835,53.349667,53.321487,53.39224,53.377342,53.283012,53.635895,53.593414,53.274986,53.41563,53.30017,53.409138
36.775486,37.16981,36.381966,36.81541,36.737793,36.595478,36.623005,36.83912,37.176662,37.21615,37.186245,36.870403,36.87519,36.98689,37.58662,36.939625,37.033928,37.00594,37.184235,37.34305,37.24755,37.17806,37.026836,37.34881,37.443657,37.231064,36.95276,37.48321,37.663548,37.66293,37.743248
51.821075,51.334866,50.99729,51.159122,51.55275,51.40134,50.80354,51.173103,51.485462,51.324604,51.618916,51.110027,51.35147,51.16882,51.377388,50.971336,51.1394,51.317455,51.69411,51.537395,51.64386,51.756702,51.236526,51.62458,51.383068,51.479996,51.494385,51.188725,52.5196,51.92018,51.674404
52.522926,52.41742,52.59115,52.558407,52.533333,52.67018,52.958652,52.747963,52.777943,52.79337,53.307266,52.75984,52.575592,52.39821,53.00062,53.017906,53.245274,52.819466,53.17463,53.074875,52.694336,52.657185,53.115753,53.230667,53.030327,52.997124,52.963886,53.21653,53.289017,52.949726,53.0856
49.37125,49.77404,49.722054,49.884205,49.420677,49.608437,49.478653,49.910385,49.802063,49.423183,49.728096,49.188457,49.744858,49.669792,49.488297,49.697926,49.870296,49.368374,49.753696,49.685307,49.467754,49.81087,49.840683,49.9795,49.99022,49.962196,49.630703,50.10124,49.88303,49.919334,49.73065
44.402332,44.8466,45.073395,44.515774,45.16973,44.619564,44.7929,44.43536,44.9828,45.015415,45.07249,44.745747,44.915176,44.831898,45.20034,45.116085,45.034576,44.700073,45.22569,45.049236,45.01803,44.97413,45.292976,45.595222,44.652763,45.017014,45.34876,45.015465,45.205376,45.122257,45.41214
45.381363,45.26272,45.01747,45.080288,45.63961,45.380432,45.248405,45.23097,45.145023,45.31009,44.741905,45.59249,45.631763,45.510765,45.18793,45.434063,45.463226,45.56894,45.249588,45.553463,45.71633,45.48386,45.489437,45.352707,45.342014,45.37464,45.768772,45.315376,45.431194,45.652752,45.484577
54.403416,54.34164,54.37388,54.332497,54.55819,54.247097,54.616703,54.35465,54.145786,54.571453,54.72628,54.160156,54.339752,54.09163,54.75103,54.52278,54.375168,54.316914,54.897736,54.7308,54.521038,54.731094,54.690258,54.723396,54.477703,54.675865,54.433693,54.799374,54.809658,54.605858,54.927643
42.246277,42.05879,42.653267,42.083145,42.498703,42.308468,42.14366,42.005604,41.9602,41.980522,42.33726,42.393723,42.57801,42.384697,42.028015,42.401714,42.143436,42.00838,42.404457,42.14522,42.000908,42.32121,42.46719,42.543304,41.879173,42.45072,42.673313,42.13809,42.537594,42.29148,42.538517
52.05793,51.812836,52.27511,52.30016,52.32161,52.44047,52.266846,52.420357,52.443382,52.091827,52.288803,51.83088,52.30307,52.412617,52.154762,52.663795,52.452354,52.694622,52.593662,52.31748,52.605175,52.50881,52.211918,52.661705,52.448437,52.47426,52.925724,52.432278,52.524418,52.273937,52.53032
36.54684,36.58178,36.448067,36.462982,36.17096,36.131344,36.51749,36.26252,36.245735,36.414043,36.444717,36.463673,36.259026,36.604324,36.61138,36.527687,36.338192,36.97525,36.673737,36.835087,36.69533,37.090233,36.32663,36.445,36.87958,36.970215,36.84567,36.677345,36.986755,36.429966,37.37808
50.809372,50.675175,50.76001,51.02498,50.939728,50.54375,50.663086,50.516567,50.483105,50.652985,50.769127,50.879128,51.019306,50.361282,50.828827,50.75967,50.744595,50.67582,50.851864,51.328457,50.99721,50.719166,50.912712,50.888382,50.561203,50.672447,51.103947,50.879665,51.278934,50.851715,50.95978
42.53233,42.709972,42.42681,42.17384,42.636406,42.65159,42.48761,42.494076,43.003212,42.554718,42.738388,42.69191,42.553925,42.51737,42.499172,42.95814,43.00086,42.720814,42.73759,42.81103,42.816868,42.706837,42.84765,43.094612,42.61618,42.80195,42.839596,42.76147,43.26365,43.004803,42.626232
52.32616,52.32264,52.47268,52.20934,52.660873,52.763855,52.490704,52.66064,52.43095,52.35712,52.280388,52.17121,52.723034,52.600937,52.40429,52.856827,52.527977,52.391693,52.710606,52.27657,52.445145,52.558994,52.570686,52.886597,52.40905,52.62101,52.64692,52.774548,52.699936,52.664646,52.5956
47.37357,47.61193,47.763504,47.97661,47.883102,47.984406,47.91856,48.058662,47.878975,48.078014,47.866432,47.91741,48.379875,48.17417,48.425896,48.217857,48.004524,48.10245,48.199135,48.125137,48.05553,47.59866,48.22498,48.266777,48.35389,48.08577,48.165028,48.507874,47.72835,48.150818,48.439186
62.741776,61.972767,62.463127,62.219597,62.89293,62.53847,62.482513,62.32216,61.98983,62.62011,62.388874,62.21116,62.73453,62.4303,62.786488,62.389248,62.250885,62.68697,62.87975,62.44576,62.96597,63.244247,62.456257,62.73089,62.11208,62.320023,62.95123,62.554134,62.945896,62.637344,62.871155
50.087337,49.73265,50.029854,49.58942,49.96576,50.05039,49.610832,50.098274,49.78778,49.536194,49.473995,49.826336,50.139076,50.389,49.672268,50.05231,49.936443,49.98205,50.039524,49.49034,49.754906,50.308125,49.92548,50.15638,49.832382,50.082077,50.290318,49.993053,49.98066,50.153233,50.073193
34.693718,34.308296,34.34292,34.45299,34.657925,34.650642,34.34771,34.627388,34.70463,34.61105,34.54304,35.045948,34.722992,35.15669,34.35663,34.793667,34.579735,35.100807,34.759983,34.44598,34.78672,34.768066,34.63026,34.829056,34.77103,34.8646,35.27757,34.622032,34.838547,34.931404,34.974506
43.656986,44.090023,43.70233,43.774937,43.74166,43.460934,43.83258,43.68193,43.87934,43.83313,43.798916,43.80204,43.824005,43.739635,44.195953,44.280346,44.153275,43.939617,44.15,44.336964,43.979572,43.750916,44.197166,44.161957,44.088284,43.93492,43.926575,44.299892,44.192783,44.090572,44.37365
54.9729,55.158504,55.45643,55.426632,55.055573,55.568516,55.24569,55.364098,55.45189,55.502014,55.713993,55.337917,55.573074,55.29168,55.80539,54.934956,55.220932,55.45414,55.609726,55.670235,55.485397,55.376595,55.62373,55.59053,56.0365,55.86071,55.464226,55.72881,55.78728,55.62625,55.802914
43.500343,43.774063,43.697502,43.432606,43.72773,43.750755,43.817215,43.982426,43.97985,43.877445,43.82908,43.74357,43.673553,43.72386,44.340347,43.85043,44.26779,43.938305,44.046486,43.87782,44.003,44.17912,44.281296,44.31932,44.099697,43.89393,44.02258,44.21913,43.920284,44.312637,44.09482
48.707302,48.878345,48.26409,48.286415,48.71393,48.39486,48.49535,48.5218,48.655098,48.682045,48.665,48.52909,48.738976,48.45311,48.756172,48.85981,49.05068,48.50617,48.941204,48.96194,48.631767,48.66665,49.011814,49.015656,48.687984,48.62085,48.476604,48.968098,49.07681,49.049286,48.835476
50.112988,50.090046,49.96489,50.63218,50.001892,50.29725,49.964912,50.577408,50.53512,50.17602,50.226246,50.13947,50.421238,50.609463,50.15512,50.448544,50.21493,50.51341,50.501316,50.225075,50.457645,50.14324,50.450775,50.455933,50.941704,50.429268,50.431072,50.645645,50.45285,50.711124,50.470657
49.74342,50.145657,49.978477,50.294624,49.865646,49.98641,49.841465,50.153423,50.616272,50.18253,50.364178,50.019287,50.176826,50.285107,50.51787,50.380695,50.495914,50.19795,50.49921,50.378677,50.379208,49.857956,50.695824,50.586662,50.78695,50.225098,50.249626,50.631298,50.583183,50.819366,50.487957
54.28302,54.784492,54.395638,54.813526,54.47438,54.49261,54.60021,54.842003,54.743286,54.91356,54.42605,54.235424,54.71335,54.669277,55.03943,54.83244,54.755024,54.77603,54.879852,54.850845,55.036724,54.80303,54.832226,54.82071,54.979954,54.646194,54.498222,55.48369,54.80315,55.006577,54.78823
52.94486,53.140854,53.115753,52.897476,52.760803,53.171577,52.9171,53.36299,53.485332,53.11942,53.31729,53.22296,53.05549,53.290504,53.63527,53.124393,53.499374,53.212994,53.450462,53.265694,53.081413,53.191017,53.52701,53.57836,53.77679,53.6446,53.242207,53.741993,53.550125,53.785603,53.547497
40.878765,40.50871,40.961502,40.596275,40.678726,40.81756,40.727776,40.64281,40.76478,40.552967,41.06538,40.915474,40.66321,40.699745,40.94597,40.78359,40.82106,41.08218,40.93254,40.940624,41.071976,41.30449,40.896896,40.96891,40.828403,41.025345,41.277172,40.733532,41.41279,41.02063,41.152092
49.5166,49.93193,49.423378,49.6564,49.53569,49.635517,50.02617,49.98257,49.802803,49.98049,49.898823,49.84216,49.89189,49.79626,50.212032,50.09766,50.08311,49.721664,49.852997,50.11975,49.93296,50.20027,50.05644,50.33081,50.3763,50.32866,49.82662,50.625195,50.19852,50.385906,50.429058
50.03648,50.002594,49.667038,49.97678,49.999336,49.757767,49.90837,49.834057,49.820766,49.945126,49.438583,50.320126,50.21089,50.277905,49.805027,50.23022,49.87029,50.3153,49.971195,50.245346,50.362125,50.133537,50.148357,50.044495,50.32432,50.192673,50.403522,50.123787,50.144966,50.273705,50.440464
42.34459,42.516125,41.87719,41.81664,42.466408,41.862595,42.142708,41.67591,42.147602,42.25636,41.89058,42.442448,42.27547,42.282055,42.134174,42.597237,42.330235,42.436108,42.43531,42.683804,42.530754,42.269875,42.47436,42.48062,42.303307,42.34314,42.572113,42.125065,42.80387,42.473984,42.872646
52.58925,52.150776,52.42723,52.91848,52.118202,52.19424,52.265327,52.53623,52.23708,52.245537,52.540844,52.837883,52.471176,52.767822,52.343937,52.43012,52.65488,52.60982,52.681747,52.745007,52.342575,52.21299,52.89614,52.16108,53.067413,52.82435,52.70009,52.771362,52.49436,52.8582,52.78298
34.47773,34.453808,34.452835,34.286404,34.56119,34.166092,34.413322,34.237217,34.244576,34.186924,34.483727,34.80656,34.505028,34.279324,34.47786,34.622208,34.694946,34.432167,34.45493,34.93013,34.39362,34.577618,34.588356,34.736916,34.319447,34.748917,34.980785,34.47302,34.76168,34.56009,34.95107
41.202126,41.43499,41.32086,41.481773,40.996895,41.17102,41.42367,41.67962,41.481518,41.26536,41.400043,41.50995,41.108276,41.50837,41.6462,41.615818,41.51571,41.556564,41.451866,41.57611,41.529037,41.69582,41.68258,41.47484,41.948357,41.909294,41.477386,41.981934,41.41112,41.887863,41.76829
48.710518,48.325268,48.20482,48.156963,48.4495,48.281044,48.347233,48.380657,48.48504,48.35892,48.532578,48.843,48.252377,48.199898,48.292847,48.474342,48.50207,48.658226,48.575855,48.602524,48.668148,48.806652,48.66085,48.762184,48.42699,48.591415,48.814106,48.473248,48.964687,48.788548,48.524033
46.704807,46.582085,46.64595,46.52783,46.772957,46.60228,46.456833,46.74731,46.82841,46.702953,46.916687,46.49905,46.61333,46.691845,46.81753,46.634907,46.93028,46.89417,47.208027,46.848213,46.64962,46.872643,46.828278,47.1232,46.833927,46.93895,47.066963,46.872963,46.992928,46.831284,47.083004
51.775482,51.60278,52.06427,52.21906,52.396523,51.544907,51.894787,51.325527,51.35786,51.894962,51.856594,52.112526,52.536835,51.885365,51.8968,52.217773,51.9226,51.723415,52.1243,52.419655,52.078217,51.584183,52.3178,52.11782,51.52991,51.70089,52.53789,51.892876,52.082565,51.894432,52.403618
63.4203,62.931767,62.766037,63.231415,63.4693,63.559593,63.061623,63.569218,63.40255,63.086845,63.27677,62.97505,63.39429,63.060112,63.153694,63.402775,63.064255,63.315193,63.648575,63.44314,63.494797,63.059093,63.393173,63.529472,63.66148,63.470383,63.271294,63.31825,63.562847,63.68391,63.328342
49.657295,49.81032,49.895836,49.744793,49.845703,50.039898,49.486755,49.746635,50.057705,49.739277,49.618572,50.108795,50.308548,50.074768,49.955574,49.58716,49.687263,49.967297,49.878853,49.874786,50.138744,49.94403,50.274555,50.289032,50.348972,49.98674,50.30835,49.71965,50.199844,50.342117,50.209362
48.401825,48.036636,47.97296,48.183064,48.366707,48.182358,47.90792,48.416653,48.135204,47.88047,47.57989,48.12544,48.403217,48.420967,48.100418,48.54728,48.266235,48.576324,48.32188,48.261322,48.476788,48.313168,48.103737,48.281082,48.125977,48.086586,48.640266,48.35167,48.206375,48.370037,48.2885
44.48574,45.12478,44.784218,44.61943,44.689835,44.870872,44.691708,44.849667,44.96757,44.983364,44.455894,44.532936,45.02558,44.8445,45.024216,44.777397,44.71224,45.003395,44.818707,44.77448,45.159653,45.383347,44.72592,45.244896,44.876343,44.83496,44.93528,45.29908,45.29103,44.937187,44.981148
39.221756,39.28311,39.3593,38.91114,39.24518,39.211502,39.111332,39.136936,39.69929,39.394585,39.696754,39.73989,39.1531,39.369213,39.580666,39.383602,39.88223,39.535316,39.58312,39.54575,39.49727,39.41541,39.923798,39.68759,39.436913,39.516365,39.64587,39.502605,39.746445,39.909355,39.43965
38.187828,38.782726,38.3472,38.541695,38.03083,38.311768,38.837933,38.697647,38.456688,38.577526,38.65769,38.63573,38.533,38.354336,38.861164,38.877983,39.03288,38.65945,38.761383,38.911373,38.284817,38.426735,38.863632,38.896942,39.134186,38.774063,38.49658,39.315155,38.876495,38.580807,39.08522
40.579712,40.289165,40.206963,40.065365,40.448128,40.18925,40.342224,40.43284,40.38101,40.116356,40.796806,40.340107,40.153168,40.2159,40.184002,40.79626,40.77444,40.304825,40.849426,40.507004,39.984657,40.37627,40.585457,40.860138,40.345108,40.694733,40.587234,40.49919,40.771263,40.532223,40.737015
52.61401,52.61368,52.975426,53.169716,52.95762,53.208374,53.428,53.257954,52.787033,53.13495,53.22622,53.054855,53.405365,52.935604,53.11021,53.35088,53.083935,52.973297,53.092632,53.031776,53.116657,53.221363,53.210255,53.54547,53.189034,53.220703,53.37791,53.638794,53.284443,53.148163,53.293518
37.746014,37.792377,38.198418,38.182545,37.876648,38.173874,37.967487,38.331043,38.196697,37.73559,38.122566,37.89943,38.25785,38.56115,38.158253,38.68986,38.204903,38.22171,38.26692,37.956944,38.037506,38.0061,38.21131,38.34086,38.380424,38.395187,38.385822,38.473904,38.042034,38.338383,38.48105
45.951324,45.951973,46.39686,46.45722,45.869957,46.061913,46.021885,46.039764,46.12857,46.103985,46.258564,46.629433,46.266323,46.75501,45.82199,46.26596,46.330795,46.230167,46.154762,46.26835,46.099968,45.98978,46.5581,45.934975,46.535236,46.755196,46.503407,46.51009,46.240364,46.540867,46.324078
52.951527,52.626934,52.73353,52.743313,52.802734,52.821335,52.742508,52.759422,52.860302,52.737206,53.01194,53.003593,52.746162,52.79646,52.749687,52.841606,52.977966,52.982666,53.076107,53.12292,52.976665,52.92598,53.09111,52.96894,53.123425,53.219925,53.16567,52.91338,53.342644,53.195747,53.104546
45.655304,45.135742,46.020126,45.581795,45.736732,45.908154,45.58388,45.739777,45.450714,45.258,45.471172,45.951637,45.80222,45.96681,45.629097,45.691635,45.81779,45.90921,45.795795,45.577488,45.69281,45.67536,46.07968,45.591652,45.780205,45.83323,46.276802,45.504204,45.50417,45.887054,45.815926
49.50884,49.27309,49.08728,48.986862,49.64859,49.42507,49.53265,49.39567,49.27862,49.597416,49.37463,49.375042,49.596928,49.62713,49.546577,49.85336,49.611374,49.70359,49.78528,49.57775,49.670216,49.742996,49.59089,49.704353,49.490646,49.657486,49.600132,49.752037,49.610752,49.71152,49.85571
54.231216,54.786983,54.649864,54.71979,54.71012,54.489277,54.979282,54.837284,54.745605,54.91252,54.909664,54.634,54.94347,54.6688,54.988144,55.00867,55.05077,54.522026,54.957916,55.062347,54.782894,54.90098,55.43027,55.326645,55.221413,55.124687,54.7431,55.35576,54.516403,55.125217,55.132607
42.5775,42.76657,42.57641,42.415627,42.220238,42.287186,42.41831,42.396618,42.722828,42.15444,42.572464,42.850758,42.385002,42.7271,42.19561,43.074585,42.902813,42.449158,42.500233,42.744377,42.473503,42.50624,42.99783,42.595566,42.779552,42.9769,42.542797,42.787,42.964325,43.07735,42.620834
50.267525,50.688393,50.569893,50.545296,50.340134,50.196453,50.289833,50.387207,50.656372,50.25356,50.573616,50.615612,50.582672,50.70742,50.431316,50.841084,50.879017,50.034863,50.48314,50.801407,50.392582,50.354527,51.121006,50.72397,50.822384,50.99359,50.474632,50.907856,50.691917,51.239906,50.712826
37.183,37.736248,37.603905,37.652683,37.16156,37.47831,37.64512,37.68613,37.72746,37.658882,37.62894,37.869537,37.720192,37.922916,38.000866,37.465866,38.19422,37.82816,37.42488,38.07996,37.879875,38.0788,38.11023,37.67106,38.466633,38.20186,37.853813,38.137814,37.634167,38.21879,38.096165
43.26306,43.01738,43.160423,43.534534,43.020752,43.22781,43.38513,43.52311,43.317192,43.240032,43.524967,43.743565,43.142124,43.33184,43.23231,43.69761,43.602417,43.50782,43.444447,43.398525,43.4151,43.0953,43.78133,43.22007,43.541645,43.38379,43.40447,43.80369,43.45872,43.75612,43.165478
48.3428,47.93997,48.22473,47.773785,48.179657,48.162624,47.770985,48.07352,48.197357,47.80054,47.896786,48.159523,48.063538,48.451927,48.190834,48.0569,48.371407,48.40537,48.31908,48.12917,48.3725,48.54651,48.436665,48.183067,48.3153,48.33084,48.58239,47.959038,48.35488,48.661602,48.390884
56.637794,56.88904,56.869576,57.10861,56.833,57.124428,57.106274,57.1087,57.13197,57.053783,57.0508,56.6635,57.21062,56.817345,57.27666,57.00884,57.24924,57.278797,57.293507,57.391563,57.361095,57.10343,57.34758,57.37507,57.699768,57.113594,57.196392,57.336994,57.338108,57.16336,57.34171
51.733624,51.90389,51.97397,51.47524,52.18376,51.64334,52.12777,51.48131,51.731457,52.314415,52.013992,51.86118,52.223778,51.951275,52.37034,52.138424,52.208317,52.08361,52.407784,52.03498,52.285072,52.534935,52.53343,52.66462,51.875923,51.73295,52.339584,52.147194,52.306267,52.13799,52.592964
60.478794,60.489376,60.524055,60.72397,60.164703,60.608406,60.58097,60.699368,60.506958,60.478813,60.579178,60.622066,60.689877,60.378906,60.48421,60.46669,60.577484,60.61606,60.571117,60.769566,60.71873,60.69799,60.914352,60.52202,61.006466,60.75364,60.388805,61.010082,60.84674,60.83789,60.39812
51.337868,51.54727,51.082977,51.651974,51.25595,51.507484,51.154736,51.648544,51.73306,51.73599,51.720215,51.38223,51.54633,51.385235,51.54844,51.04512,51.447918,51.515827,51.681046,51.75547,51.65892,51.473957,51.739265,51.53118,52.09198,51.76072,51.216244,51.90825,51.817932,51.981495,51.458256
41.36223,41.474724,41.07367,41.15628,41.550247,41.01444,40.777092,41.02449,41.394135,41.288074,40.865536,41.28692,41.672565,41.18341,41.23144,41.132137,41.348797,41.569748,41.413174,41.39438,41.64275,41.631546,41.290947,41.90223,40.974785,40.719116,41.91363,41.15768,41.82581,41.316956,41.43909
45.10411,45.025814,45.159798,44.96106,45.466278,45.040596,45.03312,44.900604,45.16934,45.10133,45.59119,45.007427,45.36242,44.919163,45.643227,45.17719,45.458927,44.991463,45.449924,45.654633,45.44466,45.507023,45.554764,45.728874,45.169247,45.29988,45.54568,45.147926,45.711464,45.66592,45.75357
47.528008,47.164917,47.45092,47.366703,47.52912,47.54375,47.27021,47.41639,47.456944,47.28263,47.6127,47.41283,47.452938,47.56967,47.571484,47.399246,47.524296,47.514313,47.655106,47.570866,47.683323,47.7961,47.61244,47.664772,47.675858,47.79036,47.923363,47.435993,48.008892,47.965702,47.913357
41.191998,41.132362,40.80548,41.012768,40.99952,40.840126,40.72782,40.83915,40.945576,41.041313,40.75642,41.08055,41.14869,41.187405,41.02384,40.940777,40.877884,41.444042,41.081066,41.36415,41.43134,41.433197,40.8587,40.94683,41.130245,41.194077,41.314228,41.153843,41.46847,41.176285,41.400967
49.05293,49.2203,49.023926,49.220726,49.540825,49.413162,49.930977,49.284466,49.147713,49.944122,49.984383,49.435886,49.74639,49.230316,49.77831,49.578377,49.767956,49.367115,49.806458,49.889324,49.52016,49.571033,49.910946,49.99698,49.907047,49.8014,49.559998,49.907513,49.823204,49.684723,50.189133
40.466587,40.28695,40.396606,40.395412,40.124382,40.71521,40.39409,40.655666,40.491516,40.503956,40.607746,40.618534,40.560146,40.90203,40.386356,40.504322,40.44323,40.88976,40.6405,40.35987,40.44849,40.73204,40.358307,40.49785,40.889874,40.99405,40.692867,40.879913,40.913124,40.64102,40.80717
39.4033,39.466423,39.75669,39.560123,39.301727,39.526634,39.638462,39.63096,39.79331,39.209843,39.801308,39.636536,39.291275,39.551426,39.676537,40.127495,39.97254,39.669975,39.640324,39.755463,39.74963,39.722927,39.85605,39.81472,39.727028,39.881996,39.919575,39.908318,40.10539,40.00095,39.77867
44.12065,43.86083,43.783653,44.402184,44.212746,44.28282,44.57878,44.495914,43.663177,44.57626,44.249916,44.204266,44.500774,44.257618,44.494377,44.35278,44.08186,44.413868,44.39099,44.22987,44.46019,44.611336,44.18815,44.278618,44.407745,44.261185,44.3369,44.88878,44.408245,44.393963,44.673428
41.3586,41.36683,41.5856,41.477863,40.930054,41.447395,41.384674,41.593807,41.370407,40.979733,41.587826,41.549534,41.131413,41.371655,40.94749,41.4312,41.49803,41.27192,41.236336,41.455868,41.090275,41.550312,41.439785,41.22451,41.612366,42.0959,41.397182,41.720932,41.726288,41.577793,41.29245
49.507004,48.95376,49.185135,49.384274,49.696014,49.45794,49.206696,49.25961,49.04773,49.20283,49.287777,49.350574,49.754616,49.15327,49.051155,49.169144,49.107513,49.45934,49.485367,49.44673,49.523266,49.5878,49.270824,49.680344,49.1938,49.261063,49.977726,49.06592,49.76379,49.27416,49.587055
44.564735,44.791718,44.78833,44.54276,44.496452,44.62888,44.752934,44.61574,44.82228,44.830486,44.93775,44.88008,44.514904,44.30335,45.099564,44.25507,44.826965,44.99922,44.72111,45.200794,45.13128,45.47461,44.84113,45.040184,45.00233,45.12436,45.12938,44.948124,45.371407,44.93045,45.06973
57.545322,57.143196,57.265007,57.130615,57.607918,57.730972,57.43044,57.67894,57.61057,57.38329,57.4702,57.31993,57.4893,57.464912,57.465893,57.547993,57.661564,57.81283,57.866047,57.564545,57.685295,57.709263,57.669342,57.861053,57.81864,57.767555,57.848816,57.523773,57.70175,57.738796,57.688477
54.221485,54.356342,54.647537,54.72785,54.720894,54.790947,54.870617,54.69408,54.54724,54.9956,54.76143,54.68037,55.115105,54.6979,55.234913,54.576496,54.794334,54.831,54.90006,54.87994,55.102177,54.986122,55.1398,55.17643,55.136765,54.749313,55.1308,55.086815,54.881508,55.026257,55.228508
50.812134,50.526115,50.41899,51.02752,50.986824,50.842175,51.143116,51.022064,50.67909,51.010597,51.063156,50.950417,51.04379,50.779686,51.27685,51.12768,51.048065,51.06221,51.148125,51.37309,51.28635,51.063087,51.13459,51.23477,51.4303,51.168854,51.325993,51.262844,51.247353,51.35493,51.638615
48.641277,48.82189,48.90428,49.256943,48.99788,48.707684,49.169178,48.7407,48.726704,48.770966,49.23902,48.939472,49.25463,48.720417,49.164528,49.251377,49.293026,48.661064,49.23024,49.499462,48.999924,48.676033,49.768967,49.390137,49.5519,49.01735,49.242065,49.006493,49.25802,49.34027,49.70271
47.226772,46.800217,47.357315,47.04008,47.19127,47.36669,47.315224,47.281837,46.89395,47.393017,47.385944,47.481243,47.27977,47.670128,47.19295,47.0795,47.249126,47.410797,47.398308,47.06429,47.193485,47.74105,47.36042,47.175034,47.338795,47.817863,47.60399,47.559635,47.312782,47.489105,47.559135
47.886322,47.82692,47.996048,48.140957,48.029594,47.813618,47.770824,47.736538,47.9475,47.85458,47.925755,48.299374,48.195118,48.045525,48.225975,48.08303,48.039703,48.066284,48.181873,48.3384,48.27515,47.73595,48.51584,48.1519,48.274593,47.967636,48.426224,48.00075,48.31785,48.450684,48.438816
46.47612,46.522022,46.735306,46.422405,46.499977,46.561283,46.49941,46.472145,46.716484,46.899147,46.627254,47.084927,46.49192,46.906986,46.77024,46.3391,46.773014,46.979355,46.658905,46.791916,47.02092,47.043903,47.00453,46.52858,46.82672,47.06411,46.965324,46.936176,46.766388,47.110397,46.69601
51.580334,51.411575,51.807007,51.477047,51.773712,51.76743,51.86356,51.787575,51.852962,51.848827,52.18623,51.71463,51.428093,51.640446,52.019283,51.93015,51.89717,51.82509,52.063805,51.90859,51.98721,52.11622,51.97844,52.069466,51.773106,52.280106,52.037296,52.1601,52.088737,52.157623,51.987663
56.21611,56.22369,55.963776,56.351017,55.87039,56.106556,55.70996,56.3004,56.36748,55.996784,56.34069,56.206135,56.11665,55.923767,56.07192,55.893482,55.791893,55.932472,56.333584,56.262558,56.063683,55.99774,56.297173,56.391884,56.562943,56.476753,56.0149,56.4389,56.790565,56.624947,56.22619
53.005295,52.402576,53.088074,52.629677,53.07331,52.91224,52.758068,52.797176,52.660374,52.634403,52.729633,52.79171,53.09673,53.21251,52.89076,53.047737,53.050083,53.06446,53.16003,52.595905,53.031635,53.467667,53.01885,53.347595,52.7084,52.826546,53.70535,52.821793,53.265137,53.117588,53.337402
50.3933,50.86472,50.71228,50.720592,50.490654,50.854977,50.755848,51.090183,51.03681,50.699593,51.024757,50.32788,50.806927,50.494343,51.290215,50.85165,51.081615,50.67164,51.01894,51.083355,50.762623,50.95598,50.892414,51.390244,51.262295,51.15377,50.777077,51.44199,51.282104,51.090534,51.177757
44.533356,45.150055,45.079727,44.559406,44.907677,44.796753,44.86617,44.67017,45.26829,45.27497,45.136326,45.31795,44.93815,45.019142,45.165123,44.830544,45.332237,44.97837,45.164906,45.132027,45.048653,45.072033,45.65591,45.49601,45.20496,45.26642,45.240715,45.23967,45.253845,45.408672,45.200375
52.622795,52.811428,52.85499,53.065296,52.80703,53.014107,53.000946,53.238483,53.3398,53.161434,53.168537,53.153515,53.0313,53.06503,53.361286,53.249588,53.379578,53.175884,53.169342,53.19625,53.429268,52.99874,53.645527,53.292,53.48112,53.140335,53.089447,53.64248,53.046265,53.709038,52.956413
58.861656,58.44726,59.0735,59.25676,59.078598,59.035988,58.996983,59.085926,58.822536,58.930054,59.36513,58.831062,59.084652,58.736397,59.276897,58.927868,58.99981,58.919636,59.22437,59.347267,59.311443,59.125244,59.323048,59.03351,59.085587,59.19314,59.178436,59.27827,59.08972,59.354908,59.069523
43.336838,43.12965,43.44709,43.04677,43.16841,43.274567,43.231632,42.986492,43.011063,42.88997,43.28704,43.354275,43.355827,43.197098,42.84582,43.304165,43.212795,43.14474,43.100468,43.197098,43.250393,43.77858,43.248905,43.44702,43.040348,43.47088,43.647854,43.129417,43.977127,43.347027,43.419888
55.689934,55.871937,55.913902,55.97642,56.408592,55.95153,56.04588,55.900562,56.21268,56.297417,56.37067,55.769833,56.18431,55.88853,56.568268,56.020866,56.26769,55.843235,56.350002,56.41725,56.642067,56.46784,56.68809,56.72892,56.35674,56.210762,56.421833,56.211758,56.40748,56.83203,56.571495
37.881447,37.94441,37.837173,37.533043,37.75608,37.988804,38.106583,37.969963,38.042915,37.991272,38.143852,38.13125,37.916042,38.094307,38.08188,38.445606,38.37491,38.283585,38.25495,38.01339,37.93182,38.121002,38.156197,38.36402,38.154503,38.232437,38.188942,38.393066,38.4862,38.158375,38.368103
39.26883,39.24733,39.263977,39.514896,38.96286,39.421158,39.497955,39.77506,39.487328,39.21129,39.164818,39.468098,39.468742,39.898743,39.65062,40.080795,39.7141,39.997726,39.538303,39.346573,39.63777,39.692627,39.36517,39.71753,39.951458,39.5953,39.953876,40.072697,39.78806,39.698265,40.02567
51.21209,51.083233,51.177536,51.79265,51.50506,51.4178,51.364277,51.412506,51.492912,51.682907,51.848003,51.4787,51.7848,51.524536,51.746075,51.46907,51.71255,51.557533,51.806427,51.888573,51.781006,51.276047,51.880943,51.75316,51.9721,51.567253,51.837708,51.780373,51.842648,51.95228,51.93784
45.707893,45.568497,45.63218,45.456055,45.710648,46.100826,46.041584,45.956287,45.98108,46.010113,46.186623,45.975803,45.876003,45.773415,46.093784,45.95162,46.249725,46.215355,45.991444,46.05602,46.122852,46.34316,45.874428,46.350655,46.11676,46.258896,46.30664,46.268356,46.539986,46.13697,46.19106
38.8313,38.98772,38.530014,38.190456,39.05368,38.605682,38.73769,38.461117,38.899776,39.072838,38.97462,38.871944,38.732113,38.70803,39.39192,38.867844,39.139767,38.857246,38.99007,39.211803,39.32476,39.482067,39.095913,39.285637,38.758827,38.995644,39.0626,38.996838,39.570175,39.531364,39.402885
45.043915,45.21288,45.427025,45.510384,45.46389,45.573036,45.613277,45.357098,45.576786,45.69905,45.452724,45.990532,45.778564,45.884212,45.342518,45.627583,45.862083,45.694653,45.289497,45.646072,45.973675,45.66811,46.021973,45.653717,45.851856,45.797874,46.082745,45.75063,45.615986,46.048737,45.58588
45.790745,46.171444,45.772408,46.026546,45.872765,45.718384,45.860916,45.82149,46.090267,46.000893,46.0803,45.90782,45.918385,45.919254,46.291763,46.24626,46.30065,45.930824,46.073635,46.740673,46.237564,45.87552,46.132286,45.975487,46.26404,46.47454,45.954243,46.53553,46.45454,46.46506,46.376373
46.02817,45.961605,46.097206,46.050797,46.059967,46.177204,45.84136,46.183624,46.238476,45.961643,45.964207,46.258907,46.135742,46.400867,46.11679,46.000427,46.04432,46.279747,46.058903,46.22706,46.429405,46.429226,46.29539,46.11698,46.454445,46.606636,46.439552,46.214832,46.176914,46.648483,46.30619
55.207005,54.556957,54.955177,55.337585,55.132454,55.022766,55.038975,55.31987,55.25771,54.911102,55.561535,55.26878,55.03033,55.0753,55.197063,55.589344,55.430515,55.300133,55.702007,55.299953,55.20281,54.759087,55.667145,55.50914,55.456284,55.170937,55.56341,55.333668,55.36008,55.59244,55.38268
46.663853,46.880253,47.0571,46.37084,46.912056,46.94591,46.728733,46.62505,46.891666,46.71908,46.453846,46.618313,46.98321,47.15349,47.04031,47.028957,46.9093,47.126736,46.903187,46.95513,47.242416,47.389145,46.870808,47.04554,46.86441,47.16932,47.231117,46.94779,47.139603,47.04623,47.251915
45.19449,45.337868,45.36194,45.471764,45.012917,45.01786,45.701283,45.128136,45.013706,45.555405,45.8096,45.76947,45.3416,45.40851,45.2774,45.4664,45.483936,45.314545,45.493042,45.69867,45.185455,45.595997,45.6869,45.520035,45.79398,46.036186,45.577385,45.88484,45.856464,45.50861,46.05324
47.658195,47.573215,47.617966,47.142693,47.77507,47.6997,47.85368,47.576206,47.728783,47.568005,48.13482,47.740658,47.51306,47.577244,47.70349,48.258278,48.155365,47.50364,48.00444,48.02822,47.529064,47.610184,48.06289,48.011375,47.69858,48.319893,47.70488,47.98223,48.099678,48.092518,47.975838
53.188465,52.853138,52.703186,53.32191,52.892418,53.100048,53.036163,53.25866,52.89758,53.155968,53.425022,52.852505,53.033356,52.571064,53.36014,52.71553,53.101864,53.100876,53.314117,53.410686,53.30085,53.360817,53.06751,53.15177,53.376102,53.08281,53.06576,53.473618,53.89015,53.39874,53.26619
44.146584,44.282127,44.26213,44.097458,44.289314,44.334824,44.379044,44.31903,44.136353,44.250473,43.88941,44.385437,44.44859,44.43335,44.39799,44.421673,44.482174,44.458393,44.283737,44.262493,44.59053,44.653057,44.696556,44.407158,44.466183,44.245575,44.51923,44.49581,44.38645,44.65932,44.449814
59.176666,59.11536,59.282516,58.84079,59.26905,59.169796,58.823112,59.05399,59.29987,59.04409,58.989532,58.814423,59.173855,59.240955,59.03013,59.16971,59.15103,59.276726,59.535275,59.13285,59.23346,59.371906,59.2309,59.47702,59.080074,59.33426,59.40045,59.240204,59.488487,59.25037,59.241974
47.85295,48.086945,47.905334,47.762493,48.28102,47.785553,48.035282,47.51352,48.119007,48.284683,48.198215,48.17108,48.125896,47.794918,48.17667,48.135273,48.194073,48.135468,48.267113,48.53148,48.455555,48.272152,48.29418,48.6689,47.993843,48.16098,48.61843,48.088085,48.829556,48.248283,48.578983
46.699306,46.85553,46.919586,47.42784,46.72149,46.94993,46.856373,47.172977,47.184425,47.242832,47.201294,47.18308,47.092983,47.474575,47.341732,47.007576,47.11837,47.300415,47.212704,47.371117,47.320774,46.952217,47.33917,46.915512,47.777954,47.588806,47.200027,47.679855,47.071247,47.603092,47.442955
44.60596,44.58387,44.993607,44.861416,44.737747,44.6693,44.96913,44.799534,44.759254,45.06118,44.996174,45.109,44.8497,44.988693,45.078083,44.809124,45.153095,45.286827,45.090786,45.050446,45.09459,45.25646,45.205173,45.0744,45.0632,45.07023,45.446426,45.22717,44.89448,44.95346,45.223957
45.339188,45.566986,45.35952,45.496227,45.58419,45.709812,45.908276,45.787636,45.41304,45.948566,45.58621,45.65015,45.894238,45.755867,45.910957,45.78751,45.619293,45.755604,45.688236,45.762012,45.858047,46.0706,45.707703,45.903404,45.940193,46.031197,45.738396,46.286774,45.792053,45.903023,46.10681
47.128918,47.294422,47.144096,47.11525,47.396935,47.086536,47.10104,46.99003,47.497616,47.526352,47.307964,47.507057,47.315216,47.316216,47.66113,47.204636,47.68663,47.650864,47.53381,47.917683,47.78145,47.39705,47.649364,47.552544,47.573963,47.523727,47.81076,47.47661,47.687973,47.705822,47.73704
58.78119,58.651787,57.989662,58.355125,58.61357,58.277298,58.270103,58.3157,58.68827,58.810154,58.613216,58.91559,58.624756,58.563683,58.816124,58.3271,58.65261,58.620747,58.69612,59.128117,59.124687,58.888977,59.068367,58.757034,59.12786,58.9131,58.640182,58.73373,59.140728,59.54545,59.0003
48.568672,48.83986,49.00708,48.55122,48.507164,49.091755,48.67227,48.979683,49.06188,48.769253,48.63873,48.94458,48.745438,48.981014,48.7628,48.622574,48.785694,49.071033,48.784904,48.747364,48.932518,49.081768,48.97795,48.835777,49.134388,49.325844,48.893913,49.14601,48.95106,49.061886,48.668873
47.388905,47.1906,47.37638,47.34838,47.71415,47.544003,47.759274,47.59184,47.40859,47.561016,48.082287,47.012386,47.493042,47.304768,48.145096,48.126587,47.566875,47.426758,48.204147,47.625744,47.64793,47.671013,47.756435,48.170464,47.59949,47.634583,47.63149,47.93114,48.090363,47.870735,48.304256
39.057377,38.85542,39.25579,38.733692,38.911438,38.977413,38.45369,38.896915,39.226357,38.47305,38.83411,39.32613,38.89838,39.26347,38.498802,38.99011,39.340637,39.021534,38.920677,38.788174,38.83372,38.983944,39.25884,39.07921,38.769657,39.09677,39.495495,38.785637,39.21659,39.33825,38.701397
41.60027,41.824505,41.69758,42.171253,41.809402,41.95494,42.0175,42.10847,41.79272,41.888966,41.5873,42.060993,42.274975,42.107327,42.04937,42.195095,42.323643,42.260983,41.83429,42.50037,42.220207,41.705074,42.18371,41.672348,42.400513,42.14733,42.066353,42.429153,41.62048,42.117706,42.050888
49.981754,49.879166,50.25556,49.81029,50.332527,50.34362,50.247795,50.04692,50.421257,50.375244,50.255203,50.393826,50.236115,50.57981,50.18839,50.606125,50.39155,50.515297,50.339073,50.120277,50.70752,50.61432,50.47528,50.597763,50.156193,50.52289,50.79217,50.45397,50.576824,50.675728,50.355335
59.330162,59.34984,59.853806,59.58625,59.97764,60.086388,59.946396,59.68769,59.662033,60.15221,59.89399,59.588898,60.12876,59.99117,59.945633,59.865425,59.629326,59.86383,60.054943,59.78203,60.106236,59.986313,59.976917,60.062218,59.865498,60.163315,60.037052,60.181805,59.907295,59.954243,60.046246
32.36982,32.85999,32.018135,32.088535,32.4881,32.3536,32.494198,32.591015,32.650948,32.80074,32.775776,32.279568,32.403023,32.57147,32.6151,32.966843,32.400253,32.390343,32.768883,32.510063,32.41792,32.860733,32.315876,33.06595,32.517303,33.041885,32.28238,33.196693,33.059196,32.8382,33.039177
38.51032,39.04712,39.077766,38.624752,38.79744,38.367985,38.750416,38.252613,38.59105,38.785683,38.73749,39.148403,38.903114,38.845345,38.506176,38.782192,38.806355,38.61768,38.756798,39.035473,38.624992,38.932198,39.154003,39.041367,38.676918,39.166847,39.14793,38.8289,38.97051,38.753216,39.182194
58.23857,57.94635,57.946526,58.253292,57.84729,58.331165,58.369473,58.629272,58.36457,58.085377,58.615406,58.31396,58.04955,57.90389,58.25342,58.37376,58.373543,58.28514,58.405167,58.330162,58.380066,58.410694,58.691914,58.47844,58.819614,58.515175,58.099014,58.67956,58.586533,58.794125,58.150387
46.47453,45.807243,46.342995,46.02988,46.402855,46.44771,45.900238,46.236614,46.597202,45.93407,46.254948,46.454124,46.27176,46.43263,46.2775,46.521065,46.48129,46.878387,46.580677,46.30739,46.673534,46.420624,46.27995,46.689125,46.175507,46.2567,47.21707,46.079525,46.878494,46.51454,46.462616
45.530704,45.65844,45.847153,45.313194,45.826256,45.681923,45.618908,45.422176,45.564198,45.663677,45.232437,45.696465,45.8293,45.910015,45.56318,45.716557,45.57681,45.94367,45.69149,45.602905,45.995823,46.223316,45.74483,45.90954,45.529213,45.814453,46.20616,45.66269,45.883423,45.71317,45.937912
44.021847,44.369522,44.239197,43.63007,44.459824,44.260086,44.200233,44.188362,44.23514,44.10704,44.039978,44.097855,44.26481,44.170795,44.300755,44.40197,44.239532,43.958523,44.21948,44.24896,44.257023,44.6676,44.38519,44.723854,44.06923,44.655273,44.364788,44.382053,44.385315,44.578423,44.49101
52.964394,52.657127,52.43833,52.927856,52.38456,52.43605,52.34041,52.800816,52.797188,52.497547,52.66818,52.879086,52.441486,52.878845,52.73637,52.68328,52.729282,52.839283,52.837177,52.94857,52.976406,52.82572,53.006073,52.49389,53.274002,53.036087,52.736774,52.99942,53.1045,53.493687,52.93007
47.06557,47.16676,47.044823,47.636612,46.465576,47.334866,47.448357,47.951126,47.353516,46.901943,47.027565,47.540848,47.108887,47.632614,46.834408,47.613052,47.776035,47.49003,46.979652,47.244537,47.212353,47.308533,47.672283,46.946075,48.258217,47.816315,47.17079,48.01214,47.042633,47.812428,47.02533
50.053402,49.71847,49.772438,49.8651,49.869316,50.16922,49.773838,50.20671,49.921722,49.808105,49.814835,49.85965,50.11295,49.990963,50.18392,49.94622,49.86841,50.265606,50.26421,49.90871,50.033287,50.14585,49.793045,50.346275,50.234856,50.045883,50.39129,50.19416,50.559803,50.120945,50.44286
56.352394,56.349384,56.36756,56.503128,56.410072,56.67315,56.53173,56.81014,56.769455,56.77763,56.40476,56.342846,56.618248,56.994823,56.99356,56.86486,56.659798,57.057728,56.922817,56.53397,57.094894,56.92423,56.71784,56.852333,57.103283,56.792976,56.844044,57.21732,56.825665,57.08286,56.99423
44.052895,44.668835,44.55751,44.196087,44.46797,44.497345,44.299965,44.320274,44.887882,44.740746,44.962097,44.090816,44.612743,44.681847,45.056442,44.54482,44.623405,44.509117,45.022625,44.817516,44.575,44.641357,44.77179,45.136,45.007957,45.115257,44.580845,44.885765,44.99088,44.870117,45.32074
47.127296,46.759197,46.910576,46.447975,46.98378,46.98711,46.986427,47.006504,46.89258,46.770653,47.087097,46.777916,46.910053,47.017414,46.976864,47.296165,47.156406,47.07534,47.225445,46.815315,46.976204,47.662117,46.91147,47.509766,46.84003,47.230713,47.350815,47.155785,47.54394,47.190907,47.38898
38.84557,38.5869,38.789764,39.01731,38.667587,38.64866,38.504288,38.82644,38.584126,38.48515,38.803284,38.977375,38.819542,39.15379,38.449673,38.840637,38.870163,38.674328,38.697887,38.909603,38.622192,38.79458,38.815018,38.49591,38.852856,39.293747,39.014812,39.006145,38.855392,39.148907,38.937206
42.906044,42.9169,42.976143,42.94778,43.117256,43.107414,42.908455,43.081734,43.255226,43.099205,43.09618,43.46802,43.295788,43.303734,43.1769,43.138615,43.45552,43.208313,43.04335,43.298904,43.361866,43.213383,43.47541,43.353767,43.274548,43.33436,43.533913,43.313374,43.24603,43.67691,43.206524
42.71146,42.567932,42.256035,42.78627,42.63687,42.579605,42.647762,42.82571,42.901997,43.08944,43.177032,42.902023,42.639496,42.82943,43.172466,42.8289,42.702923,43.043503,43.17093,42.932796,43.076828,42.975002,42.876064,43.195923,43.238773,43.0448,43.06781,43.23659,43.395752,43.33434,43.464268
41.507286,41.736473,41.97973,41.626247,41.342552,41.372063,41.363884,41.53339,41.850063,41.25984,41.77965,41.777122,41.346027,41.816177,41.479603,41.775005,41.789967,41.61705,41.90627,41.710735,41.351288,41.50002,42.09709,41.81649,41.983345,42.124306,41.88483,41.718487,41.837162,41.896164,41.97427
49.559853,48.969646,49.594788,49.09996,50.171677,49.587795,49.990913,49.16394,49.316975,49.729782,50.05416,49.92747,49.625793,49.466427,49.70241,50.14506,50.063896,49.657566,49.993866,49.963516,49.88833,49.672424,50.135296,50.027473,49.230865,49.809914,50.323975,49.53878,49.957188,49.89023,50.03274
43.576763,43.2999,43.505096,43.601032,43.709,43.760723,43.862057,43.706493,43.628635,43.801456,43.912724,43.50932,43.74786,43.706894,43.89712,44.060093,43.910244,43.989693,43.932316,43.645664,44.141422,44.224205,43.72238,44.126617,43.665005,43.590332,44.188652,44.029385,44.370625,43.970898,44.052917
45.238544,45.414665,45.43136,44.63737,45.78231,45.180645,45.22544,44.854164,45.401127,45.344086,45.499557,44.89849,45.25803,45.289307,45.439713,45.763317,45.34367,45.15329,45.80223,45.395103,45.37668,45.719658,45.29904,46.134796,44.84626,45.640007,45.765427,45.333218,46.109123,45.449905,46.02322
46.798485,47.1388,47.142014,46.871128,47.165657,47.143597,47.15234,47.054028,47.16981,47.342045,47.089977,47.45679,47.408962,47.39246,47.57297,47.291718,47.51534,47.166733,47.37916,47.319218,47.208282,47.03776,47.755962,47.556,47.49216,47.37336,47.43037,47.56718,47.31986,47.663128,47.630302
44.510307,44.98737,44.881073,44.89185,44.849983,44.514076,44.878113,44.16052,44.45951,45.09042,44.963795,45.18496,45.39548,44.784924,44.875797,44.513836,44.978752,44.47332,44.62194,45.297604,45.036877,45.192673,45.34669,45.117973,44.960102,44.955475,45.154934,44.93722,45.497345,45.19665,45.374622
47.64746,48.161705,48.03911,48.00587,48.052834,48.208824,48.23297,48.130936,48.053654,48.293022,48.072254,48.076733,48.517727,48.135376,48.56437,48.225742,48.368504,48.02639,48.04928,48.54323,48.31886,48.307434,48.241405,48.448883,48.371143,48.533913,48.256443,48.79067,48.43639,48.4555,48.53665
42.561832,42.4597,42.617447,43.11822,41.91333,42.75537,42.53981,43.1579,42.448734,42.28714,42.390373,43.00099,42.552353,42.919163,42.342876,42.38236,42.65051,42.84947,42.29096,42.71623,42.534023,42.63696,42.73828,41.875282,43.347485,43.22254,42.495327,43.175667,42.377544,42.95291,42.383064
55.645435,55.80781,55.672813,56.190464,55.67018,55.77313,56.022358,55.904556,55.83428,56.410843,55.97899,56.33866,56.16774,55.74362,56.51254,55.56683,55.98147,56.21875,56.039886,56.284794,56.547203,56.184196,56.55781,56.12088,56.5376,55.766182,56.10208,56.492603,56.28317,56.469604,56.185005
40.991245,41.365128,40.89148,41.291405,40.713783,40.982067,41.097324,41.15055,41.367756,41.302734,41.670177,41.168495,41.075165,40.98931,41.481884,41.168816,41.171463,41.203163,41.328167,41.59487,41.33698,41.363354,41.315544,41.42791,41.764854,41.610893,41.023235,41.73823,41.970257,41.624683,41.66472
54.008194,54.089478,53.42627,53.83036,53.789185,53.964355,53.812202,54.212593,54.468525,53.9763,53.795048,53.903206,53.743946,53.94689,54.05137,54.224007,54.143017,54.343483,54.10879,54.185745,54.583614,54.301212,54.149178,54.312073,54.56172,54.183754,54.08909,54.365414,54.575657,54.694366,54.08226
51.88932,51.746582,52.098076,51.93822,52.04503,52.390972,52.170303,52.21129,51.99884,52.184547,52.031174,52.43895,52.398594,52.473793,52.237045,52.24142,52.368073,52.26808,52.185413,52.17431,52.210007,52.035812,52.474205,52.118652,52.41858,52.495308,52.362434,52.544594,52.14637,52.543484,52.255844
36.377354,36.44137,36.739685,36.690987,36.47303,36.727745,36.592644,36.861874,36.97313,36.76017,37.414085,36.975655,36.82852,37.026855,37.264057,36.71445,37.281963,36.84343,37.208633,36.954353,36.480534,36.529533,37.353836,37.25892,37.53958,37.263023,37.13549,37.081757,36.890244,37.274593,37.52767
45.661606,45.495102,46.110344,45.697113,45.583893,45.82382,45.48352,45.667934,46.04058,45.61894,45.73519,46.010307,45.69644,46.24949,45.52963,45.943493,45.58472,46.273975,45.974556,45.519222,46.022694,45.947502,45.95846,45.886208,45.86929,46.042213,46.318695,45.809544,45.966297,45.92973,45.838158
49.57385,49.511944,49.569824,49.77889,49.62932,49.68749,49.56977,49.861427,49.77917,49.496258,49.686474,49.51307,49.631577,49.879776,49.73716,49.710354,49.719963,49.816338,49.72034,50.07025,50.02689,50.04658,49.823906,49.65799,50.259808,50.411728,49.918575,49.90403,49.66437,50.19616,50.068096
40.502872,40.896202,40.406387,40.41896,40.414963,40.23001,40.50194,40.35121,41.00867,40.71175,41.02058,40.802746,40.537636,40.708122,41.01694,40.954926,40.94904,40.706646,40.792923,41.126457,41.016525,41.033466,41.056286,41.191055,41.12134,41.09533,40.83514,41.008682,41.383087,41.398624,41.354916
56.9807,56.391563,56.285744,56.951687,56.989685,56.877213,57.06519,57.0176,56.556313,57.0336,56.895493,57.061295,56.968323,56.63988,56.908783,56.853683,57.143,57.120533,57.01549,57.3102,57.272404,57.014698,57.088585,56.88321,57.175762,56.958572,57.20295,57.168568,57.118145,57.244213,57.03427
45.028492,44.8053,44.850838,44.976543,44.94864,45.46069,45.228806,45.65315,45.061657,45.11466,44.785313,45.06882,45.364407,45.58794,45.132294,45.44806,45.199768,45.673702,45.286896,44.796696,45.227722,45.517883,44.960705,45.425392,45.51855,45.349915,45.54079,45.658436,45.181595,45.23585,45.456524
41.26899,41.547127,41.453545,41.271843,41.41803,41.316757,41.441395,41.56065,41.596275,41.48444,41.258327,41.820362,41.542767,41.66623,41.78481,41.828026,41.92224,41.72199,41.74406,41.550507,41.53741,41.39361,42.08029,41.891678,41.72721,41.450035,41.80803,41.883987,41.464558,41.868935,41.771175
49.968414,49.935238,49.88176,50.09676,50.255615,50.260506,50.27328,50.419117,49.875,50.25331,49.7167,50.127018,50.550507,50.292248,50.44992,50.570942,50.22015,50.31943,50.265545,50.13979,50.403717,50.230267,50.230064,50.375824,50.133293,50.020668,50.341705,50.78732,50.148933,50.38788,50.34253
38.529163,38.263775,38.276596,38.409996,38.058937,38.362736,38.18459,38.47982,38.777905,38.37144,38.981247,38.69069,38.030453,38.609035,38.589855,38.61651,38.518604,38.753273,38.779728,38.57067,38.559513,38.481407,38.569874,38.557274,38.88866,38.95594,38.65806,38.763783,39.188274,39.02604,38.861504
57.099335,56.78278,57.715324,56.950184,57.464386,57.62485,57.484806,57.28918,57.05729,57.19876,57.39139,57.477306,57.618126,57.396828,57.506214,57.263763,57.572617,57.153522,57.42876,57.082825,57.36089,57.732395,57.91274,57.781372,57.291832,57.45334,57.868324,57.3678,57.50417,57.734978,57.517227
33.721706,34.305145,34.38561,33.705482,34.275887,34.460255,34.38438,34.376854,34.38321,34.21581,34.091705,34.08891,34.362865,34.61592,34.12864,34.84937,34.600246,34.18709,34.173164,34.00659,34.13339,34.557587,34.258747,34.70812,34.019352,34.724266,34.466476,34.78268,34.249092,34.387215,34.315937
44.968323,44.526997,44.68846,44.35591,45.019127,44.771626,44.90333,44.749485,44.54502,44.703693,45.10027,44.54022,44.80341,44.62269,44.94849,45.009792,44.701077,44.877483,45.180782,44.846634,44.84576,45.506107,44.65987,45.39737,44.630882,45.110886,45.217842,44.853348,45.34461,44.839546,45.50081
49.56107,49.356876,49.363815,49.113544,49.31556,49.59795,49.26897,49.524387,49.68444,49.45261,49.82305,49.6317,49.333412,49.305782,49.670692,49.166588,49.683365,49.62376,49.72858,49.689846,49.555027,49.730476,49.77796,49.721146,49.83321,49.873375,49.580765,49.611168,50.011524,49.955177,49.62028
44.143387,43.900158,44.10766,44.11505,44.343605,44.573112,44.282494,44.403454,44.293797,44.271706,44.021687,44.14762,44.42395,44.40796,44.383335,44.238594,44.216187,44.931625,44.43334,44.265686,44.811237,44.806396,44.152584,44.593285,44.584133,44.36335,45.009544,44.25994,44.585957,44.32067,44.701313
40.757874,40.823467,40.514465,41.16088,40.910034,40.271065,40.64452,40.593933,40.50229,40.740788,40.285164,40.854866,40.973324,40.781525,40.96393,40.917706,40.958042,40.975082,40.63768,41.30918,41.39251,41.17818,40.766506,40.851578,40.714005,40.554367,41.443043,41.048237,41.145023,41.083714,41.255222
48.723587,48.26707,48.337563,48.35157,48.790375,48.98285,48.52583,48.935898,48.700405,48.630947,48.591488,48.28674,48.953648,48.774216,48.94124,48.899273,48.86195,49.108185,49.13773,48.519276,48.830086,48.943558,48.42086,49.304283,48.731228,48.527603,49.218204,48.916504,49.258034,48.75658,49.130512
44.65187,44.03419,44.686127,44.06283,44.711403,44.491547,44.552086,44.13801,44.308464,44.415527,44.732082,45.07469,44.37608,44.864967,44.372925,44.90209,44.588703,44.750713,44.87973,44.584564,44.45584,44.464813,44.760715,44.647133,44.391052,45.103836,45.242046,44.416702,44.886353,44.720913,45.112675
45.45973,45.82945,45.80876,45.46145,45.925064,45.806038,46.054108,45.53675,45.741047,46.468456,46.021214,45.67441,45.987526,45.61726,46.340206,45.498066,45.96509,46.27655,46.16392,46.158936,46.321392,46.591076,45.95991,46.320602,45.894493,45.911674,46.21563,46.183903,46.313168,45.719143,46.328735
38.559483,38.97544,39.11664,38.615456,38.7443,38.607906,38.486675,38.471645,38.853325,38.74029,38.791084,38.84583,38.872955,39.093388,38.789677,38.723915,38.873592,38.667152,38.81645,38.856895,38.769974,39.09215,39.0035,39.000336,38.73399,39.17881,39.083946,38.956173,39.141006,39.090424,39.125294
53.363113,53.456436,53.51748,53.9869,53.633347,53.426907,53.562473,53.517395,53.50093,54.13172,53.67388,54.04529,53.986107,54.077435,54.016853,53.348484,53.822704,53.835125,53.77902,54.13654,54.100136,53.733654,54.25605,53.521835,54.272198,54.01918,53.95439,54.165802,53.542168,54.298695,54.105465
39.276997,39.2393,38.998672,39.414677,38.977448,39.061474,39.413475,39.438698,38.985203,39.364178,39.28255,39.549953,39.23856,39.2998,39.276527,39.32126,39.109653,39.55425,39.232754,39.515205,39.430546,39.722664,39.243694,39.15573,39.57301,39.709007,39.329807,39.822525,39.359497,39.419857,39.594704
51.908947,51.673588,51.468315,51.736313,51.953384,51.615078,51.85136,51.66515,51.796387,52.08932,52.51894,51.67837,51.769283,51.486942,52.097595,51.989044,51.83069,51.70449,52.331787,52.176857,51.98618,52.112514,51.902645,52.44861,51.863777,52.101883,52.01819,52.21046,52.80811,52.21527,52.466835
48.149452,48.37663,47.95604,48.45243,47.92682,48.386646,48.203846,48.734303,48.15897,48.467503,48.050728,48.09421,48.420845,48.44539,48.635258,48.389656,48.035137,48.330486,48.297215,48.2812,48.370667,48.525303,47.872734,48.280487,48.506348,48.62887,48.066956,49.362534,48.75957,48.614105,48.531475
50.287884,50.453773,50.627625,50.29326,50.505623,50.72671,50.631603,50.617214,50.829594,50.52361,50.52898,50.657124,50.679214,50.792873,50.927208,50.838097,51.113003,50.774246,50.668205,50.773113,50.945312,50.90644,51.003387,51.0735,51.01902,50.925423,51.116,50.91108,51.006474,51.189064,50.99826
55.0023,55.076508,55.422386,55.303555,55.075912,55.79312,55.659966,55.74905,55.55839,55.29707,55.572712,55.285122,55.46761,55.52307,55.489548,55.588207,55.89963,55.505123,55.36969,55.558475,55.57655,55.712894,55.675503,55.626938,56.042072,56.063057,55.61888,55.961246,55.645817,55.86094,55.517704
43.728313,44.35319,44.35367,44.29479,43.48143,44.027443,43.964344,44.183273,44.346573,44.206894,44.501064,44.39696,44.03608,44.466644,43.998764,44.064827,44.267113,44.04761,44.30965,44.294224,43.605316,43.767765,44.43303,44.11264,44.787655,45.035652,43.95666,44.877457,44.368855,44.335266,44.36931
44.889076,45.22109,44.97561,45.001083,45.065315,44.65024,45.130512,44.949787,44.94812,45.045883,45.217598,44.88886,45.05843,45.040176,45.411663,45.56966,45.329704,44.88707,45.40608,45.51282,45.005196,45.115013,45.33629,45.46373,45.224285,45.442917,45.14292,45.61706,45.35547,45.36405,45.803432
45.714867,45.890938,45.140907,45.91213,45.787575,45.25652,45.304707,45.635853,45.957966,46.16081,45.75855,45.91182,45.614452,45.734703,46.2983,45.53925,45.701237,45.913097,45.97356,46.311157,46.375862,45.868305,45.97086,45.878265,46.11534,45.87468,45.88949,46.223156,46.181355,46.576702,46.224747
40.71287,40.770657,41.014908,40.955223,40.590645,41.229557,41.236538,41.475708,41.158897,40.951218,41.172604,41.027306,40.827103,41.251156,41.017204,41.443726,41.299232,41.359642,41.120773,40.904984,40.99598,41.263767,41.01598,41.192863,41.381847,41.58059,41.23783,41.7393,41.162575,41.18964,41.14155
53.602768,53.85824,54.051514,53.598236,53.98752,54.17981,54.0975,54.090477,54.136787,53.966145,54.120667,53.865856,54.03786,54.094894,54.38669,54.250687,54.16765,53.808426,54.20487,54.01819,54.11604,54.19356,54.53179,54.498245,54.413204,54.5147,54.076588,54.369095,54.16278,54.651184,54.410812
48.205948,48.487934,47.787277,48.18016,48.112434,48.38079,48.40374,48.50306,48.53965,48.44384,48.50307,48.12023,48.1404,48.0495,48.581337,48.508022,48.345406,48.46177,48.488903,48.869324,48.634274,48.477905,48.28007,48.514732,48.926273,48.949112,48.117214,48.90025,48.955803,48.749817,48.716423
46.43804,46.038757,46.325462,46.236084,46.467194,46.298332,46.34701,46.143,46.162292,46.314472,46.776726,46.48667,46.470108,46.329536,46.392506,46.3505,46.539566,46.28698,46.56877,46.561684,46.48763,46.67003,46.761696,46.56971,46.437138,46.580307,46.66795,46.342457,46.822247,46.80153,46.73344
54.482784,54.41419,54.38759,54.562923,54.904922,54.729282,54.49199,54.7254,54.917095,54.74429,54.74057,54.296482,54.698162,54.638542,54.810055,54.893574,54.869545,54.70729,54.997345,54.784588,55.08509,54.75954,54.879917,55.111626,54.74389,54.69024,54.94841,54.919617,55.049286,55.179455,54.786026
55.211277,55.03316,55.216248,55.34205,55.4402,55.818287,55.65928,55.586346,55.277218,55.64642,55.394047,55.276222,55.635174,55.367092,55.222996,55.379093,55.359272,55.787266,55.570957,55.477585,55.66491,55.69771,55.24174,55.6099,55.612408,55.73101,55.785633,55.758976,55.77876,55.27184,55.50841
54.68888,54.241272,54.374992,54.650387,54.64299,54.641376,54.67512,54.657642,54.56151,54.732483,54.811123,54.831604,54.757755,54.443825,54.689342,54.716515,54.78772,54.867672,54.832508,54.779816,55.000946,54.880623,54.84037,54.986725,54.68614,54.538116,55.07553,54.911682,55.22598,54.953403,54.73911
47.06407,46.964657,47.402115,46.92898,47.26493,47.087376,47.355236,47.179188,46.999767,47.083996,47.107933,47.347805,47.20261,47.27617,47.196354,47.481514,47.787273,47.334003,47.45568,47.23139,47.11768,47.32517,47.74273,47.441246,47.12514,47.226982,47.6379,47.416397,47.081646,47.306286,47.315098
46.13351,45.749813,46.433807,46.154892,46.5449,46.350193,46.43149,46.131664,46.150513,46.319923,46.621544,46.32147,46.52804,46.553505,46.439743,46.778877,46.585106,46.565544,46.81947,46.42628,46.346764,46.28037,46.51965,46.78689,46.279697,46.53312,47.074787,46.443413,46.588417,46.319874,46.980587
55.97563,55.923504,56.11245,56.013367,55.99131,55.863663,56.336365,55.853115,56.213142,56.48159,56.69699,56.297207,55.874783,56.096333,56.379837,56.191463,56.3351,56.417404,56.60502,56.492344,56.46043,56.562927,56.568336,56.605103,56.597134,56.663414,56.623905,56.500607,56.80064,56.483017,56.830105
34.83654,35.003582,34.702824,34.80129,34.76187,34.640175,34.862713,34.78792,34.792984,34.904095,35.01931,35.09519,34.730843,34.933434,34.608685,35.347683,34.80871,34.74933,34.919376,34.90263,34.775887,34.868275,34.916107,34.911987,34.65543,35.187836,34.776733,35.366837,35.287445,35.12922,34.94909
47.828537,48.05747,48.36416,47.89714,47.90954,48.30523,48.232647,48.42942,48.471863,48.203964,48.095676,48.3079,48.184105,48.61364,47.94962,48.615196,48.604465,48.55663,48.39611,47.87294,48.04097,48.3344,48.364788,48.68753,48.327164,48.543243,48.645264,48.78703,48.240425,48.208656,48.175697
44.863102,45.191097,45.566513,45.576603,44.777573,45.358665,45.075493,45.310707,45.21282,45.083942,45.065823,45.370995,45.489304,45.554996,45.191616,45.06273,45.093826,45.5064,45.209312,45.40811,45.19168,45.120285,45.297676,45.06289,45.776703,45.73124,45.471825,45.620007,45.299496,45.173145,45.473015
40.8822,41.09455,41.50377,40.855103,41.302315,40.84959,40.790943,40.52658,41.16369,40.934547,41.221825,40.98638,41.216938,41.153812,41.009266,41.122807,41.44211,41.089363,41.448868,41.292847,41.046764,41.088737,41.527718,41.51573,40.87894,41.077904,41.657513,40.82893,41.44586,41.07232,41.443245
46.208942,46.152653,45.980247,46.312817,45.9843,46.247383,46.18478,46.5274,46.302353,46.3564,46.595444,46.340843,46.227512,46.066463,46.455975,46.14069,46.358288,46.265182,46.41158,46.3603,46.26547,46.505817,46.32381,46.5923,46.52964,46.494965,46.332127,46.83875,46.84062,46.658077,46.442135
40.871796,41.266663,41.059067,41.011143,41.242043,41.165295,41.361988,41.17326,41.32559,41.51771,41.962914,41.104725,41.21018,40.995174,41.893055,41.340675,41.65526,40.984886,41.598766,41.846134,41.236862,41.27666,41.616394,41.692856,41.590397,41.851913,41.1637,41.82499,41.734715,41.765793,41.897526
50.047028,50.16091,50.573975,50.213764,50.42073,50.450832,50.246925,50.18476,50.34143,50.187904,50.25446,50.058743,50.670025,50.60771,50.642754,50.534134,50.517277,50.457783,50.669765,50.47838,50.487125,50.44044,50.58463,50.79702,50.63548,50.545074,50.89259,50.43022,50.712215,50.52926,51.0454
45.53817,45.816444,45.66874,45.414085,45.768303,45.543667,46.176723,45.533646,45.685303,46.050262,46.16136,46.082092,45.84196,45.58896,46.20151,46.2644,46.208458,45.806705,46.225636,46.1053,45.817024,45.807755,46.5028,46.454346,46.03755,45.910095,45.96173,46.225555,46.260777,46.093033,46.44477
46.783356,47.065422,46.91137,47.4511,47.183296,47.318577,47.415203,47.472736,47.420963,47.469982,47.334984,46.898632,47.313873,47.30359,47.521255,47.44573,47.547928,47.50768,47.399193,47.54971,47.825924,47.54019,47.511177,47.511383,47.870937,47.46563,47.4892,47.76406,47.431053,47.707905,47.57506
53.005817,53.069935,53.37732,53.223846,53.03002,53.27976,52.723934,53.28994,53.527145,52.893314,53.035477,53.24133,53.278843,53.49128,53.339176,53.161446,53.588623,53.20177,53.233524,53.3536,53.329567,53.06536,53.55995,53.284195,53.514004,53.470276,53.516537,53.464386,53.413124,53.844994,53.18816
34.411053,34.649914,34.401527,33.911354,34.727425,34.57292,34.41172,34.327587,34.576042,34.361156,33.91236,34.635452,34.645004,34.72194,34.52479,34.826553,34.924767,34.905933,34.549084,34.68335,34.769947,34.636913,34.686157,34.75151,34.482838,34.52603,35.013687,34.42707,34.685627,34.665527,34.791317
57.339203,57.015846,56.996567,57.115353,57.383514,57.455944,57.35573,57.559982,57.42369,57.315567,57.357567,57.22652,57.27329,57.314823,57.19051,57.647503,57.621906,57.46825,57.610268,57.334072,57.499126,57.43109,57.547615,57.634193,57.486927,57.50116,57.521194,57.669422,57.606064,57.726,57.294685
54.914654,54.435646,54.67697,54.760006,55.186554,54.854168,54.800045,54.761257,54.6525,54.956615,54.961006,54.612595,55.051605,54.693417,55.156578,54.770126,54.888866,55.065926,55.3386,55.028385,55.21247,55.199455,55.007717,55.315445,54.878647,54.715904,55.414444,54.854027,55.323227,55.03514,55.379745
52.045105,52.492844,52.261986,52.171402,52.347458,52.28666,52.48438,52.299515,52.66518,52.579918,52.974064,52.2372,52.379116,52.074474,52.67262,52.489285,52.661396,52.152,52.752438,52.75758,52.43876,52.576595,52.873146,53.20791,52.827442,52.85724,52.482483,52.788036,53.0497,52.84562,52.91706
39.41506,39.280533,39.661995,39.70445,39.568283,39.735462,39.905663,39.86093,39.457455,39.705566,39.80332,39.96738,39.6599,39.95226,39.69201,39.963245,39.947617,39.861492,39.774845,39.787296,39.64225,39.658516,39.920692,39.598427,39.907955,40.184303,40.00081,40.165134,39.526405,39.900196,39.935078
41.650555,41.963005,42.13893,42.06499,41.755775,41.654263,41.869137,41.898224,41.972816,41.979214,42.240417,42.12437,41.94634,42.15025,42.082825,42.087753,42.33206,41.8658,42.158867,42.224525,41.811504,41.873882,42.502357,42.040527,42.195225,42.35385,42.032116,42.46384,41.899822,42.311256,42.19646
52.767666,52.779743,52.999992,53.15967,52.78224,53.154503,53.01589,53.318,53.2189,52.88452,53.080956,52.964474,53.0205,53.03783,53.487362,53.166504,53.506123,53.155888,53.183323,53.249805,53.370403,53.08616,53.53494,53.224632,53.614582,53.14583,53.25638,53.501408,53.322506,53.711075,53.20078
54.006676,53.809383,53.798996,53.870125,53.986122,54.15123,53.979485,54.06693,54.235577,53.93783,54.003075,53.967236,54.084934,54.051666,53.925686,54.172993,54.261124,54.424057,54.17226,54.286945,54.426247,54.366684,54.06184,54.403625,54.398636,54.342842,54.560272,54.15482,54.573498,54.286,54.299793
50.88459,50.657925,50.97522,50.644093,51.210617,51.239433,51.181316,51.17828,50.742867,51.017735,50.90075,51.155712,51.35122,51.316986,50.969902,51.276028,51.232994,50.914948,51.209568,50.6904,50.885853,51.191517,51.485004,51.42375,51.079834,51.175888,51.312286,51.25997,50.93964,51.40072,51.241432
54.790905,55.180893,54.753487,54.969845,55.34504,54.73059,54.601418,54.662518,55.19506,55.34633,54.936935,54.95157,55.47859,55.0669,55.37372,54.76306,54.851814,55.090405,55.45097,55.510094,55.35048,55.03832,55.309032,55.768898,55.428833,55.181152,55.51571,55.07755,55.410233,55.326313,55.876907
43.92767,44.270504,44.147293,44.16755,43.725906,44.025623,44.12193,44.103165,44.40081,44.106747,44.529438,44.007557,43.88297,43.957836,43.981243,44.264538,44.358784,44.274258,44.265553,44.501316,44.18226,44.30695,44.17926,44.272713,44.41387,44.649338,44.129894,44.60727,44.74514,44.210804,44.200226
50.859974,50.76695,50.727295,50.66136,51.08532,50.79261,50.47229,50.657406,50.976864,50.842228,50.945633,50.97859,51.166428,50.950108,50.78476,50.58278,51.100483,50.83272,51.054844,51.18231,50.911972,50.972588,51.154747,51.322906,51.074184,51.17621,51.37332,50.754044,51.207493,51.247425,51.239315
49.593937,49.487186,49.427376,49.364674,49.71579,49.65226,50.196926,49.61306,49.257656,50.134125,49.813103,50.05501,49.747456,49.53891,50.031403,49.84952,50.030502,49.8809,49.886974,49.984135,49.955532,50.010986,50.154728,49.77469,49.792965,49.83394,49.76541,50.26472,49.93895,49.994072,49.967537
55.99612,55.799023,55.887543,56.269123,55.908775,56.26549,55.939777,56.351837,56.14487,56.255836,55.87785,56.309196,56.062035,56.13927,56.098316,55.72079,56.163822,56.414055,55.972885,56.225212,56.62977,56.345036,56.265743,55.789238,56.3834,56.244743,56.247837,56.54374,56.21778,56.616447,55.69984
55.01421,55.039345,55.32718,55.1078,55.271286,55.255573,55.32979,55.20332,55.41358,55.48032,55.387047,55.50384,55.24967,55.3924,55.670933,55.14846,55.67488,55.540344,55.51101,55.562546,55.773945,55.612747,56.045303,55.514244,55.809975,55.56672,55.683548,55.502388,55.354668,55.93251,55.568474
48.86721,48.78109,48.451897,49.00759,48.768066,48.69512,48.768185,48.6184,48.866196,49.044796,49.36837,48.874466,48.952766,48.442566,49.03968,48.650322,48.797646,49.00159,49.077755,49.57579,49.244274,49.014442,48.91786,49.075417,49.24918,49.139168,48.996994,49.052685,49.70729,49.11006,49.334076
46.722065,46.669205,46.64023,46.437313,46.638336,46.534634,46.61701,46.39649,46.61535,46.42637,46.757126,46.7298,46.76893,46.831814,46.69128,46.93233,46.743294,46.69995,46.84571,47.004894,46.76512,46.934647,46.912537,46.98639,47.062424,47.213234,47.02123,46.659756,47.222538,47.046955,47.458
48.16704,48.29311,47.89489,48.568768,48.371216,48.165905,48.303883,48.462955,48.24914,48.44895,48.671707,48.19881,48.49499,48.11571,48.748966,48.30554,48.44066,48.10899,48.629852,48.9272,48.39667,48.240154,48.641636,48.64814,48.928627,48.733185,48.331974,48.784145,48.623768,48.85867,49.00411
51.21389,51.202892,51.464943,51.20639,51.486366,51.57475,51.6308,51.722378,51.33007,51.495586,51.121796,51.541374,51.642582,51.756832,51.558823,51.857212,51.511116,51.6551,51.54405,51.222042,51.650967,51.822292,51.70872,51.764038,51.486664,51.637604,51.750717,51.984943,51.238586,51.730713,51.56904
43.607014,43.18194,43.61808,43.64768,43.051384,43.587807,43.673637,43.659424,43.28655,43.2281,43.806515,43.862965,43.33549,43.6199,43.058994,43.61081,43.632187,43.696857,43.387127,43.650818,43.44063,43.772186,43.63294,43.074127,43.786297,44.181282,43.5669,43.82933,43.6834,43.677967,43.4002
44.06517,44.26411,44.135956,44.195858,44.38607,44.30586,44.37562,44.259445,44.380814,44.322906,44.73558,44.47048,44.56093,44.198265,44.82349,44.207462,44.75822,44.15867,44.45164,44.998512,44.536427,44.454628,45.07622,44.71718,45.091244,44.85839,44.497383,44.41576,44.507504,45.08183,45.008633
43.7314,44.028187,43.428505,43.667095,43.44465,43.73022,43.698444,43.85637,44.00097,43.992214,43.787956,43.894073,43.722095,43.81764,43.764828,43.782036,43.8443,44.096058,43.85659,43.95244,43.993317,44.152206,43.718178,44.048576,44.187294,44.139862,43.869987,44.32569,44.505325,44.073154,44.032207
50.719727,51.24469,50.963493,51.45902,50.985237,51.022594,51.55223,51.36915,51.07653,51.555077,51.49645,51.335445,51.20454,51.096893,51.694355,51.543785,51.55834,51.073513,51.41404,51.984608,51.238754,50.774147,51.714306,51.090134,51.80736,51.88382,50.85846,52.27799,51.099335,51.64303,51.546814
39.16221,39.73426,39.152878,38.80715,39.307236,39.25491,38.970417,39.167355,39.773396,39.213043,38.875847,39.49121,39.335503,39.36171,39.41143,39.57174,39.303143,39.6045,39.3842,39.50277,39.579494,39.353783,39.393215,39.866394,39.44659,39.501923,39.629486,39.422424,39.807884,39.590168,39.62518
47.34507,47.283127,47.082664,46.99523,47.24137,47.452,47.55879,47.481724,47.615894,47.328037,47.67435,47.64516,47.350277,47.150917,47.378227,47.855953,48.034134,47.560955,47.611454,47.615253,47.42094,47.386597,47.781826,47.985252,47.629875,47.537666,47.639324,47.74174,48.01489,47.742977,47.49119
46.020027,45.71511,46.01557,45.928555,45.903275,46.08908,46.22396,46.046375,46.055992,46.332943,46.497356,46.08628,45.879726,46.32937,46.34452,46.272034,46.102745,46.463173,46.422398,46.0283,46.503098,46.68059,46.291794,46.18911,46.342373,46.42781,46.31049,46.506374,46.56721,46.539257,46.50577
50.918716,51.38591,51.15306,51.292145,51.183693,51.240143,51.49909,51.30678,51.53967,51.553673,51.51132,51.411026,51.451443,51.425045,51.916576,51.66102,51.782055,51.407185,51.58506,51.81943,51.6871,51.39324,51.912746,51.860672,52.078743,51.742905,51.58699,51.95058,51.8185,52.019287,52.0605
48.615757,48.278248,48.40158,48.91198,48.587425,48.531654,48.672443,48.571026,48.712543,48.915104,49.145493,49.126083,48.848072,48.801067,49.220592,48.70254,49.008526,49.066357,49.09545,49.192257,49.150776,48.640694,49.3397,48.954544,49.440056,48.81997,49.209614,48.941776,49.156364,49.36667,49.423267
41.885178,42.000908,41.597572,42.46684,42.01139,41.616615,41.96148,41.80311,41.984543,42.413757,42.749977,42.01864,42.073536,41.945324,42.23067,42.04052,42.043663,41.91398,42.37397,42.72284,42.183434,42.00963,42.10826,42.291435,42.44928,42.554634,42.223885,42.53343,42.78311,42.43633,42.86222
51.220535,51.508793,51.687965,51.456303,51.507782,51.87501,51.831207,51.6475,51.778046,51.98151,51.976486,52.147972,51.843975,51.838448,51.80084,51.572872,51.858177,51.653027,51.67919,51.884544,51.79179,51.731274,52.261818,51.89833,52.21089,52.38996,51.80272,52.143444,51.820892,52.228954,51.855824
54.51212,54.64559,54.841034,54.66523,54.80979,54.677124,54.571312,54.457085,54.521793,54.74262,54.308372,54.85272,55.239113,55.00372,54.716553,54.50696,54.920815,54.897163,54.82443,54.96077,54.8914,54.791584,55.184746,54.852226,55.02939,54.77649,55.18099,54.73471,54.70215,54.8527,55.053448
43.022774,43.546253,42.821373,43.60782,42.829834,43.154762,43.542942,43.561275,43.71314,43.546417,43.97518,43.30328,43.142094,43.147717,43.523262,43.737034,43.62185,43.33144,43.44717,43.880787,43.631233,43.45569,43.70551,43.624084,44.212635,43.93306,43.013565,44.19455,43.961517,44.03553,43.662014
51.347294,51.06456,51.080345,51.09462,51.60386,51.27507,51.262222,51.228745,51.516148,51.62256,51.71108,51.34766,51.32082,51.411587,51.503834,51.53939,51.49496,51.447067,51.77534,51.364647,51.69866,51.754467,51.534378,52.06153,51.339188,51.514923,51.935158,51.580643,52.108944,51.90156,51.83749
39.88711,40.154594,39.644608,39.754387,39.927246,39.916496,40.032234,40.002625,40.02425,40.304752,39.98613,40.138336,40.03405,39.99427,40.427273,40.028973,39.925953,40.269104,40.052456,40.32052,40.40425,40.583992,39.88527,40.373444,40.249588,40.42527,40.2517,40.538273,40.59765,40.370945,40.6247
45.145493,45.657784,45.49518,45.452957,45.72412,45.284893,45.69856,45.169308,45.31022,45.89926,45.613655,45.555725,45.914875,45.539364,45.908573,45.60639,45.683918,45.424515,45.7144,45.981575,45.76511,45.810806,45.91341,46.024178,45.68674,45.762924,45.861927,45.9108,45.899,45.77648,46.289845
54.077976,53.76652,54.045692,54.372143,54.255157,54.06969,54.50169,54.29797,53.850838,54.10332,54.43886,54.004055,54.3412,54.029804,54.129066,54.765068,54.28537,54.11774,54.52489,54.32502,54.124203,54.276615,54.1999,54.734,54.18611,54.368652,54.662292,54.65343,54.60881,54.163624,54.731113
46.883472,47.109184,47.080482,47.21051,46.531525,47.00364,47.099236,47.297874,47.388916,47.072002,47.131824,47.56359,46.924767,47.43248,47.135365,47.184353,47.65341,47.389843,47.004642,47.321342,47.30892,47.351383,47.57388,47.14669,47.862003,47.666565,47.40325,47.722633,47.391396,47.781395,47.24633
54.94488,54.979786,55.399475,54.551445,54.817474,55.00591,54.79706,54.84931,54.96489,54.700848,54.843674,54.94791,54.83684,54.962025,54.734642,54.623222,54.93384,54.90031,55.11591,54.63914,54.840443,55.49257,55.425446,55.2474,55.06222,55.17756,55.16429,54.827244,55.254574,55.165318,54.96708
47.10115,47.70448,47.914024,47.031616,47.2166,47.73958,47.30457,47.368702,48.182106,47.281097,47.69432,47.34901,47.48666,47.70414,47.355663,47.59743,47.726547,47.615444,47.66808,47.410053,47.512554,47.861942,47.7994,48.297607,47.962566,48.11506,47.92451,47.531853,48.22526,47.75319,47.809196
53.691593,53.75578,53.46003,53.42439,53.731834,53.70264,54.021736,53.72248,53.668785,53.960667,53.700687,53.76458,53.854458,53.430267,54.001873,54.05325,53.952843,53.953705,53.968266,53.86789,54.148907,54.20369,54.049763,54.299347,53.78913,53.545082,53.888138,54.20081,54.378223,54.004494,53.94079
48.465942,48.816982,49.185463,48.187412,48.985268,48.886562,48.64482,48.48797,49.10521,48.80155,48.846657,48.717224,49.280357,49.26857,49.46263,49.023563,49.315075,49.042313,49.393803,48.924076,48.89081,49.041306,49.425194,49.857643,49.243057,49.04953,49.587395,48.812954,49.232613,49.151363,49.88795
45.996357,45.965973,45.99356,46.16143,45.78837,46.65762,46.357628,46.67194,46.38983,46.133503,46.402096,46.079597,46.12522,46.14761,46.149784,46.090412,46.35441,46.540554,46.21679,46.243626,46.39093,46.596355,46.25747,46.300255,46.94039,46.730972,46.270386,46.571136,46.556065,46.483112,46.230396
46.825115,46.495155,45.840202,46.708,46.76583,46.637634,46.900845,46.981335,46.471928,46.85364,46.800266,46.708508,46.66373,46.463943,46.839836,47.12112,46.727978,46.79474,46.96108,47.03837,46.960262,46.643333,46.82242,46.762276,47.035248,46.835686,46.53239,47.215157,46.978798,47.191036,47.00823
51.85191,51.403072,51.742798,51.618393,51.809082,52.26672,51.856926,52.16895,52.02009,51.680347,51.644665,51.849987,51.9013,52.17579,51.86491,52.27507,52.030155,52.31917,51.943043,51.66415,52.325413,52.21373,51.89991,52.03994,52.034447,52.02778,52.314713,52.13961,52.182323,52.32447,51.859425
44.51546,44.262653,44.331886,44.41383,44.136963,44.169308,44.106873,44.186234,44.15026,44.12526,44.355522,44.363483,44.3424,44.520596,44.0572,44.382614,44.270645,44.42405,44.366554,44.466797,44.36951,44.629795,44.231388,44.17871,44.34964,44.66249,44.513176,44.518757,44.85002,44.509983,44.562717
44.791622,44.688538,44.88948,44.557636,44.648186,44.46837,44.589836,44.291775,44.653503,44.878063,44.849796,45.28514,44.746128,44.869946,44.812965,44.51854,44.904144,45.05063,44.8812,45.032497,44.96975,45.089878,45.086834,44.840286,44.798393,44.970764,45.273727,44.813854,45.266354,44.994904,45.119892
44.296642,44.56155,44.202286,44.26309,44.423363,44.50664,44.40021,44.536884,44.802814,44.73102,44.72301,44.468063,44.6173,44.697063,44.781242,44.801895,44.662807,44.550934,44.680298,44.58329,44.75973,44.851887,44.56751,45.13288,44.751385,44.870087,44.721767,45.08814,45.229965,45.105255,44.985916
64.32418,64.168755,64.09481,64.639595,64.64957,64.47072,65.02626,64.785164,64.02845,64.70235,64.60872,64.275375,64.57486,64.11137,65.07877,64.704056,64.74188,64.2405,64.69422,65.028465,64.87673,64.79184,64.93712,64.66568,64.922966,64.79905,64.46799,65.22463,64.63809,65.13101,64.96797
37.908573,37.88859,38.147606,37.74301,37.95723,38.037533,38.25459,37.942406,38.01547,38.050594,38.396603,38.039658,37.824303,38.078804,37.72499,38.30517,38.24582,38.248238,38.29797,37.97643,37.981895,38.415955,38.235645,38.282387,38.03563,38.427574,38.31764,38.18657,38.354492,38.00008,38.219013
31.646278,31.899584,31.998003,31.63679,31.510292,32.096348,31.860723,32.149803,32.0678,31.713829,32.094597,32.265144,31.872168,32.094864,31.873247,31.857727,31.894154,31.938377,31.67268,31.848482,31.76107,32.345783,31.940746,32.15376,32.25778,32.735085,32.103306,32.256184,32.105766,32.26109,32.14156
51.447834,51.54983,51.518837,51.330994,51.43051,51.427513,51.296444,51.574604,51.713478,51.57872,51.274326,51.761158,51.560955,51.799446,51.506676,51.59288,51.713394,51.792873,51.72761,51.466633,51.63435,51.690784,51.828445,51.86315,51.69245,51.677597,51.889603,51.889,51.701324,51.857033,51.626854
44.324184,44.238754,43.798164,44.19866,44.566757,43.866974,44.21266,43.76384,44.074364,44.448715,44.74151,44.24791,44.57873,43.954212,44.40924,44.53287,44.23654,44.21776,44.827778,44.856243,44.332565,44.093533,44.491184,44.9141,44.357883,44.268997,44.550224,44.26014,45.042778,44.35183,45.18907
35.373257,36.07286,36.165756,35.64605,35.650757,35.59465,35.553673,35.4946,36.009266,35.81876,35.527195,35.849167,35.82336,36.40487,35.894024,35.956276,35.994938,35.945072,35.71341,35.88455,36.063694,36.205307,35.993862,35.898903,35.880722,36.25562,36.200375,36.150253,36.000843,36.16851,36.17352
50.360065,50.000507,50.312218,50.28741,50.25093,50.29442,50.649265,50.44053,50.178223,50.532906,50.749916,50.710117,50.28455,50.3439,50.379955,50.721405,50.481983,50.54245,50.689537,50.352936,50.389194,50.573605,50.652782,50.66028,50.375786,50.61949,50.647495,50.910072,50.71937,50.569733,50.580322
44.62526,44.834522,44.884674,44.804516,44.374695,44.5699,44.773674,44.79238,44.933178,44.776836,44.828773,45.126385,44.615654,45.419506,44.29019,45.103786,45.080994,45.04728,44.945644,44.74848,44.611732,44.839516,45.2181,44.764442,45.344177,45.498695,44.9921,45.231018,44.761673,45.06354,44.99736
57.19843,57.357403,56.82522,57.44777,56.927177,57.32034,57.54672,57.54889,57.35938,57.68443,57.748524,57.204216,57.11899,56.911125,57.708565,57.1636,57.399868,57.398605,57.475403,57.9179,57.7149,57.657936,57.48865,57.31034,58.058647,57.8862,56.941986,58.151463,57.97481,57.871136,57.540985
47.118797,46.884518,47.02001,46.74672,47.085068,47.281364,47.12733,47.356358,47.5068,46.831367,47.44982,47.259686,47.05229,47.057262,47.323833,47.652874,47.665157,47.23707,47.459904,47.15159,47.257954,47.17385,47.780117,47.7667,47.453777,47.240776,47.384605,47.277996,47.489716,47.811287,47.26179
48.17097,48.303963,48.454727,48.331104,48.39894,48.335316,48.27354,48.080196,48.400658,48.581055,48.369423,48.47987,48.53363,48.245594,48.851746,47.99369,48.31765,48.72209,48.36178,48.88571,49.12394,49.022743,48.49447,48.57154,48.536163,48.56581,48.912685,48.514412,48.93492,48.6755,48.780663
45.339386,45.458046,45.329903,45.24951,45.340363,45.03193,45.50242,44.880722,44.817192,45.43293,45.468956,45.38771,45.24509,44.80554,45.380653,45.1169,45.25395,45.155922,45.277435,45.967876,45.49979,45.723236,45.371094,45.1193,45.08778,45.63347,45.268124,45.553883,45.92172,45.330627,45.5642
48.057743,48.11434,48.141273,47.98396,48.537422,48.52321,48.10764,48.24151,48.45311,48.34562,48.01811,48.06943,48.667385,48.46191,48.251648,48.51138,48.403545,48.508965,48.453335,48.14874,48.64509,48.486366,48.324265,48.84604,48.166355,48.11846,48.783512,48.39397,48.702316,48.477306,48.386623
52.124725,52.314144,52.362045,52.664314,51.92153,52.50331,52.64011,52.80722,52.72968,52.45952,52.328358,52.539276,52.29118,52.683674,52.60994,52.76636,52.90612,53.03377,52.50653,52.680508,52.93239,52.69438,52.776886,52.493942,53.269577,52.816032,52.75766,53.173973,52.638054,52.88118,52.579067
36.765358,37.18672,36.609734,37.362564,36.619453,36.57401,36.47956,36.797604,37.149807,37.07957,36.910828,36.859406,36.977016,37.19896,37.19918,36.81599,36.93863,37.20181,37.022636,37.40843,37.380028,37.01974,36.96381,36.857506,37.51797,37.117416,37.05125,37.369614,37.49889,37.44119,37.46134
59.185593,59.23604,59.661285,59.748955,59.396873,59.630352,59.699245,59.74218,59.659763,59.684105,59.74083,59.410034,59.654926,59.84702,59.936916,59.96798,59.753143,59.78548,60.019135,59.709835,59.796062,59.510056,59.9802,59.8526,60.125504,59.93953,59.830093,60.244,59.706173,59.93651,60.02221
50.425766,50.523804,50.035286,50.689556,50.502266,50.266453,50.72014,50.578667,50.59491,51.00513,50.97479,50.721573,50.52927,50.30027,50.998234,50.616978,50.84952,50.672253,50.799213,51.195744,51.033127,50.830906,50.946877,50.89524,51.041737,50.84249,50.67503,51.220726,51.0555,51.173786,51.01537
46.52749,46.892746,46.807938,47.144176,46.568764,46.74384,46.66228,46.748768,46.93548,47.12292,46.89455,47.218857,47.19286,47.245644,47.15267,46.78804,46.8559,47.172543,47.11758,47.28795,46.97165,46.515858,47.196095,46.92402,47.594666,47.284782,47.09474,47.383286,47.0798,47.131855,47.471294
44.483887,44.473454,44.774994,44.95542,44.703835,45.31394,45.02564,45.12416,44.966072,44.941013,44.798077,44.768303,45.175667,45.105824,45.17,44.922844,44.91822,45.38741,44.804787,44.906162,45.5356,45.46955,44.801003,45.18142,45.406124,45.11219,45.513214,45.226303,45.34399,45.188305,45.28598
34.326294,34.572968,34.44216,34.59565,34.156105,34.462772,34.378815,34.669994,34.577744,34.601364,34.722137,34.58003,34.626022,34.892582,34.6174,34.557995,34.51208,34.69436,34.636566,34.531403,34.470432,34.793446,34.576427,34.641212,34.955994,34.998295,34.56064,35.069168,34.742413,34.810177,34.944202
44.677593,44.396626,44.159607,44.39914,44.698273,44.403366,44.539024,44.523598,44.11388,44.752808,44.574276,44.47394,44.716557,44.29981,44.889442,44.69143,44.45164,44.669582,44.91367,44.784725,44.59844,44.639614,44.353653,44.720016,44.237587,44.43003,44.600876,45.032448,44.986683,44.521454,44.936176
61.515514,61.30042,61.20661,61.617058,61.084076,61.179993,61.229343,61.67466,61.25617,61.40469,61.535313,61.468624,61.399303,61.242455,61.55805,61.174362,61.150967,61.300087,61.584003,61.512264,61.36947,61.723835,61.488285,61.61679,61.739376,61.745728,61.36233,62.03465,61.758335,61.802715,61.647907
52.048138,52.38524,52.136765,52.22876,52.367134,52.02916,52.684105,52.19764,52.004257,52.898373,52.42272,52.16576,52.413185,52.327854,52.621647,52.38653,52.469204,52.33481,52.53516,52.55544,52.68077,53.05553,52.651707,52.58663,52.460827,52.563133,52.341644,53.038643,52.530945,52.624165,52.77344
47.191628,47.318035,47.369133,47.284847,46.89335,46.963413,46.74182,47.21017,47.192562,46.892876,46.54092,47.612137,47.527287,47.86262,47.101055,47.08714,47.354336,47.431095,47.140064,47.06882,47.195583,47.38646,47.647095,47.289185,47.684822,47.2707,47.67266,47.34411,47.130684,47.638496,47.512127
51.227467,51.30821,51.352455,51.46255,51.09008,51.04743,50.914265,51.166363,51.407898,51.225918,51.142067,51.40872,51.153385,51.458733,51.389046,51.36781,51.18783,51.282387,51.33191,51.35794,51.639225,51.34985,51.54273,51.195915,51.32,51.368332,51.37569,51.694275,51.739887,51.90966,51.284115
48.0847,48.059288,48.158226,48.11149,48.057373,48.50364,48.482,48.52672,48.487392,48.546642,48.763016,48.394035,48.129414,48.273422,48.686745,48.224415,48.528267,48.628895,48.57364,48.539745,48.575607,48.69995,48.58487,48.570595,48.927,48.925507,48.48481,48.812172,48.688335,48.76424,48.66515
46.905968,46.906254,47.39276,47.12203,47.316666,46.900356,47.69449,46.740963,47.07611,47.461258,47.995697,47.660732,47.28372,47.268166,47.673794,47.613903,47.81867,47.142437,47.497673,47.81154,47.5456,47.612747,48.08304,47.82157,47.578842,47.785156,47.929073,47.499744,47.768787,47.86355,48.206715
48.49641,48.387268,48.62442,48.710148,48.343605,48.32688,48.23951,48.18213,48.467117,48.608707,48.753887,48.72024,48.632595,48.829956,48.65546,48.088306,48.530636,48.671227,48.599213,48.880478,48.88887,48.96968,48.847042,48.427788,49.009098,48.974632,48.906948,48.602726,49.02375,49.06492,49.05616
51.185246,51.04054,51.409355,51.48394,51.545563,51.382492,51.632835,51.406902,51.137497,51.507187,51.535805,51.701187,51.563557,51.52653,51.359474,51.43251,51.725998,51.23451,51.39827,51.55398,51.580738,51.664154,52.007454,51.541206,51.607418,51.743004,51.8202,51.674156,51.41066,51.966957,51.59895
30.610191,30.300293,29.775112,29.990498,30.227545,30.025257,30.072851,29.952948,30.046959,30.585321,30.14684,30.777615,30.255192,30.65317,30.035059,30.26385,30.221302,30.83776,30.360191,30.35838,30.48082,30.699678,29.942005,30.183825,30.170311,30.471272,30.715714,30.463238,31.009272,30.399357,30.749012
37.962234,38.445686,38.325363,38.4849,38.366333,38.11369,38.481148,38.09893,38.421535,38.60948,38.652393,38.252537,38.4109,38.138523,38.91552,38.55131,38.747795,38.495655,38.542095,39.01918,38.88551,38.58566,38.679455,38.662247,38.50894,38.4124,38.656136,38.811855,38.929024,38.6651,38.85603
55.537846,55.450996,55.403282,55.049114,55.615204,55.596672,55.156475,55.400566,55.618504,55.442593,55.256992,55.27031,55.677067,55.455315,55.49516,55.275173,55.517826,55.51396,55.57619,55.28757,55.8121,56.169914,55.540222,56.081146,55.357834,55.362877,55.877644,55.486954,56.20882,55.892323,55.561184
50.194386,50.39274,50.233337,50.326176,50.109924,50.79429,50.561092,51.006134,50.600758,50.49646,50.0703,50.42167,50.677246,50.833504,50.605076,50.83854,50.62175,50.9372,50.57733,50.33412,50.561592,50.622013,50.388325,50.766937,51.01967,50.812386,50.640053,51.27051,50.58317,50.641376,50.68425
50.120102,50.003277,50.045067,50.035534,49.90779,50.577877,50.242264,50.41087,50.3804,50.11071,50.44323,50.061985,50.049538,49.96194,49.780792,50.37135,49.910187,50.262257,50.207165,49.934097,50.316105,50.484665,49.99145,50.43476,50.201015,50.498505,50.139717,50.535347,50.99957,50.331375,49.893505
41.916477,41.855247,42.049385,42.046707,41.90544,41.75775,41.628178,41.771656,41.834644,41.99212,42.426445,41.94033,42.18596,42.149616,42.049988,41.8116,41.791683,41.868553,42.369717,42.11451,41.6849,41.973083,42.062897,42.213326,42.10219,42.375763,42.134968,42.172894,42.307304,42.074883,42.595337
45.443512,45.638332,45.370758,45.37353,45.452568,45.079414,45.56414,45.11771,45.311127,45.72159,45.806133,45.553806,45.44698,45.171467,45.88758,45.608444,45.589035,45.470882,45.75445,46.037212,45.721207,45.780712,45.71749,45.761185,45.461166,45.65383,45.547108,45.9305,46.195927,45.734943,46.030846
48.352077,48.506638,48.636177,48.008564,48.8786,48.579403,48.551796,48.2366,48.65253,48.609535,48.05353,48.496574,48.711388,48.76956,48.471897,48.86199,48.778454,48.907642,48.66471,48.403435,49.11095,49.13622,48.809258,49.126007,48.30212,48.366997,49.29521,48.47505,48.920826,48.73065,48.73642
50.90625,50.83038,50.86509,51.00131,51.235786,50.871082,50.861645,51.0508,51.121098,51.061302,50.940067,51.236694,51.20403,51.396763,51.007217,51.49894,51.288704,50.92987,51.184128,51.00179,51.25928,50.990967,51.557236,51.36236,51.031517,51.104156,51.348568,51.399193,51.04532,51.766087,51.125298
40.88636,40.86703,40.94127,41.141068,40.469994,40.88973,41.06122,41.10039,41.08253,41.08435,41.395226,41.47007,40.80084,41.431946,41.121357,41.115273,41.208817,41.37077,41.11759,41.35192,41.10263,41.16369,41.314117,40.815857,41.822422,41.911163,41.15529,41.601875,41.210648,41.528507,41.517838
44.817905,44.254036,44.787704,44.46215,45.121284,44.865253,45.03646,44.76454,44.525608,44.683804,44.798462,45.074184,44.964962,44.874504,44.583393,45.30676,45.15495,44.942387,44.961742,44.59094,44.901283,45.113827,45.077076,45.315453,44.403996,44.687576,45.59078,44.81537,45.02932,44.95009,44.96019
55.03021,55.007065,54.98475,55.237507,55.17504,55.45936,55.332005,55.720963,55.23396,55.28713,54.980183,55.109753,55.33548,55.50423,55.770958,55.57738,55.428036,55.351036,55.359833,55.313744,55.64759,55.428726,55.519665,55.304962,55.724644,55.535393,55.258556,56.00228,55.231087,56.012802,55.479805
42.303925,42.516685,42.82129,42.827576,42.73121,42.62394,42.903767,42.48503,42.697254,42.760025,42.52121,42.885056,42.921204,42.839066,42.517048,43.071617,42.913303,43.12957,42.708576,42.83812,43.227154,42.928497,43.07192,42.978653,42.768673,42.59095,43.402596,42.82264,42.859337,42.706596,42.842247
48.27105,48.678947,48.53209,48.11371,48.7575,48.295177,48.4867,48.18999,48.563553,48.76348,48.80258,48.707302,48.798046,48.528584,48.874737,48.70946,48.926914,48.25581,48.956837,48.85636,48.40823,48.396168,49.27834,49.200943,48.638508,48.752716,48.66026,48.81098,48.796665,48.98049,49.07481
46.712204,47.051445,46.81376,46.783592,46.474762,46.922497,47.03437,47.11727,47.401276,47.12871,47.331352,47.34897,46.81455,47.143723,47.256542,47.151432,47.279213,47.208275,47.06635,47.19875,47.173603,47.3499,47.329937,47.491364,47.746784,47.723007,47.200745,47.65797,47.561115,47.65387,47.461964
48.210125,48.365387,48.639816,48.243855,48.446014,48.169678,48.047302,48.141846,48.53122,48.196377,48.474224,48.544502,48.53508,48.661148,48.204983,48.54434,48.553745,48.093826,48.588615,48.28147,48.182125,48.359085,48.87389,48.964355,48.36938,48.622444,48.844345,48.439697,48.70426,48.811092,48.700237
44.137295,43.720673,43.813995,44.096767,44.256287,43.865307,44.00669,43.688152,43.791386,44.187683,44.130814,44.12452,44.273018,43.869125,44.43536,44.057213,44.153687,44.586617,44.350727,44.702694,44.578217,44.343937,43.788723,44.37612,43.983692,44.008095,44.970703,44.12496,44.919937,43.96722,44.88317
54.234993,53.7458,54.292618,54.542343,54.55011,54.8276,54.876286,54.649452,54.31236,54.518436,54.90139,54.513554,54.848522,54.245617,55.022583,54.76515,54.802853,54.719917,54.739384,54.86314,54.961205,54.598057,54.8456,54.93528,54.895424,54.554314,55.018787,54.79896,54.916172,54.854935,54.967175
45.08596,44.538876,44.66179,44.706413,44.935745,44.807148,44.127884,44.637383,45.17323,44.54562,45.118176,44.872124,44.61251,44.864445,44.41354,44.72283,44.838943,44.735287,44.889626,44.82633,45.02035,44.90857,44.759995,44.931496,44.527596,45.014915,45.204582,44.62145,45.645527,45.452923,44.62773
54.272312,54.134373,54.24298,54.577953,54.18596,54.636837,54.639973,54.94846,54.540184,54.392956,54.587357,54.57627,54.445065,54.48585,54.63239,54.778786,54.646782,54.59381,54.568142,54.58723,54.654587,54.515926,54.80898,54.61962,55.049603,54.889076,54.523308,55.11452,54.52338,55.019123,54.550987
57.164856,57.23813,56.967728,57.10696,56.82245,56.93896,56.94485,57.272243,57.37544,57.02494,57.26987,56.956543,56.997105,57.204945,57.473392,57.086113,57.331177,57.138416,57.37239,57.352024,57.42709,57.674423,57.63675,57.457047,57.929356,57.542244,57.113743,57.50629,57.58779,57.99048,57.616024
35.659065,35.826828,35.904976,35.58591,35.55362,35.449776,35.70021,35.674725,35.561123,35.537716,35.72263,36.05409,35.60546,35.927433,35.776535,36.18403,35.693768,35.58279,35.748764,35.72357,35.52353,35.863537,35.85123,35.85905,35.554333,36.17469,35.86631,36.223423,35.967636,36.02205,36.102165
34.999027,34.94174,35.144337,35.227257,35.0449,34.886482,35.251266,35.031925,34.826694,34.889595,34.96577,35.295864,35.28617,35.36913,34.85265,35.70753,35.291073,35.51297,35.326164,35.30703,35.00607,34.988503,35.19855,35.230373,35.20168,35.27016,35.67048,35.301014,35.076,34.81496,35.62957
44.76653,44.715706,44.73456,44.756207,44.99607,44.470695,44.56619,44.309372,44.640007,44.807606,45.024918,45.02684,44.954456,44.554977,44.784855,44.358,44.918,44.688435,44.83921,45.36369,45.05483,45.031097,45.295086,44.91758,44.880527,44.943497,45.141506,44.52852,45.068394,45.144253,45.09635
48.302826,48.404774,48.570175,48.206566,48.600952,48.009483,48.526516,47.992588,48.40639,48.704304,48.789806,48.667477,48.40099,48.630405,48.545753,48.87219,48.68659,48.412167,48.86606,48.6048,48.588432,48.679565,49.05491,48.92704,48.34917,48.69596,48.816532,48.752583,48.80122,48.843246,48.972176
49.768543,49.754818,49.991234,49.889004,50.235146,50.035248,49.8376,49.80458,50.086212,50.187344,50.0993,49.888233,50.25521,50.14182,50.358105,49.87884,50.03633,50.199226,50.348064,50.163887,50.439476,50.318806,50.295113,50.519547,50.24357,50.112045,50.613487,50.034515,50.420555,50.377125,50.604355
37.609673,37.700912,37.529755,37.273266,37.940147,37.889954,37.69935,37.599613,37.726215,37.971096,37.8147,37.735855,37.807636,37.885933,37.587444,37.517292,37.921482,37.945354,37.935295,37.899586,37.77896,38.035496,37.82948,37.922264,37.921204,38.232574,38.035915,37.721947,37.963467,37.854393,38.081203
45.54501,45.79975,45.878197,45.94432,45.613586,45.87739,45.936752,45.906895,45.510624,45.74134,45.361835,46.020588,46.138596,46.04921,45.617947,45.794334,45.90901,45.96353,45.737812,45.83131,45.78238,45.848587,46.14948,45.742157,46.226833,45.96444,46.03093,46.10013,45.706818,45.851494,45.96849
50.458984,50.5129,50.809814,50.623463,50.74552,50.68676,50.68188,50.545837,51.220943,51.050377,51.48377,50.931217,50.72648,51.01442,51.39101,50.80655,51.222225,51.10059,51.4334,51.270535,51.125732,50.76735,51.597187,51.331627,51.6255,51.348557,51.27759,50.96115,51.14518,51.472248,51.625237
49.994892,49.753147,50.043884,50.279747,49.691765,50.26094,49.983967,50.25481,50.080017,50.058205,50.27005,50.337578,50.344887,50.339077,50.17744,49.998238,50.13184,50.391567,50.20178,50.18688,50.160263,50.181023,50.16944,50.20736,50.654022,50.470543,50.44092,50.517387,50.556816,50.372562,50.440777
49.81732,49.01136,49.934875,49.518368,49.670258,49.794727,49.70068,49.826412,49.317066,49.130466,49.686123,50.064938,49.91907,50.060925,49.327385,50.1188,49.705143,49.639576,49.818398,49.216652,49.31927,49.80308,49.96941,50.042557,49.610123,49.924637,50.346912,49.65629,49.692776,49.88543,49.991802
52.27389,52.315968,52.49926,52.42517,52.799156,52.606575,52.59494,52.37838,52.43822,52.56214,52.614876,52.4967,52.835423,52.463074,52.480984,52.54274,52.529488,52.363617,52.64032,52.688904,52.725754,52.767586,52.84266,53.062416,52.66377,52.802277,53.01109,52.539787,52.888157,52.82211,52.939
43.4753,43.742462,43.598465,43.564552,43.749672,43.617496,43.618504,43.61833,43.47133,43.692333,43.525826,43.626644,44.01422,43.859077,44.01371,43.692814,43.599663,43.611214,43.85047,43.877693,43.73888,43.84432,43.976524,43.942856,44.05602,43.98088,43.809765,43.904243,43.76846,44.0234,44.38619
54.175034,53.98216,54.213196,53.96885,54.577934,54.39666,54.77759,54.23966,54.1375,54.778667,54.79828,54.549618,54.380474,54.158466,54.52669,54.50178,54.41101,54.468002,54.81005,54.52212,54.44244,54.643253,54.628574,54.985695,54.41599,54.79357,54.821182,54.702377,54.78222,54.442047,54.928543
52.79482,52.87751,53.23542,52.98067,53.28022,53.35331,53.593967,53.12745,53.09582,53.554924,53.383625,53.314453,53.387257,53.1973,53.234573,53.448784,53.370857,53.32273,53.44447,53.097485,53.4252,53.47848,53.606625,53.7547,53.23369,53.299927,53.63497,53.60794,53.55665,53.338173,53.401432
48.040363,47.688576,47.805336,47.736614,48.356377,47.786884,47.775032,47.69137,47.883556,48.103584,48.11736,48.080513,48.17017,47.873913,48.350994,47.832455,48.152485,48.232014,48.495853,48.313026,48.247597,48.131912,48.34652,48.527153,48.034615,47.874283,48.659355,47.824158,48.337612,48.220047,48.644806
57.24317,57.417603,57.61458,57.444492,57.59961,57.710926,57.587997,57.83899,58.014874,57.759495,57.656464,57.788662,57.665356,57.776226,57.822575,57.786316,58.35605,57.723644,57.85259,57.675316,57.871395,57.59409,58.45462,58.06839,57.98735,57.714737,57.909744,58.117844,57.566483,58.335358,57.433315
44.03854,43.807804,43.883575,43.867367,44.12445,43.92066,44.076454,43.902805,43.642498,44.272713,44.52946,43.979248,44.075405,43.76925,43.884697,43.97835,44.08756,43.82411,44.49787,43.948433,43.61816,44.0112,44.150696,44.322067,43.698017,44.013702,44.03264,44.331543,44.514385,43.930943,44.18607
42.846752,42.578136,42.04075,42.214275,42.569443,41.9319,42.066254,42.23151,42.60172,42.139076,42.029484,42.554733,42.1503,42.67109,41.950848,43.12616,42.569843,42.747627,42.610405,42.53901,42.72634,42.62134,42.407955,42.63771,42.208412,42.452644,42.88739,42.4429,42.91321,42.796562,42.635857
41.870884,41.620407,41.480186,41.40671,41.502533,41.76225,41.491955,41.86479,41.98278,41.490578,41.709057,41.83345,41.50794,41.89042,41.672245,42.206966,41.906162,42.062645,41.80672,41.784924,41.942326,41.854183,41.67484,41.731796,41.736122,42.015045,41.777206,42.100494,42.132515,42.169033,41.65704
36.843628,36.939545,37.395157,36.528774,36.998375,36.888897,36.796547,36.64788,36.98678,36.79824,36.72865,36.935913,36.93717,37.417038,37.247887,37.191147,37.184483,37.326004,37.161186,36.916588,37.28053,37.485817,37.258415,37.097427,36.867676,37.080307,37.474854,36.958935,37.165882,37.229572,37.41093
53.625256,53.82722,53.642,54.07842,53.442757,53.789803,53.442856,54.012547,53.989822,53.76179,53.51605,53.638824,53.990566,54.229973,53.915665,53.623352,53.833946,54.049187,53.92421,53.881504,54.041386,53.966988,53.97621,53.879272,54.630043,54.088898,53.97945,54.225952,54.04493,54.30544,54.178932
37.6452,37.47753,37.384506,37.272755,37.598038,37.617317,37.3227,37.398537,37.58511,37.513203,37.55772,37.586174,37.528027,37.528797,37.4457,37.2791,37.245575,37.918438,37.633842,37.659847,37.85252,38.127,37.315758,37.791344,37.651882,37.8946,38.045364,37.360207,38.16267,37.626495,37.990063
51.783646,51.448925,51.047623,52.00861,51.72782,51.48756,51.73681,51.801434,51.263046,51.970715,51.502293,51.90187,52.0121,51.752815,51.933243,51.82846,51.716595,51.92156,51.84016,52.120533,52.011395,51.730953,51.60482,51.72992,51.955093,51.744415,52.024616,52.334866,52.085617,52.017296,52.254498
45.410404,45.213383,44.773514,45.310852,45.35791,44.926098,44.893585,45.201145,45.414864,45.300316,45.286556,45.180527,45.201874,45.408375,45.453888,45.455112,45.410717,45.43241,45.490788,45.611473,45.74775,45.536133,45.333115,45.470284,45.443737,45.381012,45.569008,45.534073,45.775608,45.951633,45.710583
43.910294,44.033512,44.142914,44.033455,43.679916,43.89147,43.75581,43.877773,44.19474,43.835976,43.982964,44.202007,43.965885,44.140423,43.88966,43.909443,44.08674,44.33011,43.964108,44.2652,44.275723,44.292374,44.202106,43.98037,44.320217,44.353394,44.292217,44.142822,44.315765,44.243855,44.091534
50.154972,50.134727,49.31996,49.974113,49.681763,49.469784,49.451088,49.849594,50.033573,49.697216,49.64416,49.82146,49.80609,49.683395,49.695644,49.874718,49.907955,50.016502,49.9942,50.146793,50.127617,50.090496,49.89479,50.1717,50.19129,49.759613,50.016827,50.025238,50.64215,50.278473,50.105556
48.992855,48.82189,48.81466,48.70315,48.633904,48.855774,48.778915,49.005386,49.03387,48.633286,48.921604,48.724995,48.534615,48.96141,49.020138,49.36319,49.114372,49.066498,49.248188,48.904007,48.961582,48.938263,49.015682,48.997704,49.084206,49.106873,48.936733,49.298267,49.497635,49.321644,49.12521
42.480995,42.428925,42.112442,42.4652,42.36696,42.316555,42.59636,42.56494,42.170643,42.203743,42.11323,42.499203,42.718468,42.370453,42.19336,42.789925,42.652664,42.6925,42.518826,42.576298,42.47233,42.59844,42.640556,42.73397,42.734344,42.308914,42.74047,42.57234,42.58519,42.408367,42.759663
39.813416,40.110382,39.951607,39.729862,39.682053,39.711426,39.36415,39.824306,39.988163,39.65311,39.545563,40.05525,39.927113,40.186672,39.45779,39.82319,39.767082,39.720375,39.676083,39.642864,39.67881,40.084896,39.780743,40.031143,39.67271,40.16146,40.057903,40.12845,40.193237,40.14243,39.796978
50.015762,50.099846,50.34446,50.418713,50.22056,50.5171,50.45085,50.489,50.592136,50.404816,50.394184,50.82614,50.742302,50.585094,50.486416,50.43446,50.904522,50.539417,50.260864,50.404896,50.809208,50.693798,51.09059,50.933952,50.934628,50.414146,51.02579,50.64763,50.67875,51.09828,50.511356
43.623367,43.48199,43.33384,43.495007,43.45433,43.595722,43.246937,43.61601,43.58236,43.27267,43.2664,43.495903,43.602898,43.564293,43.15959,43.488396,43.37806,43.779243,43.536972,43.495434,43.69626,43.757626,43.476162,43.608093,43.67322,43.601532,43.76514,43.481422,43.83529,43.65495,43.51803
53.038647,53.37393,53.711365,53.619755,53.821968,53.744278,53.83891,53.51733,53.985428,54.080784,53.95304,53.595337,53.97222,53.731167,54.035324,54.03982,54.04348,54.093105,54.1951,54.002407,54.104115,53.563694,54.094444,54.48004,53.97149,53.773453,54.386932,54.08932,53.996334,53.722397,54.16895
55.20916,55.42454,55.27722,55.32103,55.24006,55.613358,55.529774,55.79007,55.45099,55.73413,55.151962,55.386345,55.5654,55.752735,55.595844,55.365658,55.413418,55.74884,55.551018,55.336086,55.692894,55.99473,55.529095,55.653893,55.95684,55.87874,55.565197,56.135597,55.524586,55.771507,55.680836
42.34294,42.26425,42.300964,42.25876,42.81655,42.667904,42.53719,42.4783,42.31446,42.765713,42.564686,42.415367,42.88637,42.675884,42.54615,42.863094,42.49417,42.604527,42.791832,42.550304,42.54335,42.517284,42.351883,42.82995,42.20168,42.68676,42.76907,42.929832,42.76539,42.496735,42.8077
34.359684,34.54558,34.804558,34.29675,34.485184,34.186493,34.12963,34.07383,34.071453,34.12129,34.244934,34.412704,34.51648,34.68978,34.36803,34.401917,34.25763,34.20423,34.495358,34.523815,34.14476,34.492905,34.51929,34.28578,34.21502,34.802383,34.581467,34.39445,34.481823,34.463867,34.900833
58.827522,58.60791,59.379158,58.956436,59.43866,59.374676,58.89977,58.73809,59.049885,59.06509,59.20792,59.02438,59.655262,59.187477,59.289253,58.68973,59.309254,59.072945,59.232567,59.388664,59.4895,59.348095,59.55126,59.477394,59.2671,59.265015,59.83438,58.807457,59.460167,59.468025,59.466908
46.592907,46.59045,46.402298,46.77423,46.576996,46.647697,46.83112,46.993042,46.73248,46.842583,47.07473,46.698074,46.565613,46.487015,47.058475,46.93876,46.82313,46.744843,46.984974,47.035637,46.8218,46.82418,46.812164,47.00437,46.998035,47.115524,46.74677,47.40814,47.11373,47.10436,47.060925
42.31913,42.341015,42.498344,42.274406,42.30213,42.30112,42.21776,42.180553,42.686398,42.501373,42.75665,42.653534,42.164913,42.70424,42.640694,42.533222,42.581417,42.62657,42.71486,42.662025,42.65071,42.546005,42.674347,42.609978,42.704025,42.990204,42.854134,42.674118,43.078682,42.977192,42.9647
50.20559,50.655792,50.39189,50.07886,51.121956,50.665897,50.859364,50.481625,50.786182,51.110256,50.919083,50.75187,50.92892,50.507122,51.095287,51.034523,51.059364,50.36767,50.992188,50.953094,50.86642,50.6072,51.38854,51.48758,50.662247,50.85495,50.76789,51.068726,50.850487,51.27922,51.001038
50.169273,49.76988,50.06672,50.344975,50.05783,50.12611,50.327873,50.1696,49.79974,50.040066,50.457184,50.093792,50.18203,50.052822,50.237053,50.25052,50.195904,50.214745,50.391838,50.49993,50.229294,50.32441,50.260296,50.171158,50.488426,50.548325,50.429,50.408566,50.5783,50.32684,50.703125
48.039803,47.72106,48.14521,47.690327,48.40075,48.43254,48.397655,48.18439,47.919003,48.16679,48.09983,48.067146,48.348614,48.0941,48.444687,48.317753,48.2078,48.471867,48.46762,48.0903,48.42324,48.61703,48.31411,48.6485,48.141747,48.184227,48.703793,48.19538,48.38906,48.203354,48.61126
44.000286,43.622543,43.702667,43.975033,43.603745,43.981915,43.99187,44.177155,43.596886,43.91856,43.924442,44.211765,43.869537,44.197495,43.666763,43.84742,43.92145,44.19629,43.913544,43.956043,43.827446,44.182186,43.83882,43.60517,44.282566,44.532173,44.060417,44.377365,43.994225,44.0858,44.102795
48.079235,48.724705,48.535652,48.678158,48.426476,48.6608,48.74061,48.890175,49.141182,48.56039,48.790157,48.555283,48.52688,48.597195,48.725067,49.177467,49.183655,48.48777,48.66346,48.915966,48.86367,48.49242,49.262833,49.054443,49.174343,49.035515,48.62645,49.255547,48.793156,49.33885,48.591522
47.319847,47.27006,47.25042,47.253242,47.034134,47.2784,47.083256,47.347248,47.592903,47.11343,47.583023,47.372143,47.049213,47.446095,46.980366,47.35001,47.239296,47.342636,47.509083,47.26615,47.234207,47.47876,47.446507,47.613457,47.770298,47.93241,47.5583,47.42783,47.921722,47.71617,47.625736
53.0293,52.786034,52.884125,53.262974,52.576485,53.321873,53.02135,53.65204,53.138084,52.880283,53.056942,52.94068,52.814766,53.093105,52.874035,52.93329,53.007008,53.214043,52.98996,52.87283,53.20316,53.4851,53.01458,52.91954,53.56197,53.491898,53.023308,53.604782,53.331455,53.508327,52.83
41.284637,41.1198,41.203506,41.147797,41.08589,41.558594,41.35559,41.605625,41.476994,41.00421,41.29171,41.181168,41.332973,41.43512,41.68427,41.57486,41.562458,41.830868,41.4324,41.54146,41.716156,41.849323,41.32809,41.609978,41.924133,41.701515,41.76382,41.52773,41.74201,41.681995,41.897675
63.16234,62.471382,62.813232,63.328922,63.568726,63.54628,63.38014,63.237324,62.959824,63.5517,63.34413,63.191887,63.8353,63.47607,63.41183,63.243477,63.413864,63.57041,63.60796,63.48184,63.771168,63.37631,63.49008,63.54042,63.72304,63.320908,63.916092,63.380344,63.596226,63.633705,63.82326
41.667667,42.191307,41.54579,42.265827,41.703888,41.75457,41.58819,42.034996,42.196625,41.893944,41.62816,41.75897,42.06591,41.928185,42.075268,41.986378,42.09326,42.189987,41.994736,42.453056,42.220596,41.7131,41.902374,42.051353,42.461887,42.006096,42.083843,42.380512,42.301216,42.16591,42.22403
45.683506,45.533455,45.62947,45.33959,45.50815,45.2054,45.127922,45.04725,45.477962,45.38065,45.234184,45.865974,45.335632,45.55022,45.41204,45.344585,45.39348,45.68376,45.481342,45.579693,45.938534,45.903584,45.727486,45.47,45.266834,45.438118,45.96117,45.359394,46.126072,45.913612,45.58049
58.347248,57.82348,58.077026,58.90334,58.222923,58.357235,58.19257,58.60338,58.56447,58.258263,58.917614,58.408512,58.299614,58.233074,58.425224,58.355366,58.676598,58.515137,58.70983,58.96344,58.611023,58.025887,58.714035,58.39704,59.05289,58.771805,58.688885,58.67489,58.702755,58.916412,58.544777
64.123116,63.70132,63.863075,63.906773,64.14269,64.21919,63.875675,64.10798,64.06533,64.0769,63.95796,64.13275,64.32437,64.08693,64.21919,63.856636,63.94657,64.3061,64.36258,64.12209,64.43374,64.27214,64.43442,64.39317,64.488625,64.13508,64.39962,64.08657,64.3321,64.51602,64.3214
36.23968,36.01642,35.74727,36.101315,35.990406,36.1878,36.107082,36.37844,36.194466,36.1804,36.309776,36.400658,36.067764,36.303333,35.81296,36.169823,36.123425,36.49602,36.218513,36.20151,36.149666,36.505627,35.926987,36.36348,36.48531,36.734726,36.56116,36.41499,36.573517,36.30791,36.500618
39.454563,40.129066,40.134384,39.210594,39.92961,39.717606,39.429382,39.41342,40.17624,39.8859,39.61094,39.925747,40.01561,40.075615,40.32651,39.629627,40.013885,39.988625,39.84261,40.13549,40.159267,40.371525,40.021843,40.427666,39.844788,40.254868,40.422127,39.903603,40.182373,40.184223,40.411762
41.96193,42.192623,42.43808,41.883373,42.007614,42.529003,42.140415,42.55026,42.71066,42.43802,42.157555,42.343426,42.065025,42.943527,42.31975,42.187954,42.33241,42.80607,42.42467,41.81042,42.536583,42.984173,42.487526,42.557144,42.763783,42.866455,42.683544,42.64543,42.28935,42.738327,42.44505
43.8357,44.21947,44.2686,44.64545,43.736534,43.714775,44.27955,44.201145,43.733456,44.31794,44.0256,44.13704,44.317818,44.324745,44.632843,44.129005,44.329605,44.395317,44.23249,44.617817,44.31422,44.481766,44.360947,43.92517,44.56585,44.3593,44.223537,45.01445,44.024166,44.204674,44.67426
43.768536,44.523582,44.01628,43.792267,43.979965,43.757824,43.705345,43.74638,44.537434,44.250668,44.44088,43.761948,44.057697,43.869083,44.357292,43.804295,44.4651,43.886745,44.38824,44.374664,44.177235,44.4169,44.553192,44.8236,44.377224,44.177773,44.120037,44.25728,44.841316,44.55679,44.46433
51.78138,51.930416,51.76996,51.993927,51.69243,51.87179,51.6934,51.80364,52.081665,51.927944,51.823692,51.953365,52.03564,52.160427,52.16502,51.892704,52.123917,52.200764,52.04474,52.403816,52.305367,51.963287,52.131096,51.948257,52.58296,52.320374,52.189857,52.240356,52.437965,52.422306,52.41769
49.933575,49.599266,50.09404,50.069492,50.074104,50.04177,49.983192,50.19055,49.904846,49.901474,49.768158,50.44751,50.21714,50.329033,50.116215,50.35503,50.29921,50.11667,50.18349,49.70592,50.168167,49.966423,50.645996,50.31224,50.033485,49.731316,50.579857,50.29855,50.05036,50.588512,50.060894
47.54047,47.9442,47.6409,47.512806,48.116005,47.55836,47.64105,47.501328,47.786213,47.858715,47.68303,47.524994,47.977135,47.832916,47.917503,47.992573,48.031628,47.577473,47.979797,48.22803,47.949036,47.853848,48.087948,48.118774,47.79376,48.08371,47.916195,47.982914,47.917423,48.14978,48.213375
46.759624,47.46263,47.15403,47.303078,47.03514,46.84261,47.2446,47.057564,47.19862,47.401505,47.146275,47.217796,47.285515,47.48394,47.18485,47.560722,47.327908,47.053318,47.17892,47.58295,47.252396,47.312016,47.317024,47.398438,47.437653,47.880615,47.311707,47.978302,47.405807,47.49139,47.66889
44.068817,44.516315,44.757103,44.30945,43.99643,44.688034,44.522133,44.709553,44.832516,44.385292,44.24313,44.49366,44.33329,45.144463,44.38473,44.97406,44.89436,44.72912,44.44319,44.078728,44.65752,44.783268,44.890327,44.52529,44.88079,44.844513,44.577164,45.12003,44.64482,45.048492,44.358112
53.79321,53.79443,53.969536,53.93921,53.689156,54.083897,54.024155,54.075844,53.99659,54.036057,54.36155,53.91219,53.84968,53.916183,54.039116,53.927742,53.88422,53.847706,54.03882,54.047832,54.07688,54.354965,54.058544,54.1138,54.251347,54.60653,53.946438,54.513973,54.53726,54.420006,54.133274
48.256485,48.44835,48.238922,48.23782,48.29332,48.468777,48.444263,48.586884,48.3607,48.13232,48.157257,48.451015,48.5874,48.160965,48.426224,48.61297,48.654533,48.35386,48.427612,48.57029,48.40642,48.297115,48.88542,48.62709,48.692936,48.371483,48.309406,48.632076,48.433628,48.688087,48.354576
50.02139,49.781948,49.54815,50.024014,49.955536,49.852077,50.032833,49.935284,50.023624,50.311584,50.335064,50.11449,49.753967,49.80198,50.507233,49.987,50.08996,50.32453,50.342716,50.545315,50.63824,50.185028,50.348545,49.980125,50.463615,50.2163,50.084312,50.37697,50.534283,50.654076,50.407166
56.071663,56.146423,56.427673,56.569904,56.105843,56.667873,56.844517,57.03181,57.038662,56.765884,57.03457,56.636375,56.211353,56.649937,57.054417,56.8183,57.023964,56.998047,56.882835,56.70979,56.989872,56.89104,57.09847,57.074448,57.520607,57.19687,56.93476,57.364384,56.73565,57.25065,56.90736
43.753506,43.612274,43.447426,43.461544,43.844933,43.56985,43.486927,43.505283,43.491577,43.60332,43.495735,43.677643,43.899647,43.699394,44.1116,43.786148,43.82101,43.722763,43.812973,43.969246,44.022278,43.906975,43.86882,43.858574,43.69215,43.603607,43.934532,43.80155,44.143917,44.197144,44.182507
53.58825,53.707554,53.661728,53.85323,53.784958,54.089127,54.036846,54.329308,54.142063,54.2292,53.834145,53.777634,53.994843,54.273838,54.172394,53.882236,53.893806,54.424137,54.12447,53.835773,54.481636,54.66085,54.20887,54.323692,54.737785,54.37548,54.23352,54.42288,53.800583,54.41738,54.310905
44.76231,44.727806,44.72605,44.413376,44.490685,44.763607,44.71029,44.66033,44.942223,44.628914,44.69163,44.970966,44.61453,44.954704,44.55578,45.016293,44.78594,45.30282,44.944805,44.842,44.91629,45.004196,44.81213,44.969284,45.09408,45.212563,45.142532,44.87524,45.199055,44.814022,45.09081
37.095936,37.37014,37.20822,37.053574,36.970833,37.109005,37.197384,37.13606,37.331764,37.28651,37.318054,37.128677,36.98337,37.139984,37.2232,37.381584,37.475178,37.563255,37.361313,37.496838,37.336678,37.527046,37.018147,37.3248,37.153,37.517715,37.417282,37.703415,37.8578,37.14535,37.37252
44.429783,44.827286,44.579414,44.176353,44.80497,44.346825,44.714046,44.162018,44.682438,44.455322,44.741917,44.348114,44.743755,44.33476,44.949234,45.119812,45.01638,44.53575,44.897614,45.164413,44.902298,44.89763,45.07861,45.348923,44.730694,44.70546,44.90845,44.59558,45.256123,44.90439,45.363525
46.828053,47.12004,47.159065,47.212627,47.252518,47.39768,47.411716,47.282776,47.3523,47.521866,47.155155,47.53074,47.704685,47.665638,47.688446,47.455452,47.620968,47.728115,47.43215,47.70403,47.72428,47.287216,47.825695,47.502243,48.015804,47.644104,47.682526,47.672546,47.150578,47.68084,47.82611
40.016747,40.037086,39.677986,39.51126,40.01828,39.698017,39.934032,39.85096,39.768806,39.88086,39.779037,39.76286,39.818127,39.77427,40.026443,40.20712,40.00882,40.119568,40.170776,40.11929,39.988777,40.380398,39.74152,40.321342,39.754158,40.08821,40.214287,40.175922,40.39177,39.905422,40.44568
51.481266,51.36808,50.998985,51.407524,51.361618,51.069084,51.06532,51.3099,51.552277,51.43368,51.50561,51.361523,51.295506,51.27171,51.642075,51.369705,51.378147,51.503105,51.659615,51.71886,51.83653,51.633404,51.675728,51.657486,51.693966,51.44571,51.51306,51.60501,51.881496,52.02501,51.722725
64.49046,63.817734,64.45977,64.08508,64.61848,65.045525,64.860756,64.64772,64.47872,64.786766,64.813194,64.70406,64.512695,64.343285,64.66658,64.28409,64.326096,64.99232,64.87347,64.349205,65.0719,65.17891,64.918175,64.939835,64.87878,64.78892,64.99721,64.52581,64.915726,64.83952,64.6551
55.37953,55.423225,55.59636,55.69245,55.71203,55.56584,56.04484,55.76894,55.654945,55.90253,56.31612,55.640118,55.739803,55.822266,56.405533,56.370636,55.966774,55.579044,56.14562,56.32662,55.89383,55.73422,56.156467,56.079285,56.227657,56.590088,55.768913,56.55989,55.84848,56.365166,56.600174
52.12473,52.17218,52.15998,51.933918,52.26568,52.245316,52.167713,52.131252,52.399582,52.175957,52.695305,51.93811,52.001328,51.720943,52.131134,52.256702,52.277573,52.10061,52.582695,52.55905,52.147366,52.254337,52.250973,52.668915,52.188313,52.676445,52.28465,52.389633,52.87479,52.251797,52.345367
43.80859,43.887726,43.949753,43.400414,43.911957,43.71932,43.597427,43.68983,43.84819,43.749977,43.4768,43.945847,43.7517,44.109493,43.390503,43.926903,43.856308,43.94389,43.918472,43.55051,43.712086,44.17151,43.789833,44.15822,43.498844,44.072617,44.333397,43.920174,44.08839,43.842705,43.90496
55.733677,55.768055,55.33635,55.973347,55.48728,55.664303,55.781883,55.90244,55.907738,55.83016,56.157776,55.6627,55.616726,55.091827,55.900574,55.69928,55.79417,55.731438,55.824417,56.303005,56.14183,56.015583,55.809387,56.034042,56.075733,55.961838,55.662086,56.30846,56.63501,56.163616,55.76365
45.832203,45.460793,45.79438,45.6052,45.554436,46.16962,45.65066,46.069134,45.80752,45.26112,45.63855,46.013203,45.902653,45.835583,45.594345,45.768112,45.76781,45.902973,45.689358,45.55954,45.77855,45.961906,45.97159,45.972755,46.13337,45.994797,46.118877,45.69453,46.10288,46.15427,45.809826
31.144032,31.725485,31.53367,31.235031,31.580025,31.58346,31.872295,31.442156,31.62747,31.848473,31.713188,31.730549,31.785524,31.800365,31.642157,32.025723,31.956284,31.734753,31.574184,31.817104,31.691433,31.98797,31.626877,32.117737,31.638176,32.116974,32.018314,32.10526,32.009495,31.68509,32.12855
38.185543,37.86284,38.01647,38.059967,37.82087,38.07494,38.49308,38.204445,37.83765,38.08374,38.156887,38.607548,38.070766,38.281372,38.24756,38.368664,38.36025,38.804424,38.300957,38.379284,38.32031,38.506676,38.378326,38.13205,38.69512,38.486588,38.63179,38.388134,38.31538,38.199368,38.765995
48.911976,48.842052,48.78898,48.895638,48.654488,49.14603,48.891544,49.307495,49.15184,48.92434,48.775654,49.174507,49.067467,49.38405,49.06535,49.056816,49.177067,49.475998,49.129074,48.98817,49.154377,49.18469,49.18858,49.151024,49.72112,49.38282,49.303764,49.382687,49.13023,49.39587,49.315132
43.56528,44.083904,43.947754,43.62908,43.67807,43.698437,43.579975,43.55014,44.004005,43.694386,44.029503,43.8519,43.90478,43.911797,43.702698,43.86245,44.09978,43.519936,43.859936,44.197704,43.61898,43.72574,44.152763,44.023376,44.054058,44.451363,43.80262,44.05178,44.229176,44.18077,44.076767
44.403294,44.30541,44.074287,44.89787,44.61576,44.265076,44.42829,44.60494,44.11268,44.348747,44.55616,44.273552,44.867294,44.36737,44.557655,44.720932,44.426613,44.17099,44.659294,44.77926,44.465763,44.312706,44.701267,44.6754,44.70929,44.45999,44.50483,44.771603,44.565594,44.81091,44.960087
41.461746,41.67387,41.990326,41.993073,41.763237,41.90134,42.106956,41.891037,41.880234,42.03783,41.8559,42.370136,42.035004,42.278435,41.687824,41.998726,42.167923,42.216034,41.83782,41.996017,42.126827,42.052673,42.4335,41.964195,42.353195,42.31134,42.428017,42.173237,41.701874,42.14488,42.06239
49.56208,49.611668,49.462166,49.589073,49.958008,49.39561,49.665253,49.604507,49.67586,49.87218,50.017963,49.548832,49.827946,49.437714,50.263733,49.764904,49.881363,49.535156,50.024178,50.102005,49.973866,50.177715,49.907948,50.540466,49.753407,49.8657,50.19619,50.050354,50.279766,50.183956,50.48607
49.43196,48.808712,49.058388,49.40327,48.876083,49.24811,49.288548,49.429638,48.959446,48.918827,49.702072,49.23268,48.87689,49.10013,48.726936,49.22485,49.058285,49.212887,49.333225,49.412144,48.9395,49.374393,48.96265,48.99917,49.541767,50.109245,49.314854,49.48968,49.70104,49.28286,49.46383
47.344223,47.38055,47.261497,47.296196,46.974655,47.10672,47.069954,47.45043,47.430447,47.038376,47.35876,47.50861,47.03063,47.35715,47.17963,47.402004,47.27301,47.24703,47.40615,47.41511,47.09841,47.35359,47.379955,47.483055,47.621723,47.931717,47.444523,47.698193,47.69659,47.68571,47.59497
58.15642,58.543064,58.329536,58.46249,58.169052,58.454655,58.24327,58.840946,58.951073,58.27536,58.623512,58.360523,58.320747,58.23408,58.708958,58.464897,58.920406,58.153286,58.552795,58.71682,58.481674,58.402916,59.02502,58.941483,59.06613,58.85514,58.373222,59.03349,58.74154,59.2873,58.401726
51.632168,52.293457,51.72632,51.713245,51.973244,52.126343,52.41365,52.175327,52.176594,52.60344,51.909798,52.112003,52.13209,52.01226,52.389114,52.20706,52.24651,52.32484,52.21786,52.294987,52.447742,52.432785,52.39257,52.518394,52.552315,52.41413,52.065502,52.812206,52.3213,52.38172,52.35901
47.53445,47.739132,47.56199,47.890175,47.390602,47.82583,47.892647,48.039173,48.11781,47.845016,47.951756,47.961708,47.623833,48.059166,48.057816,48.03632,47.879684,48.204323,47.994373,48.12008,48.193233,47.912876,48.25239,47.90271,48.887547,48.514503,47.901,48.289497,47.95951,48.447933,48.33103
40.325752,40.919098,40.89228,40.28363,40.464233,40.661976,40.61582,40.457092,40.94118,40.56685,40.728615,40.584362,40.57245,40.741932,40.69905,40.935802,41.010967,40.59089,40.658222,40.761356,40.768456,40.951084,40.959938,40.974052,40.71681,41.025536,40.73926,40.9805,41.233696,41.03908,40.78305
51.268967,51.225815,51.77175,51.27393,51.32421,51.351944,51.293728,51.122135,51.436275,51.3516,51.54199,51.779064,51.366238,51.717724,51.125538,51.366787,51.435368,51.439632,51.61494,51.323605,51.357,51.467945,51.95687,51.572853,51.607735,51.85289,51.848297,51.39585,51.665894,51.709957,51.6273
50.554882,49.96327,50.94442,50.355877,51.09115,51.117382,50.778862,50.792313,50.524048,50.492214,50.704563,50.393375,50.959442,51.002625,50.686695,51.032528,50.70669,50.84175,51.042854,50.282974,50.781544,51.148685,50.627445,51.349464,50.45364,50.887123,51.639637,50.63662,50.97295,50.73984,51.19814
33.92977,34.25618,33.988564,33.706448,33.95353,33.85558,33.802223,33.594776,34.019634,34.30851,34.11582,34.268005,33.98377,34.206696,34.070206,33.753906,33.636356,34.193527,34.07405,34.168324,34.215652,34.540962,33.89406,34.18463,34.065872,34.58156,34.28682,34.1628,34.71014,34.209194,34.62458
54.41678,54.305016,54.250916,54.56955,54.411613,54.640965,54.87806,54.757023,54.3216,54.450848,54.37944,54.417862,54.491592,54.457497,54.71984,55.00433,54.554993,54.746346,54.756763,54.786304,54.801468,54.556137,54.684673,54.61149,55.049305,54.843315,54.66146,55.003273,54.841587,54.796196,55.005753
50.836105,50.844,50.46099,50.809708,51.16932,50.431152,50.909893,50.637115,50.698868,51.041077,50.946808,50.90882,50.834248,50.567974,50.727882,50.99119,51.05913,50.7344,51.11719,51.27802,51.06894,50.95195,51.3374,51.173973,50.866978,50.90142,51.04517,50.99133,51.022537,51.1861,51.09077
43.45365,42.96782,43.14923,43.109314,43.08239,43.484364,43.467136,43.4596,43.377167,43.26246,43.579334,43.812492,43.175503,43.55663,43.241776,43.489746,43.622093,43.83679,43.57307,43.36348,43.471878,43.539665,43.757717,43.42256,43.950603,43.764557,43.724377,43.43237,43.662907,43.769527,43.659004
50.47149,50.36863,50.3349,50.064926,50.49417,49.908405,50.339664,49.92856,50.11583,50.359955,50.603596,50.39783,50.4158,50.24713,50.571804,50.491505,50.433464,50.192352,50.745174,50.54862,50.452152,50.809193,50.911396,50.891014,50.384552,50.40989,50.59416,50.373806,50.881023,50.77193,51.06213
60.91552,60.5628,61.198082,60.76267,61.11512,60.88525,61.208,60.647907,60.675915,60.939796,61.49812,61.101307,60.910286,60.547985,61.145233,61.044502,61.091106,60.659847,61.22487,61.301025,61.10855,61.184723,61.561184,61.230995,60.829308,61.261414,61.170113,61.087906,61.44545,61.351585,61.181717
47.18969,47.178497,46.664413,47.54505,47.07097,47.08006,47.420597,47.72325,47.0631,47.326923,46.794476,47.350086,47.335766,47.61694,47.166107,47.941196,47.72785,47.58471,47.470867,47.372437,47.312466,46.917988,47.564987,47.093956,47.745575,47.23107,47.218327,48.102486,46.979874,47.60149,47.3443
45.06986,45.21447,45.0851,44.83028,45.394753,45.300312,45.417377,45.098663,45.16056,45.4537,45.31639,45.314373,45.451504,45.13629,45.613564,45.407658,45.508057,45.3124,45.449047,45.457787,45.557278,45.540695,45.70522,45.65278,45.346878,45.275764,45.384853,45.49419,45.632637,45.65006,45.58951
48.039062,48.194473,48.015488,48.17021,48.58377,48.304104,48.207664,47.939487,48.20247,48.35235,48.048496,47.998383,48.688885,48.18803,48.72705,48.280834,48.320946,48.4257,48.365673,48.798336,48.996696,48.59625,48.387978,48.663506,48.51599,48.233925,48.799835,48.23274,48.914436,48.644054,48.98824
50.106834,49.607536,50.167717,49.985092,49.831154,50.212284,49.854527,50.07947,49.91533,49.480152,49.715626,49.934696,50.058876,50.206287,49.992264,50.06799,50.05452,50.374863,49.978374,50.030006,50.350113,50.450832,49.97099,49.96807,50.253643,50.199417,50.597485,49.93827,50.42129,50.263535,50.280865
44.96348,44.96532,45.00747,44.81609,45.067284,45.12762,45.00902,45.123634,45.19911,45.17564,45.03824,45.599804,45.352043,45.4699,44.972828,45.125626,45.45453,45.234264,45.077156,44.997673,45.25627,45.361713,45.75686,45.368744,45.373413,45.27256,45.387672,45.282745,45.022945,45.709637,45.070873
53.496605,53.721584,54.25315,53.730587,53.77224,54.065678,54.00132,53.961063,53.848713,53.74321,53.689163,53.809643,54.093605,54.054478,54.08892,53.96127,54.1137,53.998615,53.970932,53.912506,54.002754,54.207752,54.24789,54.21186,54.193493,54.21035,54.30449,54.192142,53.93855,54.061836,54.184616
49.804596,50.11155,50.340233,50.175083,49.91221,50.193665,49.830395,50.365772,50.48747,50.088284,50.281235,49.891544,50.190777,50.466003,50.169647,50.14341,50.13473,50.125652,50.39012,49.97115,50.05002,50.344894,50.27455,50.600464,50.479008,50.63353,50.3514,50.62071,50.335545,50.460636,50.36931
47.91892,48.24864,47.553085,47.929947,48.063698,47.86828,47.58928,47.89469,48.051285,48.062366,47.506958,47.705975,48.15842,48.16321,47.752563,47.841114,47.74057,48.03557,47.946556,48.175014,48.279095,48.281284,47.73605,48.106995,48.182316,48.282738,48.115356,48.17517,48.3866,48.256474,48.26969
36.625736,37.13441,36.552574,36.76195,36.601143,36.37052,36.323666,36.50421,36.977413,36.627087,36.783485,36.741924,36.619164,36.762306,36.549267,36.732845,36.687176,36.486416,36.6352,37.031574,36.87008,36.887325,36.929386,36.82924,36.914562,37.118027,36.65212,36.896103,37.208466,37.305294,36.914413
49.228138,49.28538,49.293816,49.107697,49.425713,49.45405,49.32412,49.510265,49.305195,49.38464,48.76906,49.22045,49.561535,49.5188,49.754036,49.410866,49.684376,49.71939,49.364193,49.355873,49.88672,50.025166,49.42649,49.65689,49.37467,49.197884,49.868317,49.744305,49.608025,49.710896,49.557518
45.824512,45.24326,45.346725,45.625114,45.773857,45.265728,45.12368,45.280575,45.14056,45.12695,45.292362,45.942734,45.795956,45.42747,44.982826,45.328617,45.559616,45.399868,45.548367,45.680965,45.361614,45.269352,45.806473,45.54567,45.341534,45.320755,46.051235,45.0945,45.677673,45.65997,45.58069
46.535072,46.318745,46.54145,46.315323,46.644318,46.611458,46.580746,46.369526,46.49472,46.61151,46.564156,46.823086,46.64726,46.700676,46.352505,46.61641,46.730762,46.879818,46.702,46.686607,46.767456,46.80815,46.750954,46.74031,46.61025,46.823944,47.10608,46.58346,46.908264,46.68476,46.77832
40.69357,40.54845,40.316116,41.250275,40.51348,40.418407,40.591766,40.720894,40.691856,41.008156,40.744568,41.32808,40.94261,41.028282,40.84348,40.615147,40.79689,41.412838,40.90533,41.263073,41.192936,40.671307,41.055187,40.620285,41.485165,40.88407,41.23242,41.062115,40.791584,41.04144,41.24185
49.95507,50.233932,50.130302,49.891888,50.31861,50.304016,50.264977,50.286373,50.547684,50.458324,50.228558,50.09851,50.22003,50.247578,50.66599,50.43995,50.402573,50.47444,50.55846,50.252098,50.73034,50.68441,50.607533,50.90693,50.48928,50.322945,50.571564,50.595364,50.67264,50.74408,50.589916
46.597107,47.003864,46.803818,46.155777,46.9498,46.719654,46.367374,46.678684,46.892242,46.61949,46.307247,46.719395,46.860065,46.861076,46.771275,46.43403,46.89063,46.52638,46.573856,46.79471,46.816936,47.37228,46.86745,47.20926,46.664093,47.194283,47.095573,46.792538,46.881554,47.22605,46.919685
42.44321,42.052414,41.871162,42.359978,42.098434,41.746307,41.96937,42.257057,41.801956,41.698944,41.726715,42.405334,42.044846,42.483807,41.88223,42.500935,42.180027,42.238407,42.160873,42.41295,42.1284,42.12555,42.3014,41.81466,42.44442,42.535942,42.39323,42.290432,41.954224,42.561672,42.578003
42.753487,43.183334,43.27456,43.02141,43.13218,42.818424,43.066566,42.84961,43.079937,43.10806,43.262493,43.15754,43.40561,43.06079,43.613758,43.099064,43.25952,43.13364,43.37479,43.586304,43.24401,43.29971,43.695408,43.644737,43.494377,43.341072,43.449314,43.23919,43.150333,43.329487,43.874245
38.07368,37.673676,37.921875,37.375175,37.66736,37.678726,37.85833,37.76592,37.521168,37.579735,37.53948,38.070614,37.649513,38.11232,37.712173,38.26098,37.731922,38.261673,37.961857,37.489475,37.84782,38.443726,37.71556,37.937836,37.53338,37.93226,38.256145,38.00664,38.1443,37.815678,38.174973
44.910294,44.645157,44.591805,45.25037,44.389175,44.762287,44.637077,45.2485,44.625164,44.65524,44.531525,45.004868,44.688484,45.087173,44.47955,44.85263,44.841774,45.065838,44.760918,44.813377,44.75245,44.712563,44.732983,44.24597,45.081062,45.070503,44.7648,45.442627,44.760715,45.038555,44.56777
45.259373,45.51649,45.990746,45.597683,45.116966,45.857273,45.960884,45.905018,45.89771,45.55035,45.74983,45.654095,45.29363,46.1342,45.477783,46.090496,45.91307,46.01364,45.6149,45.53612,45.850616,46.205494,45.81299,45.63745,46.18859,46.54979,45.929607,46.289223,45.86038,45.970043,45.78576
41.42421,41.138622,41.29489,41.69395,41.196655,41.90896,41.99246,42.24349,41.377316,41.498356,41.435184,41.587143,41.57311,41.752327,41.54721,42.132874,41.675148,42.2283,41.701363,41.51777,41.61967,41.712585,41.25967,41.573715,41.98527,41.95347,41.87887,42.351067,41.601723,41.409607,41.80277
49.841488,49.93352,49.733055,49.805355,49.762016,49.852097,49.73321,50.03811,49.863758,49.821297,50.0009,49.97714,49.72701,49.845863,49.87303,49.74803,49.7344,49.50403,49.943203,49.935932,49.71022,49.993706,50.072872,50.038506,50.18784,50.52751,49.798653,50.26767,50.263103,50.48956,50.14357
55.460133,55.236305,55.667694,55.336548,55.507607,55.566246,55.613358,55.4739,55.690556,55.680336,55.664993,55.906757,55.496067,55.955357,55.77248,55.78106,55.8679,56.014812,55.962738,55.707123,55.906876,55.701706,56.211533,55.739532,56.056744,55.980667,56.038555,55.808983,55.670837,56.07997,55.961094
55.36767,54.787113,55.59118,55.149597,55.3684,55.382862,55.24669,55.280167,55.139584,55.02462,55.467304,55.247242,55.28083,55.37132,55.423004,55.374474,55.2459,55.41837,55.59634,55.307262,55.46201,55.683117,55.536118,55.462616,55.309326,55.625137,55.75128,55.310883,55.492474,55.565094,55.618057
53.02608,53.23424,53.118515,53.106773,53.127556,53.12193,53.232067,53.110447,53.054447,53.402626,53.19605,53.04608,53.321297,53.243675,53.459602,53.062237,53.159718,53.39553,53.5824,53.526897,53.34057,53.364735,53.553852,53.2843,53.749054,53.559357,53.169857,53.507164,53.29072,53.347084,53.729836
39.174023,39.03818,39.29827,39.964546,39.11992,39.511986,39.336624,39.822083,39.489155,39.30324,39.83739,39.658344,39.509285,39.65037,39.419838,39.49186,39.623413,39.56031,39.471424,39.86514,39.34101,39.12088,39.48596,39.298286,40.057823,40.19124,39.713524,39.982117,39.400787,39.748444,39.709057
46.329796,46.279194,45.88511,46.35453,46.13868,46.226246,46.021896,46.327568,46.251755,46.258205,46.385784,46.502285,46.397377,46.14262,46.30571,46.2504,46.130093,46.18182,46.297817,46.63943,46.293705,46.12583,46.20962,46.35118,46.469784,46.643448,46.2522,46.692543,46.857708,46.675003,46.493237
55.020752,54.956482,54.72711,55.29686,54.896294,54.869602,55.398643,55.309784,54.98676,55.135895,55.685852,54.810272,54.913284,54.69187,55.416317,55.41846,55.10114,55.03384,55.575867,55.596786,55.18387,55.220917,55.434967,55.413536,55.76176,55.589554,54.898903,55.683002,55.43531,55.44608,55.725037
52.378666,52.42074,52.712654,52.612686,52.475754,52.441418,52.794147,52.474247,52.633514,52.77261,52.86646,52.7407,52.650642,52.73738,52.844963,52.92549,52.875538,52.909206,52.99404,52.835224,52.867046,52.84453,53.059177,53.056076,52.966488,52.8668,53.096302,53.043083,53.013546,52.8494,53.16851
37.913563,37.877216,37.55638,37.47233,37.892326,37.96101,37.465935,37.8942,38.06266,37.706226,37.390705,37.76195,37.81533,38.448963,37.47236,37.882725,37.826267,38.128952,37.75079,37.594917,38.14722,38.47155,37.665375,37.976616,38.053013,38.27565,38.29119,37.799606,38.18918,38.36257,38.109043
50.449146,50.83042,50.94899,50.599186,50.54206,50.824547,51.024227,50.81546,50.859543,50.925385,51.128445,50.912384,50.9067,50.840652,51.357277,50.757248,51.0679,50.90957,51.15766,51.14264,50.827595,51.06562,51.463318,51.302307,51.6628,51.42681,50.976288,51.217068,51.054024,51.195957,51.600082
62.680912,62.72658,62.465324,62.77378,62.8638,62.834774,62.83196,62.933315,62.744938,63.049957,62.884098,62.668427,63.01205,62.573307,63.14827,62.54441,63.03351,62.729443,63.005867,63.287205,63.119415,63.036156,63.246033,63.00815,63.311726,63.085434,62.72885,63.259342,63.004604,63.365692,63.000122
45.543766,45.17879,45.27082,45.243767,45.772697,45.775036,45.85941,45.595894,45.623684,45.80958,46.1834,45.665688,45.590694,45.25321,45.562943,45.76855,45.93932,45.684555,45.790714,45.701443,45.890617,46.074554,45.771812,46.189896,45.47641,45.72663,46.003986,45.789627,46.316074,45.920345,45.677216
44.931896,45.15966,44.911163,44.88796,45.243866,44.825127,44.615047,44.67331,45.23056,44.859432,44.752884,45.127514,45.299286,45.056187,45.044804,44.995457,45.380615,45.0027,44.936523,45.471626,45.47393,45.182373,45.41414,45.362686,45.09399,44.994774,45.520763,44.87303,45.451977,45.5966,45.23631
36.637962,37.222748,36.637253,36.57423,36.43107,36.804222,36.99222,37.019768,37.349022,37.098454,37.21823,36.875954,36.477436,36.916542,37.258812,37.056683,37.113544,37.198948,37.066643,37.1131,37.188663,37.510555,37.08282,37.335396,37.61748,37.573517,36.89308,37.509785,37.56969,37.45992,37.452957
51.949333,51.922882,52.23398,52.55299,52.12233,52.391304,52.35256,52.53634,52.240524,52.31782,52.116043,52.677895,52.62197,52.61518,52.49792,52.2606,52.549236,52.51133,52.345734,52.31225,52.599842,52.273346,53.0815,52.417847,53.06207,52.341827,52.686005,52.605164,52.067875,52.91616,52.50537
41.037777,41.69685,41.135063,41.503925,41.332405,40.542454,41.432453,40.800476,41.23105,41.631466,41.556355,41.458977,41.318108,41.005077,41.742455,41.595745,41.838707,41.264587,41.576218,42.25435,41.63672,41.29518,41.932884,41.62552,41.499622,41.33178,41.480526,41.811607,41.78838,41.63592,41.963455
58.60882,59.029587,58.72307,59.00251,58.708168,58.782364,59.1334,59.174988,58.87605,58.968536,58.928272,58.753147,58.917095,58.555492,59.208595,58.907013,59.39395,58.70574,58.909317,59.455784,59.083427,59.183228,59.37603,59.11753,59.420856,59.278328,58.764355,59.64788,59.032642,59.40606,58.998367
50.06941,49.95576,50.18232,50.526333,49.601967,50.039,49.595898,50.481197,50.31777,49.7706,49.76035,50.22579,50.08588,50.5717,50.172398,49.744347,50.19032,50.485443,50.02753,50.120625,50.401127,50.42818,50.37319,49.87977,50.86192,50.377556,50.428444,50.405136,50.00089,50.720596,50.15142
53.108208,52.998917,53.55475,53.201584,53.711967,53.84627,54.010357,53.54538,53.64295,53.91746,53.988934,53.702774,53.607166,53.486122,54.019737,53.67886,54.059715,53.85954,53.860416,53.757095,54.10828,53.973885,54.21932,54.132683,53.920006,53.836243,54.17324,53.831425,53.82865,54.042362,53.908775
43.380466,43.01553,42.893494,43.02287,43.9336,43.22889,43.387928,42.94227,42.90956,43.425484,43.568176,43.20729,43.53851,43.233482,43.004044,43.588726,43.415257,43.10602,43.507355,43.816628,43.334385,43.37956,43.148613,43.532776,42.948036,43.809135,43.726906,43.2741,43.723858,43.378807,43.850796
43.702892,43.541866,44.198906,43.5204,43.556053,44.32815,43.97367,44.14292,43.868557,43.72099,43.953453,44.008053,43.63007,43.929142,43.803036,43.795162,43.823006,44.183117,43.94394,43.618896,43.765022,44.167755,43.83184,43.83029,43.94147,44.439735,44.07967,44.179688,44.070633,43.850468,43.76157
52.3409,52.46894,52.7061,52.28422,52.54689,52.443813,52.714993,52.339813,52.53307,52.880737,52.972984,52.779774,52.558266,52.543022,52.684647,52.779327,52.880493,52.56149,52.974785,52.741005,52.49351,52.562275,53.04684,52.921814,52.508858,52.877014,52.700134,53.092773,52.927937,52.745037,52.754192
53.822212,53.803772,53.848114,53.91419,53.835403,53.739788,53.727047,53.91322,53.845055,53.946262,53.59455,54.05188,54.16993,54.30137,54.09835,53.929466,54.10068,54.10558,54.05171,53.93675,54.178307,54.208866,54.321884,54.136818,54.263905,53.959976,54.298954,54.255756,53.995586,54.41766,54.280273
58.131943,58.229324,58.494545,58.593376,58.66005,58.43377,58.394535,58.3759,58.559696,58.40085,58.638073,58.058987,58.74154,58.596428,58.82702,58.74394,58.68226,58.225075,58.74806,58.765137,58.83204,58.61799,58.90602,59.01262,58.839157,58.738632,58.87985,58.71669,58.878265,59.128857,59.10838
39.99647,40.235195,40.029854,39.681232,40.216522,39.95807,40.03668,39.83278,40.346325,40.165657,40.03277,40.106995,40.076633,40.279663,40.04615,40.5665,40.524483,40.474144,40.36702,40.35383,40.343113,40.33276,40.180775,40.57895,40.034515,40.320633,40.635967,40.2992,40.637573,40.20944,40.48664
46.572445,46.49062,46.59105,46.11944,46.866302,46.747112,46.684483,46.574806,46.770615,46.684258,46.928883,46.665485,46.70907,46.28186,47.107697,46.647015,47.031654,46.80082,47.00974,46.92966,46.90658,46.995594,47.07799,47.34263,46.69252,46.67305,47.056644,46.672665,47.13093,46.967693,46.99187
56.113564,56.26914,56.498352,56.590256,56.38526,56.458935,56.00793,56.35792,56.837265,56.432507,56.413902,56.42012,56.772297,56.76869,56.875248,56.494373,56.441963,56.69208,56.757195,56.717148,56.90091,56.272526,56.848248,56.84278,57.00768,56.616394,56.88882,56.67921,56.737232,56.996956,56.914803
49.021862,49.514587,49.29383,49.42189,49.23165,49.366077,49.379215,49.306416,49.575245,49.80562,49.806526,49.46872,49.633656,49.326706,49.98365,48.900047,49.528454,49.46015,49.52916,49.980377,49.779797,49.910046,49.777187,49.87793,50.19069,49.998436,49.642807,49.835743,49.971844,49.94841,50.115326
48.987488,48.79148,49.106102,48.565933,49.26039,49.296516,49.389896,49.23423,48.97558,49.245373,49.002728,49.09754,49.12121,49.338646,49.430893,49.462112,49.58141,49.421055,49.404484,49.022118,49.367798,49.602856,49.467224,49.399857,49.12295,49.27507,49.473995,49.510918,49.155094,49.466496,49.36528
43.67542,43.858677,43.993996,43.536633,43.72216,43.694965,44.016933,43.637604,43.587376,43.74522,43.81367,43.905075,43.878773,43.89534,43.377853,44.070896,44.041607,43.73422,43.810074,43.71634,43.64517,44.247974,44.067974,44.07126,43.66782,44.088898,44.02017,44.049435,44.075886,43.802776,43.90112
48.089737,48.240433,48.295776,48.530243,48.2144,48.553936,48.443424,48.60092,48.55924,48.468487,48.609814,48.060154,48.500984,48.54403,48.61142,48.648888,48.48511,48.5883,48.683136,48.50168,48.637566,48.602097,48.46108,48.753296,48.893295,48.742645,48.61091,48.928375,48.87667,48.693718,48.84447
40.772163,40.779022,40.56385,40.57611,40.739624,40.79664,40.867588,40.98311,41.143307,40.878357,40.94122,41.10196,40.706238,41.20938,40.95925,41.50678,41.341515,41.249714,41.11012,41.11905,41.01915,40.8441,41.05598,41.12626,41.210762,41.39856,41.18092,41.394474,41.09917,41.339672,41.25208
43.01952,42.760593,43.630356,43.27504,43.390358,43.598145,43.492096,43.367558,43.12565,43.32044,43.51384,43.340412,43.594196,43.971085,43.30506,43.7434,43.327568,43.57216,43.570312,43.227104,43.32446,43.499622,43.355022,43.45469,43.439823,44.010757,43.925076,43.658092,43.275333,43.377136,43.890602
56.623543,56.308064,56.35634,56.307396,56.63247,56.849525,56.740276,56.824135,56.745846,56.697575,56.65626,56.577026,56.64319,56.853745,56.44864,57.04703,56.726032,56.957417,56.93026,56.492737,56.902737,56.914032,56.85486,56.92459,56.90733,56.94416,56.79814,56.95731,56.83322,56.99498,56.696774
48.880295,48.713722,48.973923,48.988445,48.981377,48.95154,48.84278,49.033016,48.818005,48.711403,48.95008,48.979237,49.464764,49.161663,49.066498,49.279648,49.33513,48.971695,49.28423,49.07161,48.73664,48.76922,49.263718,49.46807,49.171867,48.977486,49.430042,49.2067,49.1599,49.112614,49.476383
53.034565,53.251923,53.11947,53.573956,53.10682,53.240208,53.081627,53.44392,53.59551,53.667805,53.446274,53.57995,53.55277,53.555935,53.666786,53.118256,53.397396,53.60039,53.668694,53.50617,53.578,53.238304,53.826115,53.71373,54.077675,53.50023,53.607098,53.84655,53.563602,53.85926,53.718616
38.069214,38.1632,38.036674,37.891804,38.423203,38.551678,38.605896,38.476585,38.17329,38.588005,38.607643,38.65528,38.591442,38.239662,38.38442,38.487255,38.527958,38.22187,38.431396,38.296146,38.17618,38.402077,38.69358,38.77919,38.378384,38.601753,38.346996,38.7371,38.427235,38.611523,38.459377
55.77049,55.63588,56.595108,55.9626,56.148132,56.278442,56.34723,56.106857,55.979397,55.915146,56.113483,56.22095,56.29302,56.452934,56.072952,56.448627,56.542946,56.13529,56.281727,56.018017,56.132298,56.269596,56.761,56.396645,56.277332,56.45228,56.697685,56.295387,55.990494,56.391243,56.320007
53.971558,54.01652,54.00762,54.36446,53.823006,53.946648,54.13881,54.258488,54.27112,54.104702,54.220013,54.043972,54.02807,54.258373,54.353127,54.559254,54.375313,54.338596,54.42761,54.342655,54.419662,54.193054,54.44265,54.35501,54.633217,54.332596,54.325954,54.753708,54.56053,54.609474,54.501266
47.409813,47.635715,47.134224,47.05248,47.051468,46.918865,47.014694,47.217537,47.58696,47.339195,47.25949,47.425125,47.123344,47.494186,47.70823,47.406384,47.54776,47.58752,47.595848,47.628002,47.581707,47.735847,47.622025,47.64161,47.78717,47.65191,47.452927,47.734303,47.83903,47.94063,47.90083
49.73166,49.24366,49.37317,49.09782,49.617065,49.483307,49.119617,49.36378,49.41718,49.21747,49.40647,49.73106,49.483948,49.513485,49.238,49.310966,49.56959,49.456055,49.63875,49.438046,49.39791,49.565666,49.73049,49.67119,49.43644,49.63417,49.85201,49.254288,49.829853,49.87338,49.581974
43.285862,43.289135,43.317398,42.655025,43.55597,43.3133,42.93245,43.204823,43.575504,42.97021,43.03757,43.195255,43.26256,43.46126,42.660206,43.71044,43.199474,43.407005,43.536346,43.01072,43.01607,43.374725,43.00365,44.034943,42.84575,43.65126,43.926212,43.156734,43.59815,43.077248,43.44449
41.116665,41.299118,40.968567,41.279324,40.781464,41.0669,40.55295,41.32468,41.423496,40.94741,40.952232,41.31843,41.12055,41.483944,40.762493,40.885513,41.014297,41.187294,41.043076,41.067356,41.066555,41.14192,41.218506,41.047188,41.56697,41.54004,41.127396,41.373528,41.281803,41.612072,41.043087
51.37844,51.95703,51.616417,51.812855,51.396675,51.90521,51.46328,51.83568,52.190186,51.79139,51.400402,51.806057,52.033855,52.187725,51.75526,51.7631,51.84022,51.930836,51.525192,51.896297,52.24844,51.940495,51.993427,51.845665,52.433926,52.14357,51.811775,52.24711,52.106976,52.443207,51.77019
36.19616,36.418064,36.57399,36.33917,36.511024,37.038082,37.101334,36.949635,36.740513,37.140087,36.84322,36.80559,36.751907,37.208355,36.783455,37.21436,36.812355,37.197666,36.877125,36.452744,36.832096,37.023296,36.6519,36.96929,36.923397,37.295853,36.952087,37.50634,36.76586,36.775837,37.006233
57.957283,57.538635,57.75849,58.038532,57.71743,57.820255,58.23228,58.053555,58.02724,58.410233,58.27639,58.366524,57.825848,58.395885,58.007725,58.31242,58.31781,58.52861,58.188755,58.032536,58.59903,58.62187,58.387318,58.0671,58.373596,58.34829,58.388016,58.720493,58.286915,58.623863,58.131367
47.66803,47.514103,48.183388,48.238052,47.388824,48.287655,48.061325,48.346344,48.251198,48.14235,48.512093,47.937984,47.80148,48.524136,47.81711,48.10167,47.899925,48.627136,48.34026,47.8015,47.990643,48.267452,47.757603,48.075012,48.62592,48.890358,48.41951,48.702778,48.355408,47.931614,48.30831
50.617733,50.133617,50.555244,50.542423,50.696304,50.766346,50.836357,50.720104,50.34992,50.523212,50.583164,50.82262,50.69588,50.74379,50.55934,51.057434,50.835705,50.83547,50.7784,50.72767,50.760822,50.63602,50.77368,50.64527,50.620987,50.871147,51.052254,50.935577,50.791763,50.824036,50.797157
39.90337,39.826633,39.982155,39.531292,39.936157,39.905018,40.026108,39.76881,39.944084,40.101192,40.13342,40.250923,39.81033,40.265274,40.18778,40.30922,40.35693,40.075348,40.053932,40.011906,40.17356,40.426952,40.09632,40.195244,39.816505,40.377342,40.408897,40.419506,40.638397,40.5209,40.373795
53.851154,53.587524,53.693176,53.81488,53.89566,53.80614,53.80643,53.989677,53.825165,54.11969,53.919037,54.12763,53.920963,54.43781,54.25292,54.007153,53.920338,54.102562,54.198753,54.03497,54.19464,54.081127,54.33797,53.851273,54.415394,54.47419,54.052723,54.395508,53.74498,54.66404,54.410053
52.575798,52.378532,52.700127,53.040565,52.575836,52.934547,52.860977,53.194035,52.589973,52.924294,52.630444,53.035583,53.13155,53.15663,53.077347,52.63413,53.089542,53.072346,52.79865,52.813015,52.988934,53.153347,52.993004,52.93466,53.323776,53.042824,53.338417,53.44319,52.82496,53.221844,53.12459
47.62872,47.28674,47.586327,47.777237,47.459686,47.532818,47.49715,47.53057,47.793335,47.502586,48.276295,47.86438,47.561028,47.786,47.90161,48.027695,47.826252,47.64505,47.9862,48.002956,47.786686,47.436596,48.03978,47.82728,48.058144,48.1232,47.907467,47.951588,48.296364,48.347275,48.19704
43.50841,43.85124,43.5067,43.718918,43.541283,43.33389,43.87508,43.495693,43.199696,43.997307,43.611652,43.800804,43.91882,43.680717,43.96028,43.569904,43.511433,43.770466,43.834488,44.00999,43.750607,44.08059,43.85493,43.834076,44.0401,43.955627,43.76206,44.164436,43.91543,43.716007,44.46977
48.58015,48.92054,48.62359,48.856033,48.95491,48.781876,48.821556,48.85219,48.758358,48.869072,48.810257,48.550964,49.028137,48.959145,48.6906,49.25651,48.65906,48.434402,48.964348,48.85414,48.779266,48.820362,48.885807,49.1961,48.90024,49.234505,48.801807,49.30823,49.190582,49.18892,49.212822
51.967743,51.38854,51.154205,51.59906,51.635735,51.822815,51.739853,51.947693,51.9312,51.904087,52.1803,51.986958,51.41883,51.527027,51.812023,51.699608,51.769184,52.087772,51.95081,52.005306,52.264133,52.130802,51.940678,51.837982,52.186523,52.142548,51.83748,52.015377,52.30857,52.44811,51.80263
45.556324,45.250988,45.323692,45.7072,45.57746,45.359776,45.55355,45.359352,45.44849,45.697586,45.50771,45.670284,45.696167,45.9726,45.71352,45.821262,45.739902,46.012383,45.68031,45.786545,46.2603,46.089184,45.728474,45.661507,45.848904,45.63498,46.232227,45.78902,46.06057,46.084282,46.176052
45.83036,46.34159,46.16411,46.00097,46.01233,46.127876,46.342186,46.278,46.464497,46.25571,46.17332,46.48041,46.12746,46.4521,46.591984,46.742462,46.732483,46.325977,46.321156,46.6353,46.432415,46.09805,46.846024,46.37127,46.767117,46.783806,46.246525,46.875523,46.218925,46.887386,46.532463
56.674133,56.99022,57.048653,56.76468,56.903206,56.891766,56.768406,56.875717,57.118664,56.86103,56.99794,56.68517,57.047867,57.039135,57.19111,56.94526,57.412804,56.69856,57.21981,57.09737,56.972183,57.047367,57.580406,57.380547,57.366756,57.175392,57.056934,57.203842,57.27024,57.567097,57.267822
41.565,42.097317,41.79535,41.6542,42.000328,41.477356,41.45273,41.49512,41.96237,41.892883,41.194565,41.994007,42.15915,42.587543,41.891663,42.019394,42.130054,41.984257,41.769665,42.046425,42.235397,42.11104,42.21966,42.044678,42.060127,42.084045,42.376865,42.001335,41.758816,42.435467,42.369247
51.382236,51.14902,51.483093,51.223385,51.769302,51.652077,51.40185,51.41652,51.465313,51.599075,51.39676,51.42908,51.818207,51.74342,51.511375,51.760677,51.590004,51.72677,51.760357,51.42298,51.7642,51.701557,51.55386,51.88498,51.257275,51.51214,52.008717,51.710278,51.76854,51.647747,51.661343
38.043816,37.95855,37.854736,38.296066,38.192482,37.658157,37.745182,37.865173,38.142143,38.241802,38.396675,38.21665,38.097603,38.282116,38.102863,38.12427,38.170216,38.168213,38.359154,38.370934,38.304195,38.16995,38.306023,38.294693,38.153988,38.24801,38.507545,38.27176,38.389847,38.51999,38.530666
53.03797,53.138897,53.04856,53.133587,52.96472,53.271408,52.979614,53.47087,53.41024,53.069633,52.89355,53.047062,53.057278,53.350594,53.23093,53.190655,53.44119,53.357353,53.219463,53.23564,53.45114,53.380783,53.39027,53.181793,53.59517,53.45556,53.26515,53.616074,53.318447,53.72743,53.101894
46.81386,47.52537,47.32531,47.36025,47.310143,47.507523,47.501217,47.376846,47.488335,47.79343,47.31542,47.023304,47.67916,47.560856,47.963737,47.402386,47.35255,47.680866,47.63042,47.720776,47.92294,47.678013,47.70043,47.576447,48.02386,47.69303,47.328857,47.943893,47.476765,47.663708,47.904034
48.312042,48.395134,48.543404,47.934742,48.12265,48.394985,47.993423,48.32175,48.535526,47.870377,47.944324,47.983135,48.16934,48.478294,48.291023,48.47698,48.30362,48.601875,48.485607,48.228992,48.411453,48.67572,48.21864,48.535934,48.41136,48.587296,48.591858,48.37376,48.73766,48.406464,48.537125
50.96205,51.09851,50.92579,51.274506,51.056587,51.305183,51.310074,51.54142,51.454704,51.456673,51.244297,51.384197,51.42339,51.361294,51.98764,51.34055,51.63007,51.631245,51.36324,51.676163,51.881573,51.577217,51.688538,51.57113,52.024372,51.503807,51.52105,51.914196,51.435265,52.01663,51.703793
44.94435,45.20348,45.260857,45.323174,44.979385,45.601948,45.806446,45.847454,45.448376,45.502365,45.415314,45.68095,45.399136,45.683834,45.718376,45.695137,45.778156,45.760002,45.44213,45.56381,45.50488,45.60515,45.72407,45.636734,46.281063,46.14206,45.6862,46.18106,45.35808,45.800644,45.900772
43.24106,42.910206,43.163574,43.513763,42.803764,43.109356,43.048218,43.420654,43.385906,42.94976,43.551968,43.24196,42.904144,43.187126,42.939697,43.46552,43.190407,43.584316,43.558266,43.18873,43.186817,43.097366,43.289368,43.272964,43.493786,43.36483,43.43444,43.47911,43.567745,43.260674,43.236683
52.636585,53.106598,52.8491,53.209484,52.92462,53.09379,53.114624,53.18661,53.08871,53.16339,52.802147,53.28167,53.505806,53.12086,53.2382,53.08357,53.192463,53.12547,52.97347,53.4729,53.36223,52.99529,53.559036,53.269287,53.739803,53.338425,53.16263,53.537025,52.99488,53.49117,53.28361
47.631355,47.317055,46.55108,47.283253,47.324875,46.7365,47.2461,47.19723,47.266953,47.678093,47.32668,47.730297,47.03738,47.23417,47.26421,47.575832,47.453323,47.755993,47.667107,47.6851,47.72803,47.45298,47.532497,47.424065,47.437996,47.271034,47.508423,47.738758,47.747746,47.73942,47.575115
42.84612,43.045334,42.98388,42.939796,42.759186,42.819653,42.742714,42.92274,43.32726,43.098255,43.430923,43.290493,42.91056,43.155018,43.386547,43.199944,43.148113,43.14883,43.448727,43.315567,43.033493,42.683674,43.559566,43.20153,43.453876,43.387413,42.953945,43.451866,43.28215,43.544598,43.3706
39.537743,39.892155,39.76532,39.64036,39.887383,39.75712,40.05917,39.7622,40.029095,39.795696,40.171432,39.579975,39.835056,39.68919,39.982468,40.451214,40.275784,39.83054,40.092564,40.129868,40.030704,40.109657,40.1233,40.534683,39.975307,40.07052,40.152,40.150265,40.427086,40.10823,40.336018
39.93339,39.91906,39.762474,39.650505,39.952538,39.81899,39.88887,39.782455,39.615078,39.87348,39.591045,40.04531,40.194923,40.129368,39.750484,40.29278,39.89247,40.158535,40.12887,39.90187,39.79878,39.88599,39.916176,40.087364,39.80979,39.928642,40.143066,40.126335,40.09426,39.77577,40.28518
46.18233,46.337006,46.389336,46.205593,46.076553,46.342674,46.16231,46.445576,46.55374,46.281944,46.147724,46.658398,46.32481,46.665485,46.28731,46.48875,46.507317,46.65804,46.390385,46.391495,46.42464,46.393383,46.546364,46.44082,46.615967,46.747925,46.613773,46.77044,46.440727,46.639835,46.394535
51.207317,51.07728,51.195465,51.1338,51.07943,51.281906,51.211517,51.396755,51.618687,51.065506,51.409786,51.709694,51.041615,51.231457,50.926357,51.54849,51.616806,51.420494,51.428802,51.27318,51.307293,51.090122,51.87692,51.58773,51.596798,51.50277,51.565914,51.411743,51.507526,51.73955,51.064644
58.652527,58.356705,58.250465,58.381527,58.747818,58.580532,58.45993,58.67841,58.36226,58.478184,58.074078,58.636692,58.878494,58.57504,58.706333,58.57195,58.731445,58.70567,58.697605,58.681458,58.865856,58.737125,58.935135,58.791054,58.772984,58.414078,58.859585,58.69036,58.595974,59.005505,58.732735
55.43045,55.606205,55.422577,55.1855,55.741074,55.345932,55.643993,55.417156,55.52085,55.733303,55.397617,55.71226,55.689186,55.44399,55.744633,55.50328,55.861965,55.5734,55.75744,55.68158,55.845856,56.08734,56.20535,56.246376,55.77995,55.55625,55.993454,55.688374,55.809666,56.022167,55.950573
54.93776,54.6658,54.8067,55.23742,54.963654,55.046505,55.17947,55.23105,55.20321,54.99703,55.31801,54.93213,54.944023,55.03856,55.343594,55.475853,55.389084,55.386562,55.43171,55.502247,55.512173,55.086975,55.39138,55.291878,55.67748,55.37844,55.431164,55.4476,55.407925,55.55157,55.52165
43.79384,44.072567,43.59787,44.00012,43.70398,43.87299,43.984013,43.87803,44.053,44.366028,44.32112,44.124275,44.01129,43.619064,44.110786,43.52047,43.970795,44.259056,44.058002,44.451794,44.347908,44.36036,44.179104,44.1569,44.492363,44.20723,43.976025,44.30024,44.537895,44.17822,44.17964
49.00221,49.173313,48.87005,49.27811,48.96958,49.193676,48.969303,49.110283,49.3471,49.212452,49.202423,49.112534,49.441086,48.924458,49.476124,49.020042,49.335094,49.42496,49.301495,49.598717,49.63696,49.18951,49.459965,49.419823,49.66501,48.988617,49.276157,49.384735,49.808918,49.527996,49.349556
44.95496,45.336887,44.844414,45.12356,44.967865,44.903324,45.3718,45.200382,45.0269,45.389244,45.327152,44.977623,45.231403,45.15427,45.42724,45.368217,45.61146,45.06918,45.36523,45.408382,45.21147,45.56718,45.49482,45.544632,45.59379,45.371788,45.12907,45.837288,45.632713,45.59528,45.71873
50.64764,50.686104,50.62182,50.596497,50.446693,50.406452,50.682056,50.59844,50.516464,50.758778,50.88255,50.819946,50.499283,50.692333,50.67458,50.638046,50.50544,50.67761,50.89961,50.89825,50.596252,50.932137,50.856804,50.741737,50.993317,51.3366,50.671295,51.098965,50.920307,50.90155,51.127666
49.169884,49.011787,49.59249,49.506145,49.44291,49.50545,49.457943,49.353836,49.315384,49.30924,49.540108,49.44144,49.588196,49.60689,49.130722,49.49906,49.48371,49.56067,49.59449,49.50026,49.441578,49.473824,49.633965,49.60823,49.633263,49.816673,49.987904,49.460484,49.509186,49.41815,49.707497
65.57046,65.29076,65.07209,65.91726,65.45053,65.75157,65.618515,66.08572,65.596596,65.542625,65.47063,65.40068,65.705765,65.282486,65.8767,65.52391,65.58832,65.74087,65.66156,65.969154,66.15594,65.80895,65.76975,65.70643,66.28855,65.718956,65.6345,66.09071,65.883316,66.19582,65.674614
63.78547,63.40263,63.494392,63.442337,63.956192,63.576466,63.555576,63.51676,63.601887,63.82864,63.81456,63.554684,63.908672,63.508038,64.25046,63.78009,63.99173,63.663006,64.21619,63.8812,64.03073,63.89102,64.11603,64.32011,63.64954,63.396507,64.05842,63.943886,64.417435,64.25889,64.14229
47.297848,47.578854,47.209892,47.26053,47.395226,47.3522,47.24142,47.49661,47.78365,47.525826,47.401634,47.912025,47.58519,47.80764,47.562023,47.737095,47.576843,47.453957,47.514355,47.61581,47.629932,47.440655,47.9333,47.88291,47.916515,47.96682,47.649265,47.88409,47.658993,48.26508,47.80128
49.448452,49.818222,49.806473,50.16957,49.670227,50.21076,50.038067,50.12906,49.888256,50.079807,49.705414,49.92281,50.276733,49.902912,50.099567,49.655315,49.612278,50.165222,49.71881,50.097878,50.447453,50.29865,49.99659,50.006897,50.537086,50.2098,50.093452,50.34818,50.11844,50.147804,50.101326
48.30384,48.196255,48.473755,48.751534,48.10765,48.09667,48.33562,48.331585,48.33181,48.5056,48.809574,48.65165,48.565987,48.773193,48.89846,48.66404,48.4799,48.60437,48.827023,48.71133,48.55147,48.424263,48.852005,48.585327,48.96074,48.746902,48.685272,49.00162,48.746586,48.898632,49.20839
37.022873,36.910393,36.755737,37.026554,36.961502,36.882122,37.12646,37.17572,36.77255,37.10792,37.014957,37.399155,37.14245,37.22746,37.002857,37.451862,37.44412,37.137573,37.16031,37.115105,36.877193,36.9511,37.17966,37.133682,37.000153,37.13539,37.272545,37.643173,37.217865,37.2705,37.253334
44.398785,44.423393,44.36625,44.049595,44.65831,44.42731,44.465557,44.400906,44.440628,44.750263,44.46571,44.475708,44.554962,44.472675,44.835537,44.64655,44.67912,44.84096,44.94426,44.645332,44.627552,44.64963,44.613136,44.871887,44.34722,44.505478,44.76494,44.847576,44.71055,44.506607,44.82918
54.355705,54.65772,54.319145,54.380783,54.900017,54.5417,54.6725,54.466785,54.78572,54.88292,54.658417,54.48806,54.713093,54.328365,55.003796,54.524715,54.899082,54.594555,54.795574,55.06139,55.23764,55.08366,55.14592,55.25788,54.9665,54.71968,54.972054,54.75217,55.109726,55.257385,55.038963
52.570217,53.3915,53.057648,52.692135,52.68289,53.023914,52.647205,52.973354,53.350224,52.9935,52.64485,52.4046,53.070347,53.113857,53.162483,52.83451,52.89695,53.023174,53.113598,52.877117,53.158714,53.422054,53.05433,53.42962,53.376038,53.191223,52.878723,53.380352,53.4376,53.23211,53.197453
56.02358,55.80202,55.850266,56.146973,56.11824,56.214127,56.01768,56.221115,56.322666,56.033672,56.180744,56.039127,56.21712,55.966614,56.4054,56.211514,56.521294,56.418304,56.415882,56.527866,56.623688,56.035465,56.66201,56.317154,56.641777,56.042397,56.34944,56.25091,56.35943,56.654312,56.207664
45.108665,45.030434,45.47515,44.864605,45.511078,45.68543,45.415684,45.409134,45.52498,45.14907,45.32059,45.3941,45.484978,45.423336,45.2336,45.727776,45.80115,45.507782,45.445465,45.259266,45.44422,45.528694,45.564674,45.922676,45.223854,45.530838,45.9825,45.411263,45.631287,45.52591,45.375984
41.572193,41.682606,42.124237,41.78533,41.80462,42.075848,41.672108,41.95699,42.214653,41.741997,41.891006,41.99405,41.979454,42.109333,42.134003,41.79769,42.187218,42.24245,42.000206,42.013702,42.18135,42.087025,42.236916,42.20205,42.26482,42.15753,42.498596,41.957127,42.02755,42.245533,42.12591
47.71159,47.875713,47.929565,48.158226,48.46768,48.023327,47.917645,47.83162,48.099392,48.479553,48.28952,47.849182,48.440994,47.885876,48.381535,47.95138,47.987843,48.109367,48.35294,48.424496,48.585,48.207108,48.214573,48.528275,47.89817,47.96196,48.45236,48.290314,48.42839,48.247887,48.31977
49.141434,49.063854,48.87018,49.3257,49.011414,49.17212,49.43357,49.347485,49.29167,49.206,49.6018,48.9332,49.165974,49.005695,49.533875,49.629265,49.60458,49.42926,49.51537,49.674297,49.603237,49.51903,49.389698,49.57892,49.74829,49.43077,49.387123,49.71694,49.95734,49.629642,49.73838
39.308807,39.616405,39.661263,39.043457,39.580788,39.34073,39.166992,39.175457,39.531693,39.45692,39.40132,39.48456,39.544342,39.61245,39.358047,39.595234,39.335716,39.523716,39.756874,39.449787,39.278587,39.464233,39.498814,39.834618,39.162563,39.731857,39.706196,39.57269,39.681705,39.350014,39.732594
52.040993,51.886513,52.437263,52.25309,52.077133,52.43988,52.74876,52.438633,52.32857,52.696743,53.166187,52.405792,52.257042,52.353657,52.821186,52.41221,52.563217,52.590908,52.89391,52.396027,52.449574,52.78733,52.828117,52.89012,52.933067,52.86119,52.680153,52.92112,52.83239,52.662674,53.016083
41.809563,42.153934,42.090805,41.88376,41.712738,41.87804,41.867996,41.98655,42.239388,41.883842,42.12512,42.023792,41.85323,42.070744,42.065483,41.937332,42.10116,42.077335,41.937325,42.2406,42.21713,42.574726,42.19227,42.21469,42.380444,42.61016,42.182446,42.284077,42.34462,42.436214,42.290443
44.758408,44.50103,44.580727,44.737583,44.7388,44.699467,44.671898,44.69071,44.9864,45.03451,45.313057,45.0907,44.684364,44.723812,44.714024,44.752686,44.96388,45.104603,45.152077,44.93764,45.018238,44.839264,45.18716,45.041626,44.94652,44.893715,45.071213,44.961575,45.19266,45.106503,44.809277
42.686043,42.14633,41.873978,42.56101,42.365364,42.22326,42.165493,42.42885,42.298347,42.358707,42.772476,42.594555,42.341507,42.281467,42.192337,42.4361,42.483906,42.40244,42.600407,42.66834,42.352867,42.359734,42.26533,42.545082,42.470924,42.630135,42.70281,42.632122,43.17673,42.755764,42.714966
38.756557,38.793407,38.681725,38.754066,39.041756,38.784187,39.076813,38.81561,38.691635,39.044197,38.72154,38.799065,39.011417,39.103622,38.805176,39.217255,39.048347,39.325886,39.08707,39.10036,39.15741,39.31105,38.826218,39.113655,38.964504,39.138397,39.414845,39.141003,39.02428,38.798843,39.427513
49.032898,48.709583,48.90442,49.07442,49.35205,48.97675,49.131824,48.850132,48.852207,49.275215,49.280743,48.806343,49.29848,48.918026,49.62479,49.082638,49.32619,49.341515,49.462017,49.473984,49.679756,49.594727,49.24034,49.483307,49.107147,48.876076,49.68668,49.206425,49.725746,49.354603,49.745453
46.911892,47.408314,47.117798,47.398495,46.83731,47.261757,46.94039,47.530155,47.46393,47.00911,46.96585,46.707943,47.326447,47.16456,47.521626,47.05533,47.006847,47.469814,47.38411,47.375732,47.400112,47.46259,47.15101,47.55954,47.95763,47.434067,47.282776,47.566185,47.498207,47.323875,47.68122
53.980568,53.7186,53.80896,53.9876,53.929688,53.940845,53.728085,54.206722,54.25459,53.873245,53.869114,53.92421,53.900032,54.060715,54.144394,54.176758,54.167408,54.33848,54.247974,54.004898,54.430798,54.19307,54.24789,54.273994,54.199253,53.91948,54.351315,54.276997,54.192013,54.493813,54.003586
46.453568,46.708836,46.247498,46.36515,46.18183,46.038746,46.248436,46.18223,46.422016,46.187145,46.301792,46.16657,46.2448,46.17687,46.46187,46.55718,46.4099,46.493256,46.550045,46.851337,46.541763,46.741432,46.203697,46.75319,46.614384,46.68901,46.689125,46.644287,47.3495,46.488895,47.07693
46.05981,45.853493,46.085625,45.9097,46.024597,46.07165,45.91085,45.97642,46.12314,45.996433,46.105602,46.375683,45.984806,46.06807,45.93636,46.012238,46.09357,46.29855,46.11639,46.196976,46.25981,46.27287,46.158875,46.19503,46.050858,46.36947,46.52923,46.15858,46.457737,46.288223,46.129684
43.82461,43.508846,43.662308,43.676407,43.80362,43.736134,43.56828,43.874638,43.753456,43.654747,43.931633,43.680622,43.863792,43.950974,44.19824,43.815304,44.090588,43.978394,44.170944,43.987835,43.86603,43.98147,43.996582,44.06743,44.11006,43.98452,44.183502,43.963547,44.037872,44.20936,44.409542
47.064087,47.14066,46.816803,47.052258,47.28234,46.576862,47.02176,46.766426,46.910915,47.061996,47.024967,47.059364,47.175503,46.96833,47.391834,47.520348,47.317066,46.9246,47.287125,47.509384,47.394447,47.235283,47.40493,47.51963,47.011585,46.985962,47.414223,47.35597,47.626106,47.587795,47.715057
58.75823,58.893394,58.602554,58.803444,58.75566,58.604767,58.55012,58.627266,58.74523,58.743214,58.75985,58.811626,59.031555,58.81293,58.85877,58.594013,58.90226,58.358837,58.796463,58.99554,58.97878,59.01716,59.42516,59.025314,59.248608,58.958054,58.738766,58.949814,59.26399,59.673714,59.073036
38.023495,37.79801,37.346184,37.571873,37.952835,37.960022,38.086464,38.060833,37.82101,37.95162,37.820477,38.141167,37.935444,37.993988,38.135406,38.339794,38.04931,38.258793,37.963207,38.152954,38.26385,38.37462,37.778484,38.267014,38.166912,38.29949,38.348354,38.278385,38.48379,38.359837,38.58344
46.27128,46.30863,45.799644,45.954872,46.450012,45.76158,45.697735,45.91185,46.16752,46.051594,45.498405,46.256943,46.258583,46.214172,46.05324,46.18182,46.28853,46.18987,46.108196,46.25687,46.590343,46.450855,46.373024,46.451508,45.943443,45.815796,46.622387,46.075027,46.460236,46.685707,46.266453
46.49639,46.623154,46.81452,46.60812,46.473053,46.638447,46.89071,46.67382,46.601048,46.734367,46.761356,46.97309,46.645706,46.976097,46.48317,46.921314,46.986588,46.756233,46.734604,46.726208,46.64594,46.947227,47.028267,46.79647,46.94617,47.239098,46.97472,47.149815,46.926857,46.97136,46.920208
42.691044,42.966335,42.56301,42.98411,42.488136,42.753716,42.73284,43.004665,43.092846,43.062973,42.903496,43.01958,42.90438,43.338852,43.24103,42.98197,43.00367,43.19212,43.027523,43.085083,43.214237,43.105713,43.165684,42.990135,43.7306,43.34101,42.972294,43.495358,43.229298,43.60092,43.48896
40.006535,39.88259,40.259674,39.786167,40.24607,39.823933,40.21561,39.67639,39.952652,40.164097,40.577003,40.147747,40.080956,40.326,40.16254,40.557716,40.580128,40.159607,40.503155,40.356434,40.11706,40.336617,40.52825,40.377174,39.970627,40.44747,40.50027,40.26687,40.39699,40.320747,40.662743
51.056747,51.27108,51.966026,51.609615,51.349327,51.71932,51.53366,51.5848,51.731785,51.55579,51.48928,51.54832,51.760014,51.963608,51.753708,51.700325,51.74497,51.872173,51.79521,51.363567,51.80189,51.692436,52.027107,51.92675,51.927437,51.63894,52.11138,51.889984,51.698467,51.795174,51.80466
55.09317,54.811806,54.959602,54.75447,55.20086,55.450634,55.11068,55.37615,55.12474,55.178886,55.14133,55.34317,55.256016,55.094032,55.003933,55.08756,55.194496,55.205795,55.323444,55.027893,55.061413,55.139664,55.367462,55.40869,55.210747,55.42106,55.271027,55.392677,55.210873,55.38448,54.98901
34.50324,34.790344,34.350784,34.719803,34.443817,34.354393,34.971962,34.684765,34.55326,35.14481,35.502106,35.021862,34.512062,34.44615,34.940983,34.91146,34.81351,34.665077,35.092644,35.243042,34.39939,34.539146,34.87792,34.91239,34.992275,35.382233,34.500656,35.535385,35.092365,34.805622,35.286392
49.144558,48.941654,49.02426,49.342777,48.83393,48.67454,48.887844,48.89074,48.803024,48.98748,49.04576,49.120003,49.1339,49.407284,48.943314,49.122356,49.01748,49.31127,49.315346,49.32165,49.079372,49.23763,49.096634,49.01468,49.42654,49.43921,49.44599,49.344883,49.36271,49.15354,49.723454
49.36472,49.549736,49.62583,48.816692,49.788116,49.8801,50.0384,49.83324,49.572445,49.45663,49.307064,49.270985,49.67493,49.488075,50.08606,50.268642,50.10731,49.675972,49.75365,49.547604,49.83942,50.316833,49.76993,50.43258,49.515766,49.753654,50.002037,50.041286,49.959324,49.89157,50.03574
44.0521,44.16627,44.155678,43.644474,44.146126,44.371227,44.21722,44.287308,44.490383,44.291767,44.311066,44.176506,43.97997,44.396122,44.210346,44.3969,44.364815,44.47643,44.441227,44.11314,44.354187,44.650043,44.367153,44.564285,44.405178,44.757317,44.40056,44.497894,44.49727,44.549442,44.3959
39.626793,39.747513,39.685326,39.944183,39.407013,39.565186,40.12558,39.781624,39.415825,40.143627,40.33852,39.991795,39.699135,39.53548,39.91804,39.77453,39.710274,39.914093,39.90177,40.22516,39.714935,40.12962,39.64305,39.742218,39.883114,40.38736,39.724434,40.622253,40.233772,39.64145,40.16041
47.069958,47.401962,47.380745,47.5063,47.637527,47.343697,47.665855,47.213127,47.20486,47.774227,47.338516,47.62185,47.978844,47.57143,47.589184,47.593166,47.749672,47.50891,47.56415,47.741844,47.77542,47.549103,48.058044,47.758865,47.654297,47.363914,47.79938,47.752583,47.53197,47.70018,47.813496
41.783962,41.916515,42.287193,41.695675,42.340797,42.029133,42.304684,41.83996,42.306236,42.32768,42.321877,42.422436,42.115505,42.414413,42.123165,42.56885,42.38483,42.444126,42.387337,42.17371,42.46387,42.51904,42.6163,42.745926,42.12506,42.51293,42.865215,42.234734,42.2406,42.378494,42.56485
50.43586,50.125557,50.59475,50.108208,50.63772,50.76934,50.17651,50.617157,50.65106,50.29,50.243565,50.408157,50.749237,51.01398,50.57404,50.74506,50.58493,50.75936,50.801422,50.150978,50.559387,50.70738,50.494926,51.063393,50.506092,50.673912,51.20989,50.598454,50.776054,50.794613,50.893875
44.444286,44.28826,44.69713,43.557426,44.695747,44.517033,44.325134,44.17289,44.698433,44.1449,44.799084,44.5216,44.323456,44.54296,44.648315,44.91111,45.04203,44.333256,44.9317,44.474113,44.196606,44.52483,44.8508,45.316475,44.303284,44.902107,45.086815,44.342045,45.14251,44.883656,45.087196
46.90082,46.966877,47.166245,47.012424,47.045403,46.872715,47.08205,46.725525,46.92369,47.240963,47.164726,47.167496,47.250134,47.316013,47.009113,47.130173,46.98737,47.17997,47.142906,47.115738,47.400894,47.63808,47.321648,47.296745,47.11145,47.30359,47.43827,47.27111,47.448776,47.323574,47.462166
49.837093,50.175724,49.644226,50.5826,49.525307,50.089844,50.37571,50.624416,49.98612,50.21674,50.034924,49.954754,50.07151,50.145447,49.900345,50.325348,50.07903,50.13642,49.96434,50.225414,50.23384,50.30586,50.146954,49.867516,50.825348,50.560585,49.6724,51.0911,50.220875,50.453583,50.0539
51.80392,51.621017,51.608604,51.421326,51.442863,51.79291,51.457855,51.823093,52.0134,51.89852,51.95659,51.990437,51.56006,51.997562,51.75788,51.739006,51.816006,52.0055,52.108868,51.54911,51.75728,51.80056,52.04501,51.875916,52.000523,52.03042,51.69245,52.190475,52.165955,52.256786,51.69917
44.220505,44.231144,44.03756,44.12597,43.979057,44.252613,43.9332,44.439644,44.384846,44.18768,44.041595,44.331043,44.375397,44.652466,44.501095,44.48535,44.057888,44.52863,44.445786,44.077316,44.391685,44.38051,44.3014,44.48832,44.607746,44.42321,44.33544,44.715252,44.54012,44.7221,44.641945
39.714752,39.659004,39.635307,40.070282,39.54429,39.801727,39.59551,39.91673,40.09886,39.568295,40.0226,39.84685,39.681774,39.790684,39.762005,39.763,39.8148,40.179714,39.905552,40.214455,40.088074,39.91886,39.798397,39.975487,40.46069,40.305565,40.303257,39.863956,40.304146,40.071407,40.258083
49.661457,49.531494,49.0644,49.245296,49.672615,49.595303,49.77274,49.75694,49.77514,49.980637,49.96522,49.700577,49.62442,49.535748,49.898598,50.247536,49.87951,49.7739,50.031815,49.699574,49.897373,49.842613,49.80808,50.261574,49.624012,49.70495,49.644295,50.347668,50.30597,50.168247,49.863686
39.930626,39.95437,40.07412,39.507626,40.103294,39.840496,39.984604,39.608562,39.951775,40.239666,40.209946,40.12044,39.985455,40.349117,39.803585,40.181328,40.20076,40.127266,40.178825,39.95713,40.05392,40.603226,40.02447,40.36406,39.712635,40.451515,40.48543,40.22332,40.537647,40.152534,40.40304
56.562286,56.49898,56.634117,56.956417,56.718307,56.519714,56.957867,56.733013,56.47413,57.019783,57.132236,56.8218,56.97794,56.734306,57.303616,56.8098,56.897522,56.839226,57.252365,57.312515,56.88472,56.76393,57.32195,57.00206,57.389713,57.142868,56.91456,57.290604,56.801888,57.081398,57.553543
54.77285,54.45005,54.614403,55.324158,54.67208,55.14958,54.876877,55.31622,54.91962,54.73482,54.718838,55.222626,55.125153,55.06294,54.918755,54.845947,54.865314,55.180107,54.778812,55.072063,55.41134,54.907322,55.35833,54.761017,55.757492,55.137085,55.161667,55.14311,54.82775,55.595882,54.92447
52.054184,51.631912,51.812004,51.383728,52.190186,52.079933,51.855686,52.080322,51.979397,52.19314,51.972363,51.934982,51.846836,52.204967,52.141224,52.122906,52.09466,52.272938,52.42727,51.78915,52.092445,52.324173,51.981056,52.266594,51.745445,52.235367,52.275967,52.359077,52.143852,52.270973,52.124767
54.16651,54.77372,54.4461,54.29186,54.045876,54.37956,54.38805,54.41881,54.410618,54.46914,54.007088,54.569965,54.733692,54.714333,54.609158,54.419373,54.806255,54.410847,54.261288,54.691048,54.596924,54.65106,54.97587,54.336548,54.973137,54.731804,54.166245,55.068527,54.51256,55.001255,54.468636
39.212944,40.02125,39.68696,39.27027,39.681976,39.601936,39.41281,39.49032,39.78093,39.74958,39.438686,39.42998,39.934532,39.766,39.804127,39.795254,39.738876,39.50326,39.805088,39.701115,39.47336,39.63235,39.650948,40.215294,39.54634,39.850754,39.74889,40.07968,40.0177,39.68695,40.01655
48.612423,48.89834,48.84726,48.705814,48.995193,48.958355,48.81573,48.67876,49.196766,49.370148,48.93986,49.078587,49.118332,49.24897,48.980858,49.045757,49.155407,49.29185,49.171318,49.094025,49.321316,49.031403,49.125607,49.292366,49.031387,49.15477,49.379314,49.331398,49.411247,49.19669,49.144478
45.769997,45.434196,45.638985,46.096146,45.807487,45.929688,46.003857,46.111042,45.704597,45.76429,45.985664,45.92586,45.943718,45.891457,45.787308,46.001156,45.76367,46.165203,45.976242,46.12482,46.07586,46.065086,45.86917,45.967445,46.310356,46.34591,46.31042,46.0967,45.90943,45.981716,46.291637
43.999546,43.687122,43.733032,43.99385,43.760437,43.97145,43.594772,43.879566,43.921207,43.729687,43.86943,43.879368,43.954617,44.1865,43.69419,43.99967,43.819016,44.16039,43.94009,44.017677,44.170883,44.014297,43.780052,43.689026,44.067894,44.184204,44.09015,44.0522,44.355843,44.22905,44.016155
44.287357,44.517406,44.503082,44.007324,44.802025,44.575546,44.363274,44.40769,44.72585,44.437325,44.181416,44.290714,44.653145,44.604504,44.417507,45.100975,44.728817,44.678345,44.61991,44.549786,44.7402,44.658077,44.3526,45.027184,43.98018,44.575172,44.948856,44.78324,44.80773,44.519833,44.502804
56.080753,56.18004,56.213753,56.161495,56.008057,56.44224,56.692688,56.651176,56.343086,56.3692,56.803005,56.45585,56.194183,56.151913,56.58905,56.7321,56.61724,56.249306,56.70442,56.648373,56.105145,56.050465,56.916702,56.51458,56.96212,57.040863,55.97674,57.09755,56.36893,56.726784,56.537663
53.061687,53.142796,53.180725,53.293724,53.613472,53.332047,53.435368,53.243546,53.362656,53.60722,53.575863,53.14103,53.650204,53.354,53.628544,53.44564,53.66214,53.37503,53.67658,53.70559,53.67664,53.653774,53.62444,54.00734,53.618587,53.59485,53.907555,53.63686,53.81372,53.696957,53.991592
49.362457,49.33145,49.733704,49.438232,49.342308,49.545967,49.06845,49.35844,49.805016,49.215466,49.622288,49.461323,49.38233,49.727882,49.316414,49.22629,49.528534,49.607056,49.814728,49.440506,49.49586,49.45346,49.992138,49.682007,50.040234,49.8323,49.865986,49.229927,49.79437,49.876354,49.749275
42.357,42.541916,42.565308,42.55787,42.09845,42.665123,42.40772,42.66872,43.00688,42.552597,42.93458,42.381653,42.245026,42.523266,42.430164,42.36573,42.46332,43.03158,42.771736,42.653484,42.79745,42.966312,42.561077,42.72075,43.136612,43.09069,42.68944,42.770817,43.065815,42.64754,42.66897
48.07369,47.87918,47.87574,47.963955,47.877403,47.92296,47.645542,48.11629,47.88555,47.603382,47.70206,47.77774,47.974785,48.107265,48.016056,48.011177,47.576893,48.123188,48.082607,48.12886,48.06501,48.20645,47.745457,47.962128,48.224415,48.461838,48.137882,48.124672,48.087574,48.15638,48.431065
43.20742,42.607426,42.650177,42.41337,42.977448,43.029106,42.97551,43.026535,42.84391,42.863556,42.906723,43.1074,42.66911,42.997,42.553604,43.372734,42.86915,43.266792,43.088688,42.61213,43.06513,43.353004,42.798477,43.052887,42.56179,43.085007,43.161335,43.110302,43.310574,43.099075,42.81081
46.91096,46.89865,47.25746,47.02884,46.952606,47.312496,47.387005,47.2842,47.02662,47.019917,47.172215,47.138214,47.14115,47.12756,47.205994,47.45551,47.36137,47.469032,47.30547,47.43431,47.17649,47.16439,47.230858,47.12764,47.360657,47.609985,47.33108,47.58209,47.179996,47.0467,47.313988
58.439735,58.11463,58.510788,58.6194,58.71309,58.8264,58.853535,58.77965,58.699013,58.543358,58.864334,58.646427,59.037067,58.51015,58.930565,58.790844,59.296528,58.81522,58.87177,58.86949,59.068684,58.971703,59.332893,59.402054,59.201668,58.53424,59.35252,58.722927,59.02069,59.176296,59.027576
46.569374,46.845253,47.132133,46.638645,47.09752,46.88747,47.16563,46.89153,46.749138,47.15782,46.82971,47.026756,47.013905,47.173843,46.98204,47.24058,46.913364,46.802666,47.008404,46.670303,47.01933,47.453907,47.187756,47.41076,46.680347,47.24727,47.32154,47.430927,47.025383,47.201057,47.221603
44.04169,44.2944,44.09967,44.549877,44.082596,44.155647,44.322174,44.23654,44.36653,44.49305,44.317028,44.49234,44.369762,44.53177,44.512108,44.466133,44.34269,44.587353,44.267487,44.766228,44.85041,44.53881,44.46582,44.285156,44.82384,44.756493,44.565342,44.8365,44.68228,44.799393,44.757687
48.711216,48.529545,48.313934,48.508293,48.78846,48.548943,48.753693,48.53587,48.391144,48.687458,48.62629,48.505642,48.54895,48.419994,48.68203,48.805706,48.628582,48.76144,48.799446,49.088223,48.98952,48.905743,48.63998,48.58352,48.666584,48.92737,48.721622,48.862213,49.01099,48.844105,48.934536
47.9542,48.02345,48.629128,48.439816,48.37269,48.48028,48.38826,48.311874,48.170765,48.41686,48.136757,48.36601,48.821384,48.987152,48.417427,48.4831,48.612198,48.60618,48.3856,48.44369,48.53501,48.636295,48.433186,48.49256,48.55414,48.781616,49.0823,48.754665,48.362762,48.464962,48.850746
50.64989,50.667274,50.81919,50.94946,50.829124,50.404003,50.72835,50.656498,50.54864,50.73737,50.383915,51.28112,51.079525,51.30376,50.960495,51.015488,51.062527,50.815613,50.68177,51.082623,51.143284,51.018642,51.40548,50.824432,51.095337,51.04963,51.331696,51.13254,50.58256,51.498997,51.276646
46.578236,46.537785,46.671417,47.008995,46.739006,47.10387,47.35848,47.245228,46.646446,47.127987,46.9242,46.815643,47.048096,46.996487,46.973534,47.265163,47.214874,47.307617,47.13539,47.012726,46.992634,47.00716,46.892723,47.040123,47.249992,47.153084,47.20906,47.63754,47.02835,46.812218,47.206493
49.447098,49.65166,49.123,49.288097,49.91181,49.355663,49.75385,49.224846,49.59623,49.916958,49.890305,49.30058,49.6471,49.116104,49.92567,49.74391,49.761303,49.65347,49.906662,50.320923,50.128708,50.03678,49.691387,50.241966,49.70354,49.822502,49.902576,49.772377,50.374176,49.82587,50.303265
66.61361,65.50256,66.00343,66.53393,66.22799,66.49814,66.60717,66.55043,65.92093,65.99669,66.51066,66.40888,66.147285,65.933556,66.00888,66.53245,66.18225,66.49102,66.58561,66.39622,66.57235,66.269806,66.64736,66.1464,66.67112,66.37417,66.480354,66.3245,66.649704,66.60103,66.26193
38.223255,37.996555,37.996185,38.088287,38.245964,38.195744,37.754574,38.21649,38.48371,37.934925,38.061348,38.325672,38.34707,38.51103,38.141735,38.405445,38.433643,38.524372,38.323605,38.202736,38.461296,38.265045,38.332817,38.56511,38.34432,38.17386,38.821785,38.133785,38.53874,38.650173,38.447315
44.606277,44.68102,44.394745,44.727848,44.417572,44.22004,43.938206,44.368305,44.597046,44.355286,44.43883,44.4613,44.480865,44.37578,44.540024,44.33098,44.396183,44.49333,44.639164,44.882534,44.64625,44.382385,44.52068,44.421974,44.496304,44.52059,44.51424,44.694183,45.015484,44.805912,44.56297
40.662613,40.63672,40.14708,40.684505,40.628624,40.753986,40.867676,40.90166,40.72149,41.031742,40.52335,40.97087,40.947586,41.03982,41.314087,40.920082,41.043518,41.495647,40.91668,41.2448,41.439804,41.02643,41.037716,40.73114,41.58134,40.930344,40.996326,41.205925,40.81534,41.281425,41.38937
40.345173,40.59816,40.497704,40.78748,40.154358,40.387936,40.403503,40.76264,40.93955,40.475994,40.812138,40.836784,40.44077,40.881794,40.584198,40.77212,40.948727,40.68077,40.56108,40.812164,40.712112,40.691677,40.98727,40.70289,41.198917,41.13662,40.75561,41.106895,40.75523,41.26713,40.76782
44.950657,45.3634,45.327515,45.362617,45.342506,44.979103,45.149963,44.987,45.42262,45.458405,45.579193,45.43529,45.401924,45.362907,45.72801,45.37746,45.520485,45.155308,45.476044,45.862938,45.574833,45.30177,45.806213,45.62043,45.579365,45.698044,45.575657,45.65844,45.646385,45.898434,45.882732
48.342106,47.659515,47.915802,48.14008,48.307945,48.16338,48.103725,48.2432,47.695866,47.86745,47.807735,48.22148,48.372734,48.44517,47.90745,48.5705,48.05832,48.28398,48.153698,48.132248,48.25542,48.314922,47.916206,48.09104,47.954613,48.34297,48.6347,48.34161,48.265175,48.315784,48.442154
58.827084,58.57767,58.65184,58.753235,59.11606,58.737827,59.001373,58.63819,58.636383,59.176277,58.916615,58.80016,59.15464,58.624016,59.107708,58.853962,58.811993,59.077217,59.188725,58.995556,59.411915,59.493572,59.062534,59.541466,58.82088,58.62326,59.464275,59.028168,59.52691,59.030807,59.35974
50.36787,50.54686,50.48826,50.51546,50.811134,50.572147,50.9429,50.630226,50.632458,51.05854,50.865692,50.64725,50.77557,50.427917,51.51226,50.667717,51.036995,50.960804,51.0744,51.247032,51.186787,51.10068,51.08725,51.293076,51.109943,50.842552,51.182022,51.12173,51.07312,51.034595,51.48766
56.028206,56.062675,56.39264,56.664165,55.91485,56.456055,56.559864,56.64286,56.379337,56.352993,56.55725,56.582798,56.449,56.542545,56.808414,56.5032,56.689053,56.499386,56.428,56.712746,56.63844,56.433105,56.89752,56.396904,57.23366,56.907364,56.539326,57.084053,56.550785,57.031727,56.748047
41.913383,42.18019,42.159843,42.03793,42.1708,41.306675,41.94321,41.248158,41.861717,41.993645,42.186695,42.090046,41.94548,42.062317,42.02958,42.470284,42.223957,41.931602,42.270477,42.689976,42.23064,42.032322,42.403164,42.1493,41.869717,42.290504,42.402042,42.095688,42.490067,42.21735,42.720284
51.07636,51.0902,51.257324,51.258827,50.98558,51.106773,51.52637,51.34998,51.081024,51.330017,50.910187,51.381954,51.081482,51.50652,51.361034,51.500217,51.457775,51.73552,51.32706,51.280327,51.690895,51.788506,51.56296,51.210342,51.623528,51.44358,51.626354,51.7734,51.28681,51.525513,51.513493
40.863724,41.285557,41.342445,41.115517,40.87249,40.72022,41.06051,40.95313,41.07698,40.88919,41.252213,40.767994,40.900578,41.265923,41.056953,41.451225,40.99917,40.982693,41.351196,41.187614,40.92551,41.446205,41.13871,41.439453,41.292175,41.706757,41.28918,41.446854,41.446613,41.157806,41.828285
57.154343,57.053158,57.439682,57.442898,57.368004,57.74554,57.367836,57.658916,57.618317,57.648827,57.51923,57.48453,57.636456,57.789417,57.637894,57.328945,57.450714,57.738083,57.639343,57.44896,57.81052,57.69082,57.708286,57.644585,57.946503,57.907784,57.79117,57.873432,57.54103,57.922924,57.624092
50.19564,49.610214,50.02408,49.853203,49.879448,50.0256,49.736813,50.08719,49.924213,49.6511,49.915028,50.192226,50.00378,50.18337,49.538483,50.030243,50.186924,50.146904,50.12265,49.68401,49.869644,50.149517,50.219505,50.09613,49.934803,49.981705,50.379635,49.979412,50.187294,50.21713,49.81372
54.31736,54.25727,54.633972,54.436863,54.39016,54.91242,54.653473,54.996243,54.849804,54.811283,54.823727,54.907936,54.703316,54.834183,55.00647,54.57931,54.8499,54.830387,54.88556,54.385643,54.740723,54.850063,55.119465,55.162956,55.134464,54.919113,54.97399,55.19941,54.831337,55.22489,54.802357
47.713177,48.012726,47.657867,47.655674,47.68856,47.748226,47.704807,47.818913,47.943295,47.86338,47.660572,47.650444,47.876064,47.68181,48.040718,47.561295,47.96181,48.000053,47.921215,47.938313,48.177383,48.477177,48.039562,48.30443,48.21979,47.816887,48.096073,47.99192,48.41994,48.17713,48.181873
45.385063,45.50436,44.92376,45.403625,45.53109,45.306286,45.546246,45.523277,45.574486,45.798798,45.56555,45.437046,45.41794,45.346893,45.996872,45.692486,45.688522,45.896706,45.79589,46.200886,46.01428,45.666607,45.534492,45.713463,45.926598,45.851913,45.67754,46.02931,45.852207,45.85229,46.09824
49.512024,49.73084,49.38656,50.018806,49.467094,49.635933,49.41892,49.92072,49.78166,49.70527,49.344074,49.556496,49.859676,49.785633,49.548798,49.63188,49.698242,49.862877,49.612514,49.827755,49.993683,49.786213,49.675182,49.640625,49.98385,49.713867,49.72954,50.19899,49.849483,49.972412,49.54051
49.197906,48.868713,48.814186,48.986042,49.210663,48.951447,49.010406,48.88405,48.994926,49.07051,49.12603,49.519817,49.282597,49.352253,49.144974,49.300102,49.42172,49.077663,49.09547,49.40826,49.47012,49.284954,49.600513,49.215454,49.352257,49.34703,49.486954,49.205925,49.50414,49.94459,49.489967
44.862225,44.955524,44.458473,44.52852,44.74906,44.44637,44.585335,44.684647,44.94531,44.417282,44.63818,44.81117,44.644787,44.568336,44.555977,45.190685,45.069103,44.761734,44.861073,45.09084,44.811344,44.83218,44.930744,45.253,44.854298,44.92511,45.058025,44.848583,45.28429,45.079258,45.040825
50.761387,51.26729,51.01288,50.60977,50.77385,50.972046,50.863003,51.083424,51.116257,50.84846,50.164806,51.01768,51.11891,51.227386,51.093212,51.070755,51.36905,51.283497,50.86835,50.973217,51.280067,51.38718,51.352196,51.17169,51.27512,50.971222,51.161945,51.348366,50.962357,51.335793,50.951313
48.66673,48.816513,48.99247,49.075043,48.999107,49.110203,49.063576,49.09517,49.18668,49.13489,49.411522,49.180225,49.19392,49.083244,49.034615,49.056786,49.476254,48.910683,49.19069,49.22922,49.107086,48.93045,49.774002,49.29824,49.481037,49.32805,49.15172,49.329063,49.076435,49.60166,49.04756
40.87235,40.98111,41.29444,40.85047,40.86994,40.720413,40.717487,40.737804,40.881752,40.53602,40.766018,40.949333,40.83606,41.03835,40.75825,40.927868,41.10189,40.942596,40.99467,41.021046,40.850407,41.201607,41.14414,41.08905,40.931202,41.193787,41.43811,40.850002,41.189762,41.02955,41.250656
48.688362,48.521233,48.65605,48.35666,49.20295,48.627445,48.488346,48.129135,48.281155,48.523174,48.45838,48.465668,49.150806,48.405502,48.6979,48.369682,48.24177,48.48329,48.75758,48.75757,49.024006,49.239567,48.795715,49.243874,48.426113,48.464676,49.270546,48.06446,49.268764,48.776363,49.313255
48.538403,48.588882,48.448456,48.46551,48.43371,48.712933,48.712967,48.776554,48.714485,48.821907,48.360626,49.018753,48.637436,49.03347,48.67874,48.774273,48.940937,49.096485,48.64909,48.737175,49.025234,48.941284,48.987354,48.588593,49.123318,49.007126,48.871185,49.141182,48.75001,49.16655,48.74056
55.182766,55.233543,55.006226,55.876812,55.51893,55.54779,55.821953,55.79262,55.384087,55.812664,55.739567,55.364487,55.67515,55.32948,55.76168,55.620647,55.545113,55.409237,55.518253,55.930645,56.055244,55.810413,55.784927,55.679535,56.063423,55.867188,55.53649,56.17781,55.733032,56.1517,55.788
43.2206,43.08705,42.775208,43.208954,42.910515,42.9316,43.065117,43.24637,42.962128,43.04216,42.941376,43.094753,43.17298,43.24669,43.218494,43.506912,43.16858,43.36241,43.254715,43.1944,43.31158,43.372475,43.033646,43.24637,43.27568,43.117943,43.292233,43.63552,43.620358,43.40358,43.516975
41.384506,41.392048,40.900017,41.227924,41.32625,41.27279,41.085953,41.461536,41.59946,41.559013,41.39155,41.303505,41.244896,41.38685,41.499115,41.315582,41.27626,41.79,41.639477,41.5898,41.67897,41.666687,41.160793,41.652794,41.616486,41.665665,41.626083,41.699993,41.83593,41.61286,41.745155
53.281925,52.946087,53.46408,53.360455,53.586517,53.676666,53.363552,53.592186,53.184242,53.52853,53.38968,53.385864,53.838615,53.693943,53.84126,53.286133,53.518948,53.6115,53.69755,53.522667,53.57619,53.641647,53.553806,53.60636,53.602272,53.68904,53.87752,53.77539,53.42074,53.687576,53.85281
38.015995,38.48157,38.055817,37.97064,38.038063,38.181458,38.11001,38.208157,38.34431,38.219048,37.979942,38.28498,38.136,38.153347,38.185734,38.219112,38.11433,38.396782,38.121277,38.38944,38.43001,38.494225,38.21721,38.3144,38.37123,38.541656,38.22491,38.51016,38.496063,38.394955,38.29719
51.83031,51.601475,51.866234,51.612175,52.269768,52.06569,51.835964,51.729786,51.87893,51.947952,51.986084,51.888927,52.044502,51.771626,52.150047,51.731182,51.971073,52.00242,52.184834,52.188236,52.296097,52.124245,52.285023,52.22474,52.02617,52.071045,52.362362,51.740005,52.22146,52.286892,52.25352
49.308834,49.09777,49.212387,49.32845,49.210785,49.45128,49.72118,49.68619,49.408054,49.437153,49.626453,49.547695,49.197132,49.452538,49.403427,50.03861,49.692528,49.560112,49.539104,49.421597,49.598385,49.62882,49.597496,49.583786,49.525105,49.773476,49.547436,50.119175,49.73533,49.847523,49.447525
63.580364,63.253277,63.756424,63.345207,63.66011,63.845943,63.362465,63.438446,63.630085,63.671017,63.321045,63.89219,63.93934,63.780426,63.683315,63.062855,63.30298,64.024315,63.766388,63.43635,64.166626,64.108826,64.140274,63.880165,63.981598,63.569626,64.1437,63.343086,63.80732,63.992428,63.72719
54.384987,53.943172,54.173164,53.668026,54.18258,54.34102,53.93652,54.289684,54.16808,53.874527,54.191566,54.344383,53.89422,54.06193,53.701077,54.25242,54.18366,53.87957,54.167538,53.91147,53.94978,54.21901,54.315727,54.099846,53.722534,54.51667,54.000168,54.342113,54.39527,54.60722,53.553516
50.91139,51.37136,51.30002,50.998043,51.26909,51.295586,51.683876,51.451385,51.50031,51.751083,51.53324,51.19016,51.303265,51.332108,51.87961,51.6268,51.81093,51.5243,51.667374,51.460266,51.694424,51.96169,51.8257,52.002335,51.644974,51.59282,51.52171,52.097145,51.606873,51.766438,51.72088
50.086548,50.18603,49.773705,49.98169,50.088898,50.05142,50.236454,50.326942,50.282852,50.284405,50.24625,49.990246,50.13487,50.113758,50.240463,50.466354,50.43723,50.238594,50.429176,50.181835,50.3409,50.595108,50.354202,50.78408,50.445724,50.28781,50.34728,50.660503,50.708572,50.590355,50.511196
50.91228,51.080933,51.1875,50.80544,51.044556,50.849342,50.873215,50.91764,51.232525,51.009583,51.13912,50.98734,50.94814,51.12503,51.373093,51.25772,51.21055,51.027958,51.364418,51.17888,51.22759,51.307743,51.440826,51.49984,51.142025,51.311745,51.300278,51.36222,51.437027,51.55089,51.448288
45.116287,45.331314,45.15986,45.339066,45.04206,45.001114,44.88676,45.16534,45.435745,44.830845,45.119076,45.40261,45.44675,45.445774,45.259933,45.34716,45.42852,45.266575,45.338757,45.61155,45.233955,45.090744,45.67111,45.62996,45.97172,45.60211,45.66059,45.228508,45.486137,45.703835,45.91165
51.01967,50.99735,50.925903,51.147152,50.973045,51.047985,51.132793,51.333942,51.094498,51.268276,51.087685,51.20756,51.047943,51.386005,51.37878,51.245586,51.113384,51.354546,51.362244,51.28527,51.335514,51.343925,51.322777,51.184402,51.625294,51.646484,51.26897,51.71416,51.19575,51.595627,51.57482
40.56888,40.553448,40.258194,40.434715,40.302658,40.20209,40.63359,40.47401,40.21947,40.28839,40.49374,40.705593,40.525936,40.104996,40.486496,40.67584,40.799004,40.622066,40.578526,40.906296,40.43016,40.628704,40.713917,40.72209,40.64418,40.491486,40.661743,40.72446,40.84378,40.483196,40.803463
34.237164,34.524208,34.273174,34.2733,34.17308,34.277363,34.143925,34.41062,34.617893,34.312702,34.535393,34.094425,34.27436,34.64164,34.571945,34.488594,34.55346,34.614796,34.632442,34.619564,34.429985,34.71798,34.265522,34.66839,34.816925,34.94821,34.64288,34.709896,34.871456,34.640594,35.078514
43.427868,43.158344,43.497093,43.14414,43.487457,43.55041,43.211407,43.35292,43.238377,43.127354,43.224133,43.441692,43.513275,43.545433,43.030884,43.512688,43.137554,43.507812,43.395622,43.334473,43.334805,43.577362,43.115036,43.448616,43.093838,43.806824,43.77587,43.415028,43.6012,43.298237,43.48513
47.009804,47.401875,46.823204,47.211205,46.928024,47.016624,46.97521,47.310383,47.324,47.550983,46.8059,47.203365,47.034985,47.703968,47.03621,47.21713,46.733868,47.608715,47.36592,47.12928,47.397957,47.400787,46.994236,47.151,47.68479,47.800346,47.222103,47.83806,47.293934,47.39964,47.561123
48.680595,48.47671,48.960007,49.0798,48.917107,48.842545,48.767647,48.951855,48.759823,48.62932,48.56388,48.742973,48.960846,49.27757,48.797726,49.133297,48.760452,49.13855,48.96615,48.900436,49.181675,49.073307,48.91062,48.89624,49.080975,49.185936,49.486237,49.016502,48.75186,49.064243,49.269794
42.57895,43.087914,43.039482,42.995262,42.70716,42.36122,43.154953,42.611984,42.523945,42.87915,42.82246,42.793896,43.004894,42.80885,42.877964,43.469955,42.966873,42.710407,42.97382,42.924942,42.864132,43.220604,43.11958,43.319588,42.66439,42.7631,43.05922,43.459095,43.312057,42.825077,43.328827
49.62507,49.354515,49.390266,49.7106,49.727524,49.982048,49.733616,50.05429,49.72502,50.028294,49.719902,49.533844,50.008087,50.139816,50.09735,49.798668,49.7499,50.19728,50.041424,49.636143,50.139133,50.306095,49.55875,50.162697,50.157104,49.984512,50.26958,50.28865,50.18101,50.10308,50.36941
48.00989,47.822994,47.5931,48.42354,47.762535,47.97777,48.19395,48.337723,48.239586,48.29568,48.701797,48.24358,48.05538,48.02925,48.472282,48.478878,48.49997,48.325058,48.469246,48.55533,48.329346,47.958477,48.36239,48.385117,48.73485,48.361336,48.232975,48.88906,48.76734,48.68253,48.554943
50.01953,50.725666,50.569862,50.433445,50.310844,50.598797,50.59969,50.629356,50.822037,50.716354,50.118855,50.688004,50.746227,50.885265,50.82618,50.74701,50.947315,50.860207,50.581875,50.672134,50.914143,50.662415,51.077827,50.887085,51.157528,50.738525,50.834957,51.13013,50.641277,50.994957,50.778717
52.47505,53.05787,52.59649,52.560722,52.7837,52.866467,52.92815,52.70287,53.092022,53.544476,52.977383,52.947327,53.070545,52.863235,53.38445,52.50631,52.967876,53.09562,52.982826,53.1418,53.53835,53.57751,53.34243,53.368355,53.43049,53.113937,52.95584,53.370434,53.40264,53.490074,53.244152
38.8141,38.611134,38.743324,38.954338,38.792854,39.23575,39.10348,39.21266,39.017426,39.01166,39.55536,38.760185,38.756165,38.651936,39.097878,38.92502,38.98699,39.16885,39.251293,39.07806,39.069847,39.20948,38.87767,39.215424,39.264565,39.316505,39.147045,39.257107,39.6122,39.094677,39.23901
54.055065,53.81555,54.279877,54.246006,54.11299,54.428173,54.502365,54.495884,54.233746,54.49541,54.586002,54.376568,54.406384,54.418064,54.64955,54.413662,54.572758,54.56239,54.705284,54.145157,54.4506,54.54642,54.781933,54.740265,54.70547,54.34529,54.660835,54.805695,54.570683,54.661167,54.63596
42.663544,42.56072,42.641884,42.4676,42.90876,42.665646,42.751564,42.551735,42.781963,42.98682,42.646343,43.023933,42.855675,43.203907,42.844986,42.971214,43.151855,43.29684,42.98428,42.974625,43.183647,43.104446,43.02577,42.969498,42.918365,43.01268,43.442055,42.940018,42.92276,43.0655,43.224598
48.544262,48.8479,49.203133,48.793194,48.680016,49.016132,49.344902,49.01987,48.805298,49.416096,49.187416,49.43998,48.91223,49.25314,49.297855,49.026222,48.956547,49.107635,49.15659,48.942673,49.000355,49.216152,49.50518,49.017097,49.346237,49.643036,48.98715,49.76548,48.93133,49.310883,49.28005
51.9297,52.24551,52.25776,52.123928,52.183296,52.308434,52.33424,52.346138,52.44753,52.14758,52.087597,52.224903,52.322975,52.18945,52.401146,52.260536,52.55502,52.40056,52.1833,52.57636,52.677994,52.756752,52.608425,52.688942,52.74777,52.64335,52.706604,52.46996,52.46125,52.669144,52.53186
48.89047,48.184708,48.44034,48.468338,48.995583,48.912533,48.750244,48.90958,48.721478,48.73313,48.738304,49.000923,49.006905,49.23192,48.845963,49.32553,49.133995,49.164394,49.16769,48.6651,48.97205,48.798763,49.064037,49.167885,48.928204,48.833817,49.406773,48.943466,48.913635,49.264294,49.204163
59.092636,58.945683,59.028114,59.321472,59.0198,58.970325,59.206314,58.980675,59.110928,59.16259,59.301598,59.449703,59.33221,59.13286,59.300117,59.204212,59.478855,59.216915,59.277035,59.54813,59.596157,59.318478,59.90364,59.374985,59.737373,59.22764,59.472244,59.34753,59.613125,59.837894,59.491364
52.76379,52.868324,52.841988,53.461384,53.09375,52.72203,52.90268,52.868374,52.995033,53.08885,53.12453,53.093285,53.403908,53.245506,53.195805,53.43484,53.1608,52.94794,53.28235,53.51563,53.271072,52.671333,53.447826,53.30394,53.4079,53.206207,53.368977,53.46029,53.26864,53.510967,53.6139
46.247173,46.457066,46.743355,46.941723,46.51818,46.890358,46.986332,46.67921,46.69777,46.961533,47.114647,46.55247,47.072575,46.854248,47.1185,46.859264,46.960133,47.050125,46.935696,47.202755,47.083397,46.967937,46.806732,47.019386,47.32699,47.19352,47.16334,47.26564,47.278584,46.828205,47.449276
43.833885,43.677402,43.846092,43.89967,43.87072,44.08221,43.958412,44.327724,44.31473,43.8948,44.51419,43.776474,43.689716,44.04859,44.208397,44.449734,43.99321,44.123837,44.452267,43.99405,44.019222,44.08689,44.01877,44.501778,44.334385,44.60076,44.236843,44.45304,44.373463,44.396908,44.4786
51.583584,51.73391,52.080513,51.39946,52.164757,51.456955,51.63002,51.084976,51.779003,52.019585,52.238773,51.797424,51.884617,51.977913,52.123722,51.90294,51.920654,51.447285,52.133785,52.15568,51.92656,52.177372,52.045982,52.47194,51.523743,52.41175,52.44375,51.950542,52.58991,52.274166,52.713223
47.93661,48.18769,48.148552,47.905437,48.25354,48.04475,48.30216,48.19858,48.25264,48.139324,48.219307,48.304058,48.108494,48.322323,48.148544,48.51369,48.71079,48.102177,48.340157,48.514145,48.158398,48.220848,48.79439,48.428543,48.520004,48.789124,48.357624,48.500134,48.004025,48.651855,48.444134
47.313538,47.34103,47.303986,47.486748,47.219055,47.051132,47.138393,47.05046,47.215275,47.015118,47.151775,47.41552,47.46351,47.4587,47.194958,47.203053,47.251877,47.380775,47.237564,47.7238,47.634205,47.722225,47.593014,47.41729,47.87374,47.724503,47.80219,47.154507,47.6881,47.712746,47.97477
53.28582,53.65807,53.91504,53.941822,53.50801,53.48044,54.05826,53.723248,53.796597,53.85299,54.15208,53.766636,53.849556,53.73672,54.381435,54.194794,54.27819,53.75175,54.0328,54.272095,53.996635,53.961807,54.344368,54.33647,54.28547,54.137268,54.140377,54.516518,54.148693,54.217598,54.493576
38.46846,38.969658,39.11798,38.81471,38.450043,38.57378,38.739506,38.53492,39.02466,39.00274,38.855473,39.063637,38.80852,39.41069,38.85452,38.785496,39.194084,39.324364,38.955364,39.046947,39.040684,39.240826,39.18972,38.93289,39.384335,39.359,39.35859,39.160606,39.071175,39.021255,39.374752
52.759094,52.49503,52.690674,52.915462,52.95987,52.940536,53.07222,53.03234,52.628822,52.892616,52.83026,52.96514,53.187393,53.102325,53.07181,53.417088,53.07566,52.87541,52.97052,52.980045,53.097466,53.042686,52.989803,53.197556,52.955303,53.11344,53.31021,53.473644,53.20744,53.338882,53.320786
37.78936,37.398266,37.630974,37.81589,37.64691,37.92841,37.88281,38.23224,37.81383,37.68055,37.98606,38.233704,37.704937,38.03919,37.358196,38.296844,37.980022,38.021145,37.825996,37.643433,37.62708,37.77926,37.765415,37.891556,37.75656,38.273598,38.14261,38.327724,37.81018,37.979122,37.6481
38.286785,37.765606,38.656937,38.29942,37.9488,38.606705,38.351,38.46366,38.384865,38.04895,38.962425,38.775417,38.171783,38.552258,38.181744,38.392963,38.357216,38.524296,38.367687,38.163635,38.27647,38.626278,38.535072,38.36786,38.56013,38.97941,38.756,38.47259,38.7304,38.68127,38.450287
48.140045,47.902897,48.244644,47.871426,48.136017,48.019493,48.08895,48.10321,47.939533,47.88682,47.741993,48.21638,48.179253,48.42552,47.81933,48.514015,48.254776,48.357143,48.268948,47.82444,48.131256,48.413963,48.321854,48.346657,47.9278,48.08657,48.59854,48.249763,48.130978,48.17326,48.205166
38.548214,38.763092,38.756622,38.127945,39.097267,38.769802,38.670273,38.30525,38.74348,39.062775,38.7456,38.81684,38.941044,39.019325,38.930786,38.618237,39.158436,38.985283,38.974403,39.065876,39.0287,39.101955,39.11716,38.950172,38.75168,39.06655,39.146355,38.704124,38.920654,39.01733,39.171677
44.30874,44.161533,44.164574,43.841774,44.289604,43.967777,43.62774,43.90087,44.09734,43.985176,44.075195,44.056118,44.074978,44.131447,43.87382,44.135635,43.768353,44.084076,44.36423,44.12969,43.957577,44.211758,43.760788,44.322906,43.57318,44.41072,44.3607,44.203743,44.63743,44.059025,44.278965
40.704197,40.598015,40.674477,40.804916,40.777885,40.60037,40.877384,40.65501,40.48663,40.840878,40.904724,41.08009,40.937706,40.75942,40.804768,40.781467,40.92597,40.91791,40.973633,40.99005,40.79763,40.91118,41.115154,41.01712,40.978844,40.883957,41.211227,40.918476,41.024776,40.898293,41.268497
49.291927,49.59677,49.482697,49.43575,49.664467,49.780163,49.57838,49.484837,49.88028,50.189594,49.797222,49.586708,49.789623,49.909863,50.016254,49.485542,49.543644,50.041897,49.99157,49.84877,50.189896,49.95698,49.89347,49.923897,50.152905,50.053864,49.848198,50.002125,50.039303,50.04352,50.130722
42.48582,43.059837,42.857582,42.5222,42.961777,43.048286,43.034058,42.944923,43.012146,43.123154,42.798416,42.67038,43.124184,43.079327,43.425816,43.427425,43.06041,42.983074,43.152798,42.99033,43.16942,43.05922,43.156616,43.322937,43.012356,43.09636,42.84739,43.54853,43.13773,43.26593,43.28444
37.046093,37.09035,37.170685,36.86457,36.96807,36.967793,37.10424,36.91754,37.067776,37.020645,36.891273,37.0884,36.97023,37.46148,37.30005,37.417885,37.134068,37.720284,37.349026,37.289833,37.453182,37.54762,37.106922,37.155075,37.38334,37.46192,37.58987,37.251892,37.400604,37.16749,37.825684
55.7442,55.112644,56.11255,56.23612,55.578987,56.27416,56.059387,56.45346,55.932793,55.78502,56.361176,56.257767,55.987556,56.365685,55.76341,56.195614,56.248543,56.210545,56.285957,55.737564,55.665794,55.6365,56.321148,56.01349,56.505966,56.492455,56.407753,56.48189,55.828655,56.189735,56.002644
52.426712,52.219185,52.48851,52.43511,52.109917,52.46328,52.176548,52.43075,52.341267,52.49448,52.59896,52.199314,52.42709,52.606308,52.334064,52.139572,52.093513,52.714382,52.755836,52.32679,52.38257,52.776062,52.196625,52.43007,52.625584,52.82625,52.526825,52.77023,52.871574,52.340893,52.68888
58.28627,57.815712,58.01908,58.151302,58.347473,58.547836,57.962273,58.371662,58.453743,57.91835,58.040936,58.176666,58.56211,58.406197,58.329334,58.2614,58.615932,58.473118,58.38159,58.351967,58.715767,58.37472,58.642166,58.61418,58.774334,58.202667,58.841816,58.08313,58.67285,58.94645,58.467194
49.785923,50.138634,50.142647,49.41691,50.215393,50.188362,49.887768,49.858753,50.443523,50.18789,49.852383,49.8975,50.230236,50.135254,50.52081,50.12518,50.350178,50.44385,50.40269,50.114445,50.55758,50.483963,50.456726,50.780396,50.182423,49.982376,50.513454,50.128513,50.501797,50.388153,50.387676
45.019688,45.14307,44.832993,44.748283,44.91134,44.54718,44.47709,44.653645,45.0267,44.801987,44.527946,45.240707,44.822155,45.165764,44.66043,44.76586,45.20381,45.032352,44.85203,45.193184,45.111977,45.138676,45.237385,44.86579,45.01723,45.162453,45.25538,44.926453,45.106987,45.410362,44.985313
50.90221,51.033123,51.163025,51.043682,51.53849,51.49576,51.29562,51.219288,51.034863,51.676414,50.900917,51.52144,51.85268,51.474808,51.610394,50.855186,51.297997,51.53427,51.29945,51.456585,51.651695,51.569885,51.548454,51.53672,51.527847,51.437187,51.81516,51.48307,51.1739,51.48912,51.652126
42.121944,42.282658,42.45662,42.00533,42.05111,42.199123,41.981632,42.06645,42.264603,41.948364,42.20639,42.076984,42.1014,42.26435,42.007988,42.008408,42.160126,42.315266,42.240784,42.389057,42.178204,42.608387,42.14891,42.25885,42.344845,42.81092,42.466747,42.19938,42.53591,42.20946,42.46755
49.34261,49.10766,49.143867,49.69844,49.49032,49.530098,49.41591,49.717575,49.384113,49.4502,49.416817,49.342888,49.61292,49.512833,49.843643,49.561367,49.593067,49.672417,49.641823,49.80149,49.875843,49.529644,49.597363,49.526733,49.89288,49.616196,49.77261,49.853992,49.624428,49.94472,49.856647
43.784832,43.688046,43.851868,43.61182,43.57817,43.57289,43.857548,43.482586,43.52647,43.62149,44.045254,43.877293,43.63313,43.613445,43.856228,43.89198,43.761448,43.796238,43.934566,44.062824,43.81166,44.045704,43.97333,43.83869,43.883244,44.13437,43.91155,43.90851,44.33949,43.93198,44.263454
53.77246,53.507084,53.389153,53.28831,53.826256,53.611897,53.60207,53.638786,53.499218,53.64627,53.61314,53.58322,53.778015,53.526665,53.658424,53.797333,53.711742,53.637516,53.848625,53.74187,53.723732,54.045944,53.582264,54.14176,53.478626,53.82901,53.97083,53.913727,54.176277,53.862984,53.964172
47.410748,47.53879,47.845222,47.70586,47.793037,47.56394,47.535362,47.50676,47.67406,47.798706,47.493607,47.783348,47.86643,47.96314,47.899822,47.858574,47.633606,47.92104,47.803013,47.876217,48.10458,47.8463,47.8509,47.808174,47.59736,47.85199,48.145832,48.030155,47.756676,47.918102,47.947304
46.243835,45.986996,46.00711,46.180126,46.011055,46.174454,45.792377,46.224598,46.458935,46.098324,46.42096,46.264957,46.123875,46.46261,45.98738,46.27779,46.222282,46.394188,46.463177,46.190075,46.223995,46.144863,46.264656,46.346252,46.465492,46.53714,46.429546,46.389538,46.651913,46.5905,46.351036
57.83769,57.73933,57.29934,57.74532,58.279953,57.700428,57.838116,57.735138,57.765854,58.2823,57.80863,57.89949,58.29993,57.79385,58.147354,57.82865,58.15402,57.94961,58.243298,58.20871,58.367252,58.037624,58.512676,58.380524,58.168625,57.606766,58.133984,58.029583,58.07419,58.45755,58.246372
41.91832,41.9283,41.991135,41.7012,41.85579,42.187115,41.904423,42.031166,42.330883,42.14436,42.274757,42.165184,42.0908,42.286106,42.243366,42.070305,42.06756,42.462997,42.249634,42.07058,42.291286,42.52534,42.030018,42.535583,42.37252,42.52291,42.50308,42.316925,42.668907,42.345383,42.546715
39.531998,39.5049,39.27259,39.204826,39.287933,39.16729,39.48652,39.4238,39.1254,39.44759,39.336338,39.48015,39.30148,39.410934,39.716537,39.36198,39.3765,39.58415,39.529858,39.477413,39.60546,40.22772,39.517677,39.610664,39.595108,39.62555,39.613537,39.722496,39.811462,39.744602,40.026363
53.204227,53.036964,52.959915,53.615486,53.29032,53.621174,53.822556,53.78935,53.373566,53.56395,53.807224,53.17537,53.590572,53.259575,53.83391,53.90768,53.801445,53.700283,53.911327,53.825546,53.66887,53.28602,53.736008,53.76996,54.169327,53.596107,53.507572,54.07215,53.807865,53.727013,53.946377
49.050045,48.727943,49.058228,49.274647,49.1055,49.40887,49.211502,49.553665,49.136963,48.72954,48.95537,49.110508,49.33435,49.13085,49.298286,49.56527,49.38873,49.362892,49.22619,49.23249,49.37755,49.18027,49.265385,49.49128,49.448044,49.185875,49.709675,49.398216,49.40403,49.457344,49.40283
33.25072,33.197273,33.132637,32.79159,32.96581,32.96415,33.492043,33.07863,33.146896,33.47043,33.802906,33.418976,32.852177,33.177513,33.460075,33.434715,33.4033,33.7301,33.67072,33.494953,33.21443,33.82637,33.226326,33.562374,33.40332,33.828827,33.51698,33.65586,33.780033,33.159607,33.9831
55.933655,56.57457,55.83953,56.536358,56.21135,55.789833,56.24823,56.063427,56.432228,56.77855,56.18857,56.290977,56.40804,56.298508,56.745144,56.438007,56.841633,56.256367,56.339867,56.985897,56.979374,56.43626,56.830177,56.50766,56.730778,56.29342,56.355686,57.104908,56.82205,57.13076,56.606163
52.111286,51.886597,52.250473,52.183155,52.02127,52.251316,52.25427,52.229404,52.153908,52.1656,52.59446,52.55682,52.239113,52.056854,52.13099,52.081646,52.58035,52.08191,52.196846,52.35843,52.18413,52.417927,52.56362,52.469482,52.337646,52.536964,52.556847,52.528103,52.73645,52.628773,52.21112
49.55185,49.890022,50.035805,50.095505,49.45784,49.971313,50.319176,50.168137,50.03062,50.161892,50.40154,50.187347,49.835934,50.12217,50.295486,50.188995,50.08132,50.136387,50.201164,50.277897,49.99366,50.083984,50.36017,50.145615,50.831676,50.87384,50.02702,50.802387,50.215393,50.33575,50.571644
40.764603,40.747498,41.123528,40.97675,40.758804,41.10091,40.899216,40.96009,40.74825,40.51506,40.90641,40.703037,41.064796,40.851624,40.879772,40.84548,40.668808,41.069622,40.933125,41.104694,40.962383,41.215576,40.81885,40.97663,41.22007,41.34807,41.222248,40.869442,41.160137,40.79255,41.352955
54.828686,55.30046,54.849304,55.34759,55.088882,54.86719,55.05601,55.041424,55.11353,55.45189,55.250088,54.9375,55.382656,54.87973,55.444942,54.96664,55.36919,54.94288,55.378563,55.596928,55.305843,55.151382,55.509712,55.534935,55.500896,55.130714,55.136013,55.68733,55.639828,55.505215,55.484543
58.837578,58.646824,58.472183,58.66899,58.59548,59.066845,59.148186,59.439045,59.290497,58.90596,59.301334,59.17621,58.535145,58.726826,59.037926,59.275272,59.45204,59.149498,59.22985,59.234524,59.058914,58.773678,59.64414,59.092674,59.765495,59.52437,58.699207,59.51923,58.866566,59.66365,58.78152
51.945908,52.380833,52.04431,52.617165,51.950157,52.105343,52.26061,52.271294,52.379715,52.438763,52.430508,51.923244,52.526993,52.329945,52.771435,52.310482,52.166134,52.439117,52.410786,52.789883,52.848278,52.75484,52.42782,52.573288,53.117504,52.66443,52.318687,52.86193,52.807632,52.746323,53.038994
42.884556,43.39245,42.445488,42.86321,43.120865,42.912884,42.934338,43.077797,43.04161,43.468952,42.841072,42.950455,43.248184,42.73458,43.699318,42.89932,42.86971,43.069668,43.12259,43.397644,43.51364,43.46703,42.965263,43.541,43.190105,43.01557,43.01955,43.640156,43.712082,43.50255,43.549538
43.58567,43.68862,43.7166,43.321815,43.95751,43.87789,43.80624,43.749367,43.9738,43.864216,43.589214,44.075775,43.74614,43.9447,44.025642,44.165997,44.245243,43.919292,43.69449,43.915855,44.311085,44.113205,44.125214,44.028633,43.615795,43.970116,44.183697,44.156036,44.069378,44.493828,43.7501
47.32729,46.781708,47.258286,46.879314,46.813698,47.3508,46.96722,47.199284,47.450962,46.85757,47.36042,47.4733,46.664436,47.566254,46.937157,47.18347,47.197746,47.587093,47.289288,47.019726,47.394035,47.553555,47.366875,47.05954,47.666767,47.903023,47.59708,47.112026,47.67992,47.78821,47.35734
58.93865,58.8807,58.78283,58.967957,59.114388,59.131054,58.702465,59.049717,59.393658,59.19482,59.151657,58.718323,59.123325,59.04156,59.27707,58.768875,59.20837,59.290356,59.389835,59.35926,59.533657,59.315205,59.220013,59.421494,59.508255,59.262222,59.3713,59.203835,59.561848,59.54245,59.313854
49.91261,49.45001,49.30126,49.762444,49.777977,49.783005,49.700035,49.959587,49.858795,49.712933,50.188663,49.54903,49.63595,49.518055,49.82576,50.09441,49.9057,49.907887,50.161224,50.083206,49.94226,49.781475,49.707905,50.02923,49.90715,50.00334,49.875122,50.127445,50.36761,50.093506,49.98506
45.62412,45.745914,45.735146,45.75103,45.408257,45.59564,45.647392,45.901367,45.93668,45.674984,46.144554,45.713795,45.68897,45.826065,45.87593,45.707203,45.99638,45.802395,45.975735,45.903625,45.7046,46.174004,46.07665,46.168976,46.330414,46.26864,45.916504,46.141285,46.06351,46.169353,46.198975
42.574226,42.642025,43.0652,43.195366,42.83136,43.09791,42.78494,43.195255,43.241932,42.715946,43.154232,42.709297,42.971382,43.118958,42.799026,43.252934,43.29566,42.995617,43.10022,42.95744,42.935444,42.821793,42.99798,43.270996,43.09339,43.222122,43.430855,43.309578,43.229637,43.150658,42.993748
49.299126,49.61628,49.37182,49.18459,49.682358,49.495674,49.947334,49.540436,49.64036,50.061176,49.7051,49.69087,49.542038,49.653034,49.823517,49.983658,49.880974,49.755272,49.79758,49.792004,49.98265,50.113792,49.942307,50.074326,49.722904,50.014503,49.798515,50.23847,49.869167,50.01609,49.945362
50.4946,50.873306,50.902664,50.89616,50.498665,51.004547,50.921734,51.124256,50.883923,50.810776,50.533855,50.64692,50.896755,50.929573,50.82429,50.888927,50.858658,51.081024,50.7748,50.863667,51.02626,51.228954,50.762592,50.950867,51.18007,51.207954,50.995567,51.44943,51.0539,50.892067,50.89393
47.93608,48.158684,48.19606,48.351543,48.44474,48.361794,48.75399,48.30562,47.948154,48.61672,48.57829,48.293514,48.579815,47.76908,48.274925,48.27552,48.524117,48.047424,48.25151,48.59554,48.42594,48.62949,48.51231,48.659332,48.091526,48.353516,48.44497,48.80195,48.675694,48.308247,48.239937
42.52682,42.370525,42.35592,42.21454,42.42871,42.39992,42.33724,42.385468,42.330833,42.27683,42.53735,42.29615,42.325054,42.135563,42.31511,42.5259,42.25513,42.44966,42.543674,42.471363,42.49177,42.809196,42.231766,42.661163,42.116512,42.56053,42.566135,42.58169,43.037598,42.446804,42.516613
54.721516,54.86014,54.29989,54.921715,54.97637,54.878635,55.131428,55.037003,54.8245,55.250977,54.944542,54.701706,54.92372,54.551193,55.113167,55.11386,54.738003,54.930183,55.02694,55.30434,55.42273,55.15922,54.92098,55.13176,55.138992,55.14879,54.78716,55.53222,55.325237,55.2828,55.121803
44.070423,44.011055,44.3062,44.510212,44.344086,44.163418,44.662766,44.24388,43.886868,44.331524,43.948147,44.452236,44.533726,44.577934,44.197174,44.615597,44.40624,44.781155,44.284767,44.55149,44.770744,44.728462,44.543392,44.240486,44.55387,44.46254,44.93057,44.520866,44.07909,44.271297,44.73082
53.499973,53.689117,53.653984,53.806618,53.445328,53.542248,53.708073,53.770832,53.79735,53.48661,53.726982,53.75181,53.60622,53.691418,53.77151,53.958927,54.015747,53.477554,53.588837,53.980247,53.96008,53.907093,54.19629,53.820976,54.109943,54.07962,53.74776,54.160263,54.019928,54.469124,53.809235
47.020912,46.795597,47.47603,47.295044,47.206543,47.601814,47.626637,47.363228,47.219456,47.391617,47.909466,47.1517,47.466652,47.302723,47.384533,47.42744,47.23142,47.66457,47.75863,47.368683,47.37854,47.605988,47.434593,47.73448,47.70118,47.777443,47.75062,47.509037,47.64903,47.134117,47.870266
40.60916,40.456123,41.223564,41.15858,40.99894,41.285995,41.11268,41.197647,41.10093,41.25334,41.471344,40.760513,41.22437,41.51334,41.245895,41.602394,40.987606,41.68429,41.735954,41.023235,41.078224,40.779354,40.954773,41.220108,41.171425,41.40274,41.426273,41.61716,40.92633,40.7102,41.482185
34.389538,34.20753,33.84353,34.466034,34.22323,34.276424,34.189682,34.54752,34.225018,34.391357,34.36259,34.357285,34.501144,34.159225,34.472885,34.501167,34.08742,34.65769,34.37565,34.489834,34.542183,34.62672,33.7182,34.656765,34.157806,34.327084,34.678776,34.877113,35.023975,34.296497,34.66802
55.741314,55.55743,56.5149,55.91741,55.734894,55.705143,56.078114,55.708866,55.87419,55.68665,56.33079,56.259686,55.71405,56.03889,56.0415,56.229412,56.487526,55.891376,56.25581,56.12053,55.85331,55.945118,56.746475,56.163177,56.134853,56.338104,56.4823,56.16809,56.174603,56.324207,56.27916
42.80135,43.217506,43.15869,42.833145,43.121796,43.15942,43.10741,43.102833,43.003963,43.32282,43.036453,42.536697,43.170357,43.090275,43.244892,42.9119,42.94667,43.215572,43.213238,43.132885,43.294483,43.91226,42.829052,43.339638,43.008297,43.461304,43.171455,43.516605,43.353676,42.993042,43.378906
44.49613,44.81583,44.59629,44.219604,44.62146,44.18732,44.391705,44.238113,44.594097,44.619,44.447224,44.909042,44.646606,44.888172,44.78624,44.80709,44.742165,44.508766,44.724785,44.78331,44.671204,44.794006,45.076145,44.939354,44.695526,44.930023,44.833603,44.83524,44.8255,45.157394,45.163277
45.748154,46.10989,46.17035,46.82646,45.603516,46.295418,46.274986,46.4591,46.340683,46.476887,46.495464,46.180508,46.281334,46.412464,46.35197,45.996284,45.987335,46.654076,46.292374,46.513794,46.51939,46.444466,46.154278,46.17121,47.15501,46.880188,46.391262,46.94475,46.58493,46.322327,46.66312
45.456097,45.514503,45.4582,45.454956,45.526512,45.61047,45.453228,45.55272,45.672504,45.53624,45.2977,45.576557,45.639874,45.80928,45.53228,45.906734,45.589012,45.93991,45.686317,45.694443,45.811646,45.70826,45.31993,45.85646,45.636135,45.874954,46.12273,45.92315,46.12732,45.653122,45.96703
49.8208,50.3728,50.172066,50.18304,50.048172,50.010223,50.047443,49.910297,50.590004,50.477108,50.466927,50.118576,50.251858,50.36362,50.752094,50.23352,50.589542,50.394085,50.51275,50.830166,50.700115,50.3305,50.716106,50.52581,50.87672,50.62863,50.404297,50.640244,50.767887,50.829952,50.830696
59.79425,59.03863,59.120422,59.19739,59.911217,59.858402,59.365086,59.525402,59.520958,59.34148,59.909977,59.380478,59.866207,58.978603,59.79051,59.567646,59.676483,59.43198,59.95944,59.85423,59.75841,59.428535,59.790874,60.116714,59.534603,59.358994,59.74896,59.354103,60.337994,59.994034,59.723003
37.456264,37.27434,37.394814,37.89663,37.511154,37.46878,37.63385,37.578915,37.5115,37.604458,37.95954,37.771507,37.60262,37.83155,37.598137,37.991726,37.704346,37.827236,37.81489,38.05193,37.73595,37.38777,37.718483,37.49105,37.963898,38.136803,37.899147,37.966713,37.763695,37.858837,38.1139
45.580193,45.856724,45.562325,45.965065,45.413605,45.77481,45.907173,45.951057,45.733715,45.82787,45.55711,45.979393,45.751392,45.741272,45.399887,45.962852,45.881084,46.00492,45.602757,45.99435,45.932724,45.763447,45.83827,45.5141,45.99919,46.033394,45.669003,46.396755,45.929363,45.848618,45.45058
50.03207,50.27988,50.385086,50.349632,50.191322,50.239204,50.69045,50.403828,50.35869,50.50984,50.514347,50.531956,50.43473,50.590126,50.543114,50.787437,50.627083,50.481926,50.578342,50.479702,50.519512,50.705055,50.826347,50.903313,50.872303,50.82804,50.791603,50.943024,50.66044,50.753124,51.0101
55.665363,55.645607,56.02472,55.585358,55.335487,55.779556,55.68463,55.853237,55.9336,55.458828,55.718536,55.85826,55.548336,55.88882,55.911503,55.79761,55.89492,55.9811,55.896458,55.749107,55.923477,56.121483,56.215908,55.92119,56.29561,56.16918,55.97668,56.009296,56.034924,56.22962,55.96867
54.509792,54.785007,54.97325,54.55135,54.97168,55.048183,55.071224,55.004368,54.98903,54.96645,54.636353,54.697227,55.056755,55.00392,55.15444,55.31036,55.266476,55.056156,55.1,54.85726,55.144154,55.227245,55.098312,55.541687,54.93221,55.010582,55.38332,55.412098,55.18806,55.10886,55.168545
50.35771,50.3537,50.129738,50.408173,50.432045,50.273743,50.45439,50.31332,50.602104,50.597874,50.608826,50.162216,50.319115,50.357937,50.367596,50.931618,50.573803,50.778336,50.759426,50.79376,50.85114,50.637974,50.264233,50.76037,50.423046,50.6482,50.742306,50.905315,51.14901,50.507545,50.70668
42.37791,42.651413,43.000786,42.67946,42.822266,42.887047,43.00911,42.804314,42.54175,42.931034,42.75574,42.938686,43.059864,42.847553,42.762867,42.927887,42.920246,42.81146,42.7705,42.88837,42.74517,42.930664,42.927288,42.926773,42.596443,43.107582,43.035107,43.293133,42.69605,42.68942,42.813076
53.115788,53.193638,53.006104,52.999077,53.41294,53.168926,52.888668,53.169,53.459435,52.95157,53.205677,52.7051,53.184563,52.93477,53.38898,53.16778,53.279785,53.0304,53.35714,53.545418,53.557068,53.56399,53.310326,53.743416,53.390644,53.4551,53.488724,53.156845,53.734497,53.73103,53.572777
48.048706,47.809574,47.5244,48.044945,47.662376,47.8968,48.052635,48.197075,48.033176,47.995865,48.35042,47.99354,47.979,47.99499,48.32052,48.21659,48.276096,48.3357,48.462154,48.296013,48.110603,48.08107,48.324055,48.339813,48.85937,48.24543,48.125774,48.40833,48.50978,48.443,48.711777
46.926327,47.376156,47.640648,47.08821,47.427208,47.828674,47.76878,47.587826,47.53908,47.59565,47.641895,47.227783,47.6368,47.465576,47.5219,47.57315,47.664516,47.366333,47.49193,47.342957,47.549873,47.988583,47.741993,47.983925,47.615795,47.909073,47.589924,47.885876,47.69416,47.675526,47.55671
46.150204,45.651024,45.691483,46.327682,46.066162,46.101112,46.255352,46.29233,45.561974,46.11885,45.8868,46.10017,46.274597,46.36651,45.93456,46.374947,46.035587,46.274612,46.1136,46.05679,46.230183,46.385406,45.7882,46.02613,46.1684,46.28443,46.530228,46.583664,46.441875,46.248848,46.535263
39.1553,39.18952,39.59855,39.207752,39.256294,39.157127,39.277946,38.875584,38.98437,39.23987,39.56859,39.40595,39.48127,39.337566,39.213314,39.23333,39.567356,39.196842,39.31732,39.59837,39.2024,39.532642,39.46769,39.298706,39.101097,39.599358,39.606483,39.416252,39.729084,39.310493,39.586025
53.36166,53.276978,53.631752,53.215393,53.419052,53.830574,53.695007,53.751446,53.43466,53.504063,53.30403,53.582897,53.688618,53.886154,53.86454,53.66766,53.78422,53.700672,53.50465,53.452484,53.8073,54.188995,53.66633,53.796463,53.8244,54.00506,53.97503,54.04044,53.84858,54.05866,53.927315
40.61336,41.169556,41.101997,41.16555,40.794876,40.825233,40.984734,41.039825,41.32228,41.408627,41.098843,41.256744,41.10234,41.686794,41.718334,41.299362,41.20406,41.430717,41.316795,41.29943,41.49037,41.32081,41.47311,41.33483,41.749535,41.580017,41.41603,41.80911,41.232544,41.71515,41.882942
42.171738,42.293068,41.940018,41.90741,42.00171,42.23109,42.06153,42.2258,42.553894,42.32543,42.47787,42.272423,42.23054,42.101482,42.51315,42.12217,42.466774,42.565674,42.490803,42.38704,42.52876,42.59879,42.574745,42.711906,42.69709,42.270554,42.33633,42.409378,42.83606,42.66738,42.500336
48.24281,48.20031,48.25094,48.49857,48.347504,48.2398,47.92763,48.462402,48.570335,48.423763,48.40784,48.39515,48.35361,48.81931,48.25655,48.488514,48.223324,48.3876,48.613007,48.293373,48.382614,48.288948,48.37216,48.553505,48.48529,48.81714,48.665615,48.809624,48.54009,48.818665,48.60141
40.250973,40.603798,41.212708,40.111053,40.95295,40.88598,40.813988,40.670322,40.40211,40.404045,40.367043,40.435375,40.926098,41.063232,40.42591,41.26906,40.920788,40.38057,40.758995,40.421177,40.161354,40.67413,40.778584,40.91091,40.130367,41.171616,40.873505,40.980324,40.27082,40.474815,40.75458
52.59965,52.302586,52.330475,52.52852,52.84739,52.41875,52.497746,52.289196,52.526943,52.650692,52.77669,52.504322,52.694996,52.61737,52.74787,52.83923,52.70657,52.612354,53.033302,52.800762,52.926666,52.64517,52.954987,53.044846,52.753784,52.569267,53.07191,52.591812,53.254448,53.086784,53.236996
49.0438,49.630116,49.467285,49.445717,49.262108,49.51587,49.310497,49.36905,49.64799,49.401287,49.120335,49.37792,49.67856,49.525143,49.750412,49.365807,49.490215,49.61685,49.394543,49.82307,49.89938,49.607513,49.734592,49.64402,50.052395,49.725082,49.66316,49.69442,49.793655,49.84112,49.82369
39.38541,39.584854,39.26924,39.775208,39.341927,39.688015,39.544807,39.73856,39.579887,39.851864,39.362072,39.74603,39.78695,39.925167,39.62943,39.254944,39.412075,40.10728,39.45309,39.79466,40.117306,40.13231,39.580914,39.44815,40.309048,40.024155,39.839108,39.933315,39.727314,39.911915,39.94252
45.14948,45.529568,45.454773,45.319794,45.23208,45.312523,44.897186,45.09367,45.87958,45.383953,45.69652,45.214943,45.458313,45.776375,45.167286,45.461315,45.46778,45.468075,45.779144,45.551174,45.32236,45.17678,45.5985,45.725357,45.80936,45.91101,45.561367,45.501125,45.941032,45.647522,45.774235
47.436317,47.85702,47.437805,47.6934,47.568344,47.48634,47.625828,47.680595,47.55017,47.735767,47.302048,47.491653,47.749878,47.48091,47.63735,47.587463,47.71763,47.61833,47.565075,47.780476,47.86069,48.07615,47.59926,47.966225,47.6879,47.643898,47.87472,48.10691,48.150623,47.807404,47.81409
51.32157,51.655052,51.67498,51.631134,51.53144,51.693542,51.712627,52.044426,51.948395,51.62112,51.555058,51.48234,51.767735,51.91256,52.129105,52.201733,52.088726,51.93436,52.13933,51.751816,51.79413,51.58114,52.268913,52.157135,52.28808,51.814743,51.800327,52.292587,51.513245,52.087524,52.038673
53.4399,53.02187,53.13952,53.867615,53.29505,53.69548,53.594715,53.873615,53.719006,53.526096,53.59478,53.629845,53.508205,53.44018,53.681675,53.63718,53.904514,54.210594,53.72186,53.915787,54.198505,53.539677,53.851612,53.519127,54.23431,53.50261,53.94225,53.863,53.76975,53.937595,53.51578
43.49852,43.14175,43.62652,42.73032,43.643173,43.63712,43.44058,43.429054,43.406876,43.086994,43.22301,43.304264,43.3624,43.574753,43.062576,43.65805,43.581406,43.701374,43.551525,43.04746,43.498287,44.189674,43.45814,43.894943,43.112537,43.617935,44.076683,43.177647,43.592422,43.422836,43.51321
46.91459,47.328762,47.369637,47.112347,46.84954,47.13268,47.30675,47.305775,47.428913,47.07435,47.255234,47.370403,47.202927,47.324047,47.44147,47.577698,47.756138,47.128395,47.11515,47.279305,47.443295,47.615665,47.848137,47.56183,47.548367,47.423943,47.306114,47.795883,47.580147,47.95198,47.27794
49.396942,49.729065,49.74888,49.137486,49.776894,49.42563,49.598015,49.185528,49.49825,50.001278,49.619408,49.931458,49.83963,49.81811,49.772198,49.504803,49.824673,49.538162,49.74567,49.752563,49.764946,50.013596,50.189472,49.919,49.525948,49.88611,49.80347,49.90033,49.79746,50.02307,49.87829
43.921604,44.12587,43.705833,44.18551,44.02001,44.033676,44.210087,44.27119,44.06901,44.192863,44.312004,44.172855,44.4325,44.11762,44.421883,44.205204,44.278496,44.223473,44.310497,44.70429,44.23039,44.17083,44.49878,44.40187,44.945213,44.640343,44.14163,44.510536,44.11253,44.497818,44.810867
47.66903,47.444386,47.484688,47.551636,47.400116,47.661514,47.322155,47.52229,47.334133,47.292114,47.31819,47.54761,47.758564,47.56387,47.536125,47.155254,47.611073,47.66193,47.411755,47.78101,47.815525,47.9451,47.691082,47.29429,47.862724,47.672913,47.66095,47.513702,47.89732,47.919518,47.63555
56.79828,56.774773,56.568283,56.716225,57.436012,56.753365,56.90597,56.616432,56.92122,57.339314,57.054195,56.59205,57.283127,56.749435,57.75606,57.05143,57.20202,57.03572,57.508392,57.368515,57.719566,57.27687,57.559063,57.63243,57.094666,56.52851,57.26967,57.07347,57.449993,57.58991,57.62443
45.719585,45.908047,45.656242,45.46219,45.731873,45.49948,45.69017,45.377377,45.62967,45.784786,45.828922,46.00234,45.728817,45.393127,45.736366,45.689007,46.16326,45.483646,45.698925,46.067066,45.87707,45.872852,46.2994,45.81301,45.54075,45.631737,45.645966,45.92211,46.30278,46.221066,45.566933
57.018864,56.69795,56.853104,57.61131,57.034668,57.32667,57.693745,57.721565,56.747677,57.373653,57.098743,57.18954,57.365097,57.193233,57.605434,57.532055,57.345047,57.420494,57.149273,57.50323,57.780376,57.548313,57.40576,56.900726,57.60011,57.38015,57.164886,58.155144,57.051437,57.69969,57.24866
48.63464,48.714718,48.613083,48.54168,48.713936,48.4255,48.653084,48.45969,48.803543,48.69494,48.9155,48.870304,48.584286,48.45907,48.57294,48.916504,48.77306,48.67144,48.862362,48.966743,48.865456,48.85446,48.99557,49.12697,48.647392,48.91073,48.963318,48.87386,49.22135,48.967655,48.86602
38.56231,38.610752,38.3907,38.316086,38.752884,38.5379,39.270252,38.550037,38.36653,38.816597,39.047054,38.83944,38.5866,38.25941,38.83537,39.34697,39.032856,38.678642,38.876198,39.1158,38.723698,38.884804,38.826294,39.12552,38.55162,38.982483,38.872417,39.167442,39.281097,38.739773,39.20038
52.431885,52.51882,52.558647,52.812634,52.42089,52.276474,52.17505,52.490803,52.443752,52.59922,52.171593,52.976196,52.888435,53.11224,52.534954,52.430405,52.30023,52.62479,52.571598,52.575592,52.65661,52.58109,52.842587,52.60739,52.919147,52.85692,52.92802,52.918446,52.509583,53.004116,52.96141
42.527008,42.28991,42.79148,42.306004,42.545708,42.146263,42.32644,42.108376,42.050934,42.24759,42.32378,42.662437,42.45171,42.8536,42.265564,42.518517,42.334965,42.486168,42.6778,42.372726,42.25046,42.781693,42.561825,42.601593,42.32245,42.859238,43.138306,42.381016,42.661785,42.473484,43.180634
46.209347,46.404495,46.142815,46.4252,46.071823,46.017563,46.299427,46.43376,46.46672,45.981182,46.085438,46.44075,46.132343,46.45147,46.434162,46.759304,46.973694,46.382744,46.286484,46.7375,46.668377,46.34911,47.08705,46.240448,46.961643,46.49746,46.370995,46.644928,46.274544,47.16274,46.454067
48.471767,48.51609,48.75505,48.712753,48.450523,48.70481,49.066105,48.919872,49.088017,48.741776,49.112076,48.938053,48.48234,48.794918,49.160126,49.428753,49.335712,49.0053,48.951717,48.868942,49.271183,49.110085,49.421276,49.253174,49.21691,48.94844,49.132442,49.36548,49.26714,49.544247,49.022552
53.188183,53.265034,53.39926,53.214817,53.21219,53.00888,53.126312,53.11254,53.263958,53.137665,53.457863,53.068245,53.213318,53.28198,53.489746,53.55278,53.37696,53.003033,53.543404,53.401794,53.346344,53.459446,53.6454,53.558426,53.29171,53.478767,53.29905,53.640682,53.734993,53.791805,53.6117
58.163925,58.275948,57.955933,58.00624,58.3379,58.24359,58.099884,58.22604,58.5779,58.481987,58.307007,58.344387,58.3531,58.15873,58.38664,58.2628,58.419334,58.341713,58.523777,58.42722,58.61943,58.446762,58.655804,58.885582,58.537533,58.367073,58.51558,58.544094,58.836056,58.829147,58.422615
50.67457,50.42243,51.01226,50.101658,50.775497,50.873936,50.724823,50.49998,50.658127,50.758644,50.75718,50.71748,50.71754,51.238018,50.613068,50.9897,50.824535,50.929222,51.11115,50.290863,50.71446,51.15325,50.99293,51.02909,50.61585,51.03936,51.1223,50.827545,51.061077,50.938736,51.039932
56.420822,56.153996,55.712433,56.212097,56.329025,56.144226,56.69215,56.378414,56.05173,56.335762,56.1662,56.01965,56.104027,55.76522,56.48114,56.785297,56.456867,56.49952,56.419228,56.631607,57.015312,56.877388,56.41993,56.47287,56.348114,56.071495,56.323296,56.725163,56.9283,56.686638,56.42613
45.857624,45.761623,45.34276,45.73089,45.85562,45.346184,45.73323,45.518826,45.070107,45.62856,45.151676,45.502625,45.89405,45.556427,45.622566,45.94094,45.71289,45.84182,45.87712,46.068928,45.770203,45.75248,45.554363,45.592117,45.523144,45.486168,45.850018,45.922337,45.935474,45.48255,46.122803
47.337986,47.54008,47.750343,47.644806,47.891678,47.454895,48.095184,47.264137,47.56381,48.05155,47.952698,48.146572,48.058823,47.907078,48.010593,48.197678,48.19405,47.79225,47.762688,48.265194,48.24387,48.063866,48.316845,48.183556,47.84087,48.044243,48.390106,48.130062,48.091675,48.199566,48.391293
54.167145,54.170662,54.168533,54.233383,54.152916,54.351196,54.256367,54.358845,54.27987,54.44974,54.475,54.5186,54.54014,54.40682,54.765125,53.95134,54.302055,54.309925,54.368004,54.5657,54.61023,54.81243,54.7355,54.620766,55.01897,54.83245,54.521667,54.635345,54.659565,55.040813,54.90674
39.96948,39.993736,39.58837,39.74369,39.679077,39.903133,39.96398,40.135883,40.08947,39.91019,40.200127,40.068882,39.759064,39.899902,39.931984,39.957382,40.03117,40.05636,39.987003,40.054688,40.049477,40.527527,40.046246,40.33512,40.466084,40.507378,40.10874,40.24226,40.504105,40.44857,40.378613
39.4401,39.624252,39.689743,39.309208,38.986305,39.16778,39.10914,39.296753,39.446133,39.139435,39.248142,39.277454,39.167545,39.889366,39.1181,39.409435,39.055355,39.715546,39.49208,39.298183,39.321117,40.090202,39.07961,39.443817,39.651882,40.168503,39.72698,39.607834,39.816105,39.354004,40.00587
42.589855,42.83887,42.896416,43.010967,42.901924,42.964718,42.918156,42.996407,43.05394,43.038036,42.679996,43.10782,43.1345,43.19935,43.067413,42.970848,43.318455,43.248062,42.878624,43.07291,43.408146,43.243572,43.28963,43.16568,43.260056,42.987564,43.51241,43.24991,43.08516,43.371323,43.11073
42.87449,43.047268,43.042297,42.653927,42.903053,42.74722,42.80844,42.699768,43.303944,42.967297,43.22284,43.320595,42.823887,43.145924,43.168793,43.253872,43.35234,43.06932,43.266197,43.149017,43.172092,43.048,43.68076,43.385445,43.232864,43.21794,43.26165,43.118332,43.43192,43.652622,43.329967
38.83929,39.018696,38.564125,38.80108,38.839516,39.081314,39.055027,39.162067,38.98803,39.247185,38.993954,39.274395,39.05569,39.161194,38.5917,39.172924,39.044132,39.187172,38.99397,39.048996,38.883133,38.965385,38.92883,39.013023,39.15444,39.508522,38.93631,39.55657,39.106213,39.073586,38.93755
58.092464,57.741714,57.928246,58.351093,58.547493,58.29165,58.112396,58.345715,58.155525,58.41711,58.274433,58.217888,58.64238,58.449028,58.371025,58.384377,58.1846,58.269367,58.56188,58.31831,58.54413,58.181004,58.54852,58.586838,58.430454,58.331444,58.610096,58.53357,58.227867,58.726116,58.540993
57.2195,57.188442,57.419617,57.37978,57.299484,57.159203,57.65119,57.233906,57.2549,57.436943,57.7184,57.30916,57.43341,57.276142,57.810146,57.958374,57.726673,57.436035,57.79848,57.840687,57.585552,57.48229,57.73407,57.805046,57.55845,57.633568,57.65272,57.99761,57.94368,57.65288,57.99951
53.16786,53.58173,53.837723,53.571743,53.397034,53.92777,53.627415,53.791935,54.023678,53.68521,53.60038,53.57589,53.701263,53.98713,53.666107,53.719498,53.85286,53.890163,53.695858,53.741302,53.94239,53.83149,53.977528,53.80076,54.226494,54.2639,53.852455,54.09786,53.746613,54.037487,53.690887
33.23577,33.189037,33.026638,32.8697,33.55006,33.498093,33.279114,33.194572,33.383465,33.545074,33.431076,33.26822,33.289627,33.399353,33.62092,33.426983,33.34474,33.648003,33.558468,33.467484,33.721844,33.69008,33.190685,33.61886,33.307343,33.592415,33.733837,33.438896,33.966892,33.631565,33.858704
46.211838,46.391052,46.531387,46.649403,46.46656,46.628784,46.574802,46.670113,46.621643,46.690075,46.980297,46.36686,46.622528,46.693466,46.70603,46.69482,46.54469,46.489227,46.83957,46.742706,46.551117,46.602676,46.69338,46.80951,46.930454,47.196205,46.63485,47.08573,46.805363,46.858345,46.997334
40.370327,39.738934,40.50978,40.320797,40.24241,40.259884,40.278683,40.39487,39.95337,40.19905,40.301823,40.66396,40.369473,40.814648,40.375786,40.538265,40.435287,40.716244,40.599346,40.075653,40.272957,40.47872,40.517815,40.24874,40.24937,40.39987,40.903667,40.57286,40.199165,40.446033,40.641975
43.86875,43.946125,44.08602,43.709263,44.01912,44.348892,43.778072,44.37211,44.368305,44.01705,43.857784,44.236496,44.170235,44.461105,44.287487,43.841034,44.11065,44.437645,44.298504,43.922043,44.086624,44.28371,44.28604,44.52459,44.621414,44.558495,44.587044,44.198807,44.02011,44.43074,44.48715
42.67559,42.82229,42.527336,42.79303,42.84436,42.771126,42.809376,42.73406,43.04278,43.107788,42.71597,43.16526,42.90851,43.122295,43.050484,43.298347,42.88701,43.26749,42.972885,43.085472,43.46221,42.890038,43.055847,43.039467,43.077465,42.98696,43.197056,43.28997,43.301903,43.373665,43.184277
45.119274,45.10979,45.26912,44.77117,45.19333,45.302765,45.069366,45.312294,45.241234,44.860504,44.798767,45.41114,45.120007,45.59046,45.075798,45.761898,45.23129,45.131077,45.09997,45.010204,45.177315,45.266518,45.24104,45.318787,45.03378,45.70858,45.447727,45.550484,45.30702,45.687157,45.27432
50.274574,49.493576,49.768295,50.16629,50.008736,50.135227,49.908836,50.19926,49.735226,49.81396,49.784508,50.081345,49.953423,49.900593,49.704792,49.690178,49.911472,50.489548,50.10347,50.0156,50.3492,50.341824,50.006992,49.785866,50.183266,49.919205,50.48828,49.85169,50.185707,50.083107,49.93558
47.90146,47.65887,47.582275,47.88556,48.06688,47.51462,48.15896,47.725163,47.519817,48.009033,48.05354,47.95255,47.982464,47.832836,48.230625,48.439327,48.327255,47.96766,48.35804,48.2879,48.05301,47.92625,48.328728,48.280792,48.018345,47.833702,48.29995,48.268665,48.282875,48.212887,48.664623
62.00847,61.32019,61.632812,62.089035,62.097,61.925022,62.012615,61.75912,61.87,62.187588,62.38397,62.148994,62.142902,61.873734,62.115105,62.08452,61.98934,62.356358,62.425213,62.43831,62.493362,61.950874,62.237366,62.24479,62.29455,62.11286,62.544624,62.10516,62.532127,62.26617,62.460575
54.149124,53.981834,53.99524,54.475906,53.991066,54.23246,54.006214,54.423462,54.316486,54.25523,54.45826,54.030716,54.29067,54.104992,54.515705,53.83776,54.489742,54.619553,54.617893,54.784904,54.4339,54.186394,54.502968,54.172646,54.99073,54.477974,54.30222,54.517864,54.31375,54.441097,54.465103
43.850445,44.09334,44.11531,44.003235,44.09881,43.694405,44.13985,43.719147,43.976456,44.33119,44.154266,44.602844,44.325153,44.610867,44.342083,44.3962,44.31849,44.294365,44.30519,44.58408,44.256084,44.17268,44.61012,44.32367,44.518997,44.72827,44.585617,44.482483,44.10634,44.48972,44.989803
53.189953,53.27629,53.440247,53.51594,53.2266,53.670444,53.50501,53.780884,53.632122,53.28972,53.489334,53.427525,53.578533,53.421604,53.8612,53.670086,53.647514,53.52434,53.56454,53.587837,53.780815,53.557095,53.962593,53.748093,54.034195,53.62609,53.532925,53.905636,53.67981,54.085064,53.609684
56.53439,56.45586,56.27639,56.479973,56.702896,56.48664,56.450577,56.577114,56.504574,56.83592,56.3511,56.433693,56.704464,56.731903,57.13562,56.664852,56.66632,56.802624,56.81498,56.919476,57.20296,56.88364,56.808266,56.566833,56.765636,56.662376,56.627907,57.108192,56.737976,57.206657,56.876534
48.82908,49.022774,48.839584,49.96791,49.010284,48.938038,49.167118,49.207413,49.233124,49.483948,49.262543,49.317642,49.374943,49.434734,49.33237,49.065826,49.555637,49.48486,49.20152,49.923244,49.82358,49.189392,49.608425,49.0223,50.10274,49.514862,49.614056,49.699116,49.340008,49.784008,49.617947
43.255844,43.38021,43.6808,43.0395,43.30072,43.660343,43.33903,43.55091,43.55784,43.10688,43.113537,43.31598,43.428696,43.74256,43.401134,43.641144,43.654617,43.784092,43.600243,43.37112,43.392242,43.606865,43.537506,43.60499,43.67553,43.835014,43.787613,43.552624,43.465103,43.461895,43.66997
40.41581,40.44964,39.931557,40.353115,40.22799,40.22271,40.152424,40.411842,40.425037,40.207603,40.061226,40.67716,40.491783,40.54134,40.254517,40.58443,40.631668,40.648273,40.371456,40.72974,40.50906,40.214848,40.557503,40.386665,40.809116,40.555786,40.580563,40.57943,40.570335,40.74995,40.629692
46.560966,46.65232,46.834763,46.482456,46.348793,46.77717,46.824387,46.940903,47.04737,46.578663,46.731667,46.897045,46.506935,46.933563,46.778164,47.012974,46.980835,47.15841,47.04081,46.415066,46.849102,47.122368,47.272987,47.32972,47.354694,46.905273,47.188156,46.956905,47.083313,47.105927,47.082813
59.75006,59.647755,59.972878,59.6743,59.949364,59.9732,59.97096,59.876957,59.961975,60.067356,60.351315,59.944252,59.83317,59.9318,59.995426,60.059856,59.76858,59.743847,60.26696,59.949265,59.937893,60.08796,60.199093,60.34182,60.054314,60.590782,60.06267,60.326725,60.330605,60.348335,60.25624
46.874023,46.65091,46.044975,47.175823,46.524033,46.55626,47.060276,47.096664,46.741245,46.703087,46.9867,46.851227,46.60912,46.255363,47.24741,47.220215,47.155167,47.114746,46.990868,47.589752,47.356026,46.74915,47.15155,46.832672,47.557293,46.76937,46.77849,47.314568,47.274117,47.36724,47.1975
50.56491,50.844685,51.05847,50.85041,50.5801,51.11976,51.166374,51.187794,50.969788,50.989178,51.14659,50.675217,50.914597,51.18381,51.193607,51.140827,51.198593,50.97449,51.05592,51.02604,51.010612,51.381275,51.134148,51.061943,51.469463,51.66388,50.898746,51.688625,51.16164,51.335735,51.276527
54.87799,55.19917,55.198746,55.22331,54.91356,55.29538,55.01663,55.275253,55.473854,55.068153,55.212124,54.96025,55.337303,55.092693,55.556713,54.90212,55.232197,55.390408,55.399666,55.529716,55.479603,55.413227,55.532158,55.62377,56.0624,55.529823,55.4386,55.342976,55.587337,55.532528,55.700947
47.025814,46.55583,46.807816,46.702126,46.8291,47.169388,47.16116,47.19181,46.800037,46.873978,46.894226,47.417572,46.994804,47.266365,46.642246,47.29439,47.1293,47.342182,47.014996,46.874813,46.909306,47.17245,46.962505,47.09658,47.15804,47.50615,47.47327,47.298443,47.13938,47.096832,47.171936
46.50598,46.493423,46.19992,46.4299,46.684418,46.4184,46.055477,46.424244,46.433002,46.24623,46.131126,46.54534,46.848927,46.66727,46.456154,46.669617,46.526783,46.320885,46.47399,46.82502,46.538322,46.198128,46.549076,46.545433,46.507214,46.695427,46.63604,46.63318,46.646854,46.94385,46.72398
37.820736,37.92163,37.80903,37.728645,38.158157,37.733738,37.932827,37.487038,37.87056,38.157345,38.093758,38.09501,38.0334,37.902454,38.158607,38.08268,38.14677,38.14907,38.1474,38.452225,38.30118,38.134132,38.06625,38.238167,37.865635,38.122574,38.46384,38.05062,38.567562,38.124454,38.541275
35.002476,34.999268,34.694252,34.862324,34.669907,35.144028,34.808907,35.232872,35.313553,34.984844,34.972965,35.116684,34.892067,35.229404,35.055,34.94934,35.29411,35.552666,35.013058,35.09562,35.33542,35.450382,34.9557,35.097202,35.50299,35.30684,35.313793,35.304752,35.53077,35.432236,35.190857
53.72828,53.419167,53.410316,53.489666,53.47751,53.807034,53.804882,53.764675,53.71817,53.47776,53.90962,53.68009,53.471046,53.324818,53.661495,53.897865,53.866333,53.60629,53.637497,53.765285,54.034252,54.07487,53.90669,53.895317,53.83961,53.82817,53.733788,53.92781,54.509674,54.317505,53.622784
45.371166,45.586098,45.42591,45.589577,45.23571,45.56756,45.590454,45.72529,45.78823,45.897976,45.763638,45.61507,45.519962,45.898045,45.83105,45.67488,45.592873,46.026234,45.76261,45.77849,45.92004,46.071922,45.51952,45.770256,46.106396,46.231842,45.78967,46.326878,46.02965,45.919376,46.05825
56.711834,56.322166,57.028175,56.970318,56.884277,56.87771,56.955727,56.831783,56.781815,56.854565,56.962894,56.86733,56.90834,57.12056,56.86062,57.162514,57.146072,57.174267,57.15578,56.9764,57.136353,57.06319,57.021885,57.089317,56.95602,57.13675,57.618423,57.191013,57.18451,57.031384,57.206394
53.54541,53.077595,53.122993,52.97071,53.460022,53.31017,53.205925,53.322983,53.315224,53.205666,53.21253,53.547134,53.34777,53.345818,53.461456,53.65749,53.53819,53.552097,53.564457,53.486404,53.589977,53.469078,53.520588,53.598923,53.251064,53.412025,53.69638,53.53051,53.720596,53.771873,53.51229
45.15666,45.298687,45.703743,45.472645,45.276054,45.65711,45.08032,45.522667,45.67234,44.924503,45.266174,45.35166,45.46274,45.69025,45.106205,45.71144,45.492065,45.30164,45.501575,45.262844,45.20351,44.96478,45.59004,45.55255,45.557785,45.711685,45.6956,45.519547,45.701145,45.670944,45.38749
42.066685,41.73217,41.797913,42.06291,41.79135,42.275406,41.999767,42.290035,41.921722,42.057323,42.212524,42.42593,41.96213,42.182323,41.659267,42.03822,41.89708,42.24063,42.12202,42.04661,41.843243,41.775806,42.00356,41.70481,42.272984,42.61122,41.980698,42.429867,42.15884,42.172577,41.910957
31.334278,31.617476,31.158089,31.545862,31.192015,31.19811,30.981989,31.414272,31.588512,31.466759,31.469954,31.577576,31.388952,31.821114,31.445734,31.4256,31.29295,31.551151,31.42514,31.756172,31.451004,31.459236,31.166756,31.362696,31.737396,32.136864,31.564695,31.901642,31.794893,31.808708,31.938116
51.491917,51.695415,51.511955,51.69432,51.275284,51.780846,51.168953,51.834904,51.890656,51.33766,51.52935,51.47682,51.681564,51.724976,51.761456,51.05297,51.743343,51.572327,51.456394,52.037506,51.771694,51.904522,51.689808,51.594658,52.475452,52.372093,51.712368,51.821705,52.000446,52.288788,51.90828
48.10043,48.278385,48.1159,48.45599,48.07872,48.021156,48.386913,48.324295,48.244625,48.561794,48.306396,48.62422,48.343586,48.600048,48.5264,48.533154,48.580875,48.53686,48.480885,48.62103,48.547264,48.36169,48.795254,48.31642,48.81914,48.62832,48.43644,48.979282,48.34194,48.80292,48.68427
38.60696,38.769787,38.403297,38.491055,38.916306,38.6589,38.794407,38.608253,38.62224,39.032425,38.69605,38.889015,38.858627,38.689102,39.08483,38.975872,38.782475,38.92987,38.91406,39.108852,39.09695,38.81504,38.904377,38.86734,38.71399,38.848137,38.813065,39.131477,38.994675,39.03696,39.076668
51.446644,51.813023,51.412895,51.96302,51.3517,51.732185,51.706833,51.948544,51.962116,52.2059,51.794624,51.598907,51.600666,51.82385,52.144543,51.60705,51.69242,52.094696,51.87838,51.999653,52.341644,52.108578,51.8214,51.670677,52.364723,52.078285,51.593815,52.60723,52.200783,52.28652,51.88831
43.416374,43.44399,43.631073,43.54783,43.441063,43.637817,43.13878,43.421246,43.51898,43.328823,43.155483,43.612865,43.890213,43.854546,43.09023,43.493317,43.378525,43.71539,43.374794,43.463398,43.56156,43.61911,43.219524,43.596138,43.3642,43.705925,44.023678,43.639465,43.915688,43.441174,43.528248
48.024185,48.44454,48.264717,48.25247,48.00107,48.20589,48.4562,48.316536,48.408455,48.393112,48.789654,48.174942,48.040028,48.051453,48.42645,48.48603,48.358624,48.054512,48.419273,48.634098,48.338284,48.510464,48.54193,48.469566,48.59164,48.96852,48.00463,48.95703,48.83776,48.719208,48.489983
52.7645,52.232906,51.844574,52.187473,52.169334,52.19645,51.704414,52.40255,52.36558,51.897842,52.158478,52.260685,52.151787,52.22834,52.21127,51.95268,52.094032,52.366543,52.491783,52.395,52.35241,52.51718,52.257835,52.430275,52.751286,52.530632,52.469105,52.13848,52.94107,52.86025,52.67444
43.48469,43.683865,43.159927,43.46249,43.6233,43.13839,43.370274,43.159645,43.36513,43.557766,43.446564,43.421585,43.532246,43.37952,43.399025,43.61579,43.391373,43.51154,43.701862,43.99283,43.63963,43.53088,43.499695,43.67782,43.60582,43.77127,43.675297,43.608753,43.98954,43.592335,44.070316
53.196503,52.943813,53.277336,53.207035,53.42797,53.345867,53.355175,53.22937,53.598495,53.628853,53.911198,53.32683,53.436848,53.807106,53.807434,53.86976,53.53842,53.666557,54.062572,53.453037,53.673157,53.478386,53.726562,54.047836,53.811596,53.78791,53.945587,53.757763,53.983963,53.92937,54.293167
59.71714,59.18224,59.36873,59.88973,59.84713,59.713924,59.94535,59.97038,59.635387,59.937176,59.867718,60.03868,59.82709,59.771553,60.126366,59.763687,60.11467,60.14028,60.175434,60.082676,60.246635,59.83736,60.558647,59.965378,60.52671,59.82039,60.22244,59.98217,59.63577,60.412888,60.181797
47.883274,48.02668,47.33114,47.770332,47.66664,47.96501,47.60789,48.150173,47.985207,47.761127,47.44488,47.629288,47.77002,47.668705,47.596066,47.68004,47.683685,48.07637,47.738796,48.04649,48.144623,48.08522,47.666264,47.68284,48.174286,48.093002,47.58913,48.135162,48.043926,48.08098,47.582302
44.618862,44.636387,44.522057,44.767918,44.281837,44.64291,44.684093,44.880894,44.59724,44.557484,44.444763,45.00825,44.89292,45.00589,44.532608,44.8724,44.844463,44.934563,44.56435,44.674946,44.72478,44.965298,44.771973,44.829964,45.12363,44.96498,45.00423,45.17338,44.970646,44.970654,44.958347
49.076385,49.127216,49.3472,49.378757,49.314194,49.56772,49.133186,49.597134,49.493416,49.006546,48.88074,48.87399,49.482906,49.509266,49.053978,49.490463,49.375877,49.481564,49.24652,49.066395,49.67141,49.721405,49.286953,49.574898,49.38621,49.276215,49.732758,49.4526,49.467155,49.537624,49.16273
51.235676,50.496933,50.57277,50.737755,50.989647,51.122585,51.255722,51.20934,50.69455,50.881325,50.81494,51.02121,50.960693,51.095707,50.752445,51.539303,50.77562,51.48009,51.139812,50.820942,51.311634,51.56456,50.6915,51.209633,51.01172,51.230812,51.45431,51.25319,51.391476,51.062107,51.34248
42.918198,42.601948,42.53582,42.60358,43.172333,42.916306,42.880833,42.810265,42.463898,42.70058,42.69197,42.331245,42.976414,42.55935,42.60095,43.11465,42.620747,42.861763,42.941204,42.865562,42.97833,43.290306,42.28467,43.125145,42.295002,42.82801,43.159523,42.90259,43.374905,42.596737,43.072033
59.073746,58.879932,58.759445,59.226536,59.01378,59.217915,59.14976,59.36327,58.959053,59.28175,59.129627,59.13862,59.235306,59.030437,59.319626,58.851933,59.06951,59.197903,59.248146,59.373234,59.37214,59.380074,59.270412,59.210228,59.673103,59.486008,59.229115,59.576767,59.435616,59.57664,59.420128
53.103355,52.780285,52.95878,53.017227,53.309525,53.227886,52.946854,53.128696,53.152798,53.16729,52.83949,53.572758,53.633167,53.490128,53.392525,53.25867,53.45946,53.44285,53.231163,53.242603,53.590214,53.229004,53.57477,53.525314,53.353607,53.02864,53.842663,53.30043,53.36374,53.76156,53.434605
48.39538,48.819855,48.929672,48.420662,48.908676,48.905235,49.116516,48.936047,48.98561,48.96492,48.850555,48.98073,48.86355,48.881996,49.265747,49.432873,49.27405,48.85604,49.15693,48.93254,48.935944,48.75415,49.534298,49.384148,48.998898,49.0766,48.97538,49.41989,48.816162,49.279716,49.070778
54.022198,53.29863,53.371574,53.42438,53.901672,53.799816,53.561024,53.870667,53.659195,53.462246,53.475773,54.052567,53.83956,54.07292,53.480938,54.152264,54.037228,53.885635,53.857212,53.69695,53.87741,53.69825,54.090984,53.771126,53.818413,53.880844,54.043858,53.797165,53.7211,54.381283,53.724693
50.837418,51.036823,50.388,50.623253,51.013817,50.724342,51.00526,50.998707,51.00181,51.208,51.02142,50.63272,50.837215,50.705944,51.259144,51.0543,51.059452,50.93317,51.202053,51.157455,51.284233,51.564125,51.05004,51.59015,51.203945,51.16246,51.046764,51.40598,51.488678,51.441208,51.479843
38.24137,38.513935,38.33393,38.02688,38.19201,38.02355,38.06286,38.056927,38.15117,38.10233,37.98293,38.21589,38.271935,38.543972,38.135258,38.374313,38.468266,38.18361,38.13725,38.35011,38.282013,38.797546,38.21092,38.340942,38.125793,38.611732,38.51393,38.524746,38.700214,38.554504,38.58412
47.176228,47.33491,47.4719,47.607273,46.82292,47.339123,47.333324,47.682697,47.55019,47.132065,47.441715,47.65894,47.24289,47.755127,47.332554,47.58775,47.418335,47.538857,47.428795,47.49441,47.334583,47.35397,47.79965,47.29577,48.223618,48.146294,47.4016,47.90394,47.311016,47.876186,47.646797
43.395813,43.740707,43.292023,43.846542,43.586037,43.688545,44.001637,43.825325,43.71005,44.131176,43.79112,43.613895,43.829433,43.5813,43.87174,44.02427,43.90767,44.1195,43.92488,44.12801,44.085205,43.83259,43.686993,43.94729,44.01746,43.846092,43.83575,44.45697,44.147797,43.71008,43.99209
52.564926,52.411915,52.62021,52.055412,52.652496,52.578724,52.198803,52.50729,52.74901,52.41383,52.09076,52.837025,52.589558,53.300236,52.362926,52.76324,52.684956,52.687466,52.63677,52.157978,52.703854,52.900276,52.89924,52.889435,52.6528,52.919945,53.140133,52.61848,52.66481,53.2605,52.78353
48.222546,48.240997,48.024933,48.289066,47.74041,48.331825,47.78517,48.45416,48.31495,48.142647,47.79293,48.53026,48.26606,48.630455,47.888912,47.896755,48.084457,48.42425,48.068977,47.940613,48.25686,48.259876,48.35401,47.920097,48.686012,48.406677,48.132824,48.568245,48.398663,48.708973,47.93996
43.638973,43.82924,43.646133,43.879425,43.255707,43.221306,43.034725,43.292046,43.52017,43.449272,43.26663,43.76401,43.826405,43.880177,43.579815,43.206303,43.49536,43.713062,43.561367,43.73639,43.745453,43.812984,43.76074,43.5317,43.918037,43.53235,43.863934,43.68203,44.150364,43.92448,43.975445
40.720963,40.861427,41.059128,40.406357,40.874687,40.434124,40.822105,40.478462,41.032604,40.80684,41.067963,41.03758,40.529896,41.224785,41.13415,41.348793,41.378136,40.962563,41.21963,41.02864,41.012592,41.216225,41.460438,41.32569,41.00145,41.31756,41.417755,41.026222,41.205296,41.46868,41.610382
38.74291,39.39668,38.962242,39.16394,38.67859,38.78297,39.571655,39.106354,38.96759,39.40444,39.466953,39.36603,39.038204,39.150887,39.274757,39.58317,39.506516,38.959,39.132366,39.46165,39.064182,39.321983,39.597004,39.253265,39.566402,39.674446,38.863094,40.07389,39.450703,39.55473,39.539772
50.144756,50.48782,50.10492,50.347874,50.584175,50.38826,50.63784,50.295544,50.495136,50.86279,50.69717,50.366253,50.695488,50.110435,51.005,50.537582,50.81111,50.54076,50.76165,51.0523,50.95986,50.58364,50.95455,50.941322,50.800915,50.42479,50.55207,50.8758,50.988796,50.875237,50.87923
42.59716,43.075233,42.99032,42.86458,42.82315,42.694443,42.618973,42.508877,42.90451,42.669483,43.025967,42.794178,43.08402,42.707577,42.753155,42.76054,42.943558,42.609535,43.01923,43.288654,42.689316,42.617985,43.270226,43.13054,43.13144,43.134995,42.931366,42.79071,43.224922,42.95788,43.221558
44.877495,45.02124,44.985794,44.808178,44.800575,44.854965,44.86802,44.97517,45.01927,44.617596,45.1604,44.99726,44.851353,44.77278,45.0474,45.046318,44.99522,44.621964,44.926777,45.13782,44.991104,45.22657,45.429577,45.19056,45.229313,45.374542,44.861866,45.098747,45.248386,45.596138,45.154167
43.159637,43.663895,42.992783,43.402653,43.645462,43.116665,43.706295,43.339924,43.415348,43.85408,43.24206,43.813084,43.81594,43.561943,44.141335,44.046005,44.153423,43.564865,43.487442,44.200123,44.057167,43.59197,43.9672,43.936462,43.74522,43.525795,43.863117,44.230743,43.799152,44.202435,44.154495
57.037483,56.980125,57.264297,57.4693,57.11416,57.26492,57.542213,57.424854,56.973995,57.541893,57.27613,57.69178,57.466866,57.655315,57.360775,57.403862,57.48156,57.507137,57.44122,57.685184,57.28344,57.16853,57.601807,57.09395,57.818035,58.047195,57.51861,58.047634,57.04899,57.49523,57.656887
40.94307,41.11632,41.65928,41.456097,41.38279,40.988934,41.420567,40.9767,41.239487,41.431484,41.451954,41.615585,41.374924,41.684742,41.59229,41.636543,41.661552,41.509018,41.45334,41.70561,41.68926,41.56858,41.779533,41.515373,41.403423,41.692513,42.09026,41.645237,41.442154,41.655926,41.95228
52.615913,52.480404,52.484787,52.5953,52.406357,52.710075,52.54114,52.810726,52.79106,52.493027,52.885757,52.536423,52.53672,52.62546,52.539665,52.622597,52.648197,52.557743,52.684998,52.608234,52.788692,53.125145,52.769653,52.969315,53.029484,53.095047,52.793056,52.91364,53.250526,53.216743,52.830986
49.006508,48.755825,49.207306,49.088425,49.12832,49.383453,49.275368,49.339256,49.080124,49.227745,49.121235,49.290596,49.39614,49.336296,49.38676,49.327194,49.444645,49.532745,49.251698,49.195965,49.47009,49.56528,49.185356,49.454987,49.18734,49.305893,49.779922,49.643288,49.495876,49.360706,49.367188
38.163166,38.331696,37.97953,38.028656,38.104256,38.05184,37.89181,38.22123,38.300137,37.84905,37.806858,38.095497,38.182304,38.431557,38.32723,38.49716,38.361267,38.212135,38.103596,38.297916,38.438885,38.498436,38.218704,38.39592,38.386772,38.381996,38.46298,38.394638,38.613503,38.800377,38.62013
44.27523,44.020214,44.704544,44.30904,44.337067,44.73506,44.42461,44.544018,44.372524,44.155663,44.480347,44.23449,44.489292,44.72109,44.258793,44.499348,44.50916,44.675354,44.57548,44.259315,44.44092,44.79859,44.445023,44.54522,44.599724,44.840874,44.91211,44.473656,44.603943,44.461365,44.66908
50.736183,50.912727,50.62493,50.77415,50.720406,50.481182,50.623535,50.54419,50.704628,51.046337,50.77934,50.77981,50.818253,50.84343,51.17679,50.67632,50.70898,50.812637,50.99941,51.041637,51.14017,51.203392,50.952003,51.029816,51.004272,50.957092,50.971004,51.215214,51.482723,51.293278,51.39266
50.17078,49.975903,50.032936,49.996338,50.103516,50.32627,50.65572,50.52522,49.944916,50.19684,50.134365,50.257,50.275623,50.221016,50.28419,50.816845,50.336105,50.47118,50.382816,50.200638,50.341324,50.565536,50.365726,50.433365,50.35543,50.45305,50.295395,50.82364,50.292374,50.35022,50.42364
39.65762,39.507473,39.180008,39.282803,39.544815,39.174065,39.117947,39.241093,39.575726,39.250824,39.61117,39.413277,39.4868,39.368443,39.71021,39.647,39.565228,39.600525,39.743587,39.906784,39.667805,39.725136,39.392815,40.001892,39.563892,39.6492,39.966125,39.459126,40.29654,39.80679,40.254707
43.03287,43.531128,43.186577,43.177315,43.195503,42.83052,43.176117,43.190044,43.365273,43.34449,43.361332,43.056683,43.211678,43.364002,43.360054,43.81497,43.54643,43.1788,43.63155,43.4698,43.13331,43.247234,43.46448,43.698486,43.24188,43.50273,43.263577,43.930103,43.499565,43.446304,43.648167
47.887,48.15864,47.847824,47.430695,48.075874,48.10878,47.750614,48.0713,48.219913,47.87205,47.501366,47.530865,48.08759,47.989857,48.229027,48.128338,48.008667,48.211998,48.158607,47.848633,48.288296,48.601746,47.802452,48.70604,47.95623,47.95842,48.36085,48.175285,48.568417,48.17907,48.341003
46.36669,46.319916,46.33837,46.10821,46.223778,46.29142,46.014122,46.250412,46.779297,46.216793,46.68547,46.283886,46.122425,46.274975,46.66411,46.428204,46.514057,46.663513,46.90832,46.606274,46.482067,46.33113,46.60792,46.845352,46.730362,46.595642,46.69014,46.40855,47.071293,46.686962,46.862144
45.690617,45.23563,45.58499,45.51577,45.37023,46.06528,45.784504,46.237225,45.84362,45.455772,45.53085,45.992016,45.69379,46.25891,45.68231,46.22613,46.120308,46.250362,45.770958,45.40314,45.851246,45.95125,45.85026,45.854385,46.16414,46.048203,46.189198,46.198795,45.821842,46.204514,45.812523
50.560143,50.463528,50.084366,50.749096,50.96981,50.266087,50.452324,50.357014,50.3844,50.670986,50.731728,50.408962,50.916878,50.306217,50.65943,50.56374,50.56247,50.419613,50.914658,51.12218,50.820045,50.572605,50.86429,51.067406,50.818947,50.5782,50.920288,50.5416,50.957867,50.88759,51.250916
39.64402,39.585217,39.426865,39.406956,39.663498,39.5112,39.26677,39.68933,39.60403,39.4746,39.390003,39.567974,39.693596,39.754414,39.635235,39.535076,39.71665,39.850742,39.835644,39.71669,39.577763,39.745255,39.643654,39.799957,39.734234,39.762924,39.90956,39.693035,39.614353,39.739548,39.92385
43.421062,43.53697,43.534576,43.35083,43.559387,43.455738,43.485363,43.443718,43.309742,43.406914,43.48903,43.426746,43.74965,43.34958,43.38155,43.733246,43.62327,43.256016,43.60071,43.37435,43.348083,43.689026,43.62161,43.969955,43.137848,43.33658,43.659874,43.78662,44.034996,43.57921,43.566196
53.385113,54.05023,53.29155,53.645832,53.17295,53.06352,53.199196,53.35769,54.057274,53.764294,53.6324,53.472534,53.208744,53.242687,54.017017,53.338863,53.704594,53.751694,53.71387,54.32743,54.19064,53.77954,53.943157,53.639465,54.15462,53.809868,53.340908,54.09074,54.17138,54.2033,53.722248
45.57635,45.301575,45.363815,45.378143,46.160187,45.37158,45.68507,45.269222,45.22462,46.064705,45.97994,45.53965,45.73241,45.451294,45.674503,45.799885,45.51858,45.4866,46.12874,45.68979,45.631927,45.78592,45.56689,46.18051,44.99985,45.61573,46.08323,45.862514,46.161255,45.597355,46.15189
42.333874,42.055157,42.01494,42.13682,42.1569,42.563152,42.0037,42.603863,42.642776,42.15315,42.38482,42.611214,42.16403,42.55351,42.321716,42.198284,42.197372,42.569637,42.373238,42.273117,42.51517,42.476555,42.4225,42.49906,42.908493,42.913857,42.662136,42.382504,42.64318,43.00952,42.59469
54.16173,54.147335,54.29528,54.232594,53.770004,54.489655,54.256912,54.346203,54.037617,54.232582,54.27493,54.32156,54.244404,53.989716,54.219563,53.526638,54.135437,54.335056,54.130024,54.350777,54.32169,54.697857,54.394436,54.01014,54.734795,54.59958,54.12374,54.494835,54.691216,54.413513,54.14562
46.0215,45.926617,45.703568,45.804176,45.920006,45.799866,45.926426,46.094536,45.74451,46.141914,45.597046,46.248966,46.026867,46.275394,46.002174,46.044342,46.036953,46.21325,46.084038,45.812473,46.107613,46.339527,46.194607,46.04957,46.062843,45.9989,46.165844,46.432034,45.98714,46.34809,46.15623
46.974506,46.936607,46.790092,47.349586,47.002167,46.852627,47.066284,47.126698,46.725258,47.03894,46.95638,47.18338,47.09925,46.94586,47.36175,47.094307,47.25102,47.041298,47.22927,47.549965,47.207947,46.72977,47.587624,46.731583,47.465008,47.087425,46.93195,47.441185,46.960842,47.513695,47.27349
39.83668,40.111652,40.15207,40.155334,39.52323,39.83889,39.95584,40.039642,40.003605,39.745804,40.175343,40.07563,39.929306,40.10594,39.761936,40.09133,40.19805,39.909924,39.88208,40.14054,39.82382,40.29121,40.09468,40.0643,40.297256,40.55149,40.117023,40.438423,40.434006,40.220932,40.207104
49.69881,49.903824,49.791023,49.754963,49.98094,50.049084,50.24935,50.05991,49.921482,50.566883,50.133694,49.923134,50.06564,50.113354,50.378742,50.440697,49.8486,50.20945,50.38159,49.94737,50.18327,50.28631,49.778126,50.51364,49.888992,50.32428,50.18236,50.966583,50.62218,50.088535,50.495724
51.256626,51.357403,51.88987,51.737503,51.369537,51.473545,51.371616,51.329327,51.57117,51.411953,51.49404,51.63664,51.880566,52.105476,51.69604,51.71914,51.549393,51.722176,51.790813,51.584904,51.730247,51.584286,52.017666,51.81727,52.08256,51.816246,52.10428,51.700542,51.815067,51.90605,52.234497
44.55348,44.399445,44.57991,44.318924,44.522728,44.51946,44.267555,44.50147,44.86598,44.526325,44.739994,44.735134,44.410046,44.96815,44.493095,44.729496,44.86718,44.830482,44.993187,44.503166,44.583736,44.526398,45.012367,44.811226,44.84798,44.8712,44.935757,44.654377,44.817314,45.03856,44.81695
40.84441,40.71152,40.58703,41.000725,40.58274,40.64707,40.577072,40.786697,40.73655,40.59149,40.970066,40.490993,40.796455,40.504726,41.075035,40.766174,40.503212,41.012333,40.97693,41.12708,41.0806,41.165195,40.47226,41.039627,40.98831,40.884544,41.056675,40.984554,41.594044,40.86,41.39279
43.972496,44.28196,43.81933,43.79852,44.094215,43.956944,43.71138,43.827908,44.525993,44.22883,44.032364,43.87579,44.231934,44.380825,44.28084,44.234993,44.255024,44.371918,44.277134,44.22341,44.64823,44.62595,44.152496,44.703316,44.3421,44.183113,44.511673,44.26476,44.928055,44.647984,44.624756
47.696262,47.338055,47.678375,47.263206,47.50016,47.49055,47.51958,47.438683,47.28681,47.481476,46.98785,47.716118,47.70315,47.993404,47.620743,47.5949,47.602764,48.261715,47.75778,47.30445,47.951122,48.29687,47.73984,47.70347,47.659878,47.367867,48.25941,47.544716,47.725525,47.615566,47.993645
45.050568,44.886288,45.22982,44.944168,45.291054,45.473186,45.050537,45.21824,45.090675,45.062588,44.987606,45.279552,45.366684,45.149975,45.350975,44.847942,45.055244,45.463512,45.30609,45.25308,45.40277,45.338444,45.41723,45.2894,45.42,45.321632,45.575756,45.01634,45.195366,45.323734,45.394646
43.933315,44.181625,44.275948,44.33748,44.277588,44.356865,44.52091,44.39953,44.40014,44.73407,44.102764,44.600975,44.592712,44.872227,44.648575,44.67604,44.614746,45.01198,44.496082,44.52637,44.85588,44.64226,44.509583,44.61049,44.72245,44.633385,45.009563,44.998444,44.386765,44.541542,44.84841
40.18361,40.998493,40.758217,40.527122,40.55272,40.247627,40.336708,40.285683,41.024574,40.860497,40.927124,40.48716,40.558525,40.78624,40.98384,40.682255,40.747887,40.566658,40.970585,40.977383,40.772785,40.754894,41.03313,41.126274,40.925484,41.08072,40.76209,41.015606,41.039585,41.05216,41.23606
43.01004,42.72308,42.7536,42.77235,42.91211,42.79908,42.803467,42.715252,42.54008,42.857143,43.04608,42.970135,43.12066,42.70591,42.916275,42.79709,42.784435,42.870983,43.05811,42.963676,42.85661,43.180202,42.871853,43.189423,42.73888,42.857376,43.166924,42.97928,43.537266,42.948524,43.28885
55.64076,55.985767,55.51705,55.46082,56.26097,56.07212,55.637333,55.62638,56.145336,56.149357,55.44855,55.677464,56.27374,55.666424,56.311657,55.615433,55.88817,56.04145,55.862373,56.232246,56.828014,56.370686,56.096592,56.422195,56.0021,55.680885,56.227966,55.855305,56.542027,56.477913,56.05497
47.870487,48.006645,48.295357,47.884125,48.077286,48.39351,48.217606,48.196957,48.45301,47.794106,48.164017,48.165493,47.986446,48.242138,48.135612,48.508144,48.452827,48.16618,48.14847,48.315987,48.37636,48.29532,48.499313,48.481003,48.57562,48.787262,48.597496,48.225792,48.56916,48.701267,48.444607
46.880554,47.00021,46.994423,47.40026,46.8982,46.939663,46.83829,47.16494,47.402355,47.15731,47.32236,47.061527,47.049667,47.380043,47.505802,47.297665,47.325535,47.43164,47.541714,47.590134,47.375275,46.81418,47.454315,47.13848,47.78043,47.501564,47.28546,47.598537,47.272987,47.594616,47.602962
46.120117,45.751987,45.473946,45.61754,46.26983,45.985237,46.022892,45.85215,45.838104,46.066452,46.141132,45.790615,46.14358,45.80213,45.78787,46.469246,46.178284,46.084206,46.367607,46.063824,46.04139,46.0505,45.845688,46.505333,45.660793,45.86487,46.2739,46.151085,46.73228,45.9989,46.25582
45.38887,45.76431,45.426216,45.709564,45.381386,45.527557,45.571384,45.704758,45.45169,45.515594,45.049133,45.608776,45.883774,45.866047,45.46308,45.77607,45.64186,45.66261,45.378456,45.6634,45.790348,45.862637,45.67903,45.603165,45.903126,45.75579,45.693447,46.071484,45.724625,45.883743,45.75979
43.873596,44.3451,44.388992,43.912365,43.998238,44.287323,44.19828,44.206753,44.59967,44.187176,44.30965,44.338764,44.047062,44.340485,43.991817,44.363388,44.429337,44.289333,44.200775,44.22503,44.318584,44.497417,44.57548,44.503838,44.44987,44.778587,44.359005,44.511036,44.462246,44.560295,44.138645
52.184467,52.360104,52.460106,52.10746,52.269142,52.26665,52.55856,52.339237,52.443645,52.26556,52.550377,52.284313,52.352486,52.391033,52.45958,53.097458,52.429382,52.221733,52.56907,52.32065,52.443527,52.74309,52.56262,53.0727,52.344265,52.736282,52.597443,52.91593,53.00251,52.729195,52.811886
39.264217,39.043343,39.239166,39.222336,39.552795,39.190384,39.93981,39.296417,39.149017,39.486076,39.94008,39.54923,39.381645,39.21314,39.6286,40.249153,39.770588,39.614635,39.77972,39.902466,39.494423,39.586807,39.47565,39.99765,39.30809,39.83053,40.01383,39.8754,39.8299,39.359943,40.211617
46.899902,47.010815,47.18988,47.54078,46.917183,46.976376,47.52697,47.17254,47.183296,47.436604,47.81609,47.330723,47.11924,47.12163,47.530727,47.281586,47.664803,47.380688,47.463303,47.74145,47.492382,47.51851,47.70922,47.4712,47.857582,47.641457,47.59406,47.76205,47.697388,47.59564,47.81184
50.213425,50.13433,49.545937,50.090687,50.013885,50.030598,50.004166,50.20837,50.2137,50.129936,50.290382,50.208164,50.2512,49.717457,50.348236,50.22162,50.24483,50.191586,50.39286,50.495884,50.312763,50.03507,50.390553,50.577576,50.51724,50.02849,50.115356,50.42777,50.82059,50.56601,50.40128
46.347515,45.822906,45.875526,46.36507,46.052544,46.275524,46.16572,46.537663,46.047623,45.87001,46.08358,46.263836,46.16132,46.275444,46.186066,46.591022,46.318512,46.418423,46.373905,46.262093,46.29139,46.056404,46.281883,46.130592,46.512783,46.282425,46.416866,46.500694,46.458664,46.5803,46.405167
35.023064,34.98194,35.15439,35.211937,35.039665,34.83986,34.7268,35.033615,34.855015,34.637012,35.127735,34.838715,34.985466,34.85677,34.729202,34.903816,35.017475,34.89954,35.06159,35.34168,34.7393,35.09449,34.780018,34.999146,34.801556,35.40888,35.307346,35.07787,35.16823,34.839924,35.17627
42.8008,42.633625,43.133797,42.97893,43.019516,43.01562,43.01175,42.91209,42.888596,42.604134,43.207527,42.668232,42.938175,42.86799,42.931328,43.18456,43.372017,43.0074,43.0086,43.47254,43.115864,43.195675,42.967213,42.987396,42.976288,43.460518,43.412537,43.04546,43.21401,43.04733,43.2261
59.373516,59.66723,59.4728,59.422405,59.806343,59.534054,59.484165,59.483444,59.690292,59.655304,59.13778,59.788776,60.04906,59.97504,59.710247,59.50992,60.06656,59.457954,59.436214,59.82295,60.14009,60.09898,60.422665,60.004257,60.145588,59.80477,60.035526,59.707497,59.650997,60.603428,59.896896
40.973026,40.942524,40.81627,41.01311,40.499123,40.94264,41.00848,41.25823,40.895203,40.800453,41.185993,41.163494,40.94999,41.009907,41.060947,40.835728,41.268322,41.076912,40.944275,41.22188,40.8659,41.39906,41.14285,41.06028,41.652668,41.564262,41.084892,41.40853,41.299747,41.36998,41.395554
47.563496,47.67578,48.17128,47.718723,48.003586,48.088882,48.06501,47.6524,47.629356,47.921658,47.785755,48.147274,48.52372,48.115074,47.870323,47.98359,48.074165,47.939167,47.81292,48.003227,48.01005,48.201805,48.114136,48.313187,47.872326,48.13118,48.55763,48.053375,48.22312,47.92626,48.288185
44.180336,44.237576,43.677437,44.061268,44.37313,43.864445,43.91383,44.10992,43.951042,44.26832,43.862263,44.493454,44.317585,44.00434,44.214886,44.16637,44.092182,44.10312,44.172844,44.62162,44.254356,43.93366,44.281857,44.131737,44.02608,44.278023,44.13787,44.496063,44.070858,44.45432,44.22517
57.325554,57.016117,56.556015,56.83709,57.203087,56.83166,56.843716,57.111965,57.1313,57.033184,56.812336,57.216057,57.02887,56.914444,57.09473,57.169716,57.269154,57.115498,57.16538,57.184322,57.535828,57.432343,57.47874,57.387474,57.119816,56.873543,57.23128,57.235664,57.42893,57.83427,57.02138
44.22558,44.417717,44.78515,44.858875,44.419975,45.1419,44.70229,45.059048,44.9899,44.957806,44.866558,44.967186,44.947582,45.206245,44.860058,44.611336,44.875587,45.222755,44.94839,44.778282,44.766308,44.557205,44.907413,44.88121,45.49984,45.36315,45.166763,45.274757,44.75406,44.897472,45.024303
46.061054,46.290237,45.853127,46.21272,46.289932,46.324673,46.1092,46.18774,46.40651,46.502342,46.595837,45.979176,46.29023,45.9753,46.69166,46.26612,46.100494,46.29153,46.566143,46.883137,46.54149,46.13586,46.06922,46.47989,46.52827,46.73555,46.20126,46.719017,47.02278,46.537457,46.772026
52.05153,52.353813,52.305733,52.935474,52.14183,52.62515,52.96047,52.786232,52.498627,52.69974,52.618587,52.523247,52.91012,52.436485,52.97033,52.81282,52.74464,52.82146,52.5718,52.849228,53.043716,52.837048,52.838406,53.02928,53.351444,52.60013,52.882805,53.26779,53.074085,52.852062,53.08425
42.773396,42.72079,42.40219,42.042442,42.739525,41.892395,42.221874,41.892914,42.315296,42.56348,42.542503,43.05211,42.44261,42.385544,42.34391,42.588875,42.527306,42.242756,42.685905,42.587296,42.43408,42.695072,42.931664,42.920097,41.965416,42.425156,42.760063,42.461914,43.117214,42.902096,42.774376
41.197735,41.585423,41.891853,41.716164,41.353203,41.78822,41.947445,41.819477,41.7434,42.06186,42.05303,41.827713,41.969772,42.137966,42.059105,41.955193,41.9243,42.047718,42.012268,41.724346,41.64547,41.99053,41.795013,42.249977,42.157574,42.276215,42.17135,42.55909,42.082214,41.731922,42.436188
46.051956,46.09792,46.15629,45.83089,46.17942,46.52679,46.146393,46.247124,46.540607,46.547108,46.386787,46.473366,46.40105,46.54999,46.15843,46.215527,46.209534,46.713654,46.56085,46.081165,46.36023,46.460575,46.344,46.76364,46.53343,46.643265,46.670128,46.481712,46.672844,46.3677,46.49935
56.173454,56.166046,56.226547,56.098312,56.180717,56.480644,56.139355,56.387463,56.386166,56.192608,56.246063,55.79881,56.370564,56.403614,56.185432,56.45754,55.95641,56.306698,56.542206,55.984966,56.37527,56.69142,56.08577,56.78943,56.426678,56.567413,56.454433,56.580967,56.952614,56.454853,56.610806
44.473278,44.397266,44.76851,44.297096,44.56069,44.750725,45.05487,44.649063,44.470314,44.640354,44.632008,45.14518,44.64768,44.90218,44.770096,45.022465,44.99557,44.832924,44.581688,44.70105,44.9009,45.130177,45.14475,44.803955,44.876373,45.140724,45.08267,44.996574,44.7895,45.14744,44.97792
49.451046,49.34564,49.776283,49.358913,49.50968,49.575333,49.284725,49.506878,49.606815,49.362164,48.99967,49.795467,49.753662,50.35383,49.39928,49.77195,49.68616,49.95466,49.52853,49.402855,49.817055,49.88448,49.732952,49.59694,49.71692,49.925056,50.220856,49.711773,49.45439,49.91851,49.79968
47.141262,47.588535,47.502304,47.623028,47.165802,47.518715,47.403606,47.804543,47.554626,47.329082,47.359585,47.544434,47.4597,47.479706,47.23372,47.334312,47.616875,47.231632,47.167946,47.64244,47.36949,47.650616,47.585224,47.45745,47.778316,48.137794,47.449482,48.05685,47.47498,47.831955,47.278717
33.712963,34.057323,33.51853,33.882595,33.884468,33.902355,34.02466,34.192474,33.97458,33.892406,34.02092,33.80335,34.06938,33.86184,33.94326,34.376743,34.214314,33.952198,34.140163,34.172134,33.79205,33.812344,34.078377,34.337917,34.2752,34.167213,33.92158,34.37827,34.07464,34.085266,34.302597
52.40859,52.842186,52.564537,52.479206,52.181892,52.172375,52.207474,52.431126,52.604115,52.458065,52.157146,52.586243,52.62033,52.71077,52.63955,52.446465,52.642605,52.62224,52.58017,52.670605,52.60892,52.817116,52.79757,52.758293,52.864094,52.67852,52.650124,52.963654,52.81087,52.85014,52.815575
50.058243,50.25989,50.17742,50.123066,50.301224,50.508545,50.56998,50.375378,50.390335,50.69709,50.342644,50.525803,50.754116,50.530167,50.761826,50.56907,50.653328,50.748615,50.503704,50.647133,50.81901,50.67771,50.713684,50.727333,50.77966,50.577072,50.608387,50.914314,50.60617,50.711178,50.72959
52.740105,53.358242,53.630646,53.214634,52.826622,53.222412,53.278076,53.205944,53.5915,53.265274,53.290684,53.48588,53.305264,53.38016,53.59678,53.1758,53.94554,53.405907,53.30026,53.54942,53.528515,53.412834,54.208992,53.487976,53.959713,53.495186,53.443836,53.692116,53.380016,53.83748,53.300724
43.075527,43.03627,43.226234,42.50496,43.40222,43.353123,43.501125,43.23647,42.750206,42.920937,42.644997,43.052708,43.328865,43.161636,42.97468,43.868008,43.292706,43.207596,43.258503,42.835785,43.01653,43.414204,43.181786,43.513992,42.614574,43.088623,43.39235,43.382286,43.161556,42.954742,43.20771
38.336025,37.954994,38.33531,37.86879,38.350883,38.107155,37.91755,38.05618,38.281986,38.20301,38.300694,38.904602,38.19509,38.69666,37.913696,38.125862,38.407173,38.584076,38.587387,38.05909,38.038086,38.217506,38.748516,38.467957,38.314373,38.523567,38.91565,37.996704,38.125366,38.45789,38.49352
37.358406,38.299667,38.029274,37.82291,37.641975,37.905613,38.120594,38.062305,38.351585,38.341965,38.143238,38.076004,38.015575,38.31392,38.28525,38.157368,38.635895,38.136524,38.1233,38.13573,38.042156,38.25231,38.524845,38.488594,38.597088,38.460632,38.147724,38.764233,38.193115,38.425903,38.36805
52.271984,52.42816,52.323837,51.781937,52.500206,52.32211,52.209187,52.31201,52.570335,52.397476,52.35478,52.277073,52.53275,52.403606,52.808636,52.662758,52.943943,52.301613,52.707146,52.42294,52.430958,52.64227,52.723206,53.18525,52.281956,52.372063,52.69369,52.778347,52.947624,52.898037,52.72446
48.301178,48.13961,48.50199,48.477814,48.68873,48.510048,48.75178,48.190746,48.228558,48.792637,48.98676,48.408867,48.866688,48.58894,48.457253,48.710804,48.60845,48.596455,48.882786,48.711216,48.609722,48.781208,48.609756,48.977493,48.523308,48.79242,49.046345,48.726303,49.096912,48.445484,49.159706
41.416454,41.790928,41.20784,41.642166,41.425354,41.49621,41.564537,41.69555,41.9124,41.689247,41.56294,41.47983,41.57056,41.653183,41.846813,41.719982,41.819626,42.000244,41.758026,42.02516,42.093918,41.9854,41.743965,41.995247,42.35645,41.930725,41.932472,41.93888,42.131584,42.044567,42.22693
34.107094,33.885963,33.64958,33.461384,33.94123,33.392258,33.515186,33.335587,33.55399,33.852005,33.687534,34.03091,33.727192,33.8662,33.78681,33.891804,33.63507,34.174377,34.13365,33.988228,33.886173,34.037174,33.639297,33.897415,33.422512,33.803837,34.203148,33.775295,34.36566,33.712124,34.35182
52.05206,52.350155,52.277725,52.449085,51.85199,52.684982,52.571743,52.941772,52.79564,52.570297,52.936726,52.416718,52.15281,52.233013,52.793945,52.323124,52.689342,52.44882,52.468113,52.64787,52.62676,52.695007,52.8199,52.524734,53.21567,53.116966,52.075657,53.299442,52.73641,53.143482,52.302967
45.73974,45.989517,45.509094,45.49689,45.425705,45.69198,45.847263,45.977024,45.973824,45.71503,46.11506,45.843826,45.569927,45.56444,45.96778,46.04819,45.9585,45.633163,45.95135,45.907528,45.69415,46.05394,46.087082,46.2899,46.23159,46.25296,45.58877,46.341034,46.42918,46.36182,46.12577
35.427784,35.48786,35.554947,35.48612,35.629204,35.545242,35.38768,35.473057,35.54958,35.470074,35.377537,35.446415,35.50696,35.894844,35.28072,35.813034,35.44726,35.821175,35.64651,35.6278,35.684326,35.685688,35.335865,35.489594,35.470703,35.98663,35.921623,35.701202,35.702614,35.550518,35.810986
53.85342,53.32826,54.10981,54.05185,53.840683,54.30023,53.891582,54.06523,53.741135,53.64218,54.269604,53.980602,54.062458,53.864437,53.730835,53.57684,53.764053,53.812645,53.988148,53.89349,53.88263,54.068993,54.17733,53.94922,54.266266,54.389328,54.237694,53.836514,54.185543,54.203518,54.018528
41.55107,41.70033,41.010773,41.088474,41.665726,41.436977,41.551113,41.59479,41.234287,41.486977,40.954136,41.391068,41.681915,41.454586,41.490875,41.573,41.6767,41.59886,41.487934,41.645863,41.62751,41.998108,41.500866,41.77549,41.615173,41.576088,41.654232,41.687008,41.66175,41.69608,41.87313
46.93925,46.998287,46.73532,47.22807,46.8733,46.779003,47.523945,47.11948,46.720837,47.311584,47.27053,46.99302,46.985783,46.902782,47.4538,47.63681,47.35458,47.218685,47.371014,47.50615,47.337753,47.215866,47.348335,47.079605,47.334713,47.170822,46.94625,47.906765,47.41845,47.331917,47.521725
48.82772,48.623825,48.385452,48.695854,49.016182,48.8104,48.99259,49.082268,48.695034,48.877277,48.714,49.01174,48.841537,48.685448,49.17669,49.294308,49.09604,48.86138,49.10946,48.977386,49.06429,48.720974,49.29281,49.131798,48.966827,48.73462,48.967243,49.27467,48.98373,49.43104,49.058475
43.626568,43.78766,43.969963,43.9649,43.42209,43.53393,43.566383,43.56341,43.7664,43.569664,43.568283,43.911552,43.72727,44.224037,43.237152,43.70736,43.827984,44.046024,43.73565,43.835346,43.792465,44.000084,43.917892,43.64454,44.18268,44.232826,44.23726,43.828693,43.961624,43.821568,44.04297
51.24479,51.85013,51.784508,51.494606,51.199463,51.677116,51.20621,51.87278,52.115437,51.502583,51.41092,51.84581,51.65981,51.96723,51.822598,51.321644,51.945004,51.635536,51.635586,51.67256,51.569576,51.59781,52.272465,51.84449,52.42179,52.14805,51.642925,52.052177,51.52377,52.33139,51.648277
40.847115,40.634663,40.981377,40.917233,40.684433,41.262985,41.28182,41.190956,40.631836,40.896465,40.675114,41.413685,41.075134,41.119717,40.71832,40.978977,41.179066,41.484154,40.761753,41.003498,41.082516,41.247585,40.997356,40.688583,41.18904,41.270477,41.37079,41.292313,40.966457,40.8811,40.89514
40.890274,40.88149,40.5103,40.721294,40.836098,40.48898,41.049896,40.532352,40.68127,40.97196,41.496384,40.812145,40.731346,40.25715,40.98036,41.121174,40.915665,40.64781,41.068325,41.231415,41.05853,41.266357,41.070614,41.322098,40.72612,40.8656,40.822655,41.11232,41.817577,41.157097,41.26244
45.6518,45.812492,45.967857,45.756084,45.380463,45.53028,45.60962,45.61948,45.911934,45.512096,45.715454,46.278816,45.721188,46.109695,45.393238,45.987312,45.759438,45.87745,45.638256,45.814423,45.76775,45.971615,46.021763,45.95401,46.054638,46.363976,46.188663,46.004852,46.07695,46.082428,46.006237
47.311417,47.42573,47.717186,47.34914,47.51738,47.43961,47.508327,47.35744,47.30229,47.388893,47.38769,47.624992,47.839104,47.991455,47.764423,47.83798,47.657757,47.34499,47.58488,47.522,47.55629,47.779396,47.933357,47.8086,47.719055,47.886665,47.85906,47.821312,47.72186,48.06627,48.189552
49.95782,49.82065,50.081116,49.66089,49.867134,50.01189,49.80461,50.004116,49.96058,49.942142,50.08917,49.95451,49.90895,50.167103,49.735886,50.05095,49.992603,50.061382,50.407097,49.721462,49.6287,49.931667,50.17364,50.146812,49.970955,50.266968,50.008667,50.235054,50.098034,49.995712,50.009735
43.35732,42.792057,42.74848,42.896126,42.75023,43.13866,43.133305,43.363686,43.171207,43.047085,43.30359,43.30721,42.85757,43.07893,43.01041,43.308964,43.46371,43.773636,43.47729,43.039433,43.215202,43.341656,43.28324,43.218994,43.426212,43.063416,43.300484,43.382812,43.5119,43.26589,43.109783
53.35771,53.37848,53.486343,53.3813,53.713287,53.798172,53.84074,53.581383,53.598354,54.055584,53.614437,53.666443,53.79191,53.733067,54.06566,53.66837,53.561802,54.189342,53.94367,53.96275,54.169533,54.02884,53.642857,53.970123,53.985363,54.08522,54.1438,54.06311,53.96469,53.72939,54.26478
40.764915,40.68826,40.259315,40.268265,40.807144,40.282494,40.471943,40.31776,40.38997,40.629696,40.40291,40.53952,40.576744,40.672062,40.599884,40.898373,40.55952,40.73008,40.836334,40.79934,40.765884,40.92326,40.467167,40.845284,40.416008,40.745804,40.90733,40.738625,41.13151,40.76944,41.20704
44.456753,44.884865,44.469803,44.512398,44.25811,44.59848,44.770763,44.927242,44.85296,44.7539,44.662727,44.431717,44.275547,44.55261,44.61598,44.857857,44.622456,44.88342,44.79634,44.631325,44.762466,45.136326,44.567616,44.905777,44.955246,45.09343,44.55298,45.338673,45.0918,44.78501,44.76643
44.413136,43.97974,44.308784,44.121086,44.318947,44.49365,44.53336,44.295067,44.202713,43.98748,44.814255,44.16219,44.24613,44.041153,44.146435,44.804977,44.28673,44.423096,44.72398,44.486393,44.19381,44.365322,44.281364,44.70788,44.384716,44.727303,44.619873,44.308517,45.02054,44.20393,44.8089
36.443825,36.79896,36.917274,36.352894,36.684532,36.363403,36.263393,36.21091,36.80744,36.4548,36.525177,36.656338,36.57067,36.811096,36.684868,36.733437,36.608932,36.781223,36.790207,36.86702,36.771076,36.784637,36.778778,36.876823,36.53354,36.947144,37.069744,36.56543,36.895187,36.74372,37.06908
50.089806,49.694798,49.516335,49.80771,49.538795,49.52918,49.61726,49.799908,49.6283,49.67402,49.80914,50.14461,49.55593,49.57519,49.502903,49.48033,49.895985,49.883076,49.724537,50.00354,49.882584,50.182323,49.904938,49.66993,49.90866,49.99858,49.95383,49.970604,50.25552,50.14875,49.711494
47.5396,48.109367,48.041306,47.65794,48.049423,47.732132,47.902634,47.594658,47.71174,48.275406,47.583164,48.073517,48.393257,48.12854,48.136032,47.815605,47.910595,47.95904,47.928524,48.082684,48.15117,48.34045,48.23295,48.251892,47.852238,48.05021,48.183247,48.30401,47.9276,48.036312,48.27027
52.17858,52.30348,52.61714,52.257374,52.750893,52.489304,52.8679,52.271896,52.203682,52.805023,52.45047,52.656597,52.81259,52.686806,52.81507,52.809654,52.976185,52.54647,52.58019,52.86161,52.883347,52.869312,52.97011,52.70517,52.453213,52.787926,52.920353,52.99101,52.610004,52.85897,52.865414
30.275951,30.411205,30.429699,30.016148,30.014826,30.030533,30.349964,29.960018,30.083534,30.125595,30.444256,30.222572,29.968641,30.35427,30.252428,30.381563,30.378365,30.646334,30.341389,30.839048,30.237213,30.875418,29.81596,30.19968,30.355865,31.211851,30.707394,30.504688,30.88508,29.999893,31.10661
46.78686,46.713665,47.22667,47.201233,47.189156,47.060566,47.48505,46.88027,46.820625,47.407196,47.57987,47.266376,47.39627,47.251892,47.677986,47.341827,47.140068,47.48769,47.654797,47.67854,47.344173,47.16955,47.470856,47.46457,47.651104,47.66813,47.728153,47.440975,47.335953,47.123066,48.270245
44.36219,44.48147,44.2155,44.432236,44.376442,44.1561,44.10384,43.98804,44.214893,44.512985,44.340702,44.416996,44.35944,44.17241,44.577488,43.926483,44.209465,44.379906,44.28671,44.944332,44.88667,44.699047,44.435093,44.08332,44.418304,44.565147,44.397713,44.488335,44.955967,44.787304,44.574272
50.55139,50.33363,50.68309,50.837173,50.917023,50.702328,50.805004,50.53856,50.41501,51.02395,50.86223,51.105694,51.16671,50.77109,51.302166,50.483837,50.972805,50.9165,50.93818,51.230007,51.171368,50.86174,51.298588,50.884132,51.064426,50.789246,51.284958,50.936222,50.915882,51.185432,51.30779
47.92622,47.514816,47.634415,48.126244,48.015022,47.87337,48.040234,47.8655,47.633286,47.798973,47.84296,48.02577,48.24455,47.965298,47.993042,48.32734,48.004387,48.26799,48.104744,48.34504,48.29807,47.902184,48.024055,48.070923,48.205055,47.972206,48.50066,48.053658,48.24371,48.060738,48.517303
43.519745,43.572124,43.761215,43.131767,43.874405,43.542046,43.69147,43.32328,43.47415,43.543346,43.46113,43.49806,43.638546,43.738083,43.345966,43.95006,43.523945,43.8328,43.829277,43.69464,43.70276,44.030525,43.607685,43.918747,43.37008,44.033203,44.054333,43.57007,43.70311,43.40844,44.007946
45.047684,45.213104,45.363564,45.306026,45.027504,45.440533,45.077522,45.337494,45.464245,45.063587,45.042343,45.268925,45.26897,45.402878,45.13488,45.11439,45.34904,45.56508,45.162,45.410442,45.54949,45.512066,45.30728,45.268913,45.648266,45.62729,45.660934,45.39099,45.592583,45.482136,45.31929
49.518044,49.698566,49.243065,49.301617,49.5048,49.35014,49.19953,49.547634,49.717716,49.51096,49.483475,49.736786,49.735203,49.398262,49.98875,49.456356,49.716255,49.451324,49.69286,49.811302,49.681145,49.661816,49.941204,50.14956,49.845596,49.57608,49.70271,49.82681,50.012417,50.206852,49.942806
57.340187,57.12356,57.10501,57.23199,57.397522,57.075928,57.416527,57.1636,57.28486,57.81769,57.55703,57.487457,57.18696,57.335644,57.479744,57.28776,57.62805,57.742115,57.79746,57.69806,57.737183,57.64821,57.711628,57.478683,57.532684,57.54319,57.666565,57.75836,57.647205,57.623547,57.604748
41.080067,41.14007,40.661865,41.0684,40.604828,40.80865,40.704494,41.135277,41.2032,41.135357,41.201344,41.247112,40.932137,41.183968,41.289192,40.683353,41.095814,41.378986,41.209682,41.36096,41.192265,41.33064,41.231655,41.065414,41.82175,41.489006,41.061947,41.405933,41.372803,41.565136,41.518017
45.826942,46.124832,46.314507,45.627087,46.23871,46.185566,46.422596,45.95694,45.97999,46.126793,46.198326,45.99403,46.203648,46.042717,46.013035,46.46486,46.390064,45.901897,46.11255,46.130493,46.13385,46.66054,46.31391,46.577797,45.82339,46.484016,46.327602,46.43289,46.493404,46.240757,46.260075
50.452072,50.243786,50.069267,49.8788,50.54579,50.40473,50.402283,50.31298,50.260456,50.394592,50.19981,50.539993,50.463318,50.437237,49.938828,50.346134,50.343025,50.481255,50.524784,50.154305,50.423477,50.82328,50.684757,50.837257,50.543945,50.55893,50.733967,50.216316,50.58518,50.61245,50.598988
51.40999,50.941154,50.58136,51.42722,51.06671,51.37218,51.107117,51.738964,51.267193,51.50901,51.412262,51.31433,51.38998,51.447674,51.354,51.43847,51.112835,51.518845,51.62156,51.09448,51.35952,51.27929,51.117844,51.512794,51.625122,51.35965,51.297363,52.0048,51.79922,51.739494,51.49585
54.542362,54.362442,54.183174,54.57635,54.384956,54.782257,54.803577,54.90912,54.516426,54.812683,54.755665,54.62557,54.46579,54.320904,54.58269,54.57499,54.52187,54.813667,54.786823,54.713512,54.81507,54.719425,54.75522,54.55081,54.972668,54.855515,54.38667,55.13558,54.86469,54.854668,54.46744
45.37298,45.317963,45.679626,44.986523,45.663048,45.992344,45.408924,45.61847,45.629166,45.39343,45.27945,45.5877,45.82948,45.740005,45.66636,45.54649,45.74914,45.649258,45.450596,45.351593,45.758152,46.00074,45.599834,45.936546,45.399555,45.714973,46.03136,45.641685,45.89691,45.913284,45.568893
55.221962,55.408947,55.415848,55.160633,55.58828,55.55202,55.45391,55.32958,55.6664,55.75831,55.681007,55.28441,55.718678,55.56149,55.63413,55.61068,55.831886,55.51526,55.865204,55.52933,55.667458,55.73056,55.815243,56.17315,55.613976,55.590584,55.806633,55.82538,56.113136,55.824856,55.80863
39.66588,39.871372,39.75276,40.00656,39.599297,39.641605,39.614918,39.776546,40.014008,39.813946,39.805923,40.11035,39.82417,39.97872,39.84431,39.88167,40.133717,40.162514,39.905052,40.234085,40.059143,39.72333,40.132427,39.79416,40.204723,40.03795,40.115498,40.138416,40.03925,40.133804,39.975346
47.101734,46.824104,46.644875,46.98258,47.113953,46.8305,46.786434,46.98661,46.917614,46.88457,46.656033,46.989655,47.028885,47.171967,47.09087,47.218006,47.003773,47.321194,47.110874,47.300175,47.470974,47.19653,47.02581,46.972336,47.159473,47.12494,47.358624,47.146374,47.141903,47.40429,47.36076
42.089733,41.692665,41.687973,41.62892,41.833427,41.96466,41.90936,42.222237,42.369953,41.806076,42.245445,42.11929,41.540955,42.263554,42.186676,42.457386,42.221558,42.45184,42.385468,41.97939,42.269806,42.327694,42.268524,42.405846,42.560936,42.519524,42.433937,42.17033,42.332027,42.69745,42.56698
47.984894,47.67685,47.456596,48.443756,47.584946,47.704838,47.862625,48.09862,47.83708,47.824104,47.94078,47.981617,47.89823,47.838165,47.906143,48.139008,48.140625,48.21597,48.00262,48.245575,48.327976,47.885956,48.1353,47.737938,48.36319,47.74604,48.009975,48.367867,48.320984,48.356148,47.955837
48.920902,49.318287,49.022415,49.206337,48.734085,48.651787,49.01945,48.60405,49.108295,49.12416,49.588764,48.97909,48.729282,48.334652,49.344116,48.717064,49.085873,48.91366,49.142223,49.87658,49.44025,49.35122,49.366524,49.111313,49.37459,49.34767,48.931824,49.284054,50.079327,49.398037,49.36646
49.40306,49.518555,49.47055,49.62764,49.449593,49.130383,49.590088,49.39488,49.56367,49.778008,49.698105,49.991684,49.57167,49.72884,49.81137,49.77778,49.91187,49.674316,49.887306,49.748627,49.773438,49.622555,50.36369,49.945183,49.973026,49.592575,49.912663,49.973915,49.799576,50.162033,50.03887
48.392765,48.623066,48.641182,48.447094,48.703285,48.63101,48.5602,48.781017,48.527683,48.61626,48.370213,48.55826,48.89736,48.747467,48.707115,48.650124,48.85925,48.62074,48.810574,48.677086,48.469044,48.737804,48.82241,49.02282,48.733654,48.847862,48.916576,49.005096,48.55116,48.717827,48.902016
44.241337,44.29849,44.02616,44.28107,44.48452,44.344574,44.451366,44.35191,44.384445,44.60448,44.69707,44.37652,44.423317,44.3211,44.785892,44.390118,44.635082,44.45806,44.638363,44.955273,44.705894,44.564095,44.719585,44.588577,44.89012,44.8667,44.526867,44.689716,44.713234,44.93741,44.986652
42.04535,41.658237,41.510086,42.40897,41.882042,42.19291,42.41347,42.358013,42.149567,42.13555,42.554928,42.47847,42.028316,42.06166,42.21983,42.51568,42.27459,42.348255,42.11149,42.43098,42.679897,42.25413,42.471252,42.230583,42.864113,42.442673,42.4018,42.481716,42.69546,42.933376,42.507698
49.236294,48.939243,49.353607,49.248734,49.310165,49.252422,49.31295,49.13123,49.23505,49.3539,49.450268,49.34539,49.375454,49.45196,49.69411,49.34204,49.500896,49.885372,49.773796,49.729267,49.712795,49.480896,49.680737,49.403633,49.761875,49.52749,49.829525,49.372295,49.460617,49.461212,49.9453
51.02364,50.890045,51.331787,51.02584,51.357132,51.53967,51.12938,51.090263,51.338776,51.220047,51.5636,51.062313,51.373756,51.08946,51.194664,51.04612,51.415173,51.213146,51.386177,51.37803,51.452965,51.418877,51.453613,51.50161,51.241623,51.450478,51.550285,51.20018,51.76519,51.490788,51.218437
50.478546,50.096954,50.067062,50.392307,50.591774,49.97801,50.27142,50.250977,49.966473,50.287865,50.32945,50.194973,50.51876,50.271442,50.605057,50.67385,50.517162,50.283703,50.76916,50.54201,50.46518,50.410103,50.644535,50.65365,50.243713,50.071022,50.619686,50.57436,50.60036,50.6704,50.8645
47.273636,47.30562,47.683395,47.034664,47.433853,47.74903,47.624794,47.668217,47.48132,47.4174,47.535587,47.81459,47.663395,47.593117,47.426342,47.27852,47.93368,47.54828,47.496063,47.43693,47.343002,47.938297,48.02768,47.90493,47.820267,47.987373,47.890434,47.616444,47.393642,47.771103,47.58382
47.540936,47.014427,47.554092,47.34121,47.68338,47.57803,47.45524,47.312164,47.263824,47.497322,47.938038,47.3173,47.477367,47.35787,47.1485,47.550198,47.453575,47.49919,47.84657,47.453987,47.35308,47.65553,47.253918,47.741074,47.002193,47.71338,47.94085,47.562527,48.135216,47.287548,47.617573
56.90018,56.46088,56.58058,56.314133,56.87352,56.678238,56.5854,56.67417,56.74919,56.5544,56.597183,57.018536,56.767723,56.73182,56.672436,56.837963,57.06425,56.851818,57.000343,56.706905,56.844986,56.883797,57.247612,57.22429,56.82916,56.6969,57.25259,56.65362,57.05402,57.21358,56.91034
54.792244,54.466255,54.4662,54.83462,54.716125,54.418106,54.341476,54.423748,54.539948,54.381783,54.670303,54.74977,54.792454,54.520733,54.293266,54.57313,54.57461,54.601204,54.899666,54.947453,54.642147,54.41566,54.950504,54.841377,54.910866,54.72621,55.01687,54.431866,55.060585,54.84191,54.963264
40.301723,40.64546,40.48784,40.7212,40.61402,40.600536,40.797153,40.559715,40.332775,40.78105,40.541557,40.856712,41.162987,40.896973,40.865532,40.960533,40.619564,40.503307,40.530415,40.86225,40.78912,40.752934,40.824604,40.869705,40.863537,40.935684,40.825436,41.189865,40.927307,41.02511,41.243324
50.120346,50.52682,50.422356,50.606003,50.308426,50.06141,50.1989,50.195175,50.50971,50.389427,50.068005,50.45039,50.534515,50.62553,50.411484,50.364197,50.540485,50.71469,50.545666,50.836792,50.721367,50.484787,50.752277,50.613243,50.955105,50.647324,50.942654,50.551483,50.491188,50.57478,50.92661
53.84645,53.88649,53.48059,54.24898,54.292343,53.705856,54.251522,53.740078,53.27845,54.398,53.77257,53.74613,54.606148,53.772964,54.512695,54.155907,53.79033,54.027504,54.18719,54.676537,54.50797,54.20571,53.92086,54.15518,54.05738,53.873497,54.175507,54.52841,54.37822,54.02596,54.84998
40.210472,40.507767,40.470863,40.319782,40.27066,40.228188,40.19238,40.139534,40.77018,40.2235,40.440025,40.4922,40.23472,40.42708,40.242313,40.518024,40.56423,40.68752,40.454426,40.762436,40.71044,40.609272,40.546997,40.72242,40.665985,40.80211,40.96223,40.377197,40.956814,40.60238,40.73489
56.3059,55.837505,56.288467,56.314537,56.318512,56.6216,56.68036,56.481815,55.879173,56.090855,56.277657,56.355453,56.537094,56.03708,56.146137,56.31915,56.392544,56.396915,56.250187,56.518448,56.461304,56.697197,56.360886,56.41854,56.47373,56.605164,56.745678,56.44021,56.64336,56.323055,56.46053
49.148975,49.286938,49.70002,48.989708,49.39129,48.870075,49.20678,48.889744,49.13119,49.07526,48.947884,49.50259,49.240665,49.59276,49.32725,49.533516,49.84499,49.17676,49.233395,49.448414,49.46931,49.728207,49.867725,49.420036,49.041073,49.4683,49.845535,49.42939,49.321266,49.776478,49.51653
57.652096,57.75508,57.52778,57.87009,58.022865,57.730713,57.91556,57.601208,57.903343,58.575226,58.41479,57.768387,58.15343,57.63675,58.399734,57.79864,57.893826,57.967037,58.33646,58.352688,58.406124,58.178017,58.08968,58.46662,58.01386,57.953682,58.062336,58.464874,58.702747,58.239883,58.388325
49.49998,49.597675,49.934303,49.884556,49.870125,50.232594,50.028778,50.150887,50.062252,50.07726,49.711376,50.052677,49.997482,50.02297,50.23971,49.796402,50.065212,50.37755,49.874363,50.05233,50.58353,50.314106,50.243797,50.01574,50.33268,50.145584,50.385674,50.264862,49.886864,50.33878,49.92609
48.336067,48.95619,48.60389,48.415184,48.24598,48.491703,48.237648,48.57099,49.026646,48.566967,48.56155,48.63572,48.455814,48.516068,49.022728,48.281353,48.806606,48.5318,48.538975,48.928535,48.90953,48.90684,49.03338,48.806824,49.11138,48.963966,48.507973,48.98586,49.08915,49.374126,48.711586
46.74599,46.855858,46.93255,46.867344,46.641304,47.024693,47.4628,47.123943,46.966583,47.014385,47.328285,47.241306,46.8243,46.838448,47.15214,47.27949,47.349712,47.051895,46.8621,47.289314,47.286655,47.588043,47.322865,47.227943,47.408337,47.605774,47.167507,47.59605,47.472347,47.49815,47.245815
53.58867,52.989388,53.4252,53.07567,53.56066,53.503723,53.512295,53.23166,53.131912,53.085503,53.181316,53.36003,53.501476,53.36578,53.159695,53.75183,53.652256,53.687305,53.61018,53.346313,53.61267,53.754215,53.490562,53.720047,53.206303,53.249023,54.094055,53.23642,54.005642,53.405807,53.64167
44.81103,45.075302,44.14995,44.66688,44.853897,44.55829,44.593327,44.58956,44.831844,44.986916,44.808273,44.680313,44.876713,44.486103,44.69785,44.797695,44.836456,44.779728,44.988495,45.26819,44.966145,44.71885,44.873096,45.004654,44.96612,44.832268,44.626625,45.009403,45.4082,45.041996,45.000896
54.930542,54.80421,55.200485,55.02638,54.814293,54.982113,54.973404,54.848785,54.94455,55.083183,55.192257,55.17574,55.022816,55.290455,55.282833,54.902027,54.87877,55.104244,54.99285,55.26243,55.463085,55.682293,55.13598,55.023895,55.328884,55.723953,55.368256,55.414246,55.5757,55.607685,55.522823
43.78319,44.02176,44.28701,44.197777,43.956238,44.21034,44.35,44.338448,44.123737,43.91176,44.2646,44.087532,44.137703,44.004086,44.19224,44.329334,44.497883,44.100555,44.14592,44.393738,44.167995,44.26374,44.563625,44.28681,44.482994,44.501236,44.27296,44.48281,44.132233,44.37142,44.230835
38.718987,38.76048,38.674843,39.130684,38.858017,38.681087,38.898426,38.887497,38.680904,38.41155,38.95005,38.6416,38.978462,38.65036,38.435863,39.457226,38.9101,38.638676,38.89742,39.187336,38.618248,38.62757,38.65893,39.189957,38.82747,39.15499,39.196514,39.05453,39.266598,38.719105,39.264458
48.65377,48.667408,49.100853,49.072052,49.068718,49.352676,49.27198,49.090054,48.89551,49.21693,48.806744,49.24874,49.469395,49.296764,49.2429,48.976562,49.02158,49.409145,49.031845,48.95566,49.615692,49.484615,49.48587,49.298737,49.47914,49.050438,49.64172,49.19145,49.143818,49.373688,49.356335
48.025204,48.2372,48.400536,48.509525,47.861183,48.34339,48.27902,48.479584,48.471252,48.19965,48.33067,48.372704,48.24242,48.289665,48.2731,48.383408,48.27209,48.64306,48.42779,48.45573,48.417145,48.28415,48.45475,48.38064,48.76953,48.624176,48.46052,48.75217,48.53539,48.339813,48.369045
54.642418,54.76727,54.20951,55.016182,54.522423,54.66702,54.74582,55.17165,54.825718,54.676292,54.58421,54.514847,54.569386,54.61069,54.75121,55.194904,54.7961,54.805843,54.924786,55.14332,54.85509,54.44655,54.67011,54.739426,55.21903,55.15207,54.576862,55.53104,54.98722,55.075516,54.87826
39.617714,39.334503,38.59075,38.952038,39.45713,38.741352,38.901752,38.739536,38.794693,39.069748,39.121113,38.986717,39.330055,39.06035,39.1355,39.404484,39.233315,39.100323,39.4153,39.7118,39.24433,39.35855,38.94134,39.305054,38.972576,39.218666,39.309063,39.15148,40.01071,39.379284,39.915806
47.05073,47.071964,46.964394,46.939087,47.096687,47.214725,47.04193,47.01057,47.119415,47.37261,47.20992,47.10099,47.2121,47.21472,46.983894,47.08243,46.77165,47.285328,47.151886,47.161922,47.405617,47.65665,46.792675,47.33393,47.05034,47.60588,47.345943,47.492233,47.802666,47.249302,47.35647
49.787197,49.716988,49.853592,49.861893,49.829117,49.702396,49.91308,49.822636,49.63809,49.700283,50.13864,49.500946,49.79214,49.520004,49.753963,50.069145,50.023388,49.75947,50.231754,50.177616,49.584633,49.81298,49.797935,50.112244,49.769558,50.13195,49.996628,50.18309,50.272076,49.63599,50.161545
48.62559,48.57704,48.735992,48.366642,48.966545,49.099045,49.113865,48.901222,48.685154,48.960136,48.709816,48.77187,49.22418,49.05205,49.262737,49.2213,49.09241,49.18003,49.170334,48.83596,49.10706,49.17702,49.179085,49.339897,49.1157,48.922012,49.185585,49.146706,48.97718,49.06949,49.408485
59.565582,59.715984,59.78305,59.815014,60.259697,59.80119,60.174683,59.65744,59.98478,60.44615,60.20209,60.121372,60.356384,60.00007,60.327488,60.218925,60.367477,60.061462,60.421326,60.331818,60.42061,59.990078,60.831814,60.677666,60.319492,59.962463,60.427868,60.267517,60.15341,60.449978,60.49776
45.952152,46.157467,46.039444,46.247284,46.140778,46.131603,45.874702,46.09306,46.20663,46.137463,46.088406,45.985313,46.317192,46.21863,45.973125,46.041138,46.089268,46.259026,46.34566,46.433365,46.140015,46.01078,46.103943,46.279144,46.40696,46.495842,46.387585,46.316174,46.403164,46.13341,46.432026
55.33004,55.250443,55.01555,55.309353,55.25058,55.410378,55.300888,55.3404,55.61283,55.536686,55.510025,55.59306,55.370853,55.425034,55.636,55.343616,55.519238,55.72044,55.59749,55.855328,55.922054,55.473255,55.816704,55.501747,56.139896,55.794807,55.56144,55.62546,55.850555,56.06525,55.758003
50.634712,50.48151,50.930756,50.53769,50.65992,51.09767,50.481617,51.113182,51.2136,50.849007,50.42644,51.15696,50.823517,51.482674,50.529446,50.851894,50.83311,51.5248,51.010124,50.35877,50.96843,50.899292,50.963978,50.97358,51.015457,51.105186,51.372208,51.099827,50.54047,50.97458,50.556526
48.17862,47.94739,48.003334,48.246544,48.4283,48.076523,48.46882,48.120583,47.83552,48.236004,48.192818,48.482544,48.451584,48.283825,48.741238,48.508896,48.499275,48.273434,48.324623,48.82864,48.67893,48.428993,48.709343,48.310448,48.605427,48.524086,48.648838,48.486446,48.38262,48.866,49.009747
42.124744,42.04533,42.3182,42.001354,42.00525,42.481804,42.386703,42.350773,42.389572,42.08589,42.584503,42.393932,42.225624,42.17837,42.06472,42.496044,42.513138,42.49517,42.367096,42.300194,42.23507,42.442535,42.439754,42.547585,42.438477,42.626244,42.488922,42.467136,42.666897,42.327576,42.27017
44.36993,44.414764,44.35639,44.1166,44.278862,44.294117,44.18603,44.22063,44.738228,44.48862,44.45919,44.65565,44.341812,44.64038,44.945225,44.427494,44.78811,44.95481,44.75015,44.779068,44.884235,44.706593,44.80922,44.772766,44.940525,44.655426,44.958084,44.579357,44.993057,44.9752,45.070667
51.34531,51.182438,51.356712,50.93527,51.491913,51.45729,50.790176,51.198162,51.540783,51.285778,50.918545,51.33148,51.417267,51.573914,51.481396,51.029667,51.407562,51.68735,51.466812,51.345757,51.768017,51.61598,51.432644,51.44014,51.2727,51.33721,51.805634,51.263218,51.602673,51.73383,51.33336
43.01582,42.79313,43.025696,43.220474,43.628036,43.313305,43.47313,43.170143,42.643368,43.418,42.852848,43.254333,43.7738,43.367313,43.052933,43.433273,43.2368,43.49563,43.30526,43.261127,43.44961,43.37151,43.220276,43.337578,42.962914,43.053627,43.801025,43.378635,43.062096,42.98408,43.460728
44.125412,43.88558,43.901215,43.274967,44.331406,43.741074,43.520252,43.533627,43.746502,43.995983,43.89334,43.957737,43.95405,43.72088,44.112694,43.728813,43.59696,43.88507,44.296413,43.842926,43.913563,44.286846,43.80408,44.46444,43.219444,43.84166,44.31164,43.814972,44.526672,43.968193,44.30241
42.325157,42.288586,42.374054,42.542522,42.19171,42.31957,42.713333,42.512283,42.20791,42.412575,42.7803,42.776005,42.487606,42.356525,42.544075,42.827843,42.680466,42.369232,42.52653,42.661106,42.345573,42.499992,42.705223,42.683205,42.613815,42.761856,42.627026,43.034412,42.91503,42.731583,42.822582
49.778973,49.56554,49.89308,49.980553,50.142853,50.06938,50.272125,49.878574,49.51023,49.885227,49.92473,49.79399,50.15705,49.73289,49.660217,50.08852,49.873047,49.978294,49.990295,50.129982,50.10006,50.22465,49.89143,50.12825,49.876984,50.162384,50.42268,50.008,50.24356,49.76237,50.225292
38.787735,38.826508,38.868843,38.78622,38.507416,38.53459,39.11525,38.911945,38.89695,38.859684,39.301083,39.189438,38.402195,39.107708,38.833664,39.341713,39.477848,39.096497,39.13846,39.233345,38.70356,39.02391,39.22776,38.913704,39.31882,39.71541,39.122158,39.477776,39.05066,39.191494,39.37449
46.23501,46.20577,46.76703,45.780186,46.438232,46.148144,46.06901,45.848713,46.166786,45.79301,46.270943,46.066868,46.166164,46.32909,46.262516,46.544807,46.284065,45.964695,46.519634,46.17925,46.090126,46.525665,46.459137,46.720528,45.91354,46.5654,46.73761,46.066193,46.83764,46.45812,46.81103
46.508926,45.95162,46.48166,46.53044,46.748177,46.75521,46.877213,46.604774,46.17268,46.52946,46.787617,46.809044,46.68783,46.410515,46.58783,46.77192,46.55102,46.635895,46.612614,46.724854,46.81976,46.78406,46.71259,46.65982,46.47222,46.80658,47.024902,46.71551,46.801296,46.778336,46.780094
40.617126,40.747696,40.24214,40.268494,40.48291,40.70484,40.178772,40.71152,41.079533,40.606804,40.497223,40.702778,40.462704,40.763912,40.631676,40.463257,40.737778,40.85978,40.630306,40.65557,40.94325,40.91597,40.698875,40.832268,40.971985,40.91179,40.76624,40.762657,41.147343,41.291332,40.67168
49.8246,50.723858,49.923264,50.51392,50.12393,50.131306,50.198956,50.301308,50.534336,50.58072,50.056263,50.516914,50.8278,50.34978,50.5482,50.10676,50.83931,50.255943,50.130547,50.97826,50.68003,50.288326,50.990597,50.606873,51.176964,50.479515,50.324947,50.85334,50.450108,50.99265,50.531216
41.133675,41.18259,41.064293,40.83885,40.86538,41.07236,40.839157,41.082203,41.33494,41.065914,40.78863,41.222935,41.104763,41.5306,40.96564,41.13029,41.148632,41.69377,41.169178,40.94188,41.40855,41.75751,41.019413,41.41207,41.332855,41.30195,41.661686,41.269024,41.607986,41.292522,41.41192
47.839485,47.916203,47.67627,48.040276,48.186302,48.296276,48.39463,48.260113,48.189545,48.59326,48.357525,48.089924,48.480305,48.139057,48.565235,48.527477,48.32791,48.467926,48.428,48.379425,48.620354,48.374184,48.232063,48.719894,48.426895,48.230217,48.422558,48.815945,48.681107,48.457172,48.60457
39.586155,39.424465,39.71643,39.233513,39.57448,39.817383,39.499813,39.764084,39.833797,39.285275,39.66535,39.645664,39.436996,39.802464,39.46911,39.966866,39.798172,39.82231,39.784897,39.52067,39.5452,39.791374,39.583572,39.946884,39.626312,40.117966,40.081505,39.7341,39.963776,39.81503,39.823242
42.95854,43.108456,42.626198,42.598907,42.6605,42.606445,42.47749,42.608784,42.94455,42.76071,42.790062,42.86372,42.67118,42.81968,42.595085,42.746807,42.656937,42.89101,42.94733,42.9457,42.869946,43.06725,42.82568,42.957184,42.956635,43.133713,42.831913,42.913715,43.486855,43.08781,43.06272
36.879017,37.32325,36.995567,37.134354,37.00193,36.585747,36.80557,36.616146,37.061375,36.99866,37.262936,37.124626,37.096752,37.015472,37.102043,37.190136,37.167053,36.813522,37.028023,37.703163,37.130524,37.082973,37.142437,37.20392,37.081738,37.52298,37.224236,37.324196,37.63647,37.384285,37.59071
45.681656,45.451065,45.165146,45.644535,45.626602,45.78351,46.02159,45.89943,45.395542,45.950546,46.018524,45.55854,45.7013,45.66987,45.738045,45.933125,45.606632,45.849026,45.91205,45.975716,45.820904,46.034424,45.51531,45.72547,46.051613,46.333595,45.6355,46.29551,46.06355,45.88328,46.20448
40.266117,40.23786,40.052864,40.356934,40.196877,40.26469,40.043842,40.25291,40.09673,40.313854,40.036804,40.44561,40.63193,40.48802,40.402443,40.268353,40.10862,40.58311,40.32916,40.533375,40.4331,40.311527,40.0611,40.278893,40.420288,40.455452,40.56921,40.621563,40.64799,40.358555,40.718628
52.049458,52.51875,52.15013,52.9514,51.977303,52.33469,52.653576,52.68605,52.630856,52.678062,53.003708,52.713196,52.525978,52.12611,52.93746,52.42532,52.874203,52.330135,52.60114,53.135822,52.683125,52.18874,53.356834,52.61548,53.542713,52.76908,52.156296,53.227993,52.784904,53.249176,52.683403
47.694916,48.0155,47.71219,48.10494,47.96959,48.01172,48.55069,48.044235,47.801525,48.568405,48.286236,48.059734,48.333633,48.02436,48.44469,48.39746,47.974712,48.25052,48.216778,48.52728,48.414227,48.4609,47.99309,48.452843,48.454597,48.60472,48.2507,48.901047,48.592304,48.169537,48.87504
60.28249,60.12054,60.215004,60.572453,60.544556,60.525658,60.804993,60.69898,60.29591,60.764805,60.430794,60.423923,60.679523,60.434753,60.789886,60.732437,60.731083,60.834984,60.84664,60.75873,60.92271,60.607246,60.92325,60.67198,60.877674,60.487457,60.690372,61.052967,60.431126,60.733482,60.69738
46.92367,46.84089,46.775604,46.65858,46.974197,47.221798,47.36309,47.214085,46.985447,47.28874,46.955326,47.194176,47.081688,47.35536,47.373352,47.24644,47.317024,47.45221,47.083015,47.08698,47.565296,47.858517,47.253532,47.31417,47.508633,47.502457,47.43012,47.535393,47.354473,47.640156,47.551254
42.05741,41.692513,42.050674,41.804825,42.155952,42.12029,42.1496,42.054924,41.905487,41.97447,42.2355,42.234974,42.123528,42.117115,41.998,42.443882,42.249874,42.153336,42.274075,41.937477,42.092094,42.22729,42.318115,42.35148,41.85242,42.097923,42.414673,42.229618,42.333256,42.28823,42.18744
34.949947,35.540035,34.82186,34.97296,34.736195,34.997757,34.91781,35.254227,35.184982,35.039444,34.854706,34.999477,35.128845,35.180874,35.392406,35.05331,35.052166,35.258045,35.019966,35.460228,35.20466,35.472416,34.9677,35.165314,35.646084,35.64644,34.95143,35.61879,35.396423,35.40162,35.612823
41.197273,40.62257,41.52555,41.12471,40.98687,41.392574,40.996605,41.2669,41.15859,40.83049,40.965305,41.31987,41.137108,41.99844,40.694294,41.49106,41.17734,41.863174,41.39767,40.747635,41.142517,41.36404,41.019547,41.086937,41.270317,41.594902,42.019577,41.191742,41.225628,41.05898,41.42779
45.07456,45.328106,45.078674,44.841316,45.048874,44.872868,44.762894,44.64945,45.42364,45.227554,45.37127,44.899788,45.038536,45.238163,45.531876,44.96798,45.26324,45.294872,45.467186,45.490875,45.576233,45.651897,45.389133,45.520782,45.53068,45.411896,45.40837,45.144215,46.058483,45.702053,45.890194
51.229588,50.948257,50.78765,51.35626,51.445732,50.764782,51.17226,51.068016,50.799126,51.10307,50.600384,51.063457,51.258724,51.30566,51.165184,51.571968,51.37866,51.430637,51.315758,51.495274,51.67086,51.378914,51.274376,51.215904,51.186726,50.98606,51.78772,51.352753,51.262398,51.43056,51.651886
39.548615,39.518547,39.27427,39.43418,39.53714,39.69028,39.71106,39.847107,39.61835,39.729774,39.456738,39.72786,39.444637,39.864147,39.56783,40.033672,39.573776,39.941273,39.688934,39.56578,39.859085,39.873554,39.49605,39.651352,39.73258,40.025658,39.78511,40.15797,39.858265,39.936516,39.811848
54.609146,54.46741,54.11502,54.430927,54.776382,54.42395,54.68082,54.47361,54.499928,54.97622,54.60949,54.84583,54.621666,54.428112,54.66541,54.573967,54.747356,54.847317,54.875343,54.98601,54.97875,54.77314,54.899567,54.88542,54.803974,54.725273,54.922863,54.87486,54.9678,54.9237,54.897953
49.47274,49.505276,49.53086,49.20168,49.629166,49.571724,49.51689,49.682693,49.67867,49.442062,49.11788,49.467743,49.473656,50.066547,49.399593,50.092804,49.732956,49.833706,49.698368,49.431755,49.817444,49.88536,49.785656,49.66281,49.672115,49.945877,49.79872,49.87119,49.38976,49.961105,49.663994
52.04788,51.843193,51.60195,51.71409,51.92846,52.041294,52.191727,52.435722,52.02785,51.84779,52.19669,51.822506,51.750256,51.70862,51.856766,52.46608,52.217472,51.938457,52.274353,52.005833,51.878803,52.16074,52.18233,52.375053,52.160908,52.345276,51.85023,52.48447,52.15505,52.312836,51.97523
45.521744,45.85815,46.258118,46.11045,45.790817,45.505993,45.806515,45.557587,45.86887,45.921192,45.72746,46.00946,45.9623,46.31474,45.8662,46.192776,46.224598,46.12163,46.08934,46.070023,46.087296,45.8748,46.36406,45.954308,45.96488,45.955215,46.427418,46.2279,45.933674,46.013718,46.188972
39.395893,39.462425,39.43931,39.275475,39.60369,39.64687,39.950455,39.3233,39.72122,39.97456,40.60451,39.594017,39.27645,38.955513,39.75155,39.60447,39.742737,39.745644,40.07062,40.05791,39.794357,39.82611,39.881054,40.068344,39.738747,39.99559,39.70315,39.747864,40.50508,39.64934,39.947254
45.610123,46.4339,46.446465,45.683407,46.317673,46.204407,46.317368,46.013557,46.174088,46.418785,45.673214,46.003624,46.5848,46.56196,46.604313,46.20197,46.24333,46.332504,46.26319,46.06938,46.516323,47.019386,46.52621,46.957787,46.45021,46.42251,46.744682,46.447388,46.27063,46.380856,46.9576
44.782593,44.608303,45.1232,44.458942,44.988533,45.03223,44.986565,44.789352,45.0728,45.073837,45.26114,45.492825,44.92003,45.304546,44.543545,45.241035,45.17773,45.182926,45.207996,44.792526,44.78087,44.9553,45.298252,45.31382,44.835617,45.512978,45.473606,45.12231,45.044197,45.050213,44.99449
42.7408,42.53965,42.907112,43.02257,42.282448,43.075996,42.83516,43.196667,42.749207,42.588474,42.778507,43.068226,42.94859,43.221367,42.956573,42.93041,43.07324,43.171562,42.765175,42.797474,42.899796,43.01612,42.96897,42.62935,43.391518,43.168495,43.035057,43.372715,43.06729,43.224163,42.99166
59.02436,59.3867,59.264214,59.51305,59.10943,59.439972,59.456276,59.59395,59.64524,59.637394,59.050377,59.626167,59.641476,59.862446,59.940178,59.567448,59.768887,59.813072,59.480057,59.655178,60.046055,59.64403,59.996204,59.666016,60.348785,59.678795,59.76216,60.123215,59.598934,60.21578,59.859585
44.929176,44.9232,44.76651,45.02652,45.18947,44.910885,45.005768,44.95568,44.688435,44.869186,45.090496,44.505802,45.22097,44.763786,45.210663,45.19743,44.78722,44.71968,45.17676,45.242424,45.12789,45.320732,44.907486,45.36715,44.997368,45.145065,45.097675,45.19249,45.51239,45.211235,45.64266
44.11138,43.881027,44.043724,44.294563,43.826813,44.20031,43.98279,44.326958,44.42473,44.22891,44.698505,44.434883,43.946053,44.27779,44.364407,44.059483,44.35122,44.448746,44.408466,44.442657,44.315735,44.216003,44.352177,44.20723,44.70144,44.744827,44.41939,44.60605,44.659588,44.706104,44.43476
53.95215,53.95238,53.903755,53.89834,54.099068,53.923653,54.007935,53.798553,54.07166,54.262764,53.990852,54.261288,54.00145,54.19889,54.055458,54.004692,54.088028,54.160213,54.17663,54.14516,54.54006,54.3857,54.580803,54.18891,54.34397,54.232903,54.32962,54.167747,54.428528,54.69002,54.281258
46.72901,46.565197,46.78051,46.863964,46.37677,46.65392,46.54692,46.821472,46.681152,46.39948,46.563053,46.73569,46.67134,46.798584,46.42392,46.522957,47.004604,46.936325,46.623486,46.712883,46.86405,47.158863,46.946712,46.62458,47.0067,46.769417,47.025166,46.808506,46.93607,46.969162,46.603878
47.748962,47.57495,47.821938,48.058628,47.847847,47.90989,47.565628,47.83638,47.861084,47.9109,47.660896,47.78768,47.97271,48.097733,47.607334,47.706615,47.697304,48.175,47.928917,47.741085,48.21309,48.1015,47.75081,47.856743,47.830097,47.83731,48.34492,48.00534,48.197563,47.974045,47.828526
45.087948,45.107204,45.024467,44.99003,45.210922,44.67138,44.792526,44.76894,45.19536,45.171726,45.109425,45.225822,45.07341,45.450592,45.31623,45.19705,45.358196,45.176304,45.34032,45.307365,45.475212,45.46847,45.57522,45.400368,45.275818,45.258812,45.576347,45.216434,45.464043,45.816933,45.681362
58.451553,57.78539,58.327446,58.380848,58.721283,58.639652,58.55825,58.37066,57.82937,58.634697,58.064438,58.77349,59.010075,58.877453,58.32588,58.39913,58.226803,58.753307,58.621674,58.257404,58.66551,58.634117,58.613697,58.502625,58.506504,58.471252,59.11418,58.51886,58.422073,58.535084,58.84794
53.277237,52.76958,52.815094,52.649746,53.029823,53.306374,53.08193,53.22996,53.419395,53.13543,53.600044,53.014416,52.666134,53.017387,53.070995,53.405106,53.151478,53.331104,53.433445,53.080723,53.428776,53.5491,53.081814,53.392044,53.163242,53.619423,53.199997,53.42812,53.899803,53.65696,53.129642
43.67008,43.736225,43.951622,43.768612,43.662956,43.714336,44.030735,43.690056,43.790714,44.15454,44.388012,44.027843,44.027687,43.87041,44.15931,44.071285,44.212883,44.166904,44.375656,44.079556,43.758846,43.997723,44.07643,44.451508,44.005337,44.03385,44.30507,44.41388,44.528236,43.766422,44.50701
51.79123,52.409023,51.69301,51.657845,51.87345,51.3783,51.67564,51.509865,52.01009,52.012287,51.91589,51.64894,51.846596,51.601185,52.047207,51.87575,52.16666,51.643963,52.20053,52.32721,51.93586,52.08663,52.267048,52.453194,52.05602,51.966454,51.857914,52.18174,52.62496,52.241447,52.359337
47.283165,47.864605,47.037178,47.490086,47.69409,47.18158,47.652576,47.4895,47.396694,47.679108,47.257835,47.0757,47.770187,47.214554,47.813053,47.598793,47.695305,47.512634,47.668415,48.078808,47.929527,48.015957,47.80878,48.029747,47.954086,47.532333,47.577717,47.820446,47.670864,47.76221,48.140873
36.779152,36.83697,37.086502,36.664173,37.107323,37.040195,37.200626,36.684174,36.846375,36.946266,37.251137,36.849197,37.265682,36.91966,37.132652,37.263668,37.20308,37.130764,37.26546,37.070004,37.126514,37.43533,37.20518,37.67047,37.00975,36.996185,37.56684,36.916924,37.663925,36.967823,37.698692
46.210815,46.187065,46.09059,46.183662,46.198235,46.281555,45.983486,46.195827,46.47568,46.198605,46.264145,46.318172,46.299313,46.312305,46.32678,46.028397,46.400124,46.654354,46.431736,46.727047,46.57724,46.3845,46.427174,46.37175,46.80971,46.66935,46.650208,46.241177,46.567997,46.546158,46.630375
56.0678,55.421543,56.106903,56.723225,55.954346,55.91247,56.05448,56.06513,56.06579,55.838097,56.57931,56.263077,56.04897,56.3127,56.030197,56.498856,56.408806,56.251797,56.444454,56.552185,56.374767,55.708733,56.714054,55.910515,56.667973,56.412697,56.527378,56.28139,56.239628,56.66188,56.40581
47.76492,47.640476,47.181046,47.419827,47.58457,47.64464,47.925278,47.86602,47.428753,47.821785,47.319298,47.888107,47.772717,47.509766,47.719234,47.897724,47.941372,48.100292,47.69697,47.838943,47.952576,48.126957,47.621082,47.923126,47.73572,47.617035,47.945637,48.211685,48.077488,47.761295,47.817917
54.864643,54.596714,54.735847,54.742714,54.853622,55.081154,55.01196,55.14057,55.04251,54.91655,54.77867,55.062588,54.96817,55.36244,54.940952,55.437572,55.125565,55.24735,55.237858,54.628296,55.25474,55.06586,55.51308,55.22718,55.418125,54.99234,55.201702,55.23605,55.06456,55.592266,55.126213
45.999176,46.324467,46.373436,46.627827,46.3245,46.279705,46.492805,46.260864,46.521408,46.80736,46.705326,46.41928,46.74265,46.795086,46.70152,46.50978,46.642464,46.609516,46.58913,46.62746,46.937073,46.928566,46.8741,46.862236,46.96485,46.67028,46.866676,46.887096,46.832623,46.955853,47.04808
46.324337,46.45813,46.212395,46.271076,45.860085,46.17005,45.7684,46.239395,46.396637,45.760098,46.34447,46.081837,46.119476,46.10383,45.977432,45.845932,46.159683,45.90529,46.03388,46.47889,46.132412,46.61424,46.16672,46.28443,46.61956,46.86947,46.193623,46.282745,46.98383,46.724667,46.39993
42.260784,42.26268,42.052757,42.02207,42.09616,42.197865,42.31767,42.44892,42.643394,42.260788,42.34633,42.624615,41.967484,42.827717,42.433083,42.855175,42.759693,42.670948,42.446762,42.544174,42.597664,42.581112,42.635338,42.47814,42.953342,43.130898,42.673084,42.78225,42.531433,43.121864,42.857964
52.823967,53.148304,53.019478,53.23117,53.087036,53.224064,53.332623,53.149414,53.20688,53.53046,53.512608,52.884575,53.341003,53.14739,53.584965,53.249638,53.337563,53.207584,53.511936,53.54881,53.503494,53.35158,53.535973,53.42904,53.701324,53.497955,53.101334,53.765377,53.64924,53.589077,53.624317
39.20702,38.977444,38.615974,39.08133,38.455574,39.1927,38.82288,39.452156,39.225433,39.00477,39.024803,39.447914,38.863705,39.150204,38.90515,38.75405,39.090538,39.541218,38.93517,38.98569,39.227337,39.400826,38.995365,38.89746,39.638264,39.320206,39.10847,39.447056,39.560158,39.512417,38.936108
45.60497,45.771744,45.451492,45.85157,45.454758,45.781456,45.9207,45.79495,45.691463,46.324715,45.71211,46.2103,45.97869,45.90337,45.790806,45.306137,45.85423,46.361095,45.730225,45.956,46.24796,46.408592,45.964283,45.841354,46.389896,45.9709,46.109066,46.244373,46.179607,45.9831,45.997932
38.868187,38.764053,38.805824,38.300808,38.983673,38.627327,38.356316,38.301712,39.092106,38.828854,38.943054,39.088768,38.72766,39.09723,38.860573,38.9282,38.679134,39.240467,39.258884,39.040916,38.979137,38.824303,38.847237,39.229492,38.799824,39.248535,39.4628,38.608543,39.3712,38.96744,39.512226
56.532196,55.95703,56.200462,56.600506,56.689568,56.528732,56.39919,56.61012,56.116493,56.42167,56.2411,56.433006,56.824417,56.364735,56.42101,56.480522,56.426525,56.68285,56.754475,56.498245,56.67976,56.40032,56.689915,56.56279,56.45879,56.11891,56.781372,56.556118,56.411026,56.534313,56.464916
43.71778,43.450817,43.505966,44.025894,43.258667,43.612785,43.64032,44.03108,43.696907,43.771496,43.579437,44.211357,43.634693,44.281723,43.78595,43.821716,43.77842,44.31967,43.690037,43.86026,44.045258,43.996155,43.743305,43.43113,44.325905,44.263786,44.104435,44.393227,43.748314,44.194073,44.025967
53.855423,53.53657,53.604813,53.748486,53.910347,53.753105,53.47961,53.490253,53.439365,53.85507,53.90852,53.62062,53.8393,53.5289,53.54643,53.270126,53.40303,53.511936,53.9517,53.800747,53.780197,53.86969,53.752926,53.72551,53.590267,53.82808,53.8007,53.71451,54.397583,53.936592,53.83213
43.50021,43.916,43.34388,43.520443,43.87252,43.527973,43.733627,43.627075,43.933098,44.06662,43.747192,43.938377,43.82149,43.873657,44.042103,44.10649,44.100624,43.791794,43.85448,44.2129,44.183613,43.815292,44.225857,44.013863,43.99872,44.0466,43.79003,44.26428,43.92269,44.46331,44.046364
48.36899,48.395943,48.514038,48.624023,48.338997,48.364895,48.40514,48.509174,48.42907,48.616318,48.701878,48.678402,48.626213,48.686375,48.72686,48.44452,48.525906,48.629917,48.794518,48.78234,48.501785,48.53316,48.79787,48.62063,48.92779,48.95578,48.688454,48.94936,48.646015,48.78083,48.991512
49.179886,48.9724,49.552483,49.49356,49.541016,49.851803,49.59393,49.785328,49.70653,49.334747,49.73148,49.666374,49.83146,49.67525,49.567535,49.730625,49.956913,49.69245,49.737617,49.507034,49.638973,49.464893,50.151756,50.08796,50.057106,49.698334,50.139423,49.58411,49.500263,49.940952,49.737988
55.38109,55.27038,55.755165,55.800507,55.880447,56.187237,56.325012,56.111797,55.793785,56.027073,56.130455,56.00107,55.942158,55.77669,56.114048,56.24752,56.17838,55.92207,56.041954,56.022358,56.13812,55.732178,56.42337,56.093025,56.20812,56.187317,56.07652,56.409138,55.829937,56.299908,55.91917
46.385612,46.08211,46.507187,46.269623,46.372017,46.49298,46.61263,46.550552,46.27201,46.15553,46.260963,46.366936,46.416,46.554604,46.441593,46.89118,46.450897,46.82333,46.75842,46.19673,46.575356,46.737083,46.668324,46.790657,46.615772,46.40738,46.946617,46.50324,46.597874,46.469288,46.861656
52.30053,52.3253,52.49318,52.26747,52.423027,52.30299,52.525417,52.36214,52.52203,52.67751,52.667004,52.552105,52.572838,52.509502,52.79153,52.60777,52.917934,52.537395,52.70777,52.41324,52.8621,53.02289,53.185265,52.982773,52.54766,52.25862,52.71981,52.858467,52.843815,53.093285,52.586884
45.86647,46.10291,46.25058,46.110023,45.878166,46.31902,46.139183,46.311802,46.433292,45.894516,46.285305,46.223766,46.056126,46.317276,46.245705,46.491646,46.450855,46.213467,46.271812,46.458614,46.173126,45.933327,46.536808,46.224785,46.751858,46.838356,46.237907,46.53174,46.352615,46.62894,46.395565
39.47365,39.22649,39.63575,39.687004,39.971184,39.46997,40.058697,39.411938,39.603188,39.772003,40.226154,39.68831,39.725464,39.72182,39.935276,40.243507,40.089725,40.05247,40.14646,40.170628,40.19897,40.02389,40.247665,40.18239,39.98057,39.907143,40.459675,39.663456,39.88214,39.93679,40.54556
49.733337,49.94233,49.553978,49.59389,49.845177,50.05343,49.891552,50.0269,49.934555,49.957005,49.382507,49.929207,50.147224,50.181187,50.025967,50.03315,50.00846,50.127735,49.81344,49.91528,50.347286,50.31141,50.129276,50.10019,50.351574,50.081688,50.04468,50.23835,50.085148,50.46971,50.13694
41.138103,40.8251,41.451622,41.064754,41.461617,41.492027,41.514954,41.276855,40.93206,41.10221,41.01571,41.600277,41.646988,41.751534,40.72629,41.70756,41.39536,41.52442,41.250797,41.013004,41.20359,41.51495,41.386513,41.499916,41.12542,41.571335,42.051243,41.2812,41.142555,41.14592,41.484127
47.170547,47.376057,47.197174,47.484344,46.89852,47.16171,47.48469,47.43805,47.75374,47.438316,47.865677,47.86215,47.215916,47.381756,47.60181,47.65038,47.82274,47.662857,47.504272,47.959816,47.65579,47.477364,47.91266,47.731064,48.22614,48.0384,47.64874,47.96666,47.868286,48.00392,47.83204
58.056248,58.181915,58.05797,57.920757,58.53019,58.302555,58.435993,58.39458,58.30271,58.308792,57.998474,58.021126,58.499992,58.23295,58.741634,58.55355,58.43081,58.284218,58.412178,58.360374,58.821323,59.014088,58.591385,59.12554,58.543377,58.39498,58.778904,58.575222,58.60364,58.87908,58.88682
47.343094,46.843605,46.9905,46.99254,47.019035,47.301598,46.95223,47.18155,47.063984,46.92847,46.968494,47.02632,47.17872,47.140106,46.65642,47.07679,46.908363,47.55339,47.139084,46.8968,47.37784,47.748177,46.744167,47.274803,46.98719,47.13954,47.58044,47.103523,47.763245,47.037117,47.070488
45.472412,45.249332,45.207603,44.990517,45.338646,45.56845,45.84717,45.47062,45.269962,45.33048,45.65598,45.504948,45.3032,44.93841,45.29682,45.614933,45.62197,45.610252,45.551525,45.50556,45.539818,45.958508,45.613995,45.88568,45.549828,45.572624,45.668793,45.49561,46.073723,45.472775,45.616432
52.773453,53.10917,53.043327,52.927315,52.962532,52.620525,52.664886,52.643574,53.018806,52.91302,52.82552,52.86773,52.896866,52.90853,52.930386,52.863262,52.936665,52.84195,53.0503,53.275,53.203,53.076073,53.35214,53.00228,53.02429,53.159843,53.002693,53.08596,53.11164,53.30633,53.038708
45.468403,45.326492,45.1631,45.408966,45.478493,45.50086,45.16195,45.57063,45.308643,45.317337,45.01658,45.483353,45.682568,45.483715,45.320095,45.078087,45.207863,45.635777,45.318573,45.4825,45.70508,45.87785,45.355,45.538155,45.646877,45.56414,45.80682,45.423557,45.55653,45.661503,45.61113
50.330452,50.601448,50.369278,50.06768,50.710335,50.721478,50.361694,50.565865,50.673393,50.61951,50.44748,50.31447,50.521698,50.323494,50.705788,50.24333,50.440372,50.45908,50.610043,50.782295,50.735188,50.848972,50.566914,50.811073,50.64036,51.040985,50.55497,50.704323,50.77138,50.863884,50.659275
41.358902,41.27429,40.959976,40.881676,41.255836,41.302963,41.52256,41.172134,41.318226,41.693134,41.72461,41.6697,41.26074,41.50099,41.436695,41.565613,41.505177,41.651283,41.65118,41.592888,41.418007,41.67139,41.3603,41.727882,41.6708,42.020134,41.673702,41.752182,42.11029,41.63825,42.101845
33.513138,33.48258,33.324066,32.98365,33.16632,33.37935,33.013794,33.386055,33.323982,33.025288,32.842514,33.453156,33.349094,33.64872,32.941273,33.419422,33.316124,33.684418,33.246925,33.10637,33.229893,33.752373,32.953693,33.414192,33.147575,33.5354,33.716713,33.438744,33.75914,33.272526,33.424297
49.289936,49.33976,49.06093,49.52337,49.051956,49.36831,49.58395,49.681915,49.862106,49.61813,49.876816,49.503414,49.111523,49.327557,49.77373,49.77134,49.809856,49.826588,49.620777,49.838223,50.049423,49.83736,49.732967,49.741226,50.091038,49.837563,49.57779,50.151844,50.094135,50.150238,49.662586
46.014263,46.325127,46.239944,46.20195,45.862663,46.186977,46.03918,46.366096,46.28054,45.867332,45.970505,46.03051,46.190907,46.11027,46.0017,46.4347,46.12833,46.211975,46.146152,46.238716,46.12626,46.23667,46.101986,46.30565,46.243755,46.42804,46.142902,46.63119,46.450436,46.199654,46.095642
46.153473,46.423725,46.620636,46.248722,46.24823,46.215107,46.565952,46.291016,46.54564,46.58118,46.760334,46.8532,46.306618,46.6467,46.810825,46.7529,46.939316,46.449528,46.591824,46.787163,46.5757,46.61055,47.066006,46.680344,46.717194,47.028313,46.6851,47.050655,46.706066,47.076466,46.844692
50.151203,50.315582,50.453613,49.841045,50.416847,50.456,50.448524,50.352337,50.47206,50.575222,49.999615,50.46885,50.482796,50.777264,50.639584,50.511227,50.3327,50.83645,50.55544,50.089283,50.843044,51.21476,50.60598,51.01847,50.58226,50.59404,51.018658,50.631138,50.62059,50.702145,50.911118
60.567974,60.413704,60.458565,60.735535,60.784348,60.686684,60.477596,60.579987,60.502235,60.654766,60.418713,60.34797,60.927216,60.222656,60.782482,60.35673,60.417946,60.709183,60.85604,60.69266,61.11199,60.867985,60.840656,61.007233,60.67282,60.138138,60.912613,60.63218,61.169304,60.80218,60.687225
47.931847,47.722256,48.032333,47.854122,48.51503,48.300014,48.4066,48.00593,47.943726,48.05417,47.853848,48.314022,48.39568,48.172432,48.044514,48.64578,48.363674,48.21428,48.078312,48.14427,48.600216,48.389877,48.4209,48.57686,47.94025,48.080246,48.88473,48.12736,48.449337,48.470467,48.352436
42.29734,42.655045,42.470497,42.547607,42.51824,42.479122,42.5862,42.385277,42.46354,42.663345,42.85532,42.620323,42.713394,42.05642,42.47957,42.530357,42.51605,42.271187,42.540104,42.843605,42.545532,42.564293,42.695675,42.858154,42.34758,42.621284,42.4839,42.894936,43.134212,42.609425,42.49385
45.29771,45.780586,45.682823,45.905003,45.52038,45.765778,45.89034,45.89347,45.793533,45.890976,46.1401,45.40688,45.886726,45.61188,46.000694,45.927006,45.877457,45.579414,45.88594,46.014736,45.841656,45.915226,45.974308,46.01758,46.08438,46.096542,45.53497,46.45174,46.06269,46.03882,45.96327
61.905106,61.902615,62.186935,62.64651,61.920647,62.70489,62.50496,62.49779,62.563057,62.650593,62.821217,62.176,62.517593,62.321182,62.75246,62.244,62.206444,62.77065,62.59091,62.696636,62.984882,62.536438,62.52984,62.514915,63.298866,62.832527,62.47313,62.93702,62.96049,62.728046,62.710583
49.810936,49.30974,49.06582,49.155598,49.599983,49.81405,50.04531,50.041813,49.323296,49.617847,49.687843,49.645584,49.502247,49.402245,49.476437,50.06461,49.771286,49.70596,49.76858,49.470093,49.554092,50.127968,49.481594,50.03466,49.629612,49.94438,49.743034,50.138615,50.093365,49.83331,49.81562
47.170837,47.142715,47.21364,46.955017,47.10453,47.297363,47.066475,47.069542,47.141678,46.92866,47.122173,46.879997,47.32465,47.186344,47.418423,47.11303,47.022755,47.33357,47.266296,47.372402,47.52146,47.817993,47.155743,47.453705,47.52431,47.524117,47.469654,47.145164,47.80648,47.453293,47.81208
43.54517,43.824036,44.338585,43.571087,44.163345,43.866783,43.634056,43.500946,44.061783,43.561172,43.614117,43.69579,44.107433,44.030357,44.186028,44.077694,43.979454,43.993164,44.120373,43.935165,44.196243,44.140335,44.19347,44.636826,43.837395,43.85647,44.80224,43.5828,44.323563,44.058556,44.57996
48.61263,48.554867,48.92829,48.337425,48.492615,48.79386,48.480007,48.471954,48.800804,48.513874,48.815285,48.804405,48.53786,48.794445,48.32968,48.417526,48.50719,48.78034,48.757507,48.550045,48.684464,49.05661,48.878902,48.824738,48.875504,49.224236,48.960705,48.532673,49.11257,48.86848,48.786415
49.333923,49.858345,50.06452,49.74378,49.263824,49.79402,49.937386,49.889713,49.91702,49.822407,49.74488,49.90891,49.660038,49.940292,49.73752,49.90632,49.702225,49.924896,49.649162,49.707844,49.924618,50.297974,49.88911,49.988968,50.088253,50.401245,49.936974,50.478817,50.07575,49.961113,49.867825
43.64546,43.651405,43.695496,43.98532,43.851273,43.50514,43.588238,43.373535,44.172897,44.17237,44.389164,44.120945,43.66592,43.931652,43.77446,43.71001,43.836933,44.14068,44.10663,44.26247,44.398197,44.00419,44.202274,44.08178,44.14904,44.20819,44.40886,43.849556,44.427624,44.302353,44.234905
48.275963,48.36814,48.947098,48.353195,48.608917,48.449734,48.45886,48.370888,48.435703,48.647522,48.567703,48.77279,48.77181,48.88558,48.998226,48.695595,48.779022,48.572186,48.883556,48.540966,48.55616,48.59325,49.090454,48.863327,48.478462,48.665955,48.944088,48.94642,48.599895,48.885826,48.948017
58.19459,58.00125,58.316887,58.356728,58.762352,58.848835,58.687122,58.485928,58.20453,58.574562,58.437572,57.83534,58.945614,58.291332,58.908607,58.304306,58.32649,58.65268,58.690964,58.660995,59.134,59.173813,58.55015,58.90806,58.82014,58.4999,58.885387,58.472202,58.82553,58.644527,59.06129
44.308178,44.742348,44.779312,44.166435,44.780663,44.92463,45.025105,44.627075,44.784313,44.919518,44.929672,44.54346,44.65433,44.53216,45.0422,44.900036,45.08547,44.78546,44.941593,45.041306,44.882313,44.98534,45.006363,45.056038,44.829098,45.199448,44.780876,45.10219,45.05182,44.88314,44.986824
36.519657,36.465588,36.697845,36.434025,37.004578,36.98836,36.94805,36.64033,36.77571,36.59014,36.91534,36.82664,36.86822,36.626293,36.390106,37.3322,37.152832,36.79261,36.79239,36.908092,36.78201,36.650734,36.789234,37.1762,36.427418,36.94861,37.30925,36.781013,37.224426,36.7282,36.790592
52.971897,52.627842,52.5878,53.360394,52.844353,53.02486,52.98169,53.31236,52.81822,52.856445,52.891342,52.892506,53.29471,52.847965,53.19151,53.1316,53.036232,53.15995,53.074005,53.129257,53.35516,53.1546,53.070892,53.241844,53.358463,52.76454,53.28431,53.39402,53.409317,53.35572,53.237392
52.567978,52.819088,52.958603,52.823074,52.932503,53.205147,53.065647,53.088947,53.129505,53.26064,53.140015,53.029987,53.252705,53.139973,53.31227,52.84169,53.299446,53.052963,53.11134,53.089035,53.276844,53.34493,53.498936,53.430763,53.512386,53.340668,53.25783,53.415146,53.203735,53.550568,53.262077
55.80044,55.441696,55.955124,55.494884,56.03363,56.150833,55.84987,56.020584,55.778706,55.63425,55.84474,55.44148,56.0755,55.919567,56.3101,56.20836,56.043816,55.96644,56.364513,55.77322,55.94163,56.020695,56.064674,56.36676,55.916527,55.88269,56.189888,56.05705,56.135952,56.108967,56.313976
35.88813,35.985935,36.027733,35.864353,35.73326,36.02831,36.21457,36.15716,35.85958,35.92566,36.173435,36.151176,35.906113,35.98751,35.74668,36.110123,36.035896,36.23854,36.183777,36.036015,35.67144,36.210712,36.00715,36.21158,36.2768,36.562843,36.22313,36.306095,36.188282,35.77089,36.362114
49.881233,49.69995,49.905586,49.695084,50.144653,49.807564,49.8118,49.867016,49.612137,49.731693,49.88151,49.68537,50.111423,49.965206,50.027096,50.15237,49.931805,49.781105,50.29535,50.059204,49.68505,49.89599,49.984188,50.250214,49.831333,50.20169,50.18443,50.090973,49.968697,49.958534,50.48759
39.59154,39.433075,39.415886,39.782948,39.36387,39.85206,39.27982,39.900074,39.894802,39.566788,39.611954,39.892113,39.774593,40.16905,39.44359,39.488274,39.61882,40.13011,39.64011,39.75369,39.805733,39.722782,39.557095,39.55313,40.30438,40.273766,40.030376,39.862972,39.788322,39.99984,39.880676
48.286564,48.536674,48.407738,48.35901,48.697914,48.683666,48.722263,48.55531,48.59145,48.732246,48.65954,48.37619,48.63457,48.67868,48.712738,48.956043,48.877815,48.512417,48.754112,48.91387,48.790897,48.590775,48.848766,48.66632,48.769367,49.05799,48.531075,49.060127,48.789597,49.017437,48.808933
41.175423,41.05662,41.046288,40.40403,41.55323,40.759117,41.147034,40.20551,40.756866,41.458294,41.361904,41.134247,41.242474,41.087704,41.52327,41.23412,41.252666,41.186363,41.41047,41.52945,41.59187,41.838997,41.254726,41.516808,40.62305,41.191124,41.607548,41.03193,42.00521,41.374928,41.982803
54.999058,54.739773,55.237457,54.978817,55.223434,55.349445,55.495174,55.103195,55.346016,55.33193,55.75002,55.3519,55.290627,55.29983,55.541073,55.45355,55.66168,55.557487,55.67526,55.530304,55.60849,55.467724,55.94193,55.731354,55.86724,55.63163,55.755886,55.330997,55.57191,55.705025,55.827984
48.905174,48.664852,48.423607,48.94922,48.854042,48.766113,48.85889,48.792877,48.83015,49.12651,49.062626,49.010048,48.863583,48.56832,49.392048,48.868656,49.054287,49.27211,49.14821,49.527946,49.534058,48.88994,49.19172,48.77706,49.171913,48.788155,48.919796,49.233955,49.333584,49.344646,49.06992
44.854244,44.887554,44.954666,44.603725,45.048042,44.933193,44.87654,44.700203,45.034176,44.749527,44.98348,45.005062,44.67125,44.57789,44.6788,44.83908,45.060432,44.888115,44.901917,45.16003,45.155495,45.223564,45.14653,45.166603,44.830208,45.206047,45.3134,44.740753,45.476185,45.18387,44.91108
46.770195,46.839386,46.662323,46.75238,47.19628,46.663837,46.743156,46.450897,46.73483,46.93935,46.774246,46.6545,47.077305,46.73582,47.39976,46.794586,46.984314,46.98531,47.10892,47.513905,47.485035,47.162735,47.155037,47.123848,47.09237,46.87661,47.296898,46.77823,47.361523,47.285286,47.646816
50.68511,50.79906,50.58741,50.311348,50.78193,50.380844,50.78202,50.412315,50.53612,50.81322,50.51402,50.60405,50.667324,50.82679,50.620277,51.0368,50.756554,50.88845,50.985878,50.833733,50.875168,51.162533,50.862663,51.00898,50.69569,50.957207,50.93586,50.95087,50.972523,50.782597,51.1885
48.99531,48.823452,48.95909,48.81678,48.762222,48.74653,48.839844,48.90343,48.860336,49.05534,48.91269,49.15438,48.98968,49.42639,49.099007,48.957603,48.97865,49.29813,49.23077,48.854897,49.12399,49.506027,49.2552,49.154327,49.32192,49.24984,49.325638,49.278103,49.15533,49.35589,49.512367
49.3511,49.138275,49.325302,49.71245,49.26558,49.63724,49.47031,49.57325,49.44692,49.532284,49.56062,49.62275,49.50609,49.568836,49.078705,49.3975,49.43595,49.76729,49.519672,49.541553,49.634953,49.514786,49.456135,49.40419,49.787292,49.811096,49.818943,49.749977,49.868576,49.562748,49.45714
48.645126,49.02214,48.595253,49.176014,48.5502,48.48079,48.604343,48.739925,48.607876,48.70069,48.44148,48.754036,48.918343,48.906055,48.6516,48.92912,48.63062,48.600357,48.63656,49.106636,48.919422,48.73929,48.832935,48.566742,49.0366,49.05667,48.65109,49.329216,49.06565,49.14787,48.970108
48.80766,48.979126,48.790443,49.2789,49.10479,49.42934,49.402626,49.712395,49.058025,49.27021,48.9094,48.755295,49.381866,49.15095,49.501682,49.418396,48.997566,49.335037,49.175358,49.203865,49.586273,49.60501,49.014816,49.412613,49.541946,49.40191,49.215282,49.893875,49.195633,49.434616,49.438347
52.855236,52.58157,52.783775,52.560455,52.674904,52.815887,52.57251,52.78888,53.124218,52.61825,52.747826,52.845722,52.709656,52.837006,52.858513,52.984943,52.92961,53.350227,53.129875,52.829365,53.20186,53.060772,53.020355,53.216034,53.021503,52.794228,53.318283,52.84041,53.28103,53.05211,52.960567
49.845207,49.76707,49.497543,50.151165,49.37113,49.812866,49.66504,50.256348,49.731823,49.384026,49.69725,49.58085,49.77134,49.438095,49.96141,49.740147,49.830036,49.98055,49.90045,50.340702,49.808083,49.634212,49.783623,49.589592,50.46982,50.068504,49.586033,50.221565,49.929695,49.923744,49.93008
47.614567,47.395195,47.959633,47.259754,47.538445,47.949802,47.751354,47.96226,48.12773,47.47107,47.859966,47.93011,47.60938,48.148857,47.899197,48.014637,48.03115,48.171947,47.93084,47.476475,48.0192,48.449738,48.221355,48.369255,48.2698,48.264145,48.410446,47.825905,47.897514,48.341038,48.151554
45.78472,45.53679,45.644882,46.168453,46.014656,46.159878,46.3342,46.081944,45.732826,46.184483,46.22163,46.090717,46.312595,45.90688,45.923874,46.29715,46.057274,46.38904,46.29622,46.325207,46.132572,45.803795,46.031918,46.204002,46.32424,46.17914,46.39617,46.337467,46.252686,45.81561,46.40391
46.573708,46.39714,46.261505,46.562195,46.680786,46.46891,46.525402,46.695343,46.614216,46.648216,46.692245,46.519215,46.572636,46.663197,46.901474,47.025654,46.633564,46.78006,46.93156,46.875824,46.869114,46.669884,46.597164,46.881042,46.714844,46.873795,46.861702,47.076244,46.92195,46.987152,47.09883
49.98395,50.263733,50.626564,50.18072,50.128403,50.71241,50.13471,50.496445,50.55138,49.957623,49.94912,49.906868,50.527737,50.53705,50.311207,50.50451,50.222183,50.498837,50.301605,50.15946,50.4982,50.60957,50.146828,50.6325,50.473396,50.608566,50.64998,50.570312,50.699657,50.37888,50.42815
44.59663,44.640606,44.37764,44.92923,44.393066,44.61989,44.514763,44.766224,44.746326,44.520756,44.854122,44.547943,44.64794,44.585106,44.954025,44.503525,44.604095,44.575714,44.604263,44.938305,45.123737,45.125355,44.929367,44.778183,45.362957,44.9466,44.710945,44.877197,45.331406,45.502842,45.12345
60.266655,60.11696,60.113564,60.202274,60.522133,60.261505,60.805008,60.400894,60.16375,60.70567,60.596573,60.409492,60.496464,60.163754,60.830406,60.581203,60.66421,60.413754,60.713196,60.575157,60.831215,61.000027,60.98775,61.028427,60.68595,60.422836,60.706997,60.83535,60.777836,60.942486,60.914703
47.21434,47.68925,47.73388,47.217476,47.70913,47.68766,47.42695,47.59968,47.5933,47.46343,47.093327,47.37229,47.85489,47.783333,47.498455,47.64875,47.683216,47.37352,47.420776,47.438732,47.595325,47.992,47.57088,48.020927,47.376926,47.85327,47.918865,47.873684,47.707207,47.788826,47.667713
46.73596,46.68803,46.847885,46.978924,46.57933,46.434795,46.318893,46.43122,46.751343,46.363567,46.81262,46.99797,46.83064,46.929913,46.54583,46.748314,46.8829,46.50353,46.593903,47.137833,46.851093,46.689037,47.1108,46.603966,46.92709,47.11,46.973255,46.771893,47.109352,47.358368,46.91353
48.266357,47.962585,48.24356,48.387875,48.202927,48.34933,48.58711,48.17794,48.021362,48.405384,48.616497,48.580925,48.54013,48.243427,48.65041,48.319412,48.594288,48.54158,48.440266,48.715145,48.69827,48.689312,48.6813,48.480904,48.72194,48.477585,48.77786,48.557533,48.968746,48.69145,48.891567
42.23136,42.59868,42.065094,42.460606,41.949966,42.057095,42.41422,42.211155,42.433582,42.588223,42.830994,42.51584,42.169437,42.16029,42.436195,42.298367,42.422092,42.38934,42.40035,42.92635,42.54674,42.67812,42.496273,42.456436,42.880047,42.982666,42.264717,42.91261,43.118874,42.749447,42.792767
38.721405,38.67647,38.888344,38.52441,38.819633,38.54663,38.67621,38.527843,38.688377,38.581043,38.666252,39.05261,38.67255,38.888405,38.47496,38.942726,39.164352,38.90325,38.81891,38.911087,38.741875,38.885635,39.043034,38.86418,38.585506,38.958954,39.287136,38.764194,38.89422,38.872993,38.8711
58.187603,57.936714,57.943993,58.505795,57.88514,58.385075,58.445847,58.687004,58.19483,58.441097,58.172592,58.350273,58.323586,58.454628,58.457123,58.231995,58.430614,58.779816,58.412354,58.365444,58.671204,58.701557,58.414642,58.335358,59.060444,58.55021,58.58462,58.937206,58.553757,58.67153,58.580414
51.69103,51.31232,51.583725,51.65696,51.690567,51.441734,51.35248,51.463158,51.589653,51.47407,51.70261,51.785263,51.838875,51.800137,51.6803,51.768078,51.92437,51.713634,52.001045,51.72155,51.6772,51.538628,52.046986,52.04149,51.78192,51.53209,52.225677,51.655678,52.074528,52.02025,52.08045
36.464733,36.51088,36.353622,36.475864,36.169216,36.586327,36.565445,36.717945,36.458714,36.59192,36.69334,36.766674,36.57951,36.536766,36.584938,36.46964,36.669495,36.81472,36.6072,36.66462,36.433376,36.76498,36.47937,36.669502,36.852474,36.888138,36.685394,37.02619,36.97331,36.601837,36.821636
51.39515,51.369164,51.539894,51.37962,51.381927,51.319336,51.24276,51.373295,51.751858,51.516342,51.5547,51.719196,51.433125,51.77668,51.495083,51.67287,51.71315,51.75823,51.81746,51.552624,51.62479,51.528545,51.816242,51.8757,51.697357,51.749146,51.99872,51.777752,51.880955,51.85725,51.7863
44.46211,44.390533,44.130753,44.415634,44.35591,44.79592,44.391533,44.80899,44.952366,44.717094,44.537872,44.73437,44.678364,44.77081,44.537018,44.552677,44.747044,45.2273,44.71168,44.634575,44.953213,44.78712,44.576214,44.90399,45.11396,44.78257,44.98425,44.867355,44.959198,44.860424,44.692245
44.026646,43.947067,43.832672,43.849174,43.73092,43.8194,43.843952,43.83378,43.706276,43.79156,43.99315,44.063484,43.827038,44.048233,43.49999,43.96631,43.648655,43.820217,43.83777,44.054752,43.8266,44.19641,43.836533,43.693695,44.00622,44.643555,43.825314,44.177383,44.245148,44.142666,44.088207
44.433075,43.992542,44.356552,43.80511,44.795097,44.400135,44.88994,43.955692,43.93109,44.664085,44.80387,44.462788,44.529903,44.09743,44.723526,44.55745,44.657288,44.728264,44.829052,44.762516,44.740044,45.076187,44.62802,44.90924,44.184467,44.501907,45.04477,44.32417,44.996593,44.31011,45.15525
42.10622,42.224728,42.5198,42.12289,42.17742,42.460552,42.38451,42.39155,42.260216,42.42567,42.301636,42.637978,42.582573,42.727764,42.83149,42.297085,42.677155,42.579845,42.428825,42.431732,42.475212,42.736877,42.712177,42.562416,42.73876,42.720764,42.759804,42.775234,42.52957,42.78954,42.885117
58.560486,58.505344,59.03763,59.02266,58.574287,59.15332,58.94179,59.134403,59.053764,58.486954,58.884087,59.114723,58.956215,59.05175,58.968582,59.082054,59.242863,58.678783,58.713657,58.848186,59.16969,58.938324,59.679058,59.068672,59.584717,59.204353,59.166985,59.14477,59.146217,59.880436,58.89739
48.90452,49.17354,48.915916,49.396843,48.92668,49.2306,49.32872,49.322395,49.08295,49.279648,49.107307,48.951977,49.271122,49.008156,49.35272,49.407986,48.97612,49.351532,49.32658,49.403896,49.438145,49.207787,49.090137,49.315414,49.54411,49.324684,49.162178,49.790836,49.708572,49.24073,49.50743
55.226505,55.151035,55.409714,55.34437,55.635307,55.566124,55.128304,55.22709,55.356045,55.279423,55.184177,55.08167,55.836227,55.3614,55.757812,55.105606,55.403107,55.414,55.56112,55.54359,55.90444,55.687878,55.753967,55.76992,55.655205,55.18579,55.85921,55.19566,55.837578,55.85017,55.797523
50.643654,51.02377,51.355774,51.428127,50.996773,51.47013,51.520985,51.439323,51.282623,51.02926,51.314594,51.341583,51.56384,51.2305,50.812603,51.632565,51.42682,51.004475,51.094498,51.18511,51.117092,51.040646,51.71629,51.649536,51.624374,51.55886,51.440323,51.617504,51.29732,51.401524,51.136852
42.61993,42.733124,42.86792,42.57803,42.832138,42.82453,42.72652,42.807034,43.058456,42.845806,42.85402,42.864124,42.830994,43.082993,42.806416,43.041016,43.02781,43.066433,42.933228,42.835884,43.09823,43.243095,43.007572,43.200386,42.885406,43.15396,43.269066,43.076515,43.04597,43.153984,43.01075
54.898483,54.6547,55.018692,54.86771,55.256958,54.924072,55.295105,54.746372,54.540936,55.083046,54.973198,54.824387,55.178288,54.95242,54.96384,55.38662,55.20082,55.104637,55.412785,55.159763,55.077923,55.07775,55.1837,55.261887,54.814606,54.98401,55.45403,55.207718,55.330906,54.85278,55.437016
42.48197,42.538277,43.145226,42.841076,42.610138,42.78627,42.958164,42.783253,42.593933,42.813347,42.90209,43.022854,42.745277,43.2118,42.53578,42.838825,43.04678,42.95277,42.770493,42.939995,42.68993,43.061317,42.925556,42.60434,42.9455,43.613556,43.228,43.228992,42.664783,42.815533,42.997658
44.21144,44.89032,44.712967,44.75852,44.827248,44.764297,44.867134,44.621826,44.827297,45.02584,44.728348,44.519325,45.173332,44.94138,45.101498,45.062656,45.042156,44.779186,44.908382,45.10978,45.092735,44.87388,45.063908,45.193947,45.07738,44.962563,44.9823,45.27555,45.08782,45.05909,45.291176
40.394318,40.24865,40.796593,40.226826,40.367805,40.520214,40.618244,40.400852,40.38048,40.042175,40.395695,40.71809,40.554207,40.578068,40.228672,40.774384,40.768982,40.76709,40.467094,40.488766,40.519783,40.865475,40.79956,40.75557,40.56129,40.70218,41.10735,40.358734,40.60192,40.46698,40.709347
54.38875,54.461456,54.649666,54.552956,54.555634,54.583073,54.56462,54.512722,54.533985,54.46998,54.598938,54.521637,54.69034,54.765087,54.46015,54.885582,54.431114,54.4687,54.6239,54.818863,54.640972,54.716316,54.521847,54.78013,54.711365,55.329742,54.85257,54.976475,54.92863,54.81105,54.998974
49.817207,50.031254,49.87731,50.04755,49.94304,50.075974,50.024097,49.98825,50.23615,50.253536,50.35361,50.003292,50.161247,50.065277,50.298412,50.129055,50.3218,50.06705,50.214672,50.40631,50.385746,50.218197,50.35858,50.334435,50.446873,50.37847,50.15314,50.52165,50.692104,50.62024,50.351833
45.06494,45.529358,45.34826,45.668377,45.013123,44.864532,45.416702,45.00762,44.994724,45.46261,45.623222,45.353065,45.44042,45.19055,45.190895,45.225285,45.228016,45.11778,45.39597,45.793415,45.16012,45.47727,45.451897,45.4252,45.620907,45.807365,45.354977,45.795174,45.810688,45.25736,45.89767
54.957947,54.5724,54.374535,54.826626,54.864113,54.668255,55.014805,54.75922,54.787582,55.022243,55.146717,54.763172,54.788788,54.390446,55.265316,55.001167,55.053596,55.260857,55.29899,55.35079,55.44822,55.224365,55.052353,55.320213,55.166073,54.7119,55.255447,55.094482,55.688263,55.138844,55.410976
46.236847,45.850704,46.24237,46.002136,46.10215,46.231026,46.149185,46.259502,46.257095,45.710686,46.343033,46.200047,45.90827,46.143097,46.159542,46.56286,46.501854,46.23952,46.301327,46.343204,46.265102,46.34446,46.32627,46.373604,46.27274,46.598953,46.62892,46.27153,46.65356,46.59844,46.425182
52.422306,52.363735,52.184525,52.921833,52.686234,52.623695,52.608334,52.709118,52.331173,52.73314,52.669765,52.072437,52.921608,52.35339,52.940662,52.536217,52.333714,52.58614,52.839615,52.92864,52.991127,52.814587,52.527714,52.805946,52.925453,52.6072,52.657585,52.96415,53.02098,52.811768,53.112896
50.724773,50.82744,50.979637,50.835526,51.064705,50.62795,51.15515,50.76165,50.735134,50.8841,51.284126,50.622894,51.06862,50.430843,51.50222,51.282127,51.419243,50.77247,51.399014,51.3893,51.001255,51.138874,51.370884,51.71405,50.89468,50.77894,51.29354,51.26724,51.47922,51.054516,51.59726
50.23551,50.005753,50.1976,49.973557,50.328667,50.437824,50.30447,50.13042,50.40645,50.394676,50.565033,50.338257,50.312565,50.436436,50.349007,50.168053,50.40751,50.619694,50.512646,50.50465,50.710106,50.863037,50.5463,50.624504,50.765015,50.834694,50.810616,50.246975,50.81117,50.712666,50.82114
55.187443,55.18488,55.263847,55.296623,55.493195,55.30205,55.49497,55.225582,55.32066,55.258522,55.365067,55.403496,55.75246,55.220467,55.51842,55.55297,55.85041,55.34222,55.485153,55.668648,55.765347,55.61853,56.13855,55.93769,55.739525,55.195602,55.79962,55.363464,55.67577,55.885708,55.694153
61.488857,61.153156,61.651543,60.969383,61.769012,61.845993,61.734215,61.639668,61.643806,61.63381,61.56657,62.02786,61.677067,61.684933,61.75577,61.807648,61.913986,61.762794,61.935413,61.45545,61.752888,61.64318,62.409016,62.082336,61.76305,61.750732,61.98287,61.71471,61.563328,62.13031,61.632706
38.47994,38.832783,38.670937,38.900845,38.57086,38.426044,38.60547,38.607174,38.865807,38.880066,38.88585,38.570034,38.674164,39.07009,39.10407,38.86719,38.85521,38.973316,38.946434,39.127235,39.145138,39.13844,38.910694,38.854485,39.23459,39.198463,39.001614,39.180145,39.072,39.208702,39.470436
54.925713,54.75804,55.131004,55.147762,55.005775,55.04464,55.26984,55.01643,55.147823,55.1502,55.645184,55.379135,54.96911,54.922886,55.17532,55.12061,55.538708,55.06168,55.296097,55.500225,55.330124,55.17328,55.836216,55.266754,55.50814,55.493492,55.35676,55.344246,55.439568,55.687405,55.220184
41.636448,41.99184,42.05136,41.98719,41.83396,41.537624,41.940704,41.55379,41.67982,42.11976,42.172253,42.116306,41.978542,41.9152,42.015865,41.758793,42.23771,41.829292,42.05105,42.42837,41.860203,41.995842,42.33526,41.932884,42.05853,42.301056,42.111618,42.267567,42.113438,42.05577,42.33338
52.39147,52.147354,52.297005,51.893707,52.05802,52.464565,52.25541,52.427105,52.6727,52.17827,52.602337,52.436275,52.08645,52.231014,52.281498,52.356266,52.57377,52.666393,52.654762,52.2223,52.465588,52.69097,52.77329,52.779724,52.72793,52.53666,52.541798,52.385147,52.841763,52.71785,52.352203
49.330097,49.203876,49.436974,49.460583,49.120033,49.90236,49.32423,49.962532,49.88412,49.340782,49.492847,49.785965,49.45548,50.166397,49.19961,49.563026,49.525036,49.810097,49.494785,49.307266,49.547874,49.573326,49.728893,49.476227,50.350636,50.42575,49.7274,49.854702,49.44252,50.134342,49.553387
52.14271,52.14993,51.567978,51.98419,52.026505,51.845127,51.832245,52.011276,52.17254,51.95812,51.969116,51.92596,52.11386,51.70578,52.252815,52.042152,52.101025,52.123074,52.179592,52.42768,52.529957,52.36522,52.320393,52.447952,52.40647,51.932373,52.13193,52.150032,52.66038,52.597485,52.33338
40.681526,40.787106,40.247894,40.825695,40.575485,40.638638,40.765453,40.95468,40.47829,40.66075,40.779507,40.405,40.899586,40.521362,40.837536,40.751797,40.78229,40.647137,40.868214,40.955505,40.668736,40.965374,40.73928,40.960365,41.165585,40.857033,40.613094,41.10405,41.08549,40.928436,41.22039
50.821243,50.731125,50.883728,50.860897,50.890106,50.966637,50.59745,51.01914,51.060722,50.895134,50.946213,50.899017,51.019726,51.173546,50.84384,50.850224,50.952747,50.906986,51.099888,50.76037,50.9238,51.110268,51.01416,51.30265,51.048164,51.190628,51.302578,51.190723,51.295563,51.330257,51.108627
39.962837,40.078598,40.20327,40.145016,39.749054,40.17203,39.731705,40.215546,40.485844,39.98543,40.000305,40.528435,40.105507,40.496086,39.850994,39.857296,40.24637,40.569363,40.057663,40.11325,40.255016,40.254963,40.37238,40.129112,40.612354,40.493828,40.53801,40.22144,40.2012,40.423977,40.053204
48.806797,48.53366,48.818848,48.552387,48.647972,48.794662,48.70291,48.894604,48.727955,48.55969,48.656067,48.586353,48.78026,48.973736,48.663925,49.28347,48.95825,48.990154,49.000214,48.51178,48.759758,49.084763,48.617676,49.10015,48.507477,48.795876,49.130257,49.21373,49.229992,48.82366,48.874187
50.455433,50.605553,50.848953,50.724518,50.721336,50.812973,50.584106,50.876995,50.88891,50.56162,50.711758,50.726166,50.897064,50.98707,50.81612,50.91715,51.03041,50.68461,50.877544,50.942722,50.734573,50.62275,51.12141,50.956047,51.085323,51.21575,50.99142,51.070427,50.688793,51.17309,50.94993
52.13507,52.339558,52.11364,52.052895,52.4449,52.593575,52.681274,52.60547,52.5712,52.715675,52.73966,52.15585,52.366257,52.280537,52.78652,52.937027,52.785908,52.32707,52.70941,52.579834,52.588943,52.63687,52.46553,53.011765,52.462402,52.822395,52.44399,53.265213,53.12922,52.892483,52.69362
51.036137,50.8972,50.512733,50.689926,51.03015,51.3216,50.92115,51.500996,51.37857,50.69018,50.375553,50.998615,51.04414,51.230793,50.962418,51.6009,51.31804,51.431103,51.056442,50.92177,51.497402,51.0909,51.293125,51.316696,51.49095,51.01699,51.25966,51.210964,51.070858,51.692192,50.943195
55.742588,55.66482,55.63172,55.491474,55.672554,55.75545,55.604942,55.712776,56.121914,55.923225,55.967674,55.817764,55.618057,55.666794,55.974297,55.675827,56.07876,56.13775,56.103466,56.01652,56.205093,56.084473,56.148037,56.121338,56.07911,55.922684,56.033936,56.00892,56.313465,56.234615,55.843742
40.56083,40.61617,41.02613,40.726944,40.897537,40.83644,40.950104,40.750587,40.751144,40.843437,41.109463,41.32498,40.946785,41.17213,40.61567,41.24152,41.147438,40.73131,41.044456,40.943756,40.504547,40.448597,41.355385,40.998634,40.913235,41.432472,41.1658,41.14765,40.766373,41.06908,41.088818
54.090958,54.374836,54.06034,54.19823,54.364708,54.061745,53.90104,54.054764,54.336937,54.19694,53.96519,53.84605,54.603287,54.06725,54.2222,54.28788,53.969357,54.210598,54.450985,54.249184,54.527363,54.487022,54.277916,54.94967,54.200573,53.932793,54.51372,54.305847,54.816257,54.332485,54.530293
42.045315,41.97238,42.13192,42.317223,42.16285,42.184772,42.152397,42.27409,42.500824,42.033913,42.233738,42.1999,42.229713,42.489418,42.941837,42.81916,42.711796,42.73322,42.592216,42.69589,42.83242,42.17202,42.619778,42.524834,42.828884,42.323135,42.84752,42.51966,42.62976,42.872356,43.003826
49.088326,48.563053,48.889206,49.024475,49.093445,49.085014,48.448433,49.154583,48.891186,48.52277,48.617214,48.923138,49.14572,49.227512,48.533234,48.85226,48.788494,49.059868,49.067738,48.82653,48.846684,48.839123,48.85295,48.966743,48.972187,49.142815,49.437042,48.810608,48.883442,49.078625,48.980103
46.52175,46.668163,46.719147,46.473835,46.79004,46.795918,46.75389,46.871193,46.813057,46.62503,46.721657,46.587845,46.77824,46.646782,46.871876,46.997593,46.841354,46.73232,46.919117,46.756424,46.848236,46.958847,47.02386,47.17575,46.80534,46.90368,46.877293,47.003044,46.8429,47.01556,46.88926
45.234413,45.413204,44.938583,45.341595,45.531677,44.789337,45.169716,44.867653,45.077183,45.442772,45.248295,45.11944,45.58594,45.28031,45.71349,45.59212,45.51125,45.278473,45.607243,45.936073,45.643284,45.376854,45.477062,45.65838,45.37866,45.23912,45.61964,45.575516,45.869286,45.63686,46.179028
46.072323,46.11285,45.919388,46.375072,46.07547,46.34847,46.155262,46.227947,46.143894,46.381786,46.411484,46.15026,46.444607,46.099495,45.986477,45.89726,45.869675,46.345543,46.251976,46.413548,46.412483,46.4468,46.157314,46.26052,46.605083,46.55934,46.22601,46.40133,46.63131,46.278645,46.367413
50.313576,50.19542,50.356224,50.48046,50.498802,50.44801,50.355026,50.418705,50.634438,50.386864,50.477962,50.79168,50.665367,50.830097,50.31411,50.87462,50.592213,50.6453,50.680397,50.56976,50.68023,50.24146,51.010895,50.75344,50.88237,50.739952,50.892113,50.584305,50.53662,50.96845,50.746727
48.76917,48.855553,48.742653,48.805096,49.04043,48.80963,48.844376,49.01251,48.90192,49.00898,48.576862,48.909416,49.160595,49.128452,49.33562,49.37297,49.05965,49.173912,49.302364,48.941906,49.161842,48.898357,49.200974,49.385864,49.014454,48.742012,49.26326,49.400814,49.04216,49.23421,49.366207
42.807583,42.844627,42.50939,42.60433,42.734436,42.75069,42.34879,42.72763,42.9478,42.91542,42.572517,42.927906,42.958122,43.238914,42.93421,42.73309,42.901707,43.079662,42.95762,42.866222,43.026848,42.902046,42.894657,42.88479,43.068825,42.95765,43.01109,43.07002,43.17795,43.322247,43.114906
57.89213,57.500156,57.558647,57.28506,58.206284,57.925995,57.89154,57.72919,57.610123,57.92298,57.63928,57.68334,57.88795,57.717255,58.127045,58.17162,57.69695,57.94682,58.13823,57.90752,58.193752,58.168835,57.68038,58.279915,57.5119,57.962677,58.24252,58.083797,58.39273,58.072857,58.282978
52.242325,52.232986,52.395195,52.236103,52.23356,52.256855,51.944233,52.13653,52.217777,52.19613,52.2355,52.021717,52.43971,52.28296,52.602024,52.026176,52.32675,52.37739,52.598614,52.569183,52.35892,52.387146,52.32745,52.40973,52.443825,52.427803,52.51407,52.459393,52.78311,52.42414,52.712246
44.109226,43.95671,44.318024,43.655533,44.352028,44.39053,44.08744,44.009872,44.13801,43.961727,43.89707,44.221687,44.514874,44.705368,44.370018,44.799816,44.153763,44.28425,44.323982,43.86164,44.43317,44.467293,44.37424,44.626755,44.03951,44.248146,44.649055,44.247677,44.609554,44.659054,44.68614
47.64906,47.35219,47.657967,47.595165,47.54055,47.40064,47.079586,47.38403,47.59972,47.2736,47.5065,47.51166,47.61132,47.676727,47.48508,47.64417,47.49608,47.77473,47.952576,47.57598,47.514282,47.414936,47.510094,47.852745,47.471447,47.51541,48.127934,47.541748,48.10801,47.561413,47.92642
46.249737,46.86852,46.65281,46.341972,46.4505,46.50047,46.964355,46.424675,47.05385,46.883934,46.986614,46.866062,46.583378,46.542484,46.608112,46.896065,47.23585,46.91768,46.78836,47.024265,46.98071,47.154034,47.265297,47.411118,47.17265,47.07952,47.0973,46.954845,47.24422,46.935646,47.01059
43.37542,43.123775,43.45392,43.34085,43.261078,43.79242,43.37383,43.88185,43.469448,43.327576,43.42084,43.79221,43.539745,44.01221,42.893646,43.64748,43.60913,43.619057,43.52253,43.11315,43.02915,43.293526,43.513744,43.40806,43.65174,44.094414,43.664562,43.880653,43.262085,43.60372,43.28249
49.517414,49.22314,49.24373,49.13855,49.33628,49.36579,49.086163,49.32365,49.48822,49.270954,49.443115,49.2736,49.139576,49.272697,49.08482,49.279537,49.358227,49.526047,49.442898,49.45353,49.549206,49.810696,49.092663,49.498924,49.16825,49.714867,49.68555,49.511852,50.03196,49.542976,49.31558
49.167484,49.227573,49.353104,49.599644,49.28514,49.43691,49.481907,49.58513,49.61511,49.4121,49.39503,49.4063,49.455296,49.390255,49.875515,49.689,49.674255,49.89026,49.699383,49.748993,49.94734,49.53849,49.727104,49.791153,49.928204,49.449028,49.937744,49.82558,49.787167,49.750168,49.843105
43.223404,43.588028,43.302345,42.92573,43.3134,43.29577,43.553333,43.222157,43.435547,43.413082,43.51873,43.484463,43.26494,43.22464,43.14984,43.79479,43.60027,43.28287,43.498524,43.494164,43.262054,43.52438,43.58066,43.816597,43.304993,43.767586,43.417797,43.73927,43.93698,43.50976,43.525196
57.029804,56.804813,56.920723,56.818512,57.023216,56.98462,57.225853,56.88917,56.821907,57.244034,57.425476,57.04876,56.937046,56.6684,57.44997,56.87678,57.199917,57.122204,57.379513,57.53508,57.265247,57.389267,57.27215,57.255707,57.263596,57.424347,57.228054,57.376644,57.664055,57.30755,57.525017
59.19268,58.93077,58.5766,59.326176,59.39538,58.897533,59.39208,58.917824,58.690723,59.39101,59.049004,59.116795,59.41397,58.62518,59.163826,59.192543,59.101753,59.360184,59.441578,59.72689,59.686165,59.177284,59.508675,59.263443,59.349045,58.800133,59.303898,59.230335,59.462612,59.188114,59.428272
52.967968,53.064785,52.58203,52.913406,52.770805,53.111904,53.01924,53.19618,53.265476,53.188797,52.82995,53.200077,52.969906,52.895927,53.11751,52.99434,53.32842,53.33786,52.918278,53.209446,53.65561,53.44619,53.302277,53.153458,53.43281,53.020973,53.092014,53.502937,53.625935,53.69252,52.82493
32.64692,32.543472,32.34256,32.225124,32.592293,32.786476,32.66774,32.692074,32.990562,32.8684,33.33711,32.84158,32.55394,32.611374,32.928146,32.88648,32.89889,32.988327,32.97404,32.850754,32.856308,33.05555,32.66633,33.265244,32.83424,33.117943,32.981205,32.99666,33.504414,33.06004,33.138023
37.75591,37.528736,37.534782,37.378845,37.697243,37.40305,37.275406,37.29169,37.398624,37.583103,37.386753,37.77403,37.533348,37.784916,37.337902,37.521255,37.482185,37.762093,37.563152,37.595676,37.79675,37.98771,37.43947,37.438927,37.15674,37.696815,37.936134,37.62064,37.987347,37.762074,37.64571
45.934612,46.07585,45.84217,46.05229,46.165115,45.658535,46.00718,45.911312,46.250023,46.42033,46.184444,46.37215,46.16781,46.607998,46.42503,46.56109,46.696632,46.264095,46.43249,46.379807,46.447826,46.22258,46.697464,46.5234,46.420197,46.285522,46.581696,46.652744,46.375053,46.89658,46.73253
48.14453,48.572742,48.235107,47.838024,48.409637,47.625507,48.037994,47.5405,48.21705,48.273373,48.410385,48.235847,48.22014,48.195873,48.269608,48.38775,48.50615,47.86484,48.418064,48.80345,48.244415,48.492306,48.58889,48.7135,48.14157,48.72682,48.47002,48.342426,48.839985,48.631786,48.92491
51.089596,50.472675,51.161858,50.810093,51.04426,50.931496,51.254547,50.698338,50.7813,51.04625,51.66598,51.22282,50.75971,50.96297,50.5909,51.327698,51.150555,51.094654,51.333378,51.093098,50.972183,51.26999,51.131508,51.16153,50.710785,51.51835,51.48942,51.155785,51.61374,51.011513,51.18678
41.941265,41.54502,41.82978,41.674057,41.907303,41.829796,41.72348,41.6859,41.721542,41.666397,42.021614,41.866474,41.840607,41.729286,41.897385,41.99208,41.81606,42.07991,42.01816,42.132175,42.031063,42.065872,41.68779,41.95983,41.63024,42.078926,42.26102,41.902058,42.34874,41.876663,42.151524
50.5049,49.908016,50.926445,50.64647,50.33603,51.15227,51.227005,51.264996,50.60679,50.734802,50.94947,51.142666,50.78291,51.24618,51.199608,51.009274,51.180523,51.355698,51.04186,50.324238,50.948433,51.257526,51.381554,51.058052,51.52618,51.021263,51.42467,51.260582,50.70757,51.260387,51.222847
51.576866,51.394386,51.599266,51.762856,51.414917,51.458477,51.30357,51.754395,51.409187,51.32141,51.22005,51.58004,51.754063,52.04998,51.383835,51.831123,51.626747,51.645336,51.63199,51.52833,51.510315,51.56733,51.628445,51.427216,51.66556,51.823425,51.74775,52.04422,51.456085,51.837425,51.64776
44.26489,44.067707,44.37867,44.250538,44.21746,44.09117,44.15062,44.074017,44.017803,44.00182,44.164005,44.690414,44.255093,44.380722,44.08082,44.190147,44.36999,44.21978,44.137966,44.47424,44.326187,44.4081,44.62711,44.117493,44.34649,44.613525,44.65184,44.240982,44.359406,44.647152,44.440395
47.528416,47.437664,46.84069,47.270596,47.3049,47.115055,47.13419,47.44099,47.42389,47.295536,47.350872,47.630383,47.291645,47.153057,47.305252,47.34296,47.479374,47.336674,47.467987,47.635418,47.499275,47.365166,47.82585,47.49388,47.696335,47.434525,47.24813,47.529205,47.563087,47.986256,47.379925
35.760014,36.068474,35.564148,35.806805,35.67337,35.52417,35.968872,35.752018,35.861694,35.839195,35.926,35.834724,35.699974,35.48459,35.78298,36.183933,36.19436,36.012653,35.931927,36.182148,36.05001,36.093338,36.02506,36.126106,35.868782,35.734337,35.936626,36.18548,36.411457,35.934433,35.966618
43.942127,44.168625,43.54944,43.89901,43.96187,43.880035,43.860725,43.98692,43.97178,44.045315,43.803036,44.0369,44.279774,44.10416,44.26726,44.1766,44.16797,44.194157,44.314346,44.434055,43.981625,43.802494,44.05626,44.39418,44.546017,44.257294,44.257236,44.352226,44.480415,44.217304,44.82862
46.437653,46.367462,46.17813,46.659588,46.463226,46.289513,46.544342,46.529224,46.71756,46.60351,46.75109,46.905724,46.42467,46.683754,46.636547,46.89823,46.727364,46.652927,46.522057,46.948345,47.090996,46.78186,46.94343,46.722557,46.98287,47.01358,46.88335,46.93732,46.868603,47.39226,46.89809
47.130733,47.0345,47.24279,47.025494,47.22455,47.18408,47.12202,46.950718,47.25449,47.450104,47.425835,47.41688,47.2988,47.20535,47.622173,47.071815,47.430313,47.59734,47.592205,47.488598,47.58415,47.41626,47.59979,47.496162,47.387913,47.218323,47.65663,47.36407,47.769974,47.4989,47.609875
51.723072,51.439533,51.442635,51.60774,51.653168,51.437893,51.616707,51.95035,51.803986,51.82839,51.609318,51.78003,51.405315,51.838997,52.03715,51.76937,52.10764,52.113377,51.98582,51.754322,52.152096,52.263897,52.04066,51.96589,51.94626,51.76242,52.17498,52.18186,51.7553,52.317894,51.915157
49.186127,49.265537,49.2546,49.30382,49.044815,49.3772,49.283817,49.587368,49.642612,49.708492,49.65525,50.01666,49.377636,49.59994,49.50731,49.026382,49.647717,49.71824,49.680088,49.41148,49.359673,49.410076,50.090405,49.69837,50.17582,49.8003,49.617554,49.81525,49.402878,49.90046,49.55698
55.593052,55.716457,55.66355,55.332455,56.01387,55.299408,55.40323,55.003456,55.495625,55.772205,56.138367,55.33542,55.747795,55.13823,55.950714,55.246964,55.595337,55.05205,56.0695,56.03542,55.714314,55.93952,56.170284,56.25437,55.518738,55.70385,55.710335,55.455353,56.43395,56.07776,56.225025
45.556835,45.886314,45.68161,45.34787,45.87178,45.71863,45.928406,45.632725,45.77415,46.063107,46.05676,45.532364,45.846172,45.5586,46.02247,46.17582,45.84588,45.647297,46.14498,45.72741,45.866215,46.09991,45.9923,46.432747,45.50336,45.74311,45.699,46.289898,46.416813,45.971848,46.01634
51.71504,51.766907,51.890106,52.59984,51.940132,52.082294,52.78235,52.50229,52.27096,52.644955,53.209515,51.91578,52.007607,51.632088,53.01257,52.688297,52.570507,52.41579,52.73067,52.88366,52.61971,52.386078,52.330494,52.82624,52.674053,52.565613,52.436386,53.32269,52.885273,52.426834,52.841785
37.760834,38.126595,38.153595,37.857323,38.06778,38.09389,38.032158,37.94855,37.82026,37.917004,37.762924,37.682865,38.229805,38.11239,37.963135,38.309708,37.954422,38.046898,38.06267,38.111713,37.97166,38.226063,37.71573,38.171303,37.77712,38.306877,38.21766,38.362507,38.328903,37.791336,38.342983
46.319027,46.433613,46.010155,46.421368,46.310005,46.34442,46.672756,46.591637,46.558815,46.73219,46.947598,46.570347,46.33864,46.34291,46.93613,46.62462,46.632137,46.54278,46.74978,46.938988,46.79641,46.7297,46.941994,46.780037,47.220654,47.019493,46.412373,47.015606,46.855732,47.190464,47.09061
38.94444,38.97154,38.59249,38.89418,38.713768,38.887623,39.031178,39.20802,38.627872,38.82137,38.82373,38.877758,38.94476,39.093777,39.25874,39.215855,38.686466,38.933468,38.91182,39.12981,39.024258,39.351494,38.793144,38.875694,39.35896,39.57052,38.79123,39.531586,39.139317,39.39215,39.624847
46.70279,46.992508,46.871414,46.9853,46.87059,47.051025,47.02762,47.00931,47.15854,47.24525,47.1067,46.990788,47.074856,46.99074,47.120293,46.81278,47.070488,47.304146,47.148884,47.248547,47.342304,47.389584,47.172707,47.356964,47.50622,47.351685,47.351837,47.308216,47.433342,47.215923,47.37361
36.87953,37.2564,37.357986,36.84727,36.963432,37.1069,36.97188,36.98222,37.48683,37.122974,37.15439,37.47759,37.196613,37.76653,37.34957,37.29436,37.556297,37.394638,37.168015,37.279697,37.391273,37.543022,37.611713,37.447037,37.63741,37.758514,37.65153,37.3745,37.43928,37.81079,37.699024
40.525166,41.027943,41.201843,40.40956,40.629974,40.92765,41.209793,40.766464,41.34674,41.02939,41.737698,41.400402,40.53134,40.806377,41.21279,41.007656,41.478577,40.848885,41.045727,41.347427,40.964794,41.274937,41.750813,41.40616,41.49822,41.945107,41.066006,41.265446,41.397938,41.612106,41.30784
51.78821,51.605854,51.75054,50.884754,51.90857,51.58455,51.644085,51.351795,51.511974,51.539772,51.89534,51.630795,51.461987,51.39165,51.771824,51.755997,51.95152,51.27779,51.87495,51.77146,51.652317,52.04279,52.199554,51.870758,51.285046,51.90825,51.525352,51.664593,52.01948,52.21275,51.67027
44.586475,44.87781,44.49665,44.608265,45.02913,44.59133,44.864487,44.610508,44.93242,45.33968,44.761898,44.969105,44.93997,44.87413,45.49142,44.778183,44.92072,45.292797,45.10367,45.250797,45.715256,45.381126,45.460934,45.181854,45.27671,44.806915,45.12384,45.0527,44.916023,45.448673,45.390648
41.058426,41.54776,41.466537,41.10481,41.1111,41.700626,41.531837,41.565643,41.902245,41.55,41.492207,41.7594,41.4953,41.644413,41.79875,41.437878,41.96655,41.96672,41.44458,41.826748,41.79539,41.831398,41.770653,41.855988,42.225334,42.114586,41.901997,41.865322,41.83959,41.86849,41.856148
47.07952,47.066513,47.025986,47.001553,47.029503,46.958282,46.604736,47.055,47.396687,47.100044,47.226933,47.318592,47.232685,47.55733,47.11389,47.058712,47.324398,47.109676,47.310036,47.117264,47.099712,47.21208,47.400524,47.506943,47.395744,47.480125,47.492382,47.356544,47.495052,47.764828,47.463547
41.951878,41.99304,42.083054,41.909504,41.867012,41.783882,41.604263,41.70114,42.002163,41.74872,42.039165,41.81974,41.856102,42.035477,41.52746,41.88065,41.909065,41.995625,42.03051,42.140423,41.871746,42.17663,41.739185,42.00193,41.834793,42.431534,42.273537,41.987938,42.4588,41.896446,42.134445
57.410477,56.97657,57.31047,57.252987,57.573013,57.835342,57.524815,57.711487,57.444897,57.33504,57.745617,56.993187,57.590046,57.151783,57.607323,57.65099,57.554565,57.582172,57.967583,57.514282,57.51631,57.473503,57.54328,57.905083,57.58571,57.522408,57.60419,57.64418,57.847267,57.511368,57.610413
47.93469,48.640366,48.39055,48.49595,48.450096,48.61127,48.283546,48.324024,48.650677,48.77347,48.32384,48.237484,49.009583,48.648163,48.833916,48.039127,48.502712,48.4626,48.318214,48.76619,49.04914,49.04766,48.64063,48.89176,49.001217,48.739555,48.78108,48.773266,49.00822,48.998585,48.937756
45.849625,46.155952,45.903954,45.87006,45.997177,45.818443,46.04782,45.86067,46.201714,45.75861,45.987926,45.824036,46.008385,46.00202,46.608154,46.47085,46.1701,45.987038,46.003494,46.52391,46.72748,46.66639,46.39004,46.526237,46.542694,46.399338,46.35204,46.19159,46.66899,46.892292,46.89405
47.11067,46.642666,46.880096,46.929848,47.29254,47.23672,47.098293,47.079304,47.105396,47.217346,47.472878,47.411148,47.403324,47.254337,47.23249,47.328007,47.140663,47.391376,47.57603,47.206173,47.20882,47.07164,47.376522,47.70665,47.38508,47.3556,47.724964,47.181023,47.527008,47.383804,47.751217
41.285797,41.12095,40.894806,40.79855,41.465004,40.95121,41.23459,40.886032,40.955303,41.31758,41.161083,41.412697,41.138134,40.992443,41.036522,41.36383,41.146515,41.308723,41.239807,41.44254,41.461292,41.610283,41.1444,41.42124,40.776337,41.35031,41.553036,41.273018,41.604336,41.285713,41.414883
41.583385,41.944344,41.735626,41.459644,41.570168,41.873116,41.610638,41.8226,41.690758,41.639053,41.805332,41.574383,41.93728,41.6002,41.49565,41.497124,41.846153,41.458805,41.725967,41.66664,41.36929,41.984985,41.841064,42.006516,41.793186,42.006783,41.539413,41.983093,42.06916,41.8111,41.67329
42.09771,42.262146,42.343163,42.353626,42.364,42.401314,42.446976,42.4721,42.131676,42.21096,42.046276,42.285744,42.539516,42.412228,42.24589,42.36562,42.088608,42.416363,42.1762,42.38735,42.5601,42.915184,42.27634,42.56314,42.508263,42.750763,42.752083,42.52155,42.362465,42.418224,42.714073
47.262394,47.298107,47.340477,47.08439,47.34178,47.422565,47.167065,47.431797,47.37682,47.50721,47.053284,47.42615,47.40545,47.615658,47.4532,47.301983,47.246563,47.659107,47.47169,47.210663,47.56398,47.775032,47.258137,47.563553,47.284298,47.576256,47.702133,47.766968,47.602516,47.546616,47.501175
41.753555,41.392838,41.459496,41.91372,42.209152,41.74606,42.03978,41.696163,41.19312,42.054436,41.811962,42.41538,42.38953,42.08389,41.818634,41.933403,41.909286,41.836773,41.895206,42.228027,41.895607,41.679253,42.22476,41.826057,42.025574,42.136772,42.31164,41.96984,41.604736,42.122272,42.453495
38.32834,38.738705,37.942513,38.112686,38.356125,38.077095,38.499035,38.31275,38.269928,38.74336,38.317295,38.421074,38.474422,38.52189,38.771667,38.667755,38.413162,38.42094,38.42522,38.594616,38.7626,39.137638,38.479374,38.7592,38.563736,38.67459,38.36772,39.042004,38.909756,38.97007,39.056072
52.41191,52.529827,52.40518,52.40785,52.56402,52.576904,52.25467,52.58621,52.874672,52.449455,52.393337,52.61934,52.549015,52.835384,52.616646,52.71574,52.525543,52.5982,52.57999,52.791847,52.922646,52.644344,52.792324,52.717262,52.952694,53.150345,52.759155,52.79826,52.73623,53.272507,52.79738
47.61526,47.675858,47.787445,47.81546,47.9467,47.758324,47.907883,47.911213,47.990036,47.93373,48.167473,47.99459,47.781906,47.72388,48.13856,48.290367,48.114582,47.7795,48.26632,47.99969,47.936436,47.60649,48.414318,48.355667,47.931587,47.93035,48.080456,48.290546,48.138752,48.33246,48.08373
43.432198,43.20561,43.07831,43.27666,43.26091,43.228653,43.161427,43.528667,43.26268,43.092876,43.20156,43.220238,43.398983,43.5983,43.33428,43.73374,43.464745,43.493797,43.647167,43.28739,43.258335,43.373154,43.42363,43.564102,43.575157,43.45021,43.53644,43.620728,43.506794,43.62264,43.772366
46.719967,47.01777,47.386566,46.816708,47.121986,47.12516,47.473297,46.73835,46.924473,47.476685,47.177902,47.473015,47.556965,47.535145,47.73338,47.356567,47.433372,47.459896,47.320107,47.477512,47.569683,47.541645,47.776264,47.423416,47.536564,47.494965,47.58588,47.515514,47.32267,47.481976,47.946175
44.067337,43.984173,43.47045,43.891163,44.13704,43.630295,43.754368,43.72328,43.69626,44.107533,43.6776,43.742565,44.125664,44.004154,43.923542,43.957664,43.768585,44.198822,44.156105,44.169598,44.319183,44.382267,43.808033,44.11164,43.95311,43.884712,44.220013,44.05454,44.342663,44.05885,44.474876
56.746914,55.778183,56.2424,56.38519,56.39154,56.58723,56.349407,56.592476,56.300655,56.146603,56.21033,56.46449,56.235855,56.777683,56.17818,56.722836,56.31339,56.940285,56.556576,56.29804,56.957626,56.827682,56.43105,56.12439,56.58952,56.66796,56.836163,56.47729,56.613937,56.887802,56.44767
54.83975,54.896484,54.588425,54.500153,54.690033,54.781124,55.055393,54.83452,55.1134,54.99803,55.17566,54.636703,54.516514,54.576622,55.188232,55.204563,55.039417,54.9825,55.076847,55.039696,55.41986,55.695553,54.94884,55.505424,55.079388,55.17492,55.053955,55.378567,55.99343,55.471638,55.291374
41.129013,40.939415,40.659554,40.783375,40.699806,40.939102,40.643448,40.957294,41.113297,40.83736,41.20385,40.89961,40.82075,41.012463,40.497665,40.820045,40.94419,41.166725,41.149345,40.945217,40.841743,41.22409,40.833115,41.111664,41.240955,41.35206,41.064835,40.988888,41.58007,41.08825,41.11777
48.22118,48.33747,48.207314,48.422447,48.368553,48.358585,48.28794,48.409073,48.407757,48.432076,48.370888,48.53114,48.764793,48.357418,48.49625,48.40243,48.71362,48.395187,48.485046,48.55735,48.583397,48.410347,48.93359,48.722862,48.65203,48.218628,48.541473,48.654846,48.615757,48.837303,48.443275
56.190395,55.85192,56.222115,56.013504,56.20041,56.734074,56.0061,56.201283,56.272583,56.39213,55.909653,56.46162,56.592148,56.53743,56.11378,55.650547,55.919365,56.86046,56.17577,56.153744,56.8047,56.799904,56.118008,56.260902,56.540077,56.51998,56.847115,56.1735,56.65063,56.384373,56.27815
45.734577,46.068573,45.447075,46.068523,45.766655,45.58918,46.45647,45.821568,45.580173,46.559593,46.20948,45.95734,46.067577,45.544884,46.60271,46.07608,45.976887,46.290783,46.29441,46.603176,46.42205,46.38168,46.156635,46.26954,46.4454,45.997192,45.94759,46.720467,46.55111,46.021057,46.791286
48.33049,47.91223,47.80005,48.09839,48.04178,48.043926,48.018936,48.182903,48.18886,48.211887,48.42723,48.40678,47.828445,48.05089,48.141685,48.105648,47.99305,48.402782,48.489277,48.2898,48.40659,48.183605,48.532734,48.06095,48.510597,48.38916,48.111835,48.27781,48.41603,48.659756,48.245083
41.92074,42.05553,42.21885,41.67868,42.03504,41.992798,42.069653,41.739914,42.596928,42.27549,42.223347,42.443317,42.07853,42.42679,42.837353,42.4737,42.424137,42.88443,42.47706,42.34469,43.01777,42.71766,42.72358,42.79532,42.57582,42.162666,42.913296,42.196125,42.799465,42.765053,42.9095
49.347343,49.246685,49.053017,49.42809,49.6392,49.393616,48.918926,49.306908,49.524734,49.40591,49.197617,49.545204,49.76558,49.506283,49.248764,48.883347,49.257324,49.487907,49.402218,49.587994,49.74096,49.631775,49.547466,49.82666,49.7911,49.573654,50.07267,49.137688,49.710754,49.854702,49.781963
54.15926,53.65976,53.61431,53.549313,53.77118,54.014973,53.975826,54.183693,53.77501,53.88696,53.939697,54.365913,53.79494,54.029144,54.14456,53.99345,54.07734,54.04131,54.055588,54.00353,54.02308,54.175793,54.336052,53.878136,54.33916,54.417114,53.88342,54.337444,54.063427,54.68414,54.11127
44.117664,44.57867,44.561127,44.752323,44.355286,44.89679,44.555695,44.94294,45.092255,44.84854,44.515972,44.823963,44.958553,45.349865,44.967575,44.751675,44.76352,45.155834,44.68013,44.769264,45.09748,44.874302,44.87469,44.99762,45.629654,45.327545,45.154667,45.24266,44.71574,45.226234,45.225067
51.688824,51.169178,51.552467,50.723713,51.555893,51.893,51.453632,51.492664,51.58312,51.227646,51.373497,51.70181,51.492073,51.505127,51.256382,51.615055,51.65499,51.858574,51.616474,51.273853,51.629208,51.950974,51.58231,51.881264,51.349636,51.691437,51.994667,51.336548,52.001873,51.652744,51.424957
50.757027,51.08389,51.51323,51.347874,50.846237,51.708885,51.2534,51.6411,51.66812,51.306896,51.361504,51.10695,51.367706,51.429226,51.467106,51.296036,51.45177,51.61141,51.39183,51.17331,51.482388,51.43572,51.370964,51.582314,51.72446,51.58338,51.525375,51.923218,51.64412,51.460762,51.204914
47.881416,47.968975,48.450325,48.30671,48.12506,48.62871,48.55316,48.790356,48.686005,48.393795,48.557495,48.25123,48.380657,48.736984,48.936264,48.90286,48.709267,48.755173,48.624027,48.34192,48.791164,48.670696,48.75813,48.772972,48.932137,48.779533,48.696617,49.08585,48.34891,48.946278,48.709568
39.812477,39.893417,39.52385,40.00048,39.719604,39.76963,39.934196,40.056274,39.918358,39.83719,39.939526,40.176617,40.02386,40.017784,39.77241,40.415474,40.080357,39.968555,39.845367,40.18449,39.96174,39.895737,39.919033,40.12909,40.14029,40.30432,40.1011,40.47481,40.247257,40.255684,40.190216
37.14906,37.164448,37.011856,37.363537,36.808342,36.758137,37.287926,36.967743,37.081276,37.248558,37.710297,37.687237,36.954266,37.1556,37.169563,37.36882,37.53388,37.335693,37.43945,37.719673,37.07487,37.00468,37.608383,37.175682,37.684868,37.654716,37.366756,37.56857,37.68992,37.455032,37.742363
44.670094,45.073063,45.09008,45.17343,44.89656,44.72985,44.48188,44.88942,45.160057,44.77894,44.54817,45.09993,45.100075,45.20833,44.731754,44.71005,45.076527,44.999382,44.844666,45.101124,45.130733,44.970238,45.359528,45.017883,45.20165,45.066032,45.353542,44.99873,44.810165,45.301502,44.90479
51.688713,51.546932,51.93225,52.1209,51.57476,51.8416,51.8048,51.89222,51.785667,51.907265,51.973984,52.141552,51.98422,51.87866,51.954887,51.67881,51.76494,52.191593,52.068733,51.980843,52.06276,51.864925,52.258114,51.881073,52.29076,51.945747,52.123394,52.136665,51.989475,52.01692,51.99662
39.862904,39.809048,39.951416,39.57389,39.90954,39.958076,39.789276,39.92081,39.94721,39.43205,39.744007,39.46018,39.743908,39.91685,39.58235,40.497677,40.065643,39.960194,39.987774,39.831844,39.83218,40.11837,39.517464,40.175568,39.501064,40.13144,40.24958,40.059288,40.413567,39.807083,40.00573
42.169296,42.68415,42.307022,42.307476,42.2241,42.20394,42.239815,42.24893,42.352566,42.330418,42.07026,42.25729,42.49921,42.503372,42.404705,42.260452,42.28373,42.436558,42.34395,42.56877,42.590584,42.803265,42.578644,42.51346,42.81596,42.672615,42.45277,42.53295,42.599846,42.65079,42.827305
37.987217,38.109554,38.36296,38.068703,37.69007,38.033653,37.80684,38.05057,38.359665,37.736088,38.232265,38.518436,38.035645,38.328316,38.198177,38.022396,38.28971,38.24342,38.04681,38.283432,38.166996,38.279865,38.54001,38.216507,38.620293,38.59185,38.44929,38.17034,38.430004,38.64465,38.419834
53.550808,52.873096,52.87245,53.22603,53.238564,53.50276,53.60653,53.443836,53.252502,53.255104,53.58016,53.44707,53.252113,53.17322,53.140434,53.816498,53.488052,53.759834,53.58162,53.589912,53.66703,53.476353,53.35452,53.472427,53.634026,53.598503,53.63047,53.56676,54.020573,53.557526,53.551773
50.4245,50.87256,50.61236,50.61404,50.742844,50.560757,50.770645,50.488667,50.911144,51.129784,50.81286,50.68995,50.8038,50.86745,50.871517,50.78729,51.10325,50.953583,51.013206,51.103256,51.142334,51.001926,51.22457,51.043976,51.13724,50.98297,50.95041,51.11456,51.08784,51.11348,51.08034
50.347633,49.95346,49.89914,50.487064,50.19172,50.443478,49.966457,50.548317,50.281055,49.973885,49.90693,50.234173,50.5136,50.376015,50.39913,50.36785,50.416462,50.609394,50.34581,50.514587,50.652306,50.095203,50.34545,50.16397,50.69266,50.166092,50.533974,50.45208,50.50164,50.72117,50.36095
55.325157,54.845448,55.13816,55.264355,55.298912,55.25335,54.63701,55.19306,55.331367,54.843582,55.195747,54.993626,55.371918,55.46494,55.0978,54.920883,55.05198,55.192238,55.33842,55.239056,55.46621,55.536373,55.31776,55.428482,55.567398,55.52926,55.70584,54.949562,55.55827,55.80651,55.579643
57.63581,57.091312,57.38353,57.572342,57.4758,57.883587,57.400143,57.722897,57.576603,57.69317,57.787163,57.890827,57.63884,57.72104,57.58607,57.243195,57.232315,57.78472,57.63372,57.70448,57.880955,57.80588,57.53435,57.506798,57.9527,58.26525,57.840923,57.859283,57.986492,58.083084,57.725876
43.43721,43.61237,43.126137,43.630386,43.16098,42.90252,43.42318,43.33778,43.485615,43.669212,43.92109,43.82995,43.16453,43.381462,43.719555,43.457985,43.51751,43.498302,43.671413,44.104527,43.672417,43.576736,44.012592,43.404,44.107563,44.059113,43.287277,43.96061,43.671543,44.121635,43.967182
47.67444,47.875328,47.823486,47.96921,47.856194,47.908684,47.731693,47.893997,47.99421,47.823086,47.740177,47.694565,48.16385,47.92411,48.252438,47.720757,48.114864,48.16914,48.038754,48.302208,48.382816,48.14963,48.350376,48.046036,48.515335,47.927536,48.12768,47.957256,47.994934,48.298607,48.25627
49.890007,49.60205,49.887543,49.414543,50.06423,49.697933,49.656853,49.19707,49.72403,49.65725,50.27432,49.898365,49.643463,49.297855,49.47626,49.670097,49.833557,49.58156,50.025757,50.218147,49.778988,49.79158,49.97477,50.056213,49.422264,50.11609,50.156765,49.438366,50.62368,49.845016,49.932
48.181694,48.802563,48.460236,48.431477,48.95404,48.63569,48.928005,48.66929,49.07015,49.225872,48.93112,48.55027,48.575207,48.60184,49.101273,49.239002,48.972324,48.736313,49.05022,49.043854,49.18494,48.834217,49.021915,49.37967,48.760536,49.067436,48.903175,49.419384,49.10484,49.18572,49.02436
57.79633,57.594536,57.76686,57.81468,58.20788,57.893856,58.01969,57.84203,57.90312,58.161854,58.169086,58.029953,58.00979,57.781837,58.259537,58.06135,58.077404,58.034187,58.335552,58.35359,58.299408,57.948776,58.38637,58.302597,58.10525,58.17566,58.296474,58.199047,58.156666,58.34137,58.30609
55.262573,56.004086,55.806984,55.93577,55.702423,55.845104,56.134144,55.959335,56.178684,56.049126,55.973732,55.582382,55.98293,55.726498,56.581608,56.135963,56.23301,55.9777,56.045677,56.50519,56.4585,56.18718,56.35556,56.475235,56.68976,56.314148,56.084007,56.551907,56.26453,56.413654,56.525482
56.118828,55.730766,55.982246,56.095406,56.06623,56.27669,56.15725,56.36464,56.06069,56.21208,56.390198,56.2089,56.106617,56.069492,56.17678,56.14962,56.172867,56.15861,56.305466,56.1783,56.241306,56.34708,56.218166,56.282227,56.21372,56.499924,56.293087,56.636288,56.4863,56.51978,56.146496
49.594135,49.48579,49.761787,49.730373,49.607697,49.66981,49.903767,49.55294,49.59872,49.73828,49.797787,49.863495,50.08467,49.98912,50.061954,50.00901,50.098225,50.143116,50.07591,49.980423,50.02889,49.996094,50.200855,50.197174,50.315407,49.79892,50.392597,49.924103,50.235535,49.98309,50.59441
44.813675,44.942562,44.792915,44.36587,44.513954,44.616486,44.665268,44.63945,44.835842,44.606293,44.56898,44.92501,44.459126,44.951275,44.324715,44.949394,44.687275,44.960484,44.726357,44.75264,44.782894,45.207397,44.72974,44.768745,44.793633,45.380547,44.877113,44.982445,45.089085,44.899338,44.83419
40.228146,40.902477,40.328583,40.24635,40.476105,40.39564,40.446354,40.541607,40.791267,40.654453,40.21084,40.551533,40.46318,40.500423,40.62916,40.733093,40.786858,40.63804,40.55013,40.67645,40.81213,40.681595,40.879333,40.799614,40.64664,40.569176,40.496708,40.959633,40.68773,40.922703,40.484894
49.578583,49.585342,49.825768,49.592278,49.898567,49.901684,49.67487,49.88001,49.893456,49.68355,49.423824,49.480568,49.91566,50.113087,49.87929,50.01236,49.86383,50.17175,50.10243,49.64063,50.100357,50.097023,49.966934,50.186813,50.02367,49.833435,50.323223,49.878677,49.828598,49.96071,50.15901
47.878,48.641727,48.430527,48.255898,48.275772,48.57649,48.19272,48.528263,48.504543,48.4764,48.035645,48.330643,48.742226,48.619225,48.301888,48.093903,48.533604,48.086685,48.09908,48.393486,48.341267,48.61646,48.54141,48.597923,48.62459,48.872597,48.39374,48.903954,48.45238,48.789513,48.305714
53.406574,53.41163,53.584724,53.340107,53.404922,53.640198,53.281353,53.549835,53.724525,53.505627,53.70239,53.3918,53.585896,53.685448,53.673595,53.58766,53.485943,53.57875,53.875458,53.50552,53.55066,53.60623,53.687115,53.876274,53.767365,53.894142,53.64667,53.859432,53.991016,53.875088,53.811897
47.643593,47.349773,47.657837,47.992344,47.81922,47.85998,47.849445,48.03265,47.98805,47.965183,48.057518,47.891193,47.936737,48.21414,48.441708,48.188057,47.920742,48.38814,48.244644,48.114635,48.43614,48.06914,48.105824,48.169846,48.4724,48.208954,48.444607,48.2805,47.963783,48.40565,48.61377
51.15469,51.26696,50.95597,51.279087,51.25991,51.394028,51.478428,51.573105,51.49791,51.72568,51.593353,51.446968,51.19606,51.239742,51.71076,51.4816,51.669147,51.462753,51.483982,51.792423,51.70775,51.518517,51.468594,51.4993,51.64187,51.87005,51.38635,52.19016,51.808945,51.946045,51.484135
53.439716,53.85023,53.654808,53.59222,53.86223,53.830864,53.95199,53.62804,53.992725,54.302483,54.358917,53.657238,54.06585,53.62093,54.05453,53.85742,53.882442,53.761574,54.210346,54.064335,54.008442,54.114265,54.10495,54.645645,54.079384,54.139626,53.96626,54.284843,54.56857,54.055706,54.31096
44.1285,44.74202,44.418365,44.532173,44.223297,44.822975,44.689,44.995857,44.594185,44.60805,44.280727,44.287712,44.7725,44.70223,44.611755,44.589684,44.277916,44.5555,44.344864,44.37359,44.669132,45.244347,44.279953,44.988625,45.015945,45.121933,44.624466,45.272907,44.923363,44.76967,44.91211
42.875538,43.099186,43.54985,43.219467,42.945717,43.290314,43.46219,43.366634,43.595215,43.554153,43.713196,43.854836,43.21915,43.924534,43.69622,43.36419,43.809486,43.722527,43.545708,43.45338,43.547947,43.635593,44.18861,43.53608,44.249924,44.095833,43.76691,43.795586,43.20793,44.036823,43.881634
49.2776,49.321957,49.128212,48.881073,49.680176,49.54202,48.811974,49.420483,50.07892,49.172256,49.002132,48.87216,49.298096,49.567528,49.29429,49.587322,49.53098,49.758682,49.741203,49.212166,49.9072,49.554863,49.559303,49.987976,49.50723,49.254776,49.83575,49.11887,49.635914,49.85245,49.37407
49.000282,48.82593,49.37857,48.827915,49.44554,49.291645,49.541893,48.90748,49.25699,49.416122,49.885822,49.384323,48.99696,48.855404,49.04662,49.61719,49.391815,49.22946,49.518433,49.40267,49.398678,49.33525,49.50903,49.625893,48.744904,49.557327,49.574375,49.411,49.772503,49.263012,49.130516
38.242115,38.75743,38.192085,38.14709,38.29116,38.46522,38.246,38.347992,38.6663,38.179947,38.107567,38.072365,38.420315,38.22996,38.140934,38.410736,38.43379,38.48205,38.217915,38.50003,38.70771,38.97863,38.24866,38.83689,38.583652,38.5503,38.634354,38.38726,39.17094,38.57293,38.56308
41.20543,41.17008,41.91263,41.469,40.81247,41.652946,41.58272,41.758633,41.46252,41.238243,41.67198,41.64059,41.355194,42.098557,41.36671,41.633923,41.35059,41.82996,41.529903,41.150566,41.256405,41.975555,41.464043,41.517586,42.060333,42.42907,41.833286,41.988464,41.548786,41.553204,41.962173
58.254543,58.052204,58.48223,58.50757,58.28131,58.204563,58.51483,58.221813,58.38579,58.700924,58.9064,58.60754,58.488934,58.322334,58.526833,58.54988,58.627186,58.66165,58.91358,58.5614,58.575314,58.489544,58.87606,58.888084,58.52408,58.39518,58.84206,58.855785,58.93116,58.516773,58.67099
48.093594,48.049454,47.87529,47.970337,48.034546,48.095974,48.38505,48.02607,47.89073,48.376205,48.20248,48.304047,48.10032,47.962856,48.11492,48.32912,48.177483,48.35251,48.320107,48.345158,48.32891,48.255817,48.297268,48.140106,48.191402,48.26265,48.12649,48.569126,48.600018,48.229607,48.25696
41.946327,42.075703,42.384377,41.757965,42.322594,42.21242,41.901505,41.973278,42.401653,42.10776,42.465744,42.271805,42.274162,42.147293,42.484478,42.012688,42.4231,42.062126,42.270424,42.39585,42.312866,42.504654,42.510086,42.697784,42.119946,42.546562,42.61566,42.188766,42.548874,42.655376,42.46757
44.960842,45.34072,45.04174,44.905807,45.068077,45.45362,45.244633,45.47496,45.323494,45.20636,44.74869,45.193222,45.489548,45.206768,45.225174,45.296158,45.072033,45.548965,45.1298,45.094746,45.467846,45.70624,45.13374,45.718613,45.43868,45.328896,45.450462,45.571106,45.451756,45.24598,45.330387
45.406246,45.681908,45.626915,45.17027,45.532204,45.664494,45.586555,45.62129,45.925217,45.632557,45.893547,45.829754,45.449226,45.78287,45.539307,45.82204,45.976307,45.396137,45.584515,45.695755,45.646446,45.91579,46.047546,45.91597,45.776283,46.359406,45.64365,46.021236,45.92824,46.355297,45.63045
40.955513,40.87728,40.783966,40.95061,40.601868,41.074585,41.021606,41.34819,40.838234,40.71647,40.4508,40.819378,40.879738,41.214825,40.87513,41.08822,40.892265,41.59248,40.91377,40.941536,41.241795,41.542072,40.736664,40.779945,41.45163,41.292587,41.18865,41.29308,40.943604,40.970463,41.211597
44.435635,43.848957,44.26831,43.783356,44.32345,44.230648,43.942894,44.157684,44.132084,44.000946,44.079403,44.48499,44.271408,44.449028,44.117428,44.159653,44.30292,44.509293,44.43438,43.86284,44.288513,44.682148,44.456326,44.580658,44.061245,44.11602,44.87072,44.0072,44.468002,44.496162,44.40795
46.58327,46.75513,47.08821,46.61096,46.39705,46.837715,46.703056,46.660675,47.01977,46.695625,46.81952,47.03961,46.759914,47.171387,46.74695,46.851746,46.9456,47.15833,46.851788,46.82556,46.97344,47.13001,47.092926,46.938217,47.238197,47.312477,47.176346,47.024563,47.189846,47.08074,47.068077
48.353912,48.238873,48.142334,48.289207,48.062103,48.51201,48.64058,48.505726,48.218502,48.539776,48.484333,48.41812,48.324963,48.37605,48.57783,48.226242,48.38198,48.826042,48.48452,48.651073,48.753292,49.021324,48.46117,48.33931,49.05708,48.899544,48.492947,48.76669,48.815582,48.641125,48.845882
55.48962,55.599224,55.879143,55.774117,55.668938,55.65536,55.678448,55.74165,55.931107,55.64212,56.00591,55.53774,55.814034,55.860325,55.748486,56.078465,56.070423,55.720627,56.052475,56.003498,55.780632,55.769527,56.088806,56.125946,56.00402,56.17782,55.989677,56.15085,55.95601,56.029114,56.00314
45.874153,45.98964,45.608162,46.15803,46.153862,46.006393,46.249485,46.121815,45.758373,46.64278,45.904366,46.01355,46.53929,46.525333,46.417492,46.39279,45.985905,46.35323,46.30517,46.14799,46.460815,46.482185,45.95816,46.375557,46.31149,46.22905,46.36643,46.881382,46.45115,46.35823,46.847267
49.226254,48.700012,49.168976,49.31364,48.9235,48.895805,49.15051,49.026466,48.906857,49.29927,49.494286,49.28814,48.72227,49.248512,48.938957,49.249058,48.73332,49.578773,49.567455,49.16581,49.26613,49.28886,49.06466,48.859886,49.11533,49.567932,49.357136,49.515522,49.391853,49.05317,49.349983
48.777374,48.456738,49.15828,48.93473,48.925285,49.12003,49.40668,49.005775,49.210976,49.495815,49.706013,49.562817,48.973763,49.344482,49.319622,49.21874,49.576477,49.7871,49.514614,49.302708,49.508183,49.380333,49.720062,49.343147,49.582382,49.533974,49.75151,49.455074,49.17271,49.3777,49.43409
37.324207,37.75709,37.370018,37.778107,37.375107,37.414845,37.794136,37.66712,37.5757,37.83714,37.898743,37.56774,37.557053,37.37558,37.835903,37.76089,37.79011,37.57186,37.608765,37.949528,37.863907,37.965763,37.7579,37.79348,37.798355,37.80725,37.546146,38.298916,38.131298,37.95578,37.832886
41.88021,41.859447,41.8683,42.392124,41.524742,41.622036,41.5966,41.775875,42.16123,41.881836,42.168606,42.53337,41.916054,42.428474,41.559143,42.014603,42.09534,42.12479,41.94616,42.15671,42.080677,41.733868,42.433105,41.770935,42.529507,42.340355,42.23418,42.178364,42.26377,42.55609,42.088844
43.433807,43.44944,42.998955,43.60918,43.422768,43.825684,43.808052,44.11272,43.48028,43.779182,43.394257,43.39631,43.649822,43.678352,43.476437,43.927452,43.321922,43.955063,43.559578,43.614414,43.864113,43.940327,43.146717,43.5607,43.856667,44.056564,43.492123,44.36809,43.650024,43.65398,43.665043
41.953747,42.170864,41.702072,41.789726,41.506622,41.74892,41.44492,41.916634,42.131287,41.783142,41.660103,42.11505,41.748657,42.146416,42.008728,41.71948,41.877758,42.16712,41.964256,42.09159,42.009285,41.995842,42.02179,41.835236,42.4708,42.308395,41.91909,42.173275,42.30674,42.41217,42.224052
36.322742,36.155212,36.20215,36.222153,36.68186,36.290474,36.327644,36.030964,36.217667,36.673153,36.460392,36.575848,36.658585,36.562046,36.41773,36.523056,36.373333,36.807953,36.692184,36.61555,36.673153,36.537937,36.33424,36.68985,36.212006,36.442368,37.05801,36.437458,36.816383,36.325443,36.95929
51.27297,51.094006,51.11776,51.20193,51.266365,51.30187,51.041336,51.2184,51.44955,51.198116,51.4072,51.369804,51.23307,51.157795,51.31711,51.168457,51.507088,51.3011,51.404755,51.47639,51.576397,51.371613,51.63498,51.490463,51.49181,51.363213,51.55948,51.33673,51.86191,51.871365,51.325886
48.40953,49.09652,49.122467,48.741608,48.51857,48.74579,48.691586,48.89307,49.12301,48.64787,48.801804,48.840496,48.911915,49.00394,49.09058,48.9976,48.858456,48.66652,48.934097,48.880474,48.760067,48.969578,49.283676,49.394424,49.34551,49.353424,48.956203,49.28419,49.067852,49.2856,49.30303
36.02176,35.852016,35.709328,35.592102,36.158115,35.62214,36.01107,35.607452,35.735325,36.038113,36.071377,36.299805,35.826393,36.087555,36.213398,36.501858,36.355427,35.988426,36.17517,36.30083,36.170696,35.9844,36.35188,35.997444,35.76942,36.111702,36.18541,36.21555,36.309532,36.53408,36.43655
42.942635,43.282295,42.54004,42.51517,43.021553,42.625984,42.98626,42.694366,42.73688,43.147648,42.952152,42.794266,42.991444,42.532475,43.425232,43.018486,43.15006,42.732994,43.037956,43.334053,43.217632,43.48802,43.132313,43.334633,42.821697,42.872383,42.771366,43.362553,43.672237,43.409847,43.36822
51.046623,50.55189,51.269356,50.813557,51.342697,51.27486,51.214077,50.954437,51.03959,50.979656,51.381195,51.242374,51.28555,51.17597,51.01533,51.27999,51.425457,51.197533,51.22197,51.152588,51.38034,51.601135,51.423794,51.58094,51.005028,51.365517,51.87821,51.018177,51.505486,51.43133,51.355858
46.74139,46.21661,46.551506,46.862988,46.92266,46.914463,47.002434,46.984245,46.765324,47.151608,47.31508,47.12791,46.908215,47.079163,46.923386,47.13978,46.975483,47.23582,47.24048,47.022694,47.043224,46.855854,47.01374,47.02884,47.077435,47.302597,47.30399,47.30926,46.914894,47.1143,47.219208
55.953312,56.065266,56.22905,56.28127,56.12854,56.576668,56.73843,56.7512,56.394875,56.52819,56.65486,56.49425,56.526196,56.27667,56.742363,56.650787,56.72734,56.414043,56.57845,56.50923,56.432415,56.416042,56.884624,56.84394,56.925243,56.743553,56.433666,57.142937,56.457577,56.793888,56.575016
58.87116,58.271862,59.206512,58.624184,58.98587,58.883,58.69967,58.6111,58.49651,58.541405,59.036263,59.040615,58.958496,58.67106,58.60371,58.354626,58.870773,58.619884,59.036297,58.74371,58.639843,59.028984,59.403347,59.069565,58.769413,58.96753,59.35315,58.442272,58.947193,58.99479,58.908356
40.198463,39.89779,40.185066,39.898426,39.8899,40.133476,40.206867,40.18652,40.092674,39.926327,40.37441,40.215405,39.90341,40.266533,39.712826,40.47719,40.287727,40.492447,40.306934,40.160477,39.976284,40.426437,40.000637,40.17218,40.124466,40.71534,40.424465,40.390823,40.387817,39.98915,40.25803
40.128273,40.22956,39.93727,40.299046,40.286552,40.32406,40.266438,40.37974,40.360176,40.381954,40.01178,40.220848,40.446476,40.541985,40.548313,40.459827,40.384953,40.919647,40.45341,40.710213,40.843098,40.529644,40.295063,40.372902,40.861946,40.57041,40.7077,40.55419,40.410736,40.50565,40.873024
43.95505,43.8214,43.79371,43.431347,43.97534,43.98313,44.146114,43.99153,43.739223,43.6575,43.613674,44.080147,43.830574,43.796024,43.94046,44.38506,44.302338,44.08409,43.901524,44.11395,44.08112,44.158382,44.1397,44.005753,43.838783,44.096893,44.125015,44.127415,44.052475,44.17056,43.983013
40.62482,40.46104,40.751526,40.72076,40.80214,40.43872,40.654587,40.615902,40.045773,40.692383,40.37861,40.74261,40.906017,40.976505,40.369186,40.775826,40.61151,40.62908,40.647076,40.566853,40.482395,40.970383,40.505676,40.52758,40.151405,40.821815,40.994934,41.07328,40.48894,40.510807,40.797836
47.54601,47.04607,47.599213,47.164852,47.740944,47.57149,47.43493,47.322586,47.219543,47.376476,47.334476,47.871483,47.94734,47.888866,47.099842,47.521248,47.662636,47.703747,47.66198,47.206425,47.37186,47.832504,47.702805,48.0707,47.39514,47.57058,48.487457,47.26645,47.71684,47.49537,47.934315
47.083378,47.146526,47.39434,46.850315,47.068947,47.27944,47.058167,47.32565,47.27523,47.17724,47.086475,47.16936,47.315742,47.760822,47.50834,47.257767,47.44578,47.40464,47.38586,47.075115,47.280655,47.800755,47.426727,47.49225,47.511845,47.698395,47.524136,47.625397,47.317177,47.68521,47.675545
50.838463,50.96685,51.08937,51.436398,50.96389,51.446587,51.47076,51.642555,51.126015,51.211445,51.497303,50.94246,51.53643,51.152493,51.517086,51.541965,51.341198,51.180126,51.393578,51.42612,51.220398,51.23911,51.358166,51.509666,51.711205,51.59194,51.13788,51.99392,51.36916,51.429207,51.52008
50.04508,49.913906,50.157196,50.161465,50.11638,50.190517,50.228485,50.17412,50.06941,50.06497,49.974686,50.46376,50.278683,50.203278,50.4287,50.39357,50.36275,50.375256,50.28398,50.30065,50.497368,50.180874,50.620895,50.355614,50.417084,50.120277,50.610783,50.402725,50.47378,50.602425,50.444405
41.39429,41.64884,40.90989,41.415714,41.20376,41.00577,41.417194,41.519764,41.602924,41.451977,41.435555,41.80389,41.307343,41.598755,41.68361,41.924805,42.065575,41.46122,41.450912,41.93154,41.65764,41.522846,41.89329,41.69786,42.001553,41.82038,41.578022,42.095043,41.820274,42.33988,41.93658
37.470314,37.643223,37.342285,37.548313,37.51171,37.48345,37.41395,37.48899,37.22792,37.46731,37.277763,37.166893,37.711132,37.69035,37.09661,37.69886,37.186245,37.44683,37.436733,37.461193,37.462254,37.902004,36.96916,37.535507,37.275993,37.834854,37.592754,37.8683,37.9923,37.387524,37.777813
41.22113,41.351704,41.46437,41.141785,41.365097,41.38003,41.68239,41.398098,41.482235,41.935463,41.84603,42.03164,41.48668,41.667007,41.983677,41.58481,41.773247,41.81498,41.8651,41.626102,41.603664,41.675396,42.093346,41.868973,41.81796,41.829773,41.770035,42.02308,41.639004,41.877884,42.008236
48.34443,48.26133,48.544586,48.60162,48.279083,48.310253,48.70066,48.58277,48.372135,48.47117,48.47135,48.682346,48.255966,48.880867,48.594894,49.13116,48.738888,48.73876,48.59782,48.76182,48.752926,48.598957,48.73493,48.231087,48.706123,49.093903,48.67531,49.225384,48.451042,48.922184,48.750782
43.314373,43.64969,43.13762,43.17588,43.44818,43.47806,43.538197,43.574318,43.58262,43.661045,43.713127,43.2103,43.45649,43.168537,43.591583,43.650352,43.699398,43.362278,43.60525,43.67594,43.57312,43.84156,43.482864,43.921486,43.444637,43.702393,43.324146,44.045254,44.067387,43.763424,43.554478
53.447884,53.480545,53.407806,53.558628,53.409554,53.61466,53.46507,53.694695,53.849827,53.350906,53.383007,53.518456,53.721077,53.8179,53.564476,53.76042,53.899647,53.81907,53.7324,53.579395,53.95099,53.825962,54.171707,54.010193,54.35269,53.621643,53.955814,53.62168,53.865166,54.211643,53.900288
51.212006,51.07526,50.787964,51.0576,51.144135,50.808334,51.031364,51.02438,50.878376,51.09728,50.872814,50.898403,51.139824,50.851173,51.294994,51.1099,51.154766,51.365845,51.34176,51.431946,51.50762,51.490936,51.26482,51.216644,51.189808,50.88691,51.22949,51.280064,51.35376,51.257458,51.368816
47.025204,46.946384,47.089027,47.044792,46.994293,46.681644,46.793797,46.61871,46.588852,46.886616,46.803444,47.214535,47.267517,47.21176,46.96471,46.974445,46.706886,46.890327,46.9957,47.09966,47.09286,47.255207,47.165127,47.018135,46.94961,47.147964,47.29737,47.073975,47.328,47.25464,47.505966
34.906094,35.030518,34.671547,34.620296,35.023243,34.48581,34.590633,34.53216,34.77405,34.84895,34.55812,34.917637,34.991486,35.122612,34.985203,35.069324,34.805595,35.114677,35.033237,35.059174,35.120064,35.235355,34.84261,35.198746,34.82097,34.94735,35.365265,34.899334,35.245495,35.062397,35.610172
50.162426,50.113667,50.29249,49.777496,50.095123,50.366,50.31639,50.260136,50.36335,50.183937,50.19204,50.32008,50.09111,50.13852,50.318607,50.113194,50.340492,50.579144,50.409687,50.06441,50.519016,50.95537,50.545773,50.807655,50.542065,50.378838,50.753307,50.244705,50.78162,50.503586,50.52316
48.4872,48.734753,49.13826,48.897423,48.920258,48.729126,48.86009,48.672657,48.764275,48.975994,49.176693,48.832935,49.000645,48.874218,49.07576,48.78012,49.03975,48.61666,49.084915,49.06118,48.86191,49.01891,49.334858,49.206154,48.945892,49.176865,49.16101,49.165577,49.08399,49.16611,49.245964
50.989277,51.346893,51.640205,51.48571,51.167877,51.668175,51.49469,51.730278,51.665173,51.348545,51.420338,51.385387,51.488632,51.8048,51.667667,51.598923,51.71757,51.487427,51.497086,51.533802,51.58209,51.595078,51.85655,51.6241,52.14455,52.112648,51.653957,51.988846,51.50074,52.01222,51.749866
53.258465,53.301186,53.18306,53.46958,53.554527,53.239483,53.55859,53.459396,53.341816,53.421555,53.26127,53.395805,53.596252,53.42686,53.851597,53.80862,53.811996,53.56647,53.604576,53.982574,53.91551,53.570847,53.905098,53.676346,53.83525,53.575462,53.74661,53.819027,53.46343,53.95894,53.933296
40.59243,41.272633,41.324936,41.14332,41.02459,41.223366,41.164413,41.157394,41.491413,41.230682,40.69585,41.060184,41.4154,41.574966,41.063454,41.362167,41.48362,41.70555,41.058773,41.172897,41.700718,41.677677,41.34044,41.55287,41.474266,41.247208,41.81728,41.461426,41.243515,41.22204,41.28895
52.26996,51.852512,52.27024,52.202667,51.869057,52.261616,52.30359,52.34008,52.096752,52.00208,52.166725,52.837204,52.20119,52.561584,52.335213,52.564274,52.392277,52.37718,52.18734,52.148983,52.406677,52.39138,52.657913,52.239548,52.593723,52.550407,52.602215,52.652115,52.616924,52.942436,52.48453
43.76097,43.667118,43.554695,43.75562,43.754517,43.8746,43.85592,43.88386,43.85189,44.0862,44.11358,43.884174,43.872414,43.98215,44.07038,43.98357,43.731464,44.181347,44.1525,44.072166,44.125557,44.035908,43.92545,43.94111,44.211807,44.28026,43.90818,44.27378,44.136208,44.146774,44.28592
48.31379,48.277824,47.98742,48.030334,48.236267,48.193348,48.12514,48.293144,48.108383,48.236317,48.24541,48.42536,48.309338,47.926983,48.182728,48.01763,48.313427,48.14524,48.295227,48.489037,48.169575,48.355648,48.42696,48.385063,48.268898,48.43165,48.19782,48.477303,48.505875,48.476646,48.20874
48.276146,47.762585,48.193222,47.993446,48.31981,48.581623,48.530987,48.7021,48.056007,48.0217,48.340103,48.15977,48.368004,48.34186,48.23963,48.69927,48.48583,48.39092,48.430325,48.11519,48.275063,48.661827,48.42995,48.496117,48.328148,48.5728,48.470272,48.581276,48.15513,48.506283,48.348198
48.395527,48.66853,47.71543,48.862114,48.200867,48.123924,48.545147,48.446632,48.053448,48.743664,48.45172,48.453175,48.69203,48.29287,48.426376,48.63903,48.282898,48.31063,48.5137,49.02038,48.529274,48.182728,48.523357,48.19011,48.920105,48.658493,47.890553,49.22919,48.819653,48.730362,48.76254
42.5261,42.38193,42.238342,42.50221,42.603806,42.236523,42.188595,42.268787,42.469223,42.594936,42.791725,42.594006,42.69115,42.449764,42.409576,42.456997,42.419914,42.600582,42.87957,42.752148,42.423904,42.442345,42.473442,42.97541,42.50138,42.639343,42.944614,42.581352,43.032448,42.503174,43.029716
47.900917,48.35221,48.59294,48.243225,48.2117,48.202927,48.45875,48.10949,48.443634,48.290947,48.772526,48.58788,48.29275,48.033733,48.795593,48.18378,48.76861,48.10165,48.316666,49.060543,48.591736,48.496426,49.204235,48.533638,48.846573,48.93199,48.437958,48.5437,48.490593,48.97894,48.64856
39.070667,39.375168,39.225227,39.379883,39.03942,39.16919,38.930325,39.1779,39.560116,39.31453,39.45536,39.47187,39.394104,39.47463,39.431187,39.09996,39.42851,39.39302,39.344635,39.546387,39.446312,39.400738,39.502155,39.565422,39.7451,39.61769,39.624794,39.53703,39.85231,39.767162,39.70495
49.89399,49.904907,49.997772,50.075657,50.09014,49.622852,49.820457,49.65392,49.92832,49.560005,50.22191,49.7478,50.146214,49.749683,50.143192,50.35477,50.17718,49.60564,50.236046,50.421017,50.060688,49.928154,50.44191,50.53363,50.125793,50.018745,50.317078,49.91711,50.56646,50.41681,50.64854
45.79973,46.008755,46.280624,45.768326,46.529266,46.171654,46.341564,45.96317,45.93594,46.218582,46.17086,46.090275,46.54609,46.161922,46.396984,46.453346,46.556095,46.013966,46.480225,46.296925,46.13955,46.158165,46.803078,46.675346,46.083817,46.15341,46.443996,46.27119,46.06375,46.323807,46.537663
40.28721,40.36207,40.450317,40.35728,39.79882,40.1585,40.060356,40.301468,40.57667,40.199577,40.515247,40.92577,40.064533,40.47937,40.235435,40.051544,40.6719,40.639847,40.44872,40.49518,40.216743,40.291405,40.827152,40.33229,40.929176,40.728638,40.642536,40.507175,40.69187,40.70273,40.474297
42.00557,42.334106,42.706604,41.889027,42.66423,42.265427,42.48085,42.0139,42.200325,42.549786,42.115334,42.30474,42.52842,42.723892,42.519665,42.65142,42.645763,42.445732,42.496605,42.272038,42.60571,42.968204,42.61607,42.79751,41.97366,42.491127,42.980293,42.604053,42.51976,42.499226,42.7813
55.48956,55.546715,56.18637,55.71209,55.99672,55.90017,55.93668,55.604774,56.131126,55.890053,56.24942,56.08128,55.965996,56.067802,56.159683,56.09887,56.423996,55.94352,56.22417,56.268158,56.216705,55.81451,56.854042,56.274536,56.35488,56.298935,56.39946,55.93132,55.989048,56.518684,56.267845
44.95198,45.34723,45.259712,45.138218,44.97358,44.93774,45.06233,45.175915,45.18576,44.956696,44.900517,45.0392,45.254593,45.198036,45.48738,45.291004,45.281967,45.312614,45.42775,45.282597,45.218834,45.361397,45.529766,45.63513,45.607353,45.184204,45.470875,45.396465,45.386612,45.34381,45.784317
60.440125,60.190697,59.869995,60.329067,60.03887,60.49371,59.954964,60.72421,60.680237,60.106705,60.04209,60.089943,60.356804,60.49177,60.469326,60.580036,60.238785,60.70818,60.558952,60.36103,60.732677,60.382362,60.28078,60.520325,60.932247,60.47898,60.356594,60.767105,60.8034,60.909523,60.46456
45.34239,45.477764,45.31521,45.387173,45.257797,45.533657,45.486645,45.821392,45.79443,45.54484,45.581425,45.402424,45.398518,45.643154,45.80481,45.816963,45.788918,45.778336,45.74725,45.504158,45.71069,45.888042,45.57244,46.024567,45.88683,45.794975,45.802402,46.145374,46.02026,45.959774,45.88536
48.66409,48.386425,48.523254,48.620476,48.216583,48.7408,48.76648,49.199207,48.891758,48.60166,48.677914,48.709995,48.217377,48.910725,48.608566,49.09434,48.784054,49.268234,48.949623,48.404976,48.8461,49.04699,48.696842,48.79316,49.07811,49.04461,48.901234,49.330826,48.838093,48.947586,48.697746
43.32892,43.68332,43.154922,43.725414,43.472374,43.372665,43.38654,43.57386,43.48864,43.609936,43.34095,43.176083,43.718178,43.485207,43.634285,43.464867,43.618477,43.654556,43.633442,43.925682,43.838745,43.67359,43.661335,43.53327,43.944725,43.559937,43.457882,43.859074,43.655888,43.759167,43.778645
54.201485,54.61099,54.113213,54.399006,53.98092,54.06319,54.422543,54.549652,54.81351,54.84857,54.43818,54.80781,54.189255,54.839386,54.715298,54.604706,54.85919,54.832565,54.64328,54.681026,54.869156,54.737785,55.126575,54.606552,55.311874,54.916283,54.455944,55.28806,54.51739,55.29037,54.711285
53.37092,53.466194,53.414818,53.674217,53.717148,53.420227,53.47208,53.631714,53.4691,53.649364,53.49714,53.442783,53.97442,53.80955,53.99239,54.0133,53.70282,53.5047,53.927982,53.868217,53.665646,53.410976,53.80257,53.96859,53.754288,53.75335,53.788284,54.19319,53.685635,53.966263,54.176994
52.341747,52.201283,52.56433,52.269115,52.014122,52.279427,52.295017,52.41937,52.357723,52.308502,52.38671,52.4142,52.26951,52.545044,52.492554,52.148056,52.55779,52.66502,52.60548,52.159306,52.49833,53.038998,52.75522,52.660156,52.76772,52.46984,52.77398,52.601887,52.747574,52.6971,52.67372
52.458973,52.35726,52.4448,52.681774,53.025063,52.67593,52.857594,52.64008,52.545086,53.10871,52.91675,52.706657,53.022415,52.694195,52.735344,52.954113,52.931366,52.735146,53.139366,52.781723,52.83756,52.635372,53.060677,53.23192,52.646717,52.615456,53.097675,53.090984,52.950657,52.86973,52.964294
38.199356,37.9553,38.1677,38.146606,38.11943,37.975815,38.394928,38.124626,37.849678,37.92353,38.339535,38.492477,38.070045,38.128326,37.85675,38.8626,38.291557,38.244476,38.35232,38.408657,37.937016,37.89868,38.343914,38.102287,37.992455,38.506004,38.309673,38.476547,38.198875,38.07967,38.325886
52.111374,52.240047,52.66337,52.082138,52.405243,52.523235,52.29473,52.580185,52.74718,52.04482,52.247547,52.30774,52.399223,52.818768,52.354973,52.730774,52.770462,52.387783,52.455505,52.24629,52.56143,52.809113,52.94683,52.89453,52.75636,52.91111,52.865124,52.52311,52.283146,53.05117,52.57636
34.93734,34.768005,34.818546,34.787804,34.548233,34.88302,34.98313,35.180904,34.827156,34.34306,34.97742,34.75297,34.59665,34.81005,34.63935,35.32855,35.00373,35.003613,34.853386,34.92134,34.72312,35.311073,34.60531,35.071068,35.020428,35.42604,35.16181,35.157654,35.315308,34.92176,35.21387
48.56177,48.59627,48.522682,48.321503,48.526405,48.66416,48.332653,48.642307,49.126293,48.3999,48.497158,48.59157,48.42646,48.79037,48.790146,48.74883,49.03173,49.06798,48.886395,48.89682,49.020645,48.77021,48.966007,48.950027,49.20556,48.949615,49.095764,48.63209,49.016872,49.17108,48.96443
40.08878,40.172756,40.374084,39.7523,40.21354,40.316105,40.377457,40.174908,40.357723,40.539177,40.587276,40.371994,40.067814,40.351376,40.34857,40.303772,40.425877,40.556915,40.611824,40.126152,40.31008,40.77933,40.464787,40.701515,40.247017,40.62819,40.598515,40.56436,40.689995,40.37843,40.54708
52.482662,51.847218,52.27944,52.11066,52.294838,52.284397,52.41849,52.539898,52.088825,52.02809,52.35604,52.522583,52.131042,52.501347,52.209538,52.57698,52.732777,52.450806,52.61033,52.32213,52.149513,52.47585,52.68699,52.42871,52.57026,52.759323,52.76478,52.502888,52.275124,52.675873,52.63519
45.301212,45.580845,45.64231,45.465965,45.52031,45.49076,45.475185,45.409355,45.733425,45.72902,45.489735,45.94825,45.678173,45.81771,45.57415,45.605625,45.748516,45.93048,45.707172,45.883064,45.809017,45.559254,45.975224,45.69983,45.86631,45.94487,45.950684,45.827885,45.593445,45.776386,45.765186
50.149693,50.31067,50.110405,50.10423,49.921043,50.514885,50.265076,50.445816,50.532696,50.41917,50.45952,50.268555,50.234966,50.53059,50.370567,50.16575,50.31192,50.48318,50.201637,50.506573,50.63747,50.95465,50.237125,50.356697,50.935127,51.204636,50.314186,50.83775,50.873062,50.883766,50.583202
50.448387,50.457825,50.4433,50.99956,50.639656,50.660282,50.799435,50.991,50.52173,50.56672,50.468586,50.566963,51.051132,50.807354,50.93031,50.95308,51.06619,50.76019,50.791218,50.90641,50.931263,50.78029,51.103924,50.96827,51.262695,50.66301,51.031776,51.114445,50.68146,51.13569,51.118347
45.472214,45.734795,45.89306,45.992126,45.624214,45.736973,46.222355,45.80045,45.842033,46.43048,46.33529,46.13311,45.902954,46.211952,46.316055,46.164196,45.841194,46.293114,46.243103,46.20315,46.216724,46.168774,46.185837,46.075607,46.440903,46.568146,46.1258,46.695427,46.117844,46.133423,46.640804
51.516663,51.82012,51.784454,51.79831,51.818375,51.508312,51.626877,51.411892,51.848373,52.156715,51.77749,52.092598,51.883823,51.89416,52.00957,51.41921,51.827023,51.949463,51.94135,52.129086,52.273495,52.05901,52.38881,51.99243,52.168884,51.967842,52.18368,51.93389,52.051647,52.28179,52.165592
53.8402,52.80874,53.428078,53.180264,53.868416,54.138847,53.58503,53.874622,53.621532,53.448814,53.85103,53.54121,53.695335,53.727085,53.457203,53.723763,53.58439,53.96571,54.001266,53.24937,53.812267,54.066288,53.605858,54.108,53.653397,53.81604,54.27167,53.439827,54.04154,53.903294,53.81017
47.939312,48.19549,48.399902,47.709297,48.074722,48.409046,48.274216,48.326916,48.182465,48.026894,48.099068,47.936897,48.059772,48.067364,48.267254,48.277515,48.198944,48.13739,48.21854,48.137863,48.156227,48.62974,48.197083,48.404137,48.127937,48.678177,48.172462,48.560043,48.383694,48.285496,48.210068
54.457066,55.038254,54.577682,54.302963,54.70569,54.56299,54.833954,54.715107,54.821053,54.92006,54.685387,54.552116,54.852943,54.35483,55.4177,54.866066,55.144466,54.708496,55.009613,55.19788,54.98869,55.026344,55.26665,55.318985,54.98167,54.7667,54.577274,55.326305,55.003616,55.127728,55.044373
56.12678,55.85814,56.216446,56.479935,56.25228,56.730923,56.38829,56.732365,56.32008,56.584538,56.439922,56.158264,56.67723,56.585857,56.820423,56.32176,56.35012,56.761883,56.768375,56.307407,56.6842,56.509483,56.536533,56.56006,56.905876,56.46222,56.58348,56.90583,56.50959,56.67071,56.683475
40.347595,40.444817,40.093964,40.28161,40.505424,40.05788,40.54359,40.1735,40.205025,40.536224,40.649918,40.2766,40.077965,40.016823,40.30551,40.696377,40.445625,40.40773,40.691315,40.89745,40.425007,40.422165,40.307785,40.50305,40.21743,40.752823,40.476566,40.733738,40.878723,40.322823,40.756504
45.986893,46.019543,46.307587,46.00193,45.963135,46.263992,45.841957,46.311787,46.19516,46.047768,46.142406,45.94693,46.131344,46.493942,46.29886,45.944916,46.072945,46.148884,46.26579,45.983356,46.069225,46.579754,46.02881,46.324776,46.335438,46.719032,46.40673,46.525497,46.438744,46.48263,46.51503
40.750454,40.890976,41.2966,40.763268,40.626846,40.75584,40.613243,40.694935,40.974106,40.633858,40.989445,40.99241,40.72318,40.98451,40.83915,40.843323,41.055046,40.993927,41.045975,41.003746,40.715122,40.939125,41.029404,40.964706,40.877857,41.25476,41.217754,41.03801,41.252792,40.921154,41.07357
51.43067,51.661217,51.239235,51.512005,51.400253,51.371605,51.1911,51.45242,51.6375,51.512844,51.366474,51.673687,51.79552,51.72561,51.538834,51.48105,51.546856,51.515102,51.552044,51.879528,51.64525,51.514565,51.72673,51.740196,52.018166,51.948288,51.64995,51.833763,51.84031,52.022602,51.92104
45.90031,46.192135,46.578697,45.93191,46.349068,46.225643,46.61976,46.062668,46.21997,46.65332,46.58393,46.208,46.14639,46.3995,46.67285,46.55925,46.502964,46.480633,46.67224,46.485847,46.457054,46.79462,46.41533,46.733795,46.237514,46.876495,46.775166,46.850124,46.72921,46.33348,46.95298
43.93769,43.639713,44.014954,44.06973,43.980904,43.87455,44.387283,44.011772,43.5534,44.255886,44.497288,44.322556,43.993507,43.86011,44.083427,44.097443,44.292496,44.139305,44.291443,44.360676,43.871483,44.178593,44.15172,44.092896,43.956726,44.427223,44.371433,44.564934,44.22898,43.924927,44.372696
46.86137,46.764824,47.634834,47.24794,47.208725,47.79619,47.606632,47.57116,47.547054,47.214535,47.64655,47.226383,47.351555,47.785606,47.47455,47.85326,47.585194,47.671345,47.57584,47.295,47.533302,47.54496,47.479076,47.722855,47.819565,48.11071,48.025093,47.718033,47.57305,47.60494,47.861908
47.81439,48.29033,48.423058,48.10569,47.997856,48.516968,48.658997,48.386307,48.532265,48.42698,48.32609,48.440514,48.507065,48.418488,48.431503,48.421192,48.799965,48.70561,48.27464,48.457706,48.732395,48.87771,48.898235,48.749695,48.98483,48.620995,48.658306,48.687378,48.503895,48.61049,48.48637
53.41476,52.956528,53.078796,52.891987,53.694733,53.492016,52.985325,53.274956,53.170303,53.036,53.087955,53.041153,53.395477,52.961887,53.37543,52.94434,53.124966,53.15885,53.321465,53.338017,53.637714,53.756306,53.308754,53.587585,53.096096,53.27764,53.63974,52.975113,53.65898,53.716667,53.36949
48.61235,48.379436,48.47928,48.065132,48.351845,48.460274,48.393513,48.4013,48.7481,48.101635,48.48884,48.5462,48.231,48.60599,48.43799,48.973354,48.968258,48.74772,48.733204,48.568367,48.657288,48.707634,48.79658,48.866325,48.72081,48.737404,48.953823,48.51386,49.162487,48.965275,48.814445
42.57334,42.781494,42.95394,42.595467,42.836006,42.3825,42.059727,42.228603,42.8537,42.384266,42.40207,42.787643,43.124313,43.215458,42.8523,42.747623,43.046864,42.680492,42.816628,42.926167,42.802338,42.73378,43.048885,43.178825,42.774597,42.743164,43.489796,42.54063,43.092064,43.160885,43.388546
47.66954,47.818512,48.083,47.735188,47.83745,47.75252,48.076168,47.537872,47.94936,48.379932,48.363422,48.36558,47.933002,48.205696,48.204582,47.87184,48.022293,48.269917,48.325603,48.219067,48.187607,48.257893,48.499847,48.263054,48.41507,48.524048,48.403347,48.215195,48.310394,48.24524,48.676968
52.373295,52.73456,52.453896,52.464127,52.68962,52.7899,52.725838,52.804443,52.939735,52.942192,52.648754,52.688885,52.935833,52.72677,53.12046,52.672432,53.202732,52.91433,52.88748,53.06268,53.0939,52.937626,53.23757,53.162743,53.303673,52.90236,52.902115,53.124825,52.884506,53.25193,52.99213
57.54886,57.69391,57.691757,57.861446,58.185852,57.843353,58.0524,57.663773,57.945187,58.21726,57.989857,58.069862,58.27363,57.85603,58.52276,58.02039,58.35109,58.028545,58.240257,58.527668,58.54462,57.864666,58.780556,58.419342,58.497982,57.931168,58.38949,58.098316,58.172115,58.594086,58.541763
49.92333,50.10753,50.047623,50.768536,49.842644,50.473007,50.484234,50.752567,50.447887,50.44746,50.056137,50.650795,50.501194,50.464115,50.402668,50.360695,50.547398,50.79793,50.02873,50.499294,51.013416,50.561428,50.731926,50.174576,51.078793,50.38479,50.479256,51.014893,50.279346,50.880516,50.064716
45.645233,45.86624,46.139297,45.668205,45.845573,45.894,45.970905,45.68779,46.115845,45.994617,46.17257,45.747025,45.92638,46.080616,46.30831,46.153572,46.17668,46.243996,46.27769,46.157112,46.290585,46.402298,46.206413,46.411667,46.223293,46.2695,46.392365,46.166733,46.490593,46.178272,46.583282
46.29746,46.156452,46.016487,46.150673,46.22619,45.950047,46.246407,46.0586,46.4635,46.613785,46.811005,46.507538,46.068848,46.243874,46.75225,46.454277,46.70311,46.640602,46.80466,46.74381,46.71506,46.452404,46.83204,46.58374,46.609127,46.4113,46.531815,46.66011,46.853725,46.87553,46.765198
49.148266,49.25132,49.058197,49.02512,48.744743,48.90187,48.738377,48.9943,49.198498,48.863987,49.042557,49.23469,48.995613,49.006508,48.894596,48.76544,49.17692,49.051903,49.045647,49.20313,49.140495,49.352913,49.464848,49.11004,49.41802,49.25554,49.054775,49.155083,49.51745,49.54175,49.02345
50.21596,49.91355,49.868774,49.94841,50.052185,50.258255,50.21645,50.25295,49.802643,50.09517,49.969078,49.8965,50.066822,50.07195,49.898945,50.191235,49.912807,50.260326,50.141724,50.082893,50.206055,50.669724,49.608223,50.17041,50.01532,50.51619,50.345314,50.511585,50.729664,50.087757,50.347923
51.729935,51.540527,51.552307,51.72354,51.963173,51.65184,51.68785,51.65244,51.599033,51.694534,51.62684,51.86333,51.890205,51.633404,51.745476,51.77654,51.74071,51.77485,51.787407,52.08695,52.1167,51.930244,52.012196,51.886497,51.810955,51.8973,52.08891,51.800945,51.904446,52.11637,51.945786
46.799286,47.172253,46.705215,46.607166,46.86425,46.517628,46.845985,46.72621,46.8891,46.930084,46.886093,46.671574,46.863113,46.758907,47.215298,47.009933,46.940655,46.82319,47.14777,47.10142,47.09522,47.436005,47.235935,47.442665,47.150906,47.033463,46.935802,47.15672,47.323376,47.30667,47.52399
48.318184,48.288963,48.415955,48.182137,48.562866,48.32941,48.304688,48.2676,48.60301,48.379406,48.467102,48.530823,48.444393,48.70481,48.813908,48.647457,48.70242,48.565998,48.633804,48.74234,48.902203,48.75728,48.942802,48.766335,48.798897,48.82811,48.90857,48.529106,48.68888,49.191902,49.030586
40.757862,40.780743,40.90275,40.518635,40.74311,40.77078,40.72769,40.72301,40.906895,40.924423,40.63056,41.1683,40.91119,41.184597,41.13343,40.927155,40.967728,41.39115,40.96241,40.89808,41.251236,41.32979,41.065502,41.054955,40.981018,40.99031,41.348316,41.084194,41.04993,41.139168,41.217747
45.88131,45.55077,45.85112,46.361645,45.99404,45.762634,45.84268,45.849003,46.05023,45.92548,46.514366,45.912403,46.08321,46.091454,45.93162,46.30616,46.07369,46.144688,46.32756,46.354794,46.250347,45.953964,46.1578,46.252113,46.231926,46.241905,46.491856,46.147934,46.38363,46.257782,46.47769
52.12688,52.09751,52.17868,52.329742,52.076065,52.145107,52.38413,52.419983,52.044655,51.894855,52.196415,52.05031,52.385574,52.341866,52.27816,52.68594,52.28192,52.119953,52.401287,52.298756,52.194984,52.476166,52.501705,52.643448,52.73934,52.604004,52.471012,52.568787,52.460445,52.573788,52.89964
46.443848,46.428093,46.687767,46.607853,46.69169,46.602768,46.72413,46.703648,46.52007,46.69729,47.200626,46.740475,46.81248,46.593784,46.81064,46.764557,46.786217,46.41572,47.071774,46.842094,46.310497,46.512264,47.101765,47.106598,46.885532,47.123238,46.782513,47.007458,46.74841,46.874844,47.143497
40.73647,41.126526,41.60885,40.973366,41.04242,41.62337,41.303947,41.528625,41.618473,41.131245,41.359165,41.249893,41.34561,41.553444,41.437172,41.455128,41.635105,41.575794,41.439167,41.28457,41.222572,41.341972,41.6055,41.636757,41.730827,41.865776,41.594296,41.62307,41.121696,41.394352,41.451378
57.35485,57.10456,56.937286,57.51096,57.209686,57.51547,57.132896,57.917793,57.52617,57.227367,57.413948,57.27591,57.33585,57.17734,57.603977,57.3073,57.17406,57.36863,57.61815,57.430706,57.50389,57.257145,57.603855,57.57305,57.95011,57.58535,57.239616,57.786835,57.46571,57.984455,57.415066
40.672626,40.36216,40.428627,40.46082,40.781822,40.775425,40.232025,40.691597,40.772514,40.471764,40.65063,40.25337,40.754593,40.980114,40.799286,40.846516,40.475784,40.868664,40.9767,40.56532,40.830463,40.90256,40.289135,41.05339,40.70993,40.908768,41.160202,40.708218,41.225178,40.938164,41.310112
47.225136,46.58013,46.741905,47.149525,46.689255,47.081394,47.1355,47.261707,46.860794,46.92591,47.396065,47.144844,46.90188,47.10083,46.799244,47.083416,47.011505,47.445496,47.44132,46.966232,46.936672,47.207573,47.129444,47.15554,47.667583,47.365364,47.348156,47.193848,47.496563,47.132645,47.51624
51.876358,51.84974,52.19043,52.257004,52.457314,52.338173,52.48597,52.04707,52.00594,52.86106,52.149284,52.309074,52.881416,52.39665,52.67633,52.219044,52.4015,52.742477,52.453655,52.220478,53.049202,52.877174,52.61604,52.735565,52.219128,51.719208,52.925423,52.62115,52.61039,52.41362,52.53494
51.741608,51.380764,51.330048,51.77695,51.44101,51.547634,51.748882,51.755325,51.662674,51.57569,52.081436,52.09709,51.278698,51.32741,51.719376,51.601757,51.656113,51.783325,51.773403,52.292484,51.91181,51.643444,52.035423,51.53882,52.31746,52.38791,51.7595,51.88284,51.965847,52.22677,51.94282
48.044308,48.04072,47.95671,48.278236,48.210968,48.084194,48.352,48.166042,47.990696,48.156673,48.352314,48.10374,48.527298,48.14962,48.525536,48.416904,48.35494,48.196537,48.30919,48.713303,48.440346,48.557465,48.292564,48.677727,48.64157,48.601273,48.65003,48.530693,48.693344,48.52091,49.088734
59.24412,59.61329,59.723473,59.322704,59.496437,59.802902,59.700554,59.594963,59.895744,59.841602,59.566204,59.522804,59.637394,59.895206,60.025105,59.63791,59.91701,59.860714,59.88744,59.772858,60.093224,59.977837,60.246407,59.905373,60.323517,60.071243,59.789616,60.019356,59.90361,60.25963,59.980686
50.50585,50.329918,50.16767,50.07623,50.560898,50.279034,50.571884,50.231422,50.230328,50.49127,50.74427,50.398872,50.337246,50.189205,50.395153,50.4986,50.305984,50.392174,50.77013,50.706985,50.480026,50.793888,50.642838,50.80919,50.634666,50.926216,50.56611,50.467464,50.873646,50.633705,51.032948
50.20698,50.226555,50.136787,50.57577,50.148216,49.933426,50.101936,50.18354,50.036945,50.286263,50.451405,50.431477,50.358982,50.13309,50.37961,50.32043,50.3748,50.07958,50.5953,50.69768,50.052174,49.735546,50.64388,50.227837,50.446945,50.383713,50.182213,50.74554,50.493946,50.50287,50.517876
47.8043,48.050816,48.22052,47.878956,47.98227,47.80226,47.732285,47.937855,47.978428,47.513126,47.59577,48.131184,48.22714,48.093754,47.990166,48.3025,48.33657,47.786602,48.02189,48.115208,47.824955,47.727695,48.547382,48.269653,48.013615,47.990776,48.239983,48.113632,47.875217,48.310173,48.09286
43.139393,43.22575,43.246643,43.144375,43.148697,43.45986,43.522125,43.475163,43.1447,43.429245,43.171635,43.67516,43.292534,43.344383,42.779205,43.020584,43.50419,43.345894,42.981728,43.090843,43.387707,43.94979,43.598145,43.284348,43.400833,43.605026,43.49082,43.56724,43.366962,43.57779,42.92529
44.30044,44.01605,43.914894,43.7897,44.118645,43.954414,43.957592,43.89377,44.00281,44.048523,44.23823,44.325993,43.887352,44.072792,43.88542,44.116745,43.92242,44.141113,44.31992,44.12411,44.115337,44.307957,44.249146,44.223427,44.112896,44.43255,44.269,44.06888,44.60935,44.409767,44.39674
37.01639,37.42936,37.037262,36.874924,36.992714,36.774174,36.348667,36.778053,37.47292,36.39825,37.018658,36.68803,37.055725,36.90275,36.959145,37.083614,37.29645,36.721878,37.11287,37.32579,36.966908,37.02794,37.260094,37.571297,37.19672,37.102524,37.22917,36.73908,37.754223,37.501595,37.390263
52.927124,52.416306,53.00981,53.173153,52.850533,53.044334,53.31697,53.020477,52.649223,53.168003,53.065117,53.744846,53.165688,53.178368,52.901924,52.76552,53.33967,53.485912,53.0967,53.139935,53.29764,53.197693,53.798496,52.859406,53.59336,53.124336,53.5804,53.113297,52.857388,53.309963,53.111275
43.7344,44.208843,43.8255,43.711876,44.015892,43.925125,44.268852,44.008835,44.14011,44.11412,44.006004,43.98738,43.970985,44.048157,44.116146,44.75823,44.24664,44.028454,44.034225,44.36818,44.280396,44.285625,44.065037,44.40387,44.04145,44.587196,44.109104,44.70664,44.410984,44.36213,44.352566
45.438747,45.520466,45.616096,45.78863,45.49494,45.48312,45.441532,45.610935,45.543278,45.54812,45.662678,45.533245,45.94436,45.758972,45.84135,45.70848,45.59967,45.714928,45.866566,45.781513,45.62803,45.719727,45.66982,46.043205,45.891148,45.772568,46.022114,45.96338,45.99317,45.732533,46.259686
29.650368,29.20908,29.215368,29.09853,29.55129,29.467888,29.280329,29.407019,29.184715,29.156904,29.300585,29.537338,29.331081,29.787601,29.435568,29.67132,29.316833,29.65901,29.390251,29.607021,29.60078,29.831514,29.129826,29.19172,29.387276,30.068819,29.767258,29.443493,29.628855,29.783283,29.985577
42.15578,42.123287,42.41114,41.659184,42.84256,42.288826,42.27933,41.95575,42.239323,42.45388,42.087234,42.106155,42.44332,42.437153,42.524124,42.7052,42.3323,42.701912,42.800484,42.261124,42.603878,42.644447,42.29655,42.941826,41.7654,42.209473,43.041237,42.27492,42.5638,42.13455,42.836735
53.490593,53.615585,53.539085,53.87015,53.798904,53.9007,53.850407,53.75201,53.7781,54.208416,53.89341,53.954025,54.10052,53.794895,54.0275,53.86359,53.88391,53.93502,54.059315,54.037315,54.071884,53.58685,54.067955,54.0681,54.058857,53.85501,53.998882,54.34748,54.29636,54.098515,54.027054
45.19439,45.443256,45.60926,45.461006,45.459953,45.52349,45.455063,45.358276,45.616955,45.50896,45.456635,45.561848,45.696156,45.79529,45.59357,45.75554,45.710205,45.663467,45.605873,45.67275,45.83013,45.57605,45.948624,45.64483,45.780617,45.710426,45.764053,45.74483,45.688255,45.90443,45.73519
52.744762,53.200768,53.280968,53.087242,52.976936,52.900215,53.147533,52.982265,53.064182,53.423042,53.10925,53.178036,53.195717,53.208992,53.5142,52.77829,53.307045,53.20641,53.36551,53.313217,53.33237,53.52062,53.7815,53.392853,53.637623,53.341934,53.332245,53.503338,53.196888,53.48892,53.57121
48.170185,47.490627,47.637863,47.85957,47.908928,47.823288,47.789776,48.00504,47.91214,47.64703,47.979507,48.262825,47.73614,48.132736,47.957695,48.183857,48.190903,48.160164,48.128254,48.08772,48.23384,47.985672,48.456146,47.86106,48.34724,48.15326,48.260532,47.923115,48.03614,48.719086,48.194927
40.890217,41.283367,40.4591,40.479664,41.307632,40.87132,40.997818,40.89695,41.172867,41.17214,40.928837,40.543007,41.019936,40.627663,41.637337,41.454624,41.29726,41.094357,41.398605,41.414894,41.441204,41.295124,41.01933,41.803604,40.970146,40.851616,41.16832,41.34021,41.825138,41.36683,41.66455
38.552994,38.40265,38.264885,38.496918,38.4058,38.43216,38.950428,38.773228,38.51303,38.710785,38.75575,38.758175,38.402912,38.73738,38.933018,39.21831,38.935463,39.085667,38.88192,38.806713,38.901817,39.01776,38.721752,38.90193,38.973385,38.917313,39.009514,39.221077,38.980877,38.9341,39.292397
45.250828,45.534416,45.616165,45.701992,45.550926,45.9963,45.69522,46.00091,45.777454,45.766273,45.313923,45.773674,46.144806,45.996143,45.89598,45.78142,45.831783,46.10891,45.700397,45.694313,45.992558,45.748886,45.937057,45.906746,46.1593,45.760223,45.990955,46.15327,45.533882,45.890774,45.78966
49.70736,49.85295,49.786186,50.07817,49.53412,49.77264,49.588425,49.981426,50.021236,49.81727,49.73765,49.98415,49.917904,50.121708,50.27226,49.73945,49.841087,50.11968,49.960335,50.160736,50.220474,50.017315,50.1352,49.911285,50.600697,50.247124,50.088264,50.2852,50.125427,50.470985,50.355957
38.802452,39.135838,39.18081,38.52294,39.16191,39.06035,38.60144,38.853424,39.4229,39.118683,38.854675,39.145996,39.033207,39.621353,39.188927,39.04306,39.048927,39.1636,39.102665,38.885735,39.336857,39.486553,39.229053,39.39524,39.042618,39.508484,39.47699,39.1623,39.27667,39.67362,39.359463
46.735535,46.034977,46.536797,46.790966,46.526947,46.409477,46.609085,46.652374,46.30741,46.629223,47.000565,47.082684,46.645424,46.876125,46.367313,46.764214,46.75531,46.85736,47.061115,46.570557,46.361637,46.457146,46.989464,46.691017,46.7862,46.81987,47.0807,46.84678,46.611465,46.72635,46.93411
44.761257,44.551735,44.663536,44.574413,44.229416,44.690018,44.285667,44.670685,44.937237,44.355785,44.624325,45.104202,44.505867,44.79804,44.553944,44.366417,44.706253,45.08969,44.674576,44.71228,44.856133,44.871513,44.948368,44.704758,45.2437,44.954124,45.065178,44.573208,45.13842,45.107025,44.795456
35.775764,35.472996,35.496544,35.48043,35.872948,35.9194,35.95269,35.93705,35.82432,35.78657,36.174267,35.98305,35.78287,35.90386,35.865383,36.15434,36.05558,36.1483,36.139095,36.049366,35.80214,35.9253,35.896988,36.20549,36.1554,36.399857,36.277973,35.96434,36.026314,35.99857,36.444897
47.53128,47.314697,47.640816,47.721863,46.821968,47.6609,47.181515,47.874313,47.463425,47.107555,47.27738,47.825577,47.352535,47.87388,46.98904,47.302322,47.284836,47.686325,47.283215,47.277435,47.224022,47.500168,47.334427,46.986748,47.847805,48.135605,47.49664,47.950268,47.57182,47.6589,47.2008
42.972298,42.78509,42.176216,42.7263,42.646744,42.290806,42.605522,42.262913,42.4943,43.125767,43.180695,43.10303,42.767353,42.57983,42.679615,42.518917,42.529694,42.85649,42.9054,43.28754,42.956398,43.035618,42.68727,42.799538,42.892162,43.089417,42.83338,42.971226,43.64985,43.000328,43.334557
50.734085,50.124435,50.51877,50.714237,50.38186,50.672398,50.458805,50.857418,50.310917,50.25094,50.54345,50.548763,50.6801,50.80665,50.437775,50.667076,50.460125,50.77727,50.80455,50.434772,50.49584,50.693604,50.640842,50.50682,50.8826,50.792908,50.780846,50.76777,50.638412,50.755127,50.81133
45.457108,45.401424,45.441193,45.39501,45.480232,45.333515,45.507595,45.308186,45.469116,45.445152,45.88452,45.455326,45.395256,45.170975,45.573193,45.408417,45.58398,45.498615,45.814526,45.726955,45.596806,45.81153,45.84614,45.970398,45.739685,45.644867,45.83062,45.454914,46.134346,45.723614,45.99121
57.20127,56.679432,56.477074,56.979862,57.08834,56.96072,56.741028,57.006268,56.872086,57.137928,56.96245,56.99919,57.152218,57.013775,57.11024,56.701912,56.919384,57.13927,57.179787,57.102802,57.449562,57.41786,57.12215,57.17064,57.29302,56.99785,57.28483,57.115017,57.53153,57.617783,57.306664
58.793575,58.218895,58.663445,58.499474,59.006294,58.57124,58.52421,58.407913,58.383064,58.2333,58.544537,58.67107,58.896576,58.492046,58.36743,59.127213,58.911324,58.25773,58.7785,58.544144,58.709236,58.547195,59.086346,59.04467,58.09706,58.225,59.0773,58.523315,59.15586,59.074875,58.545685
47.46251,47.428333,47.112877,47.478733,47.137398,47.13759,47.076824,47.469337,47.654724,47.25126,47.451458,47.617397,47.100872,47.889244,47.119236,47.360302,47.610733,47.476677,47.47228,47.677143,47.483265,47.546146,47.797955,47.281013,48.274265,48.287857,47.56857,47.582237,47.501945,48.233994,47.814346
46.327347,46.48388,46.12834,46.533257,46.063705,46.482384,46.23957,46.781513,46.285892,46.33069,46.344784,46.397446,46.53496,46.39193,46.289333,46.166294,46.293465,46.20316,46.255276,46.484894,46.226955,46.541107,46.37461,46.285538,46.772552,46.87612,46.075466,46.990395,46.53847,46.762074,46.3481
44.219784,44.296684,44.115746,44.19852,44.145515,44.315254,44.084774,44.350563,44.427387,44.495876,44.15171,44.712044,44.40498,44.885845,44.37822,44.075283,44.46073,44.651222,44.267555,44.54402,44.575085,44.670708,44.465782,44.27912,44.931133,45.04384,44.69904,44.675037,44.457966,44.914814,44.754875
43.6674,43.306236,43.357864,43.208786,43.74861,43.46594,43.338596,43.39676,43.399666,43.48657,43.62953,43.64379,43.52487,43.494576,43.60835,43.780506,43.542934,43.579845,43.87757,43.655148,43.52505,43.41269,43.609756,43.69644,43.23773,43.627045,43.727627,43.66629,43.880157,43.7558,43.763435
46.20311,45.944897,45.414574,45.691223,45.983757,46.10944,45.74519,46.330715,46.19466,45.61108,45.704464,45.858433,45.74309,45.691025,45.916187,46.051186,46.1426,46.13012,45.96177,46.175415,46.276924,46.234447,45.92668,46.153793,46.226288,46.145584,46.101944,46.02786,46.40988,46.52131,45.942863
54.006336,54.41912,54.379295,54.270187,54.084206,54.531258,54.604393,54.49491,54.345993,54.775253,54.744583,54.614044,54.563225,54.240574,54.722534,54.118538,54.653454,54.33079,54.59882,54.699997,54.286297,54.373688,54.97442,54.5588,54.96634,54.875153,54.133045,55.100227,54.583427,54.707165,54.512447
52.298847,52.385254,52.488083,52.219482,52.368973,52.49838,52.340553,52.46467,52.68423,52.643883,52.66781,52.502113,52.355072,52.55174,52.573936,52.41923,52.4848,52.618607,52.741188,52.539032,52.61416,52.72299,52.659504,52.76204,52.659813,52.951447,52.643288,52.86792,52.82301,52.80336,52.63811
43.894444,44.528057,44.272903,44.927338,43.59474,44.23412,44.821426,44.620308,44.645844,44.60813,44.883163,44.276695,44.16033,44.561237,44.705658,44.746143,44.71411,44.90259,44.6176,45.064774,44.753803,44.63613,44.712067,44.380104,45.758015,45.288498,44.35758,45.35424,44.773983,44.69836,45.12997
47.67197,47.98759,47.518707,47.801773,47.13366,47.959457,47.361294,48.228718,48.125957,47.458157,47.440823,47.327236,47.639114,47.87316,47.80223,47.718513,47.66101,47.970165,47.70865,47.721523,47.814598,48.05689,47.256588,47.893402,48.331585,48.206985,47.706623,48.39226,48.519054,48.057518,47.9262
44.04204,43.714546,43.897095,44.211113,44.106613,43.910374,43.69125,44.033108,43.709274,43.60867,43.953415,43.81595,44.113316,43.82098,44.045578,43.967865,44.012253,43.754776,44.059185,44.234306,43.99719,43.873856,44.061638,43.905663,43.879364,43.954254,44.148117,44.039745,44.19329,44.296303,44.12273
45.28122,45.505592,45.224876,45.45643,45.206284,45.183678,45.16712,45.372963,45.528927,45.57634,45.23247,45.35313,45.40372,45.780396,45.613647,45.411854,45.464893,45.716625,45.51507,45.558903,45.826527,45.871605,45.46453,45.512383,45.78648,45.678993,45.670547,45.890923,45.79566,45.88699,45.85078
56.326775,56.243996,56.517525,56.711433,56.440918,56.609535,56.466316,56.767487,56.52819,56.587765,56.308125,56.532566,56.744804,57.0124,56.737907,56.588722,56.640114,56.666462,56.620846,56.393513,56.893356,56.95358,56.80829,56.798515,56.991825,56.76288,57.040783,57.025528,56.752598,57.18367,56.917484
42.8698,42.75734,42.964264,42.836433,42.95494,42.950077,43.02625,43.07689,42.809376,42.857803,43.02396,43.07042,43.146885,43.122467,42.855564,43.29921,43.131035,43.00263,43.198956,42.82039,42.78368,43.068832,43.24529,43.352882,43.0041,43.09626,43.26535,43.242344,43.042854,43.09398,43.23418
54.51667,54.715805,54.86689,55.08551,54.82669,54.922485,54.989296,55.030014,54.79377,54.99191,54.761463,54.888706,55.180607,55.024094,55.217705,54.929073,54.973442,54.89792,54.955215,55.03923,55.25193,55.09527,55.39161,55.09723,55.385387,55.051865,55.100407,55.36452,54.91024,55.413734,55.20088
54.30926,54.130196,54.176674,54.933964,54.51625,54.52998,55.169632,54.751835,54.288464,54.905163,54.766636,55.011208,54.826572,54.730274,54.713593,54.98514,55.061043,54.811413,54.6797,55.0495,55.041874,54.643707,55.30946,54.63614,55.36003,54.908928,54.915684,55.212715,54.531906,55.17885,54.99547
55.3804,55.433918,55.430214,55.4629,54.938545,55.236298,55.08332,55.503754,55.919086,55.432575,55.296707,55.58013,55.148945,55.872753,55.683983,55.618378,55.67675,55.983295,55.602867,55.55669,55.989292,55.752098,55.71099,55.455505,55.957386,55.735176,55.684673,56.047634,55.851994,56.13737,55.54153
46.05889,45.795883,45.80137,45.64297,45.969635,45.754284,45.795578,45.687042,46.111973,46.11266,46.387657,46.326527,45.70438,45.953777,45.849487,46.039776,46.148445,46.08212,46.205025,46.142094,46.146244,46.152668,46.26447,46.16626,45.877384,46.29103,46.221313,46.127293,46.523857,46.438366,46.04628
44.044052,44.29011,43.798424,44.111847,44.406525,43.883698,44.313618,43.984364,44.139225,44.32158,44.144215,44.386833,44.35543,44.109394,44.33792,44.640484,44.468983,44.17418,44.279057,44.72913,44.57799,44.261333,44.61299,44.579567,44.364502,44.336105,44.473057,44.48537,44.513306,44.68553,44.68429
39.57924,39.747276,40.00682,39.496464,39.684227,39.800243,39.422638,39.764355,40.097057,39.271137,39.82923,39.58146,39.835667,40.050827,39.6721,40.25766,40.03136,39.68546,40.013718,39.634773,39.496994,39.670944,39.92592,40.36312,39.81661,40.061905,40.15826,39.846725,40.154816,40.013355,40.125557
39.96197,40.090508,39.981537,39.63359,40.254585,39.871494,40.029358,39.723373,40.106834,40.091038,40.266903,39.9001,39.924774,39.959194,39.96334,40.308205,40.17989,40.066116,40.260567,40.28129,40.20183,40.48237,40.038086,40.527092,39.816936,40.416977,40.438534,40.128532,40.655926,40.174713,40.47934
47.524033,47.419804,47.5428,47.421597,47.90013,47.80896,47.58253,47.68223,47.772346,47.63655,47.643665,47.66039,47.775875,47.753036,48.054962,47.79,47.890785,47.807842,47.976303,47.841873,47.986805,47.754383,48.042046,48.119865,47.97835,47.836037,48.183907,47.72105,47.993755,48.21401,48.20132
40.314766,40.2964,40.597153,40.00839,40.55139,40.31643,40.44389,40.145508,40.172115,40.264317,40.49229,40.664917,40.627556,40.49529,40.508522,40.45604,40.454983,40.543392,40.757206,40.633244,40.244923,40.467594,40.958454,40.73211,40.65808,40.776794,40.7668,40.210926,40.258026,40.411716,41.084484
54.786106,54.479527,54.39141,54.058792,55.00511,54.72833,54.718307,54.744873,54.512947,54.73955,54.615025,54.383842,54.745483,54.432632,54.530746,54.925858,54.698406,54.520718,54.862396,54.326828,54.776215,55.38095,54.60341,55.36313,54.064896,54.542397,54.863983,54.938396,55.169632,54.88265,54.60153
47.009052,47.18807,46.86445,46.32752,47.314285,46.924152,46.695026,46.833557,47.177624,47.061295,46.548172,46.918312,47.14019,47.183598,47.119377,47.12311,47.03124,47.218227,47.197594,46.95774,47.31384,47.560066,47.031013,47.637413,46.795753,47.070923,47.4515,47.070667,47.347614,47.29205,47.35176
45.781914,46.145504,46.109734,46.066875,46.32215,45.668056,46.271374,45.84391,46.19616,46.218723,46.613007,46.235085,46.243347,46.11834,46.5768,46.686546,46.69779,45.776875,46.46803,46.64957,46.247463,46.176968,46.93715,46.92148,46.379414,46.459984,46.532997,46.51789,46.47186,46.832428,46.96311
44.515293,44.269913,44.52546,44.984337,44.739563,44.3519,44.541454,44.43303,44.421043,44.665573,44.96764,44.899883,44.87028,44.71213,44.481358,44.75836,44.801743,44.671146,44.994747,44.994926,44.578163,44.197865,45.131905,44.723053,44.84007,44.72252,45.021416,44.719776,44.643913,44.775158,44.994633
51.35944,51.293674,51.183006,50.965084,51.3945,51.370094,50.964706,51.24667,51.80315,51.13106,51.425926,51.227287,51.347763,51.37813,51.432518,51.59641,51.710667,51.41728,51.62881,51.473774,51.58335,51.44447,51.590942,51.984222,51.50845,51.46116,51.752724,51.37828,52.11792,51.941956,51.614716
57.246582,57.26415,57.187256,57.372284,57.189346,57.367363,57.24806,57.43969,57.31609,57.31176,57.49818,57.02343,57.35795,57.081013,57.353016,57.184795,57.165825,57.101772,57.439312,57.347675,57.475876,57.73781,57.42371,57.64885,57.54288,57.542076,57.279366,57.68815,57.962433,57.735214,57.45167
43.931564,43.849022,43.960754,43.82672,43.69429,44.086914,44.263462,44.307373,44.153267,43.83152,44.42418,44.116882,43.808147,43.97934,44.21691,44.70909,44.398064,44.170433,44.299606,44.178112,43.965916,44.04986,44.28973,44.329918,44.32811,44.50341,44.05025,44.65243,44.393074,44.379803,44.282978
43.04338,42.558815,42.96528,42.64054,42.95581,43.514076,42.909176,43.361736,43.29529,42.75086,42.822277,43.061245,42.704605,43.240955,42.59878,43.214977,43.13178,43.566074,42.960354,42.748787,43.3118,43.398926,42.701256,42.997284,42.91712,43.443398,43.571762,43.11953,43.31062,43.196857,42.67412
36.150143,36.36572,35.951298,36.431866,36.235367,36.685986,36.670734,36.83343,36.736004,36.67917,36.847416,36.596333,36.444214,36.493496,36.772728,36.770092,36.866173,36.797276,36.64361,36.93752,36.67894,36.367397,36.672783,36.6588,37.248684,37.08893,36.495255,37.11887,36.724987,36.947315,36.846466
51.282013,51.336746,51.217636,51.127975,51.294014,51.36478,51.17631,51.391064,51.417282,51.0708,51.163357,51.125656,51.345448,51.460392,51.147717,51.444775,51.1827,51.342213,51.533817,51.290897,51.37481,51.521812,51.595314,51.621613,51.797913,51.71852,51.43043,51.317295,51.49626,51.67009,51.688316
52.2983,52.18469,52.202232,52.627567,52.374283,52.054108,52.08459,52.232178,52.357506,52.166782,52.3351,52.245136,52.464764,52.363956,52.21529,52.57995,52.63185,52.3357,52.474678,52.75843,52.563232,52.25605,52.53278,52.462173,52.409935,52.40541,52.693245,52.582996,52.65459,52.66821,52.492195
51.514107,51.083847,51.531197,51.817795,51.567497,51.60506,51.60692,51.71321,51.396973,51.511345,52.066643,51.45744,51.47048,51.472733,51.649464,51.66738,51.417255,51.438618,51.857628,51.725883,51.650608,51.63456,51.731125,51.59983,51.733658,52.016098,51.694183,51.90361,51.851078,51.950153,51.840786
38.258762,39.014664,38.54911,38.479424,38.40126,38.3931,38.317215,38.467808,38.72025,38.648243,38.672977,38.656094,38.80619,38.732296,38.693707,38.49493,38.575657,38.2531,38.56022,38.805542,38.43287,38.69432,38.86933,38.921585,38.922604,39.119873,38.448093,39.009464,38.886936,39.047543,39.00137
43.724823,43.768265,44.017273,43.98755,43.62068,43.820225,43.50067,43.879562,44.26579,43.667713,43.83214,44.120308,44.016464,44.504128,43.79125,43.941498,44.272797,44.220943,43.90935,43.94994,44.134,44.11908,44.26466,44.11715,44.45357,44.253204,44.535507,44.013397,44.11374,44.46218,44.198986
42.77887,42.90351,43.120453,42.964317,43.123863,42.982094,43.161617,42.963264,42.989986,43.278923,43.537994,42.926456,43.1395,43.033253,43.507793,43.147385,43.263515,43.118397,43.52195,43.38809,43.054016,43.26463,43.21066,43.58316,43.230015,43.487,43.47339,43.479282,43.509182,43.16909,43.84031
50.465397,50.58415,50.798027,51.174564,50.806564,50.971092,50.672375,50.790558,50.59863,51.08546,50.61607,50.858932,51.196644,51.070045,50.917126,50.32071,50.71854,51.026493,50.82838,51.18783,51.13313,50.75525,50.954685,50.457176,51.253323,51.14956,51.049168,51.132217,50.757782,50.98751,50.989174
45.93235,46.321995,46.56842,45.936207,46.372612,46.53508,46.570724,46.355335,46.35465,46.21656,46.236702,45.994213,46.37818,46.317356,46.543842,46.67164,46.661125,46.357346,46.386745,46.506348,46.491005,46.792053,46.40011,46.75209,46.35259,46.790558,46.669353,46.697903,46.640568,46.43971,46.673462
40.371918,40.558594,40.660873,40.66481,40.17141,40.37931,40.314957,40.652924,40.795395,40.263393,40.28905,40.80989,40.177425,40.886894,40.1055,40.756943,40.868473,40.8761,40.472633,40.70062,40.558,40.410618,40.70956,40.232605,40.80113,41.055504,40.82118,40.88751,40.442787,40.746574,40.34077
41.982536,42.240566,42.485832,42.454247,41.767662,42.150387,42.05952,42.323677,42.30087,42.068436,42.077446,42.103756,42.137985,42.808937,42.17556,42.415665,42.11796,42.5976,42.271923,42.33197,42.298916,42.51586,41.998825,42.05443,42.65109,42.995308,42.517414,42.794605,42.379864,42.28854,42.687588
54.311043,54.252663,54.718758,54.64503,54.724075,54.52528,54.509724,54.527115,54.7044,54.575836,54.58983,54.83898,54.645832,54.997902,54.692146,54.92052,54.917614,54.76167,54.88586,54.970543,54.83247,54.242752,55.25473,54.582603,54.968395,55.08741,55.003056,54.852207,54.280735,55.102173,54.842567
48.561073,48.635185,48.428978,49.03762,48.452904,48.57524,48.915627,49.037746,48.47188,48.78863,48.745415,48.86843,48.759766,48.554386,48.736553,48.72,48.50082,48.80956,48.720398,49.020813,48.829556,48.934505,48.857315,48.71962,49.212395,49.161644,48.67637,49.322105,48.637592,48.888042,48.95558
41.569782,41.55615,41.312927,41.957848,41.330147,41.755123,41.26853,41.701527,41.797676,41.645935,41.602623,41.63931,41.860336,41.87149,41.594948,41.45805,41.576733,42.10499,41.593388,42.08085,42.028114,41.661476,41.36492,41.389854,42.163548,42.01419,41.8245,41.96507,42.128124,41.86237,41.830723
49.145393,49.72801,49.12976,49.237865,49.24443,49.558025,49.56175,49.627274,49.789906,49.220894,49.47496,48.78623,49.503643,49.009506,49.71349,49.81987,50.03288,49.407555,49.631588,49.839634,49.654114,49.65753,49.6807,50.1575,50.03092,49.498657,49.40943,49.814774,50.24354,49.784966,49.790127
46.234406,47.025787,46.186737,46.030975,46.365074,46.24421,46.137543,46.087334,46.805798,46.634613,46.63831,46.054268,46.455738,45.84651,46.729492,46.015453,46.492226,46.25641,46.603565,46.833645,46.699963,46.95436,46.600723,47.20304,46.634903,46.466644,46.339714,46.558308,47.544548,46.7604,46.77457
37.49532,37.811832,37.60711,37.794518,37.55182,37.268387,37.119537,37.317825,37.84271,37.524143,37.727013,37.614677,37.60972,37.841408,37.656704,37.522793,37.630413,37.603107,37.786125,37.98642,37.74271,37.63287,37.79458,37.808212,37.950672,37.987984,37.97535,37.666233,38.141773,38.0543,38.218666
49.8085,49.72884,49.71788,50.13933,49.681435,49.901157,50.111736,50.067757,49.909317,50.268074,50.298164,50.32494,49.94428,50.126957,50.162064,50.020863,49.93152,50.14505,50.197952,50.09643,50.164654,50.106876,50.316673,50.135445,50.592155,50.425743,50.162743,50.56091,50.38305,50.496555,50.46426
50.792175,50.936867,50.853043,50.76905,50.881744,50.993366,50.96203,50.840714,50.994305,50.999794,51.08588,50.91272,50.96075,50.88092,51.003647,50.865845,51.018932,50.889206,50.930614,51.2333,51.238213,51.417946,51.092808,51.19922,51.234093,51.47146,51.14249,51.20417,51.563732,51.409233,51.266495
56.60922,56.283146,56.27365,56.79662,56.61862,56.41786,56.45992,56.530914,56.43885,56.78107,56.51987,56.593155,56.656193,56.493664,56.84581,56.495605,56.624653,56.94052,56.98019,56.88427,57.017048,56.591415,56.797733,56.68126,56.83449,56.392876,56.958755,56.8666,56.998642,56.845695,56.90769
45.374447,45.739765,45.38504,45.75723,45.586517,45.63598,45.80517,45.62622,45.74578,46.00758,45.712242,45.78717,45.857113,45.51984,45.912064,45.722286,45.48112,45.972538,45.828518,45.94018,46.165108,45.936256,45.857857,46.14325,46.105606,45.767212,45.955708,46.06016,46.244625,45.884083,46.146534
44.55524,45.03897,44.987526,44.704834,44.976936,44.870426,44.875103,44.93278,45.24219,45.14598,44.843693,45.015514,45.053905,45.27503,45.415066,45.20561,45.21265,45.306328,45.1678,45.3557,45.32206,45.146114,45.24704,45.306572,45.29168,45.47618,45.311012,45.467037,44.88921,45.31217,45.440994
50.241932,50.162895,50.538467,50.09478,50.368874,50.484825,50.15543,50.165714,50.54194,50.24757,50.36792,50.322937,50.521065,50.71799,50.469383,50.527416,50.45988,50.63206,50.55724,50.48615,50.69338,50.64743,50.543987,50.62554,50.56244,50.75303,50.834866,50.431305,50.774303,50.717632,50.76171
51.437374,51.138294,51.78916,51.49664,51.08629,51.707188,51.660507,51.677063,51.60043,51.17454,51.840435,51.977108,51.517483,51.728085,51.503708,51.61505,51.891495,51.636627,51.655945,51.386272,51.46093,51.748985,52.235218,51.917328,52.283566,51.943985,52.05655,51.62843,51.99165,52.10405,51.91601
47.382,46.899845,47.057686,47.384666,47.282295,47.66336,47.485237,47.85591,47.285324,47.183033,47.53778,47.34849,47.434418,47.439037,47.484604,47.587948,47.564014,47.595512,47.62574,47.50129,47.380318,47.412613,47.478874,47.52603,47.932377,47.822914,47.625885,47.707317,47.48129,47.721096,47.753452
41.15747,41.004852,40.50908,40.810497,40.952934,41.060326,40.66908,41.020992,40.815884,40.75679,40.729412,40.865498,40.98114,40.868153,40.542507,40.779137,40.71868,40.937134,40.816154,41.130714,40.976776,41.138065,40.604492,40.75836,40.9907,41.340324,40.882336,40.99309,41.383442,41.134632,40.95861
50.36257,50.636127,50.47071,50.711857,50.632675,50.702488,50.869835,50.523293,50.7296,50.82901,50.859837,50.581814,50.818333,50.532055,51.11997,51.040485,50.705185,50.79394,50.84907,51.267834,51.234802,50.731003,50.918,50.932068,51.125175,51.013725,50.79334,51.124123,51.32115,51.10182,51.24535
60.37328,60.201717,60.234535,60.95722,60.417732,60.394997,60.314888,60.545044,60.29355,60.374634,60.205616,60.257935,60.866066,60.576836,60.754875,60.20053,60.322426,60.697247,60.501163,60.990513,61.086323,60.86315,60.597332,60.519325,61.26196,60.730774,60.93194,60.63903,60.656315,60.906868,61.13816
44.635643,44.535877,44.630295,44.76973,44.88253,45.107212,45.025894,45.00502,45.058594,45.20251,45.094776,45.077343,45.002907,44.94993,45.210304,44.924633,45.214836,45.41306,45.104046,45.109997,45.397163,45.214096,45.081573,45.324043,45.294834,45.09578,45.512077,45.24807,45.347073,45.24147,45.25991
42.134724,42.309223,41.65854,41.604885,42.068794,41.544373,41.944084,41.52977,41.882896,42.08452,42.12912,42.032616,41.88755,41.660484,42.189445,42.14876,42.04201,41.97957,42.285824,42.483536,42.18018,42.2721,42.23219,42.35167,42.011242,42.103493,42.008766,42.08832,42.76334,42.28061,42.614285
51.2824,51.096363,51.07807,50.909412,51.391983,51.265213,51.07614,51.07109,51.348804,51.52322,51.27157,51.38205,51.335884,51.51344,51.54798,51.3171,51.355885,51.68053,51.66347,51.517536,51.615707,51.43255,51.367115,51.511627,51.42123,51.574074,51.68196,51.517162,51.72905,51.604637,51.759087
43.728256,43.801792,43.83973,43.998356,43.73658,43.876842,43.95651,43.89467,43.68618,43.9477,43.78199,43.967365,44.171417,44.524284,43.655018,44.124626,43.930172,44.037445,43.92059,43.899628,43.87169,44.22696,43.825905,44.022606,44.305866,44.5401,44.358288,44.337933,44.207287,44.08658,44.572052
53.097366,52.952877,52.762535,53.50354,52.566307,53.314175,52.957188,53.619785,53.182964,52.810696,53.076736,53.180107,52.960632,52.850643,53.077477,52.82552,53.18216,53.27328,53.01539,53.57599,53.201424,52.876217,53.16339,52.69361,53.935394,53.59311,52.91521,53.56909,53.346153,53.510174,52.938988
40.766678,41.009613,40.93258,40.718414,40.99449,41.04797,41.058117,40.84148,41.066254,41.152718,41.367817,41.31182,41.117043,40.807335,41.27193,40.893547,41.216663,40.96797,41.099174,41.39083,41.153324,41.132965,41.510406,41.331696,41.288956,41.36432,41.11692,41.18035,41.40079,41.442333,41.301586
55.439667,55.135204,55.185112,55.502632,55.641228,55.49223,55.829163,55.29326,55.162754,56.167805,55.79574,56.080154,55.701912,55.72367,55.606148,55.40301,55.716785,55.710056,55.660877,55.942577,55.968098,55.740944,56.02149,55.365265,55.864376,55.991272,55.773403,55.984257,55.770008,56.08551,55.83522
51.93293,51.82595,52.329056,51.67281,52.307816,52.35152,52.415356,52.06108,51.956955,52.201813,52.202065,52.37864,52.30782,52.12943,52.170063,52.31036,52.513805,52.046932,52.10999,52.127953,52.307182,52.576363,52.569626,52.454124,51.8916,52.38082,52.495415,52.416267,52.36052,52.503754,52.085945
42.34318,41.380043,42.08333,42.00717,42.414627,42.31913,42.470715,42.33764,41.625748,42.03998,42.404312,42.41996,42.37063,42.431812,42.033447,42.72038,42.573235,42.51066,42.67501,42.15264,41.911114,41.991684,42.457245,42.19007,42.095535,42.313545,42.66591,42.30187,41.91459,42.100533,42.50944
53.55506,53.44738,53.760033,53.850407,53.513016,54.09955,54.2347,54.232296,54.095474,54.02264,54.463108,54.0878,53.834347,53.980988,54.143982,54.309895,54.20421,54.161808,54.242466,53.98159,54.00358,53.925213,54.380093,54.332993,54.64176,54.472153,54.083145,54.584038,54.15793,54.363747,54.239246
55.143494,55.008255,54.862083,54.992603,55.00718,54.998917,55.06327,55.295982,55.19871,55.02894,54.48297,55.42711,55.039597,55.37095,55.098816,55.54212,55.368343,55.47708,55.034008,55.035503,55.711098,55.434563,55.526432,55.151222,55.254234,54.980774,55.395264,55.546795,55.16144,55.805164,54.917686
50.240833,50.4113,50.62741,50.132908,50.45643,50.82605,50.711582,50.607826,50.777798,50.772186,50.589355,50.367073,50.54873,50.554596,50.882965,50.614265,50.683792,50.973904,50.7722,50.418114,51.034023,51.318226,50.626198,51.198547,50.712677,50.702187,51.043686,50.932137,51.221043,50.75739,50.844486
55.57194,55.540672,55.828682,55.424908,55.96089,55.726166,55.67169,55.478806,55.691086,56.011932,56.177696,55.81768,55.90362,55.36782,55.990597,55.57164,55.811543,55.40357,55.97476,55.791702,55.88001,56.001633,56.16696,56.30052,55.324627,55.680298,55.880253,56.01228,56.349365,56.143337,55.692585
33.40513,33.789684,33.555122,33.57863,33.68516,33.34281,33.81331,33.27283,33.413387,33.771244,33.71634,33.669037,33.755646,33.67804,33.621536,33.832394,33.9157,33.722584,33.6646,34.16103,33.762695,34.009182,33.623886,33.89605,33.70893,34.071514,34.128864,33.896835,34.164776,33.628952,34.377697
41.827362,42.196846,41.988907,41.701183,42.26571,42.14806,41.89645,41.991104,42.52455,42.390587,42.231693,42.389095,42.238598,42.352467,42.17737,42.06686,42.599567,42.090256,42.155315,42.18886,42.415516,42.365948,42.734566,42.572327,42.258823,42.34694,42.37273,42.32165,42.3693,42.90187,42.095863
39.422775,39.84717,39.4368,39.571903,39.434532,39.514076,39.704914,39.65715,39.918224,39.888927,39.52063,39.924416,39.830738,40.1952,39.788628,40.055565,40.03253,40.128613,39.72877,39.82269,40.04591,40.128857,39.868946,40.15863,40.242054,40.04406,40.20988,40.221127,40.135216,40.129257,40.32708
50.11242,50.107338,50.21499,50.58109,50.310204,50.08513,50.282074,50.26452,50.25009,50.3225,50.63963,50.533066,50.34022,50.109848,50.948948,50.515205,50.49569,50.138546,50.510433,51.00329,50.560833,50.06309,50.68291,50.505745,50.57416,50.662506,50.576473,50.859024,50.750095,50.948833,50.87921
54.566326,54.982025,54.961052,55.220932,55.258713,54.959145,54.967552,54.8425,55.19726,55.496822,55.173588,54.860123,55.542034,55.44367,55.604687,55.27482,55.0671,55.06299,55.395435,55.388424,55.64179,55.173363,55.51827,55.56201,55.504345,55.290947,55.37525,55.567635,55.361824,55.70708,55.791195
52.106228,51.88792,51.918663,52.145187,52.056053,52.135952,52.149094,52.188717,52.098164,52.04206,52.263634,52.282795,52.266224,52.22616,52.092983,52.48566,52.215782,52.24699,52.40086,52.360157,52.17026,51.979683,52.38501,52.37629,52.52675,52.49772,52.371754,52.43797,52.45229,52.445236,52.534798
52.13478,51.843586,52.097717,52.353806,52.382675,52.745827,52.647736,52.56438,52.222466,52.859127,52.617268,52.474945,52.726276,52.440952,52.586426,52.33604,52.395824,52.867657,52.74617,52.405144,52.692856,52.528637,52.53638,52.645645,52.743137,52.48606,52.712254,52.849964,52.63317,52.447784,52.633965
41.022568,41.423595,40.509346,41.061516,41.00106,40.3821,40.667747,40.72474,40.801228,40.89059,40.717827,40.647987,40.973755,40.85251,40.983795,41.12219,40.808216,40.778217,41.000183,41.575237,41.07796,41.18743,40.661148,41.0991,41.01936,41.313866,40.979572,41.312347,41.52958,41.17318,41.668697
51.96879,51.697212,52.2771,51.841846,52.27346,52.16579,51.818882,51.958702,52.048855,51.726555,51.817604,51.8279,52.058006,51.834404,52.083088,51.832466,52.140232,52.227962,52.198166,52.085068,52.394108,52.382458,52.263626,52.310013,51.889214,51.88552,52.66458,51.745823,52.2518,52.152763,52.036163
47.297825,47.479454,47.300117,47.069817,47.279488,47.559856,47.06755,47.66349,47.750668,47.28605,47.218018,47.18661,47.341877,47.508053,47.409042,47.59442,47.432117,47.46859,47.438732,47.27876,47.523876,47.66625,47.253853,47.672546,47.310307,47.68602,47.384678,47.907303,47.74056,47.77862,47.21713
53.54474,53.52785,53.864876,53.580692,53.594627,53.673584,53.874878,53.69021,53.66791,53.51544,54.092392,53.601692,53.525974,53.32703,53.99062,53.613476,53.917324,53.49997,53.912376,53.907864,53.829594,54.163303,54.2858,54.157425,54.098732,54.023506,53.94128,53.799507,54.207817,54.19512,54.119633
49.092392,49.102898,49.140327,49.490677,49.078354,48.974777,48.748203,49.158607,49.45433,49.114403,49.623924,49.128746,49.111618,49.100636,49.129456,49.01028,49.350903,48.98502,49.408146,49.471756,49.194458,49.099476,49.43387,49.435852,49.38965,49.46292,49.396294,49.44162,49.728878,49.67976,49.28995
33.70198,33.906204,33.733612,33.53381,33.852524,33.801414,33.955666,33.84201,33.792965,33.814507,33.719208,34.150166,33.817078,33.866615,33.833855,34.17348,34.06129,34.082874,33.88038,34.12368,33.890224,33.895893,34.00203,33.95363,33.8742,34.20783,34.07105,34.12971,33.883064,33.938255,34.063328
50.062595,50.266914,49.67108,50.128475,50.135597,49.810947,50.194397,50.05317,50.259777,50.50788,50.30952,50.175674,50.080494,49.905933,50.490685,50.373493,50.376137,50.39531,50.465298,50.745247,50.62777,50.313454,50.40914,50.478012,50.43231,50.275,50.234528,50.720303,50.66076,50.54386,50.527264
58.055965,57.70761,57.652733,57.963253,58.118126,57.925343,57.843388,57.775196,57.83337,58.181145,58.04123,57.831722,58.068466,58.00884,58.161224,57.916866,57.89562,58.246143,58.38895,58.42096,58.382473,58.047024,58.035618,57.973938,58.26858,58.242386,58.209663,58.162994,58.465427,58.26208,58.484478
36.496788,36.42079,36.403023,36.410854,36.362953,36.237312,36.382133,36.353687,36.248512,36.478004,36.26531,36.623577,36.440037,36.600365,36.181133,36.44152,36.28711,36.92879,36.52124,36.50893,36.570774,36.947792,36.211445,36.511276,36.368748,36.679222,36.9569,36.62193,36.683754,36.21917,36.771076
43.27384,43.245888,42.78398,43.4747,43.3667,43.054096,43.5836,43.32355,43.00017,43.844357,43.41227,43.604076,43.588593,43.369267,43.523163,43.619026,43.54648,43.70386,43.604805,43.832245,43.588886,43.404644,43.425167,43.449753,43.522953,43.449287,43.54429,44.05551,43.551167,43.427876,43.824883
48.12506,48.311718,48.21206,48.120308,48.12516,48.19965,48.06678,48.099537,48.68697,48.30482,48.529404,48.33337,48.03289,48.2861,48.01574,48.539143,48.306557,48.407288,48.620926,48.32118,48.364326,48.07967,48.583447,48.585533,48.4562,48.54049,48.37975,48.468433,48.867634,48.56079,48.29956
48.114708,47.595543,47.710556,48.4534,48.223145,48.005207,47.77632,48.0835,47.907055,48.000465,48.24378,47.968987,48.26159,48.03133,48.06021,47.97134,47.961227,48.212387,48.397198,48.44761,48.2148,47.84507,47.978416,48.156555,48.30447,48.204826,48.56651,48.112213,48.4254,48.222824,48.551613
53.555687,53.010952,53.21749,53.14417,53.303444,53.58436,53.27877,53.452587,53.427834,53.581196,53.49933,53.75888,53.4946,53.787094,53.52988,53.226696,53.528496,53.80945,53.654938,53.250385,53.75388,53.861588,53.796528,53.55516,53.84421,53.608017,53.779648,53.578384,53.832455,54.075764,53.66037
44.556564,44.93629,44.632904,44.96999,44.773476,44.312862,44.565205,44.521767,44.658207,44.667664,44.637527,44.67728,45.107803,44.47977,45.15173,44.70146,45.11094,44.75519,44.88963,45.455967,44.951546,44.818665,45.015907,45.235596,44.994877,44.61522,45.218258,44.96131,45.188545,44.8968,45.41086
50.000416,49.898987,49.816177,50.447006,49.78338,49.78659,49.716553,49.946926,50.10581,49.9046,49.884857,50.082302,50.033257,50.23632,49.404083,50.14411,50.094906,50.390366,50.23958,50.20722,50.09986,49.65146,50.17937,49.8599,50.39309,50.071136,50.291767,50.156136,50.215862,50.020435,49.979847
37.54035,37.888557,37.572556,37.162968,37.662308,37.304108,37.14192,37.087917,37.68557,37.586674,37.00552,37.421005,37.676445,37.913204,37.874878,37.562534,37.438206,38.09479,37.62824,37.837082,38.219875,38.300213,37.360424,37.79863,37.5195,37.674423,38.129456,37.54872,38.12109,37.73847,38.25773
51.98283,52.15294,52.620308,52.128773,52.192314,52.707455,52.44094,52.516727,52.54718,52.287224,52.29882,52.242153,52.49422,52.540424,52.777824,52.317493,52.598892,52.693207,52.51914,52.415413,52.720844,52.81655,52.766323,52.723686,52.96466,52.729668,52.778915,52.59834,52.547733,52.73132,52.735004
51.92992,51.919693,51.81823,52.11958,51.955116,51.75403,51.819477,51.94513,51.76526,52.004833,52.185936,51.636055,51.938206,51.79717,51.919407,51.894478,51.867294,51.74149,52.178173,52.307564,51.92111,52.083862,51.90716,51.93525,51.960133,52.368217,51.836742,52.41039,52.260685,52.117523,52.150997
40.009125,39.78439,40.039864,39.919773,40.386253,40.160095,39.83165,39.84843,40.128803,40.045845,39.96589,39.98787,40.388844,40.293385,40.29127,40.26513,40.05598,40.5083,40.26972,40.263863,40.613697,40.424522,39.88877,40.499146,39.914787,40.09111,40.927013,40.019073,40.637074,40.20825,40.64395
54.614594,54.19627,53.890953,54.55419,54.679306,54.358677,55.05166,54.46962,54.33558,54.931595,55.048763,54.94241,54.607254,54.21075,54.658684,55.249126,55.07923,54.591946,54.754097,55.113476,55.046253,54.594543,55.020763,54.83352,54.572956,54.56804,54.6893,55.210865,55.22955,55.168274,54.698387
44.583412,44.855984,44.31214,44.70723,44.547043,44.38949,44.70544,44.48668,44.63758,45.16914,45.10057,44.920135,44.72194,44.449722,45.260704,44.370354,44.993904,44.837856,45.004463,45.455463,44.950207,44.820217,45.115112,44.842117,45.276115,44.998672,44.689846,45.19255,45.2713,45.14256,45.317158
35.106285,35.337177,35.107685,35.508316,34.830757,35.264297,34.854084,35.3545,35.493668,35.2544,35.346394,35.375397,35.3822,35.573692,35.430187,34.795746,35.06853,35.504414,35.086052,35.452198,35.586315,35.834324,35.1112,35.37065,35.965485,35.834236,35.610416,35.545723,35.877174,35.79297,35.816303
57.10735,56.88406,56.96662,57.167393,57.261917,57.239292,57.19824,56.997166,57.020355,57.403126,57.249847,57.331913,57.38185,56.903355,57.230152,57.015175,56.97036,57.3045,57.28792,57.39041,57.661236,57.380943,57.388878,57.35473,57.21436,57.134766,57.419727,57.333565,57.73207,57.43647,57.238117
57.093422,57.016525,56.80458,56.887726,57.23369,56.86508,57.05414,56.690567,57.34804,57.498734,57.526093,56.960854,56.966637,56.7852,57.520195,57.20204,57.23971,57.359253,57.497204,57.601536,57.90726,57.66714,57.26063,57.68026,57.120598,57.151093,57.506584,57.39106,58.244446,57.611183,57.556507
56.149124,56.191,55.811424,56.163826,56.22368,56.096004,56.558975,56.27506,56.256084,56.728508,56.496346,56.2415,56.056854,56.13326,56.32055,56.371685,56.42716,56.6214,56.694683,56.69224,56.619648,56.51579,56.618076,56.4262,56.81116,56.70359,56.29031,56.774277,56.474575,56.510548,56.603146
46.19607,46.33691,45.8919,46.05422,45.935753,46.054035,46.38768,46.367016,46.293407,46.593857,46.059326,46.400425,46.123505,46.476585,46.572136,46.295628,46.6028,46.91808,46.444935,46.43563,46.77432,46.931934,46.59261,46.34397,46.873302,46.4131,46.40597,46.83912,46.42126,46.680355,46.610287
43.18568,42.90515,43.30558,43.432014,42.933273,43.440735,43.079067,43.556366,43.279125,43.115173,43.424526,43.64594,43.429707,43.47333,43.420773,43.11037,43.27996,43.542934,43.420696,43.242558,43.20868,43.219692,43.51671,43.372017,43.772266,43.542183,43.61399,43.55555,43.423267,43.582535,43.519287
45.606857,46.628395,46.16237,46.262745,45.928368,45.948097,46.063293,45.875984,46.44028,46.497433,46.24928,46.208855,46.396137,46.118168,46.55941,45.86957,46.21249,46.242702,46.276543,46.824635,46.454044,46.27946,46.552837,46.604553,46.93205,46.662857,46.333725,46.579388,46.66764,46.437836,46.854736
49.76879,49.663906,49.716377,49.305943,49.796585,49.936268,49.942062,49.75062,49.80386,49.91109,49.81342,49.76163,49.72843,49.82574,49.753292,49.8285,49.81638,50.135628,50.02349,49.700935,50.11488,50.465343,50.03119,50.124733,49.992214,50.056885,50.048794,49.88432,50.168472,50.014618,50.022785
52.036076,52.16125,52.37348,52.031204,52.68577,52.34167,52.276028,52.00038,52.570614,52.745262,52.548546,52.39168,52.515095,52.587337,52.60114,52.33954,52.450947,52.581493,52.760838,52.557823,52.82715,52.662792,52.7872,52.964233,52.556465,52.69419,53.003384,52.414997,52.71071,52.75865,52.938126
54.3033,54.36832,54.834503,54.326817,54.75505,54.381172,54.432877,54.14848,54.551277,54.785534,54.546757,54.467827,54.88775,54.74118,55.120216,54.68219,54.767044,54.850765,55.03799,54.69414,54.967358,54.915176,54.889416,55.23555,54.441452,54.388283,55.296303,54.79401,55.054363,54.714016,55.212837
41.35932,41.44991,41.078316,41.083126,41.515465,41.699688,41.48357,41.47298,41.61448,41.351414,41.54095,41.24859,41.582745,41.1388,41.38385,41.44016,41.744125,41.521175,41.361134,41.742764,41.815,41.982353,41.491436,41.900368,41.674587,41.658455,41.682594,41.42739,42.132656,41.792717,41.59321
47.998856,47.48229,47.8304,48.048183,47.98192,47.8989,48.010464,48.072533,47.49079,47.700226,47.866856,47.83606,47.95832,47.88095,47.937244,48.293404,47.75441,47.896088,47.928467,47.956516,48.13441,48.250748,47.771046,47.86496,47.640667,48.054222,48.163338,48.30299,48.147865,48.146683,48.07931
47.910503,47.674503,47.832,47.323093,47.928925,48.194996,47.999462,47.978695,47.79081,47.797688,47.869877,47.425117,47.872707,47.706993,47.613815,48.0448,47.78807,48.104275,48.1208,47.50524,47.900787,48.601276,47.523952,48.427193,47.56267,47.955154,48.186874,47.99607,48.55081,47.632885,47.965252
41.788246,42.060135,41.586876,41.560974,41.748627,41.440144,41.719105,41.45391,41.91074,41.85108,42.265266,41.819286,41.680683,41.517906,42.252346,42.021618,42.06151,41.60764,42.15175,42.29958,41.923832,41.921474,42.2252,42.32386,42.03499,42.013733,41.82261,42.06707,42.75782,42.40186,42.51422
51.160492,51.15548,51.12847,51.378517,50.934563,51.381752,51.474842,51.67477,51.187157,51.17496,51.453342,51.11482,51.127937,51.344173,51.258423,51.42086,51.42226,51.33516,51.57397,51.42781,51.094883,51.283173,51.57464,51.227272,52.061554,51.937927,51.103996,51.805305,51.31583,51.56386,51.60754
53.286728,53.352554,53.134514,53.89287,53.42991,53.4322,53.39246,53.654667,53.499813,53.48098,53.4038,53.391293,53.809162,53.47379,53.601536,53.520573,53.537865,53.567738,53.62579,53.832165,53.803288,53.452473,53.740738,53.784004,54.10949,53.56987,53.78268,53.81879,53.7668,53.888874,53.89461
50.401283,50.772343,50.669197,50.764957,50.73555,51.03409,51.163845,51.08689,50.94935,51.302204,50.8523,51.019966,50.94586,51.012756,51.094513,50.923832,51.032288,51.21718,50.96117,51.138336,51.215237,51.124203,51.115265,51.067657,51.436615,51.471664,51.066765,51.58175,50.867657,51.15502,51.125652
39.93471,39.97782,39.534294,39.99803,39.60019,40.027977,40.22363,40.49774,40.175667,40.20664,40.33428,40.10707,39.831875,40.2774,40.061802,40.403763,40.258938,40.481342,40.295734,40.25527,39.99275,40.253414,39.951344,40.205986,40.785294,40.868347,40.066956,40.865963,40.226585,40.285946,40.53551
56.96543,56.71417,56.66896,57.308098,57.151268,56.978264,56.909565,57.181965,57.064587,57.06511,56.72551,57.276146,57.268337,57.19333,57.082767,57.311443,57.278778,57.222298,57.12464,57.23552,57.555225,56.879612,57.467712,57.165344,57.299816,56.87577,57.46364,57.39164,57.15625,57.689922,57.048042
47.61044,47.33979,47.53215,47.348225,47.62744,47.42899,47.197254,47.40691,47.546806,47.225224,47.513973,47.33099,47.339737,47.494106,47.27372,47.388657,47.6163,47.423477,47.603287,47.474957,47.698414,47.9272,47.76813,47.609253,47.433273,47.61251,47.785786,47.32406,47.82669,47.97018,47.48655
59.846897,59.618015,60.247215,60.214817,60.16703,60.12734,60.109707,60.062267,59.957577,60.074528,60.205887,60.06263,60.268696,59.99359,60.170876,60.034412,60.215004,60.139194,60.34341,60.268383,60.26648,60.144314,60.42854,60.381386,60.198547,60.20661,60.61035,60.288322,60.267906,60.23179,60.27085
58.37626,58.56012,58.713165,58.075077,58.492493,58.713654,58.52696,58.526474,59.037415,58.665977,58.783062,58.65946,58.551327,58.48462,58.952522,58.690697,58.889603,58.81214,58.970676,58.70659,58.852222,58.832558,59.07802,59.33145,58.87794,58.84015,58.918167,58.883583,59.202232,59.014843,58.81677
43.89472,44.067505,44.158897,43.532677,43.862617,44.162342,43.649548,43.973946,44.478508,43.923122,43.83619,43.970406,43.96962,44.533092,44.246937,44.021095,44.091373,44.498444,44.191624,43.967274,44.340046,44.61144,43.97715,44.47454,44.401493,44.583664,44.62188,44.150517,44.565414,44.431236,44.595108
60.697735,60.78992,61.061005,60.81422,60.974236,60.999527,60.905888,60.749607,61.168568,61.16227,61.433727,61.060196,61.36642,60.975716,61.184788,60.759697,61.34294,60.888744,61.28727,61.17964,61.157948,61.24984,61.72195,61.733078,61.46286,61.185753,61.378418,61.1099,61.51501,61.51632,61.375713
49.631386,49.124184,49.529037,49.901924,49.436783,49.9218,49.792957,50.03333,49.388584,49.514374,49.67763,49.835136,50.000565,49.764618,49.57696,49.820515,49.600933,49.998333,49.804585,49.571,49.68736,49.70578,49.73013,49.78109,50.02484,49.74745,50.014843,50.01066,49.795177,49.6966,49.848576
49.0836,48.850597,49.163734,48.954323,49.206352,49.100845,49.075447,48.900185,48.880665,49.107155,49.09193,49.28716,49.295635,49.049126,48.94417,49.08001,49.28268,49.165333,49.159275,49.175438,49.24443,49.336037,49.3105,49.247154,48.836716,49.063538,49.498985,49.202686,49.480247,49.219913,49.069202
55.993725,55.807068,55.821663,56.033195,55.880714,55.971367,55.725037,56.00765,55.989227,55.873302,56.07926,55.65352,56.139446,55.638187,56.287735,55.705948,55.725746,56.014862,56.236843,55.99073,56.3333,56.4452,56.108837,56.49256,56.228863,55.752274,56.179916,56.05298,56.713703,56.32158,56.305416
47.50811,47.248524,47.551422,47.631336,47.41635,47.625587,47.650097,47.527523,47.185127,47.55369,47.42479,47.79975,47.832005,47.762745,47.776463,47.441864,47.556065,47.871056,47.57499,47.763138,47.840744,47.939156,47.677876,47.5188,47.94016,47.82361,48.034214,47.796535,47.871685,47.787533,48.112106
46.28398,46.420296,46.1707,45.85961,46.547005,45.86607,46.223404,45.763573,46.213837,46.533443,46.35973,46.49532,46.444435,46.251347,46.463825,46.464924,46.63192,46.311916,46.62499,46.570194,46.46277,46.603504,46.696682,46.957542,46.098274,46.229187,46.779545,46.415184,46.938408,46.57738,46.876877
58.2703,58.31004,58.329994,58.527557,58.381966,58.44922,58.73818,58.45016,58.50761,58.678112,58.9249,58.18263,58.299934,58.17551,58.685524,58.67855,58.32817,58.387478,58.793415,58.575672,58.91511,58.934692,58.788387,58.92932,58.80314,58.718636,58.523724,58.91274,59.279716,58.96815,58.85248
43.679855,43.321507,43.631638,43.859623,43.365173,44.10018,43.827156,44.24745,44.035477,43.70895,44.02885,43.796143,43.55953,44.114296,43.551918,44.23028,43.793747,44.40106,44.012634,43.64512,43.90709,43.86033,43.558334,43.781143,44.17825,44.35562,44.053383,44.3625,44.050632,43.883686,43.80621
53.285244,53.704987,53.525093,53.708256,53.595284,53.391174,53.782246,53.435825,53.39008,53.771263,53.852024,53.31566,53.91179,53.314575,53.698162,53.690323,53.733494,53.349346,53.862297,54.023052,53.60479,53.70133,53.988293,54.001884,53.845295,53.760597,53.526367,54.03445,53.936462,53.67298,53.999474
49.845406,49.381203,49.388184,50.177074,49.518105,49.59721,50.168625,50.029522,49.328815,49.756546,49.755424,49.98504,49.871025,49.95104,50.060047,50.402885,49.914074,50.147594,49.96956,50.07876,50.165623,49.916847,50.086353,49.63536,50.36032,49.89676,49.950657,50.444786,49.910152,50.22269,50.356922
51.799866,51.260845,51.572655,51.886463,52.049744,51.936985,51.927673,51.817047,51.32121,51.937607,52.014744,51.745014,52.30839,51.627453,52.145584,51.628418,51.604786,51.90804,52.07733,52.00891,52.129482,52.163845,51.984898,52.08699,51.96837,51.75567,52.158897,51.88824,52.05575,51.982986,52.340664
36.841312,37.144966,36.67447,37.190926,36.862404,36.61369,36.776596,36.84308,37.062653,36.908264,37.102936,36.819702,36.991764,37.16795,37.189217,37.305504,37.18355,36.994656,37.133144,37.55847,37.225864,36.97119,37.180946,37.012245,37.476177,37.375732,37.02803,37.331364,37.330135,37.51756,37.646553
50.472057,50.8375,50.71234,50.719284,50.86502,50.87398,50.8181,50.835487,50.991386,51.18163,50.575264,50.792377,51.35014,51.178448,51.33782,50.948742,51.15256,51.287422,51.114635,50.94794,51.388325,51.20467,51.30099,51.422913,51.320297,50.69512,51.28194,51.275345,51.0307,51.22905,51.32777
43.276756,43.770004,43.608757,43.137745,43.62207,43.296097,43.3596,43.18744,43.556107,43.471558,43.65422,43.19331,43.648376,43.515255,43.900883,43.810005,43.721706,43.20636,43.829044,43.784164,43.41348,43.68768,43.64084,44.193825,43.453243,43.83783,43.727768,43.82704,44.221397,43.80055,44.3014
37.50358,37.326584,37.39408,37.89313,37.54384,37.277924,37.572327,37.565628,37.303776,37.567127,37.52483,37.998825,37.818794,37.68569,37.75857,37.828926,37.72857,37.88447,37.751205,37.86674,37.738625,37.469437,37.86007,37.73104,37.76224,37.46837,38.135654,37.877464,37.66612,37.74392,38.088654
52.315792,52.21679,52.173813,52.229008,52.258133,52.406254,52.501926,52.366314,52.389782,52.47366,52.806725,52.46011,52.40761,52.263405,52.367374,52.566868,52.33495,52.326157,52.55799,52.512196,52.513714,52.67445,52.602173,52.771584,52.64108,52.828476,52.43821,52.75372,52.989933,52.79139,52.678707
55.571526,55.26974,55.41475,55.387592,55.567,55.664234,55.50143,55.689312,55.690838,55.245045,55.695103,55.17848,55.414783,55.468834,55.680874,55.79361,55.787624,55.622524,55.923367,55.72092,55.73864,55.75967,55.76486,55.960266,55.97673,55.875916,55.883064,55.62246,56.071613,56.006596,56.00763
50.526615,50.77178,50.440193,50.70418,50.7862,50.526573,50.751213,50.401485,50.59754,51.103333,51.00447,50.830605,51.15219,50.74679,51.34846,50.60261,50.96133,50.59407,50.922523,51.286976,51.116272,51.064575,51.216324,51.227043,51.27292,50.975334,50.994274,51.10097,51.474045,51.447697,51.65761
52.637634,53.02284,52.75689,52.56029,53.048706,52.76687,53.01186,52.459824,52.95584,53.41079,53.05377,53.331947,53.002544,52.6758,53.172894,52.684658,53.164253,52.935715,53.094078,53.36484,53.31519,53.053295,53.625088,53.319176,53.154716,53.0569,53.14747,53.09713,53.4539,53.399837,53.19533
45.42155,45.340275,45.43876,45.227524,45.57975,45.792576,45.219757,45.617764,45.864094,45.38958,45.561413,45.503853,45.50094,45.836823,45.527294,45.50858,45.65533,45.748745,45.738087,45.675053,45.683273,45.550198,45.714153,45.67772,45.982613,46.157516,45.84131,45.529446,45.67978,46.0177,45.800694
53.115643,53.206383,53.281876,53.268154,53.284477,53.45053,53.701687,53.458588,53.357723,53.71449,53.759197,53.137714,53.353485,53.140453,53.49479,53.44509,53.369392,53.626766,53.79199,53.465168,53.58652,53.8286,53.55182,53.849716,53.649605,53.64058,53.51049,53.859688,53.79395,53.355,53.6691
50.73599,50.83449,50.854355,51.031494,50.8006,50.78256,50.984276,51.09146,50.900745,50.74195,50.435696,51.0879,51.03973,51.04115,51.035328,51.122078,51.499275,51.159576,50.798615,51.137547,51.386074,51.245808,51.5041,51.03373,51.30942,50.81658,51.352818,51.253872,50.840954,51.464493,50.95096
56.487938,56.45408,56.496246,56.39057,56.068893,56.666985,56.23078,56.81989,56.557358,56.30854,56.390594,56.471443,56.521313,56.915485,56.271805,56.411915,56.590595,56.41557,56.581802,56.25003,56.222965,56.579056,56.763863,56.383255,57.01201,57.03811,56.2354,56.99009,56.576927,57.01973,56.40182
55.64432,55.951153,55.792084,55.72322,55.671913,55.484444,56.18916,55.714058,55.765404,56.281727,56.14047,56.37661,55.929417,56.054478,56.204926,56.162006,56.457317,55.79336,56.133392,56.188187,55.95483,56.05496,56.833454,56.21721,56.380962,56.250656,55.90394,56.64198,56.070393,56.597015,56.336838
53.45123,53.187675,53.35427,53.404522,53.49874,53.73474,53.686897,53.716644,53.42255,53.49572,53.454826,53.626774,53.627815,53.560406,53.976463,53.81409,53.68823,53.687893,53.613983,53.702152,54.014214,53.76016,53.893448,53.600365,53.843937,53.687454,53.67556,53.9553,53.79005,54.1961,53.754196
40.702583,40.587112,41.29457,40.85356,41.225708,41.31129,41.067066,41.06456,41.123672,41.03516,41.28306,41.02141,41.093616,41.54505,40.741657,41.443012,41.100075,41.173126,41.300125,40.84711,40.958366,41.08187,41.06467,41.33338,40.951664,41.704674,41.652454,41.23564,41.07583,41.099514,41.309307
34.407238,34.49598,34.362606,34.295856,34.332554,34.42556,34.88752,34.661575,34.447273,34.413395,34.705215,34.724228,34.496925,34.500847,34.465454,35.227516,34.815437,34.841896,34.73566,34.756214,34.383194,34.653717,34.608364,34.950184,34.736492,34.968735,34.807064,34.988403,34.72292,34.422073,35.032246
51.40114,51.634716,51.72091,51.386837,51.582787,51.467712,51.574463,51.361927,51.73688,51.463448,51.65056,51.461094,51.605648,51.500717,51.84539,51.949696,51.957867,51.683643,51.89165,52.021793,51.82861,51.625305,52.015522,51.95102,51.76748,51.77706,51.832504,51.813797,52.02799,51.864807,51.95478
45.62404,45.134365,44.935944,44.71784,45.554817,45.464317,45.287342,45.444138,45.28501,45.28862,45.439667,45.10686,45.154976,44.9898,45.39688,45.682594,45.219204,45.509983,45.748062,45.244022,45.415985,45.647247,45.052383,45.779907,44.89759,45.33943,45.424526,45.525887,45.99697,45.413445,45.463
48.509216,48.39933,48.248726,48.426598,48.19802,48.583305,48.3943,48.849625,48.708252,48.520863,48.49295,48.541096,48.297653,48.92393,48.45115,48.705917,48.74365,48.80897,48.7095,48.45978,48.604053,48.684483,48.660908,48.467354,49.047783,49.037796,48.540646,49.078415,48.696457,49.071198,48.627056
42.002495,42.1828,41.26986,42.10968,41.90355,41.926918,41.94936,42.261177,41.943386,42.033195,41.661083,41.638256,42.157764,41.872555,42.17156,42.2335,41.81999,42.223408,42.064117,42.221535,42.437454,42.332935,41.79034,42.209015,42.40355,41.933853,41.914825,42.45979,42.48744,42.308193,42.411587
40.751442,41.21641,40.742493,41.032013,40.582405,40.47822,40.906403,40.830048,40.88815,41.2866,40.913868,41.57384,41.051918,41.55044,41.090637,40.97871,41.169872,41.07563,41.02775,41.19209,40.946167,41.105877,41.507526,41.0511,41.722137,41.54406,41.119957,41.600662,41.052895,41.584053,41.694027
50.908714,50.33923,50.5363,50.790947,50.73742,50.636814,50.88737,50.661392,50.41789,50.80535,50.935383,50.84106,50.753563,50.695705,51.016964,50.950085,50.585255,51.108765,51.205536,50.92034,50.996822,51.025497,50.72456,51.08297,50.97026,50.87771,51.341343,50.973072,51.503563,50.86885,51.604916
48.2146,48.328,48.10885,48.495014,48.42144,47.941917,48.247833,47.827568,47.853386,48.434322,48.605743,48.485825,48.5855,47.787457,48.431328,47.946236,48.06336,47.961433,48.439884,49.040337,48.353413,48.110603,48.714317,48.306847,48.449398,48.456207,48.21375,48.326286,48.66661,48.454323,48.752308
53.746807,53.823635,53.34944,53.90692,53.88698,53.971233,54.05273,54.040592,54.053673,54.292492,54.07374,53.63209,53.99449,54.018036,54.401924,53.917522,54.192513,54.29046,54.222145,54.47438,54.573887,54.418476,54.114353,54.212578,54.852947,54.434532,54.14662,54.40516,54.422367,54.558147,54.69128
41.016926,41.252377,40.94436,40.890457,40.904236,40.87833,40.701935,41.122723,41.107544,40.51232,40.92716,40.832054,40.908283,40.702797,40.846104,41.14093,41.302135,40.747246,41.065807,41.30951,40.697433,40.812943,41.1397,41.151375,41.013947,41.210358,40.889236,41.167713,41.25078,41.18924,40.951427
59.772354,59.57834,59.735985,59.675266,60.10135,59.99334,59.551285,60.076504,60.118603,59.731525,59.84744,59.554302,60.051613,59.98925,59.839912,60.120407,60.01318,59.694218,60.16667,59.66787,59.984303,59.9512,60.150417,60.471977,59.844456,59.91011,60.119297,60.099045,60.058468,60.441402,59.843594
42.633743,42.99963,42.220192,42.642586,42.62687,42.569477,42.61627,42.947495,42.968212,42.84304,42.716137,42.60538,42.78853,42.819935,43.1551,43.26132,42.690216,42.778217,42.906116,42.995228,43.064487,42.925293,42.804897,43.12504,43.08276,43.04007,42.53811,43.472057,43.120716,43.396214,43.19601
52.655586,52.39951,52.68824,53.02697,52.667625,53.184273,52.7679,53.020477,52.816334,53.0827,53.422928,52.90411,53.02216,52.52119,52.816357,52.442707,52.732975,52.861183,53.020245,53.011467,52.896164,52.661808,53.001747,52.752785,53.002277,53.03675,52.642395,53.262386,53.161663,53.001,52.46706
37.770885,38.232327,37.995995,37.96859,38.067093,37.7177,37.693214,37.7684,38.140923,37.98033,37.739597,37.911003,38.12676,38.310944,37.73142,38.052464,38.251236,38.210243,38.244354,38.174736,37.984196,37.9764,38.24533,38.28048,38.213062,38.13488,38.440792,38.008644,38.072384,38.001526,38.38018
50.436947,50.462807,50.411964,50.688232,50.429802,50.44716,50.847958,50.470726,50.522038,50.824448,50.915653,50.949207,50.70857,50.61427,50.632614,50.899113,50.74206,50.79102,50.74644,51.065605,50.857147,50.69481,50.92205,50.793526,51.003613,51.07424,50.83723,51.115784,51.024464,50.889088,51.025402
44.24029,44.459667,44.47106,44.29948,44.216454,44.631756,44.485516,44.60432,44.764477,44.46839,44.700268,44.485798,44.450813,44.29227,44.323494,44.61566,44.719795,44.66633,44.500854,44.569473,44.54679,44.743004,44.422974,44.90069,44.488327,44.772697,44.70533,44.93591,45.0695,44.51131,44.33863
41.93053,41.84214,41.847992,42.075863,42.087112,41.898724,41.82869,41.990093,42.0241,41.798306,41.59625,42.00668,42.093758,42.38321,41.957806,42.131935,42.24816,42.368675,42.01349,42.20438,42.49878,42.316105,42.285713,42.028313,42.414986,42.12745,42.611996,41.939957,41.99801,42.46398,42.39479
39.99136,40.049793,39.89895,39.842705,40.175995,40.025616,39.862328,39.986286,40.18031,40.070427,40.12706,39.88398,40.07192,40.114132,40.137947,40.263603,40.1243,40.168472,40.236057,40.245224,40.277084,40.333744,39.944546,40.37181,39.960262,40.32833,40.344,40.307217,40.563084,40.31622,40.380512
38.10868,38.043755,38.530037,38.189636,38.390404,38.450638,38.25665,38.182053,38.082195,38.09209,38.066753,38.39114,38.681854,38.646107,38.07308,38.408592,38.6411,38.48356,38.31496,38.271767,38.268795,38.3976,38.487144,38.40203,38.247955,38.35755,38.91077,38.2593,38.369286,38.271877,38.49709
38.61438,38.291946,38.22847,38.34451,38.23771,38.52316,38.357548,38.79795,38.621265,38.526867,38.83758,38.810577,38.194572,38.71866,38.172318,38.70158,38.442863,38.644447,38.69535,38.19879,38.30522,38.61151,38.507603,38.575287,38.56456,38.970177,38.50382,38.9718,38.78347,38.877686,38.426735
51.458405,50.72042,51.380035,51.642216,51.30876,51.80517,51.506634,51.840088,51.547028,51.31698,51.84223,51.8745,51.462803,51.74857,51.52958,51.663723,51.580338,51.797386,51.64028,51.553047,51.70803,51.46077,51.735542,51.518654,52.035248,52.066162,52.009995,51.768658,51.674126,52.07669,51.718082
52.464043,52.143883,52.290314,52.39186,52.37744,52.379272,52.68146,52.26051,52.25672,52.3961,52.414505,52.57696,52.56799,52.640408,52.22315,52.884422,52.59588,52.85528,52.626747,52.644344,52.83622,52.719524,52.78035,52.530724,52.80996,52.636665,52.844425,52.54391,52.759586,52.63869,52.835545
45.055687,44.94709,45.17794,45.008564,45.15644,45.184425,45.0364,45.18882,44.86223,44.659958,44.871548,44.92295,45.210735,45.133533,44.91637,45.20508,45.054443,45.037678,45.203217,45.14789,44.9212,45.177307,45.152973,45.234634,45.245304,45.442673,45.403896,45.05244,45.15864,45.125725,45.4702
55.60344,55.940083,55.933014,55.8919,55.84807,56.005795,55.93532,55.95088,55.95683,56.056984,55.893166,55.916748,56.190468,56.09312,56.23868,55.8522,56.09075,55.91678,56.15718,56.170273,56.107056,55.953056,56.59168,56.11496,56.614975,56.271065,55.91999,56.286827,55.97818,56.460663,56.293613
42.1293,42.24707,42.23632,41.886223,42.11036,42.418518,42.407917,42.37829,42.35814,42.23426,42.319824,42.442635,42.117817,42.31878,42.47912,42.36616,42.590576,42.5076,42.221127,42.638798,42.513054,42.711983,42.431026,42.30291,42.61162,43.00099,42.435593,42.65855,42.48858,42.68754,42.512856
35.3277,35.569393,35.668865,35.233677,35.575584,35.43933,35.32013,35.28554,35.432503,35.402817,35.25086,35.646492,35.540062,35.864826,35.332188,35.73424,35.482502,35.56819,35.559105,35.53193,35.422,35.486362,35.540947,35.51017,35.33293,35.908607,35.799824,35.646965,35.594288,35.57871,35.773243
37.146275,37.458393,37.955276,38.07912,36.98786,37.579044,37.56258,37.79287,37.573498,37.46597,37.68848,37.855515,37.74603,37.918797,37.866905,37.221252,37.772404,38.0086,37.6393,37.850674,37.604202,37.717205,38.069218,37.479965,38.58581,38.06157,37.971066,37.934647,37.399048,37.723965,38.090492
43.70931,44.311165,43.51265,43.863583,43.837242,43.529987,43.857285,43.652008,44.146534,44.33297,43.8376,43.898453,43.710964,43.83539,43.84889,44.10117,43.785397,44.16681,44.043873,44.250687,44.435627,44.213367,43.962646,44.14679,44.05493,44.11492,43.9491,44.39278,44.512047,44.1661,44.13859
48.14839,48.236145,48.16655,48.21432,48.24633,48.42672,48.529236,48.632915,48.677372,48.62516,48.317093,48.72708,48.48987,48.864773,48.76664,49.07317,48.92492,48.938618,48.706154,48.497112,48.78054,48.401222,48.895718,48.775055,48.887424,48.60463,48.744385,49.147923,48.461143,48.981205,48.705532
46.73086,46.945793,46.594505,46.948795,47.226646,47.118904,47.161793,47.103832,47.15888,47.273407,47.00136,46.957653,47.362686,47.091022,47.36093,47.47027,47.083916,47.295498,47.328537,47.336403,47.524048,47.06703,47.320168,47.58725,47.48918,47.16835,47.31929,47.392914,47.282177,47.42334,47.60089
46.243965,46.13842,46.08796,46.326332,46.302177,46.44158,46.319897,46.15058,46.368793,46.67608,46.345203,46.433662,46.45149,46.606117,46.535007,46.29128,46.273468,46.98798,46.5609,46.696392,47.061752,46.606785,46.51338,46.176003,46.83812,46.58963,46.606163,46.526123,46.71543,46.66835,46.718544
48.096123,48.445267,48.282448,48.187954,48.44809,48.115116,48.647045,48.308064,48.20272,48.491627,48.473606,48.172115,48.64625,48.433662,48.679237,48.947174,48.780857,48.24906,48.654594,48.659813,48.361446,48.731823,48.58811,49.11242,48.482296,48.68347,48.702686,49.01081,48.74984,48.576096,49.17332
49.27103,49.411903,50.014824,49.644047,49.629654,49.543785,49.477768,49.19716,49.70008,49.524994,49.612274,49.845657,49.839764,49.893253,49.598156,49.753307,49.859306,49.73724,49.76729,49.787266,49.88461,49.512157,50.23926,49.82653,49.764824,49.69751,50.213192,49.582317,49.877205,49.90791,49.863976
50.981403,51.410484,51.292793,51.352043,51.367966,51.133205,51.56704,51.26799,51.58293,51.28399,51.619827,51.081352,51.350494,51.191887,51.684044,52.111282,51.89387,51.184612,51.563763,51.88529,51.697193,51.479458,51.779377,52.016228,51.599545,51.65081,51.632854,51.90206,51.950375,51.89209,51.876465
52.91028,52.611763,53.04841,53.097538,52.92859,53.38475,52.909065,53.202087,53.30711,53.025944,53.103252,53.07486,53.146854,53.32204,53.29976,53.141346,53.16482,53.50825,53.29849,53.079327,53.551872,53.16368,53.263054,53.230377,53.50495,53.221405,53.550858,53.29974,53.53331,53.55083,53.264553
43.279514,43.67536,43.374992,43.13271,43.554543,43.192776,43.3819,43.137764,43.842762,43.680058,43.92457,43.344307,43.461094,43.560394,43.82215,43.91206,43.88235,43.567123,44.005295,43.90622,43.656204,43.624763,43.842224,44.22666,43.72162,43.85724,43.78102,43.805733,44.185604,43.891705,44.251095
49.62947,49.91511,49.512177,50.056557,49.464798,49.932858,49.719784,50.19752,49.94639,49.80853,49.56772,49.571346,50.068142,49.860214,50.071064,49.741573,49.92604,50.119396,49.918495,49.97949,50.15553,50.03791,50.046314,49.953125,50.60973,49.81836,49.750248,50.319225,50.051994,50.20151,50.00286
37.948734,38.104546,38.50196,38.199883,38.163857,38.16417,38.212513,38.165497,38.55069,38.300343,38.287117,38.62974,38.266182,38.95912,38.177586,38.47012,38.6432,38.787067,38.2917,38.429073,38.649048,38.729607,38.664013,38.43651,38.699104,38.93035,39.04493,38.457024,38.150455,38.659622,38.672527
47.966846,48.08817,48.0365,47.852627,48.15023,47.68497,47.73163,47.567814,47.96337,47.84721,47.68716,47.94642,48.14653,48.01474,48.085213,47.833153,48.25122,48.14773,48.07205,48.407322,48.43829,48.436916,48.387924,48.23603,48.15351,47.9635,48.54037,47.768547,48.339203,48.31723,48.447327
51.78599,52.295227,51.69203,52.15923,52.05342,51.910954,52.200527,52.1344,52.170418,52.54018,52.06419,51.931984,52.42364,52.177002,52.441925,52.33465,52.192238,52.235073,52.26154,52.450264,52.596684,52.525097,52.327824,52.571434,52.540455,52.282303,52.130795,52.851704,52.436028,52.53561,52.570614
49.81152,50.014343,49.668175,49.54128,49.81495,49.88104,49.37264,49.722374,49.94325,49.517426,49.273876,49.825016,49.881805,49.71048,49.43881,49.491165,49.61555,49.768044,49.62835,49.886677,49.93841,49.96537,49.805763,49.945244,49.917522,50.016235,49.991997,49.636852,50.216587,50.06531,49.732212
49.327133,49.84689,50.181885,49.563923,49.597816,49.657276,49.72175,49.40669,49.66458,49.71163,49.38046,49.674526,49.97692,49.883987,49.87233,49.597836,49.99724,49.929413,49.72359,49.890827,50.031483,50.185673,50.18518,49.881935,49.888885,49.77443,50.0894,49.87771,49.870583,49.79393,49.930645
48.875652,49.335114,49.31507,49.594894,48.544678,48.98443,49.29774,49.41944,49.525467,49.23707,49.422802,49.505806,49.05798,49.723537,49.233784,49.410007,49.682724,49.41023,49.267902,49.45765,49.35908,49.448524,49.919884,49.255463,50.325726,49.97798,49.33954,49.955772,49.330746,49.94198,49.585957
49.071846,49.151432,49.312523,49.833775,49.21266,49.20154,48.85568,49.332417,49.24176,48.656464,48.941067,48.82863,49.65034,49.312935,49.373417,49.367622,49.23918,49.12729,49.10453,49.78419,49.60849,49.214527,49.27028,49.19851,49.602676,49.41224,49.545918,49.358204,49.412617,49.633125,49.57502
39.17895,39.69344,39.324524,39.13871,39.289093,39.1477,39.297943,39.313133,39.44695,39.43462,39.319405,39.164303,39.28353,39.469093,39.65439,39.65775,39.509895,39.435547,39.51885,39.726814,39.487514,39.70224,39.336166,39.565758,39.437305,39.87249,39.376793,39.95383,39.678204,39.603634,39.832882
58.91955,58.658043,58.500496,59.352654,58.641182,58.738895,58.87344,59.008564,58.662876,59.145256,58.94948,58.97036,59.06833,59.03548,59.237312,58.776085,58.85118,59.206055,59.26526,59.27059,59.248352,58.895325,59.257545,58.761894,59.727158,59.044083,58.93604,59.44057,59.177277,59.379948,59.437443
54.39864,54.615498,54.950356,54.696,54.680237,54.8863,54.85748,54.834106,55.16041,54.687508,54.805393,54.675026,54.779434,54.92595,54.848305,55.060886,55.147068,55.042095,54.791348,55.023968,55.34036,55.279934,55.14929,55.184853,55.18647,55.24653,55.294586,55.08304,55.013535,55.24206,54.925995
49.829884,49.907715,49.353973,50.10112,49.87046,49.610302,49.87421,49.948986,49.429337,50.01279,49.31343,49.760002,50.147633,49.954426,49.864296,49.82385,49.935555,49.989914,49.708485,50.28851,50.252216,50.258335,49.78973,49.63681,50.09415,49.975807,49.942455,50.399815,49.867355,50.121468,50.11219
53.840195,54.069035,54.004097,54.150944,54.266,54.546364,54.54258,54.434185,54.41575,54.395706,54.075638,54.25548,54.55562,54.289627,54.49306,54.654118,54.490673,54.489258,54.296394,54.352528,54.844948,54.50473,54.624256,54.8292,54.731445,54.328384,54.66864,54.689728,54.65735,54.753582,54.521973
46.206245,46.254105,46.144363,46.196217,46.206123,46.254894,46.198303,46.39393,46.545223,45.855824,46.366077,45.971004,46.06141,46.12643,46.534634,46.55044,46.784103,46.342358,46.41529,46.86669,46.57923,46.45527,46.546135,46.49514,46.82086,46.751587,46.529087,46.402317,46.681698,46.85135,46.712353
49.269855,49.586094,49.64717,49.633606,49.458694,49.25608,49.23698,49.206066,49.45263,49.51312,49.508263,49.51323,49.791855,49.77268,49.617184,49.44205,49.51387,49.321922,49.618923,49.759876,49.587067,49.595367,49.858566,49.706253,49.767956,49.820152,49.7412,49.752193,49.83997,49.91959,50.023006
45.426785,45.564064,45.092278,44.922367,45.40574,45.143944,44.6589,44.858368,45.65314,45.356762,45.32773,45.503334,45.44333,45.394722,45.594242,44.868404,45.284973,45.269608,45.45278,45.519928,45.718235,45.67307,45.717453,45.79959,45.617256,45.396988,45.610115,45.06963,46.236385,46.192333,45.835728
39.415295,39.380146,39.347084,39.66288,39.359337,39.477596,39.619205,39.776497,39.45617,39.477203,39.5045,39.835396,39.624676,39.870823,39.73189,39.82717,39.80113,39.649937,39.46287,39.682526,39.728348,39.884327,39.695877,39.74005,39.966007,39.98555,40.0034,40.07505,39.814003,40.149273,40.0907
46.209812,46.094448,45.802505,46.2027,46.15709,46.059586,45.96745,46.325104,46.087486,46.15944,45.818558,46.18862,46.282776,46.23065,46.46242,46.194263,46.439198,46.36358,46.27339,46.28751,46.53748,46.353313,46.434147,46.236168,46.3703,45.905228,46.359783,46.50886,46.40413,46.73313,46.31469
42.602806,42.613323,42.507805,42.902348,42.326958,42.80564,42.57469,43.211452,42.771557,42.63727,42.41979,42.79691,42.91305,42.924915,42.67751,42.581306,42.926617,43.159103,42.685757,42.59443,42.8148,43.084076,42.730503,42.897354,43.19508,42.73253,43.05137,43.201782,42.782253,42.886845,42.744556
47.7505,48.42731,48.3907,48.215584,48.169296,48.118587,48.374683,48.20969,48.411865,48.28746,48.595074,47.877903,48.451904,48.17323,48.504658,48.551018,48.428864,48.151207,48.630215,48.651066,48.164173,48.371033,48.563766,48.983315,48.704144,48.799088,48.406338,48.721756,48.50387,48.282085,48.95988
56.78426,56.314278,56.69748,56.316113,57.17788,56.771484,56.824234,56.517204,56.30923,56.758366,56.760704,56.769077,57.06635,56.55691,56.923832,56.793438,56.677605,56.729713,57.19353,56.809605,56.84304,56.81997,57.28696,57.09046,56.60655,56.61135,56.975513,56.590553,56.72487,56.87926,57.0719
46.600613,47.24771,46.740547,46.556526,47.353134,47.10655,47.356724,47.012917,47.215683,47.520294,47.042847,47.037136,47.407352,47.033592,47.43727,47.52658,47.70151,47.071648,47.32427,47.386074,47.28336,47.201942,47.474575,47.95215,47.20024,47.218483,47.37524,47.66686,47.466652,47.424183,47.533337
41.574734,41.388176,41.868103,41.403027,41.61194,41.674118,41.535244,41.616253,41.75174,41.48563,41.873947,41.795544,41.509464,41.747013,41.685555,41.770523,41.710953,41.841152,41.90875,41.583904,41.691086,41.887104,41.892586,41.96218,41.654144,41.954247,42.10461,41.711624,41.922176,41.876076,41.900024
47.348816,47.09623,47.255554,47.540165,47.271706,47.51388,47.49803,47.527515,47.374775,47.554092,47.64636,47.85596,47.60595,47.776447,47.34082,47.659485,47.427208,47.61613,47.49573,47.500263,47.58412,47.549263,47.578403,47.56935,47.789898,47.95504,47.803127,47.905636,47.799046,47.8704,47.77507
45.38323,44.61481,44.973434,44.62392,45.2575,45.11357,44.432976,44.876266,44.858257,44.82932,44.954514,44.89432,45.092297,45.283558,44.941692,44.951656,44.46464,45.25559,45.547493,44.617012,44.896957,45.112476,44.671963,45.248314,44.63071,45.030594,45.44981,44.79274,45.52546,45.008865,45.444214
47.367546,47.38625,47.551483,47.100613,47.381462,47.49953,46.92924,47.403557,47.37807,47.146034,47.161514,47.37304,47.28164,47.342995,47.076027,47.15494,47.08048,47.236736,47.449074,47.275337,47.061485,47.23326,47.20444,47.310097,47.03397,47.764816,47.370934,47.515976,47.53949,47.3616,47.12636
47.14586,47.438515,47.102097,47.132664,47.05153,46.94026,47.22791,47.04417,47.257576,47.37537,47.36812,47.37472,47.06179,47.10522,47.304863,47.18093,47.33403,47.225933,47.32497,47.55652,47.46787,47.582504,47.63803,47.3602,47.530514,47.557045,47.206932,47.57106,47.696087,47.694073,47.479893
45.32107,45.213932,44.678482,45.416527,45.075783,45.054237,45.152252,45.275673,45.00846,45.174953,45.22201,45.161762,45.402664,45.031036,45.288826,45.16379,45.25334,45.291683,45.255444,45.65524,45.475098,45.453884,45.289616,45.25908,45.67701,45.302505,45.22383,45.482693,45.701828,45.583393,45.614964
37.743347,37.459255,37.306923,37.816994,37.939743,37.800247,37.925137,38.11629,37.487167,37.712585,37.37041,37.65601,37.871662,37.75022,37.76433,38.146896,37.890305,38.276836,37.871513,37.961403,38.081882,37.977707,37.527187,37.82718,37.764248,37.730125,38.237747,38.091652,37.65319,37.672836,38.002956
45.837013,46.139668,45.98729,45.750294,45.665947,45.879696,46.06869,46.077568,46.169495,45.902233,46.144627,46.31799,45.720695,45.909515,45.608856,46.215786,46.368332,45.944668,46.043304,46.087624,45.682632,45.996883,46.300617,46.287933,46.19021,46.559776,46.077625,46.452614,46.314598,46.183357,45.93195
38.08477,37.526363,37.97667,38.149685,38.366898,37.998554,37.84164,37.721535,37.769516,37.55936,38.03578,38.086246,38.299294,38.031567,37.76781,38.313538,38.23631,38.175964,38.111675,38.557453,38.20715,37.72203,38.094048,37.93712,37.888676,38.09751,38.71858,37.625294,38.205666,38.04047,38.356518
55.22112,55.043407,55.061752,54.992607,55.564117,55.275215,55.503468,55.135895,54.94473,55.29625,55.33828,55.20253,55.525948,55.079376,55.491753,55.536068,55.225765,55.15653,55.54707,55.56382,55.448414,55.502964,55.519966,55.762314,55.38452,55.540176,55.560406,55.415257,55.666916,55.538403,55.936756
39.681744,39.788445,39.70423,40.32284,39.67154,39.84598,39.724285,39.966496,39.77217,39.962273,39.773678,40.14567,40.20302,40.290295,39.96257,39.678833,39.75607,40.233383,39.917904,40.272633,40.073517,39.85192,39.98194,39.72824,40.653084,40.387497,40.23947,40.196503,39.90763,40.126766,40.497505
53.39145,53.300503,53.05239,52.974743,53.190758,53.303467,53.00638,53.48918,53.662224,53.282475,53.153244,53.29115,53.165066,53.524258,53.502995,53.456738,53.495186,53.59999,53.55577,53.282646,53.646725,53.66903,53.517864,53.639954,53.62628,53.525063,53.48369,53.680965,53.70657,53.98494,53.463406
37.849445,37.6854,37.599472,37.575603,38.022003,37.674126,38.22622,37.90772,37.696163,37.935024,38.181217,37.866653,37.79625,37.87371,38.01423,38.534336,38.334904,37.996513,38.16599,38.113777,37.93009,38.352055,37.918064,38.453835,37.822273,38.256416,38.3862,38.328644,38.290638,38.083065,38.581844
52.807106,52.918125,52.80596,52.87678,52.904793,52.549675,52.968597,52.827003,52.980244,53.149895,53.23535,53.02579,52.837677,52.885975,53.143448,53.327473,53.22831,52.88161,53.379955,53.125027,53.029617,52.936665,53.523495,53.362305,53.03532,53.011032,52.99239,53.499653,53.248817,53.403687,53.2105
57.039074,56.691833,56.65232,57.11456,56.935524,56.806835,56.915398,57.051983,56.90466,56.969715,56.871315,57.19053,56.928093,57.034004,56.95427,57.1331,57.218327,57.121593,57.140842,57.17213,57.334656,56.966354,57.49174,56.920135,57.305557,56.982697,57.150528,57.280144,57.09857,57.60548,56.987373
51.749928,52.04109,51.612465,51.69195,51.90426,51.85207,51.64166,51.679348,52.04364,52.02236,51.85163,51.913757,52.079166,51.915047,51.90984,51.64865,51.82694,51.838875,51.97734,52.155376,52.160995,52.0877,52.20679,52.222275,52.359188,52.230362,51.99539,51.96385,52.40215,52.42215,52.263596
41.959446,41.753963,42.11123,41.973957,42.279343,41.74522,42.02496,41.69219,41.587666,42.177708,42.29333,42.29342,42.155025,42.176136,41.738247,42.286053,42.112656,41.832134,42.281925,42.144005,41.72946,41.849396,42.178833,42.056885,41.491287,42.29518,42.31645,42.32603,42.11645,41.988457,42.221527
36.745453,36.862724,36.73736,37.482548,36.892952,36.768066,37.114662,37.06356,36.64288,36.95675,36.801113,36.805702,37.464935,37.073627,37.29125,37.31374,36.91754,37.356617,37.093685,37.357357,37.323925,37.27339,36.815678,37.314507,37.360344,36.933968,37.564503,37.411724,37.268665,36.87991,37.894665
44.039505,44.3506,44.646523,44.00556,44.238693,44.16765,44.314594,44.1426,44.255592,43.90627,44.30877,44.089878,44.19543,44.352985,44.28944,44.4376,44.480343,44.084343,44.27402,44.51859,44.258045,44.797413,44.57469,44.55622,44.47052,44.98375,44.57228,44.3458,44.408047,44.557594,44.777912
49.01234,49.36857,49.108223,48.958115,49.552834,48.76805,49.361378,48.790703,49.033424,49.36356,49.353924,49.067463,49.233917,48.776955,49.518047,49.388287,49.529076,48.8329,49.37905,49.702957,49.502007,49.650883,49.67543,49.827538,49.0034,49.24125,49.479034,49.418938,49.76081,49.623882,49.72025
53.88875,54.00083,54.10415,54.12783,53.862556,54.385372,54.018627,54.282997,54.614876,54.119957,54.28957,54.318398,54.17374,54.21281,54.3479,54.11216,54.550323,54.513245,54.35216,54.491383,54.486343,54.02421,54.678852,54.37047,54.94,54.5064,54.41364,54.425575,54.514267,54.689304,54.24524
37.182926,37.400864,37.177155,37.39686,37.23636,36.729893,37.095898,36.7896,37.173534,36.955025,37.522102,37.00479,37.14849,36.95354,37.395702,37.554043,37.424416,37.077785,37.453075,37.948486,37.367092,37.245842,37.36277,37.49758,37.32958,37.43643,37.524834,37.2757,38.024727,37.446796,38.011784
47.881542,47.32682,47.520462,47.83013,47.996994,47.979565,48.41605,47.978436,47.33058,48.088398,48.386158,47.882412,47.829998,47.41141,47.93897,48.08963,47.709286,47.960987,48.252243,48.055195,47.98331,48.03503,48.03996,47.957947,47.910057,48.055252,47.88138,48.18411,48.134346,47.871223,48.162964
43.57363,43.484108,43.852287,43.655857,44.07669,43.63824,43.611546,43.348175,43.679302,43.788673,43.59713,44.033813,44.063515,43.825226,43.78677,43.858635,43.838806,43.956123,43.72676,43.982418,44.245277,44.045906,43.829018,44.164375,43.363552,43.682816,44.684994,43.72037,44.212074,43.90411,44.055027
40.549828,40.659798,40.462646,40.58565,40.59568,40.37178,40.65446,40.6592,40.635674,40.541023,40.674206,40.80143,40.54319,40.408756,41.19572,40.612053,41.24417,40.830326,40.783062,41.338398,40.950447,40.844967,41.18357,40.815285,41.13263,40.82074,40.96395,40.857754,40.772526,41.158356,41.147587
54.881638,55.273445,55.124657,55.33618,55.4897,55.00602,55.125896,55.13604,55.323288,55.65168,55.354107,55.150288,55.69784,55.28302,55.8817,55.217743,55.464943,55.212788,55.688774,55.659767,55.61209,55.320145,55.911762,55.881073,55.614784,55.216873,55.500336,55.700233,55.3478,55.772575,55.824924
54.28529,53.76562,54.18714,54.008743,53.884605,54.285152,54.094555,54.619442,54.09692,53.75169,53.967403,54.209858,54.10148,54.44849,54.2817,54.350132,54.425846,54.397556,54.232666,54.011574,54.195538,54.65119,54.258583,54.30471,54.47998,54.548775,54.547672,54.574814,54.233334,54.633488,54.37323
46.420082,46.721622,46.614456,46.345573,46.633255,46.69191,46.301914,46.442253,46.72495,46.546135,46.403084,46.29996,46.797012,46.716747,46.587925,46.421696,46.62116,46.718086,46.692093,46.814957,46.75876,46.89978,46.519485,46.847595,46.76515,46.95616,46.87652,46.66523,47.03214,46.704704,46.92933
44.35135,44.350807,44.311577,44.744205,44.161827,44.555996,44.264904,44.548447,44.62372,44.52912,44.475468,44.577633,44.5786,44.68123,44.43975,44.32142,44.39988,44.88981,44.563164,44.56497,44.83664,44.61012,44.59173,44.46302,45.03087,44.621147,44.736202,44.727406,44.932274,44.79055,44.65237
40.977444,41.38666,41.266273,41.244194,41.049423,41.10019,41.22228,41.160427,41.190113,41.525597,41.57824,41.131596,41.342068,41.47051,41.317894,41.31132,41.031643,41.23708,41.479523,41.39691,41.159855,41.532413,41.215477,41.4225,41.448414,41.906555,41.16603,41.86997,41.55356,41.33042,41.760624
48.744583,48.721176,48.74865,48.479725,48.85756,48.89368,48.976982,48.83152,48.836475,48.81081,48.74135,48.928413,48.867413,48.918934,48.793087,49.126812,48.98429,49.15035,49.03829,48.988197,49.01637,49.09903,49.06509,49.147354,49.08223,49.217247,49.18125,49.02058,49.00044,48.97969,49.170704
55.484974,56.14529,56.052635,56.144238,55.865425,55.751442,56.494934,55.828594,56.366005,56.689724,56.75676,56.72048,56.128277,56.056015,56.783207,56.255165,56.961903,56.081467,56.403576,56.881428,56.494354,56.017616,57.4379,56.652412,57.05783,56.576073,56.33266,56.84682,56.456112,57.035652,56.701393
47.061172,47.07204,47.06994,46.69609,47.100403,47.420773,47.170017,47.33068,47.110786,47.2023,47.163654,46.762615,47.266945,47.19588,47.399822,47.129524,47.061195,47.36236,47.50985,46.961967,47.157295,47.721684,47.049385,47.660286,47.37064,47.430275,47.3022,47.447346,47.603527,47.211037,47.655056
40.420063,40.523426,39.80612,39.957657,40.42344,39.78587,40.06497,39.92681,40.531662,40.523113,40.471703,40.611706,40.076275,40.486805,40.339054,40.86906,40.52902,40.43228,40.645313,40.770885,40.563736,40.19326,40.630676,40.50157,40.34061,40.660393,40.34119,40.64359,40.746475,40.93767,40.72914
37.552975,37.185024,37.312317,37.16962,37.50991,37.399727,37.720142,37.344078,37.42853,37.57076,38.091488,37.656803,37.086975,37.11421,37.529625,37.665848,37.67181,37.76796,37.805305,37.782223,37.644627,37.890648,37.485092,37.839417,37.389797,37.858192,37.971344,37.617447,38.241005,37.55817,37.907185
39.52617,40.271034,39.45401,39.587444,39.48098,39.296024,39.324337,39.46984,40.148464,39.966137,40.10268,40.054035,39.619785,39.54658,40.173813,39.26786,40.046257,39.543606,39.872925,40.36608,39.83404,39.773453,40.438156,40.098587,40.434017,40.152718,39.582283,40.015392,40.27696,40.575672,40.191784
46.34947,46.266773,45.905563,46.1235,46.634598,46.418217,46.621258,46.45933,46.26105,46.6776,46.706528,46.38878,46.5501,46.04267,46.66381,46.532547,46.25818,46.38102,46.662846,46.615803,46.652084,46.827187,46.498608,47.055634,46.50465,46.623024,46.572876,46.709675,46.915916,46.7099,46.93472
44.373096,44.547455,44.139008,43.802025,44.453865,44.037308,44.28914,44.0443,44.706894,44.63376,44.682686,44.257507,44.164543,44.454586,44.788387,44.798016,44.63841,44.669895,44.950306,44.598873,44.71764,44.91047,44.573444,45.216858,44.515213,44.648094,44.795452,44.66981,45.26416,44.821514,45.24574
53.851402,53.423172,53.455368,53.570953,54.079887,53.51233,53.26707,53.466846,53.875362,53.52083,53.962727,53.62546,53.67333,53.77371,53.774548,53.98989,53.867477,53.602116,54.28475,54.071835,53.838486,53.263004,54.240673,53.95974,53.878704,53.894394,53.937057,53.538654,53.965885,54.369816,54.120842
43.984833,44.109043,44.15989,43.870552,44.080902,44.43621,44.153057,44.34242,44.549835,44.36346,44.2061,44.47966,44.150883,44.37833,44.12748,44.13057,44.51016,44.707745,44.38823,44.209476,44.40233,44.368557,44.557594,44.443764,44.57613,44.5272,44.535946,44.431293,44.29908,44.441235,44.128555
44.71239,44.623913,44.81066,44.584652,45.181763,44.813065,44.82285,44.44318,44.51588,44.887207,45.01258,44.877514,45.20923,44.551277,44.491108,44.755295,44.676815,44.655254,44.98882,44.897022,44.770855,44.91887,45.02146,45.24762,44.43716,44.781204,45.1395,44.629868,45.152477,44.664814,44.952824
49.753605,49.863976,49.900146,49.909977,49.515167,49.799118,49.82441,49.971966,49.955807,49.801132,49.67503,49.69117,49.79147,50.160946,50.010414,49.842632,50.005333,50.344467,49.973244,50.03498,50.22376,50.56804,49.832752,50.03798,50.4699,50.339485,50.34905,50.26198,50.28934,50.09916,50.43651
45.113815,45.602688,45.120796,45.39385,45.198097,45.044735,45.154358,45.10598,45.49054,45.40637,44.97218,45.44766,45.62901,45.44607,45.54158,45.53264,45.332455,45.648365,45.43372,45.587456,45.79026,45.523273,45.532967,45.89299,45.728466,45.209724,45.81917,45.602974,45.974186,45.61098,45.9583
42.191036,42.230316,42.33925,42.6879,41.89341,42.025757,42.261616,42.30218,41.996265,42.350674,42.213394,42.409782,42.35288,42.52992,42.239742,42.25958,42.41892,42.536644,42.19706,42.495834,42.441154,42.67849,42.222645,41.98851,42.39229,42.505516,42.498142,42.944145,42.539387,42.37583,42.427155
48.76096,49.035225,48.56304,48.607727,48.79357,48.636635,48.7811,48.884075,49.00471,48.753677,48.74746,48.623528,48.592373,48.55236,48.785824,48.921963,49.230183,48.79119,48.83331,49.176975,49.13913,49.235336,49.16984,48.98095,48.98361,49.01953,48.73201,49.121796,49.047764,49.320927,48.6981
53.280655,52.55433,52.531776,52.729874,52.96035,52.94997,52.281273,52.988785,52.942898,52.5412,52.68386,53.084427,53.04615,52.911,52.783035,52.672203,52.84691,53.01354,53.092316,52.776917,52.94124,52.884174,52.93865,53.224617,52.9826,52.740173,53.38018,52.695854,53.454857,53.38082,53.032406
53.828674,53.457523,53.29419,53.4197,53.56254,53.806183,53.613346,53.82557,53.771976,53.77203,53.612206,54.003483,53.47978,53.677086,53.496597,53.671974,53.63679,53.96131,53.696175,53.648552,54.018547,54.030136,53.68457,53.771965,53.821693,54.00358,53.91428,54.001568,54.236835,54.17495,53.587837
52.22262,52.02019,52.2079,52.001175,52.491493,52.101913,52.55562,52.171364,52.1188,52.407578,52.374905,52.479923,52.42624,52.316074,52.56258,52.680016,52.43236,52.41554,52.497154,52.412067,52.62363,53.012665,52.450336,53.13861,52.269566,52.566307,53.139004,52.6126,52.848778,52.620106,53.105217
55.269733,55.245625,55.476288,55.63945,55.456512,55.738045,55.80149,55.927414,55.66852,55.643047,55.99184,55.71644,55.69357,55.68681,55.81408,55.86376,55.643406,55.42825,55.84166,55.54867,55.665283,55.651855,56.269238,56.065033,56.262848,56.081184,55.651142,56.106705,55.64632,56.321358,55.935883
53.919083,53.914055,53.724045,54.192406,53.976204,54.16609,54.343853,54.380657,54.046734,54.094353,54.227192,54.152977,54.418365,54.04914,54.03607,54.42116,54.274452,54.167942,54.244663,54.381874,54.14126,54.156258,54.35289,54.58216,54.721104,54.509384,54.31087,54.575027,54.304497,54.346386,54.5144
49.61398,49.557323,49.40117,49.296547,49.718735,49.5263,49.406567,49.649956,49.5931,49.368465,48.971962,49.70504,49.71135,49.814415,49.6505,49.83942,49.809628,49.776073,49.674637,49.55894,49.87818,49.76646,49.989548,49.86093,49.764034,49.496094,49.975716,49.650528,49.615566,50.109097,49.801155
51.89763,51.58478,52.11492,52.336033,51.39837,52.309208,52.057705,52.688766,52.077923,51.906242,52.278927,52.236115,51.967457,52.357147,51.98043,52.035446,52.20874,52.347427,52.18471,51.89078,51.823097,52.06116,52.187115,51.905724,52.70585,52.64866,52.120895,52.808506,51.99228,52.30504,51.975296
49.399033,50.088615,49.811676,49.566933,49.30568,49.444862,49.428017,49.592777,50.13356,49.790115,49.434326,50.028656,49.609715,49.628273,50.168312,49.462494,49.962925,50.000168,49.693745,50.00658,50.191467,50.01742,50.299534,50.011436,50.15603,49.715355,49.87455,50.120876,50.07472,50.26263,49.75493
41.529095,41.33122,41.1164,41.61579,41.142967,41.06898,41.093784,41.245575,41.197205,41.289387,41.356827,41.35256,41.44414,41.5254,41.458508,41.38639,41.459694,41.60018,41.47566,41.693016,41.6391,41.60873,41.376595,41.1941,41.604004,41.400963,41.51503,41.656162,41.89617,41.717354,41.762627
43.98579,44.454285,44.144127,44.192234,44.210396,44.48569,44.546047,44.453995,44.450317,44.529526,44.57578,44.59949,44.573803,44.206726,44.134567,44.408726,44.65832,44.21337,44.33642,44.50871,44.207626,44.35295,44.726063,44.828094,44.698124,44.749336,44.392902,44.796223,44.694393,44.585896,44.385384
55.330025,55.73386,55.877594,55.40707,55.38221,56.36102,56.19937,56.154438,56.06016,55.80499,55.87704,55.58697,55.74072,55.528378,56.20669,55.847267,55.87024,55.994747,55.816975,55.751606,56.175957,56.4143,56.061707,56.30562,56.44985,56.24321,55.803593,56.32725,56.390667,56.165028,55.92749
41.748352,41.88142,41.528038,41.912098,41.705315,41.334118,41.52015,41.59494,41.44192,41.652996,41.665863,41.42668,41.69733,41.478504,41.59682,41.759148,41.381435,41.66179,42.003014,41.947647,41.615536,41.716106,41.575146,41.77983,41.62874,41.74613,41.67288,41.949837,42.063812,41.555557,42.076633
44.087414,44.21637,44.600716,43.836666,44.405144,44.42812,44.353134,44.181942,44.135063,44.29717,43.78952,44.433296,44.586338,44.7245,44.013275,44.547115,44.537582,44.653214,44.35357,44.069992,44.280872,44.6302,44.353764,44.544456,43.987537,44.421722,44.885178,44.49963,44.272854,44.069283,44.354214
43.253475,43.46913,43.31891,43.341324,42.9563,43.14905,43.517853,43.522316,43.076645,43.294136,43.28207,43.720657,43.301075,43.5396,43.3881,43.42136,43.60705,43.396873,43.405293,43.60974,43.071957,43.42491,43.77407,43.21261,43.943394,43.985817,43.273296,43.931866,43.207535,43.628044,43.741974
39.197876,39.127594,39.29783,39.267483,39.495697,39.271935,39.29664,39.27667,39.00652,39.344437,39.06656,39.3046,39.60611,39.592922,39.53906,39.42379,39.297764,39.51307,39.445446,39.34172,39.533695,39.71944,39.32148,39.554436,39.290375,39.3916,39.886772,39.52065,39.47686,39.465076,39.92234
52.184807,51.770718,52.46118,51.910084,52.54673,52.21295,52.366886,51.99476,52.153435,52.1332,52.402943,52.022167,52.36853,52.209015,52.124073,52.458344,52.72856,52.696583,52.775032,52.41562,52.379738,52.639805,52.484276,52.877655,52.143154,52.27243,53.19213,52.032787,52.479923,51.945187,52.70549
47.680603,47.364388,47.80227,47.256916,47.563255,47.990906,47.500954,47.790993,47.92645,47.506874,47.811497,47.87752,47.60409,47.726635,47.62314,47.6086,47.820385,48.005436,47.844456,47.551834,47.754913,47.972145,47.788235,48.021217,47.751816,48.00331,48.144318,47.734173,48.1149,47.912895,47.66176
41.635548,42.13248,42.186195,42.426826,41.894592,41.84354,41.88433,41.8613,41.8597,42.11833,42.040955,42.039066,42.386883,42.31091,42.172874,41.89333,41.720512,41.909096,41.9376,42.412624,42.213314,42.212242,42.16399,41.94529,42.37504,42.584846,42.12188,42.449738,42.096355,42.290874,42.546337
51.74651,51.631924,52.19005,51.64536,51.773346,52.26318,51.82311,52.00171,52.17802,51.531456,52.10174,51.949894,51.96207,52.02505,51.949623,52.083546,52.152317,51.98566,52.07994,51.995144,51.920837,51.939686,52.250927,52.26084,52.298187,52.466118,52.285088,51.97616,52.28749,52.294888,52.13228
54.05209,54.503033,54.59694,53.91983,54.718758,54.522434,54.747562,53.96187,54.80777,54.80549,54.980965,54.185875,54.404976,54.202812,54.789627,54.438065,54.96595,54.52196,54.75806,55.00883,55.10709,55.2553,54.999348,55.289925,54.77721,54.988014,55.02975,54.46633,55.38673,54.912823,55.083862
42.191463,42.218094,42.107307,42.282135,41.976234,41.83635,41.929604,42.006863,42.247623,42.116302,42.04896,42.625813,42.033367,42.41192,42.04373,42.29224,42.24781,42.524784,42.291164,42.499454,42.386208,42.064186,42.538124,41.987656,42.479218,42.44509,42.411922,42.369415,42.27012,42.503445,42.34567
43.01199,42.920498,42.991653,43.18461,43.169556,43.081776,43.156654,42.99264,43.242615,43.307495,43.396763,43.435608,43.192245,43.105022,43.505203,43.26394,43.362774,43.490044,43.38002,43.565563,43.66224,43.259,43.500305,43.442238,43.439392,43.246178,43.684784,43.352325,43.7151,43.592514,43.61224
43.98509,44.16404,44.20011,44.177734,44.193115,44.30597,44.36682,44.249027,44.48437,44.541645,44.787212,44.496925,44.37581,44.211044,44.777798,44.16352,44.748768,44.46952,44.478806,44.80553,44.640015,44.576748,44.829346,44.66681,44.835266,44.707428,44.58392,44.649162,44.661858,44.841908,44.71664
53.132435,52.722622,52.439217,52.99738,53.341408,53.00131,53.146976,53.346897,53.115936,53.21504,52.819366,53.18592,53.15052,53.075188,53.104816,53.481018,53.603333,53.50396,53.30246,53.266083,53.619442,53.277493,53.36435,53.474503,53.207222,52.861877,53.63769,53.426704,53.164673,53.558865,53.1299
43.046234,42.430202,42.93534,43.432205,42.87039,43.338226,42.78609,43.205273,42.843307,42.630016,43.16554,42.819603,43.252686,43.27177,42.650063,43.231255,42.683872,43.239124,43.186817,43.026234,42.94811,42.713955,42.61039,42.798843,43.20222,43.36178,43.32827,43.119526,43.39398,42.929756,43.25501
48.718918,49.154743,49.000595,48.95814,48.659912,48.722958,49.135403,49.033466,49.21346,49.166645,49.493073,49.313843,48.898617,49.10303,49.282738,48.97691,49.25797,48.921867,49.201115,49.308216,48.999878,49.48035,49.63093,49.651466,49.873627,49.85743,49.276665,49.53316,49.40264,49.668438,49.807137
43.69878,44.091335,44.086075,44.047207,43.750984,43.806763,43.57343,44.007656,44.177002,43.602226,43.942883,43.53089,43.926743,43.844246,44.19898,43.98878,43.971603,43.81376,44.115417,44.103306,43.899986,44.08818,43.854378,44.4786,44.115257,44.166916,44.273705,44.24498,44.57108,44.146736,44.441643
55.380547,55.15759,55.148483,55.450375,55.148193,55.48017,55.176334,55.753223,55.259815,55.278095,55.17591,55.17968,55.41461,55.17998,55.462124,54.96443,55.20797,55.51232,55.47823,55.270855,55.493366,55.747036,55.36097,55.496094,55.677906,55.357376,55.45042,55.687492,55.60093,55.588795,55.36369
47.93649,47.67782,47.146553,47.79437,47.798088,47.547794,47.609993,47.71935,47.66927,48.065437,47.67871,47.84678,47.64709,47.611763,47.641544,47.71995,47.425526,48.117233,48.022125,47.864246,48.18028,47.961475,47.67745,47.82064,47.80188,47.666245,47.882244,48.020573,48.277027,47.964966,47.89129
54.01658,54.126312,54.47309,54.545937,54.05384,54.15183,54.230854,54.39962,54.211037,54.08671,54.130733,54.443947,54.3361,54.6263,54.447815,54.445557,54.697975,54.14097,54.126945,54.615753,54.463917,54.38525,54.7315,54.099228,54.65502,54.817894,54.50096,54.88884,54.216896,54.986645,54.42485
51.832924,52.21693,51.925797,51.770435,52.00432,51.69748,52.16774,51.64509,51.703377,52.28587,51.792,51.78258,52.22552,52.000885,52.062138,52.034832,51.826347,52.18021,52.324158,52.067833,52.233738,52.588062,52.290897,52.42887,52.2178,51.988815,52.13126,52.210274,52.3442,51.930763,52.63658
43.82067,44.241207,43.85073,44.08779,43.687508,44.04661,44.027565,44.168125,44.12645,44.090702,44.05113,44.15054,44.16457,43.994392,44.04866,43.95091,44.235416,44.09152,44.096622,44.18331,44.03856,44.107777,44.40557,44.266663,44.6307,44.22219,43.990818,44.45789,44.4479,44.366543,44.211304
47.339417,47.747597,47.707848,48.16251,47.487076,47.66101,47.879704,47.76631,47.74066,47.819206,47.809242,47.91274,48.090286,47.927937,48.035862,47.9021,47.855255,47.871704,47.762924,48.26348,48.101112,47.794235,48.215565,47.893265,48.56192,48.17987,47.975735,48.256546,47.928074,48.18948,48.341625
50.64265,50.12574,50.445618,50.474884,50.400826,50.71435,50.722424,50.601387,50.31368,50.428135,50.576134,50.55482,50.539528,50.597157,50.241714,50.694717,50.56121,50.943573,50.614307,50.60527,50.759502,51.019577,50.361275,50.549416,50.67218,50.912117,50.992428,50.73326,51.039272,50.522255,50.74643
43.858524,43.999863,43.400955,43.338562,43.77059,43.52098,43.31202,43.675346,44.059856,43.468235,43.356667,43.834938,43.451973,43.799637,43.90474,43.87427,43.837933,43.85172,43.704544,44.179146,44.115635,43.988586,43.770916,43.903297,43.98817,44.260117,43.997707,43.830845,44.16315,44.457893,44.142254
52.809956,53.203423,52.94763,53.14238,52.923683,53.099026,53.024292,53.241238,53.101376,53.35653,53.0071,53.012703,53.436516,53.310093,53.44103,52.59584,53.04925,53.25443,53.248386,53.32551,53.31524,53.65465,53.421654,53.460663,54.020905,53.605667,53.294193,53.474804,53.195305,53.500862,53.78931
55.363113,55.374252,55.775345,54.737007,55.431404,55.333344,55.207546,54.881195,55.5848,55.13585,55.146587,55.569794,55.35935,55.75472,55.169304,55.495686,55.512405,55.527496,55.547794,55.154224,55.661285,55.956676,56.016838,55.918144,55.539986,55.61766,56.035007,55.005505,55.910313,55.865257,55.769466
47.47393,47.565678,47.088272,46.85246,47.546333,47.39129,47.343513,47.44364,47.64132,47.583122,47.518612,47.333828,47.291893,47.15868,47.70212,47.573563,47.712772,47.606567,47.887524,47.63551,47.556652,47.593624,47.68858,47.949867,47.48337,47.500298,47.432594,47.71576,47.898064,47.740417,47.6263
48.760426,48.65608,48.522575,49.104774,48.509727,48.65145,48.77586,48.61577,48.473297,49.19147,49.23488,48.988445,48.775707,48.536205,48.568413,48.13833,48.733833,48.811207,48.77628,49.237034,48.89701,49.03546,48.790253,48.432816,49.015186,49.183487,48.720375,49.208733,49.388172,48.909676,48.773796
33.443367,33.99181,33.22081,33.23093,33.535984,33.38813,33.32392,33.417236,33.8391,33.93126,32.729374,34.239597,33.691223,34.250984,33.553333,33.620327,33.81075,34.321888,33.32168,33.81923,34.28591,33.98031,33.81067,33.447853,33.891193,33.800743,33.970505,33.90441,33.499313,34.103477,33.67833
51.842476,51.114178,51.09352,51.705544,51.332115,51.43376,51.318546,51.91909,51.32024,51.096146,51.513706,51.66772,51.406338,51.286377,51.57147,51.71689,51.613983,51.440346,51.538986,51.644535,51.54206,51.509476,51.48042,51.51924,51.56454,51.554596,51.652916,51.933384,51.952614,52.0828,51.531918
41.34146,41.450893,41.245697,41.57077,41.33409,41.544064,41.295856,41.80829,41.927135,41.816555,41.64828,41.647575,41.53521,41.693897,41.990093,41.32611,41.81016,42.04295,41.80815,41.616737,41.958508,41.897392,41.77065,41.990707,42.103638,41.59931,41.985756,42.00048,41.927025,42.078037,41.867676
46.223885,46.354485,45.823402,46.082172,46.198074,45.81124,45.911137,45.996716,46.131786,46.128864,45.95454,46.197464,46.036816,46.045258,46.410866,46.26827,46.23655,46.17687,46.24493,46.750973,46.482826,46.19461,46.27751,46.099426,46.268692,46.410583,46.17206,46.478256,46.524933,46.65731,46.493385
52.90891,52.72278,53.182716,52.95257,53.621964,53.14089,53.464947,53.08619,53.008926,53.23517,53.268448,53.364697,53.420914,53.130756,53.524433,53.673386,53.89863,53.11222,53.505104,53.45322,53.438046,53.09045,54.04834,53.6885,53.125732,53.057693,53.742424,53.380005,53.11692,53.696136,53.444805
59.140076,59.199097,59.028168,58.896687,58.99321,59.41212,58.691185,59.37539,59.60267,59.150272,59.117348,58.932026,59.085308,59.11849,58.806812,58.74594,58.985607,59.211884,59.35231,58.876442,59.148743,59.43451,59.11606,59.581932,59.382454,59.450737,59.213566,59.33804,59.73887,59.433987,58.899567
37.580784,37.749645,38.222466,37.392384,38.0431,37.72628,37.886864,37.594746,37.993313,37.70037,38.096172,37.911327,37.85595,38.102077,37.750492,38.597794,38.17618,37.814133,38.150063,37.76651,37.700962,38.005203,38.089367,38.59719,37.44345,38.211037,38.491104,38.03689,38.168556,37.9297,38.280434
41.037888,40.819748,41.085,41.562893,40.855217,41.20936,41.059143,41.38086,41.28509,40.88157,41.101913,41.297035,41.267868,41.50771,40.86255,41.6,41.31972,41.74367,41.30877,41.3087,41.29084,40.92544,41.136974,41.16661,41.60547,41.386497,41.726242,41.447685,41.313583,41.1415,41.369682
60.2225,59.90304,60.177643,60.572372,60.12767,60.44585,60.445797,60.41632,60.41446,60.758945,60.750565,60.685406,60.469845,60.76142,60.752567,60.312737,60.533566,60.773933,60.71182,60.689228,60.853233,60.518063,60.85659,60.40526,61.257412,60.93257,60.714077,60.936424,60.756214,61.090244,60.927666
46.07614,46.349586,45.977547,46.235687,46.569016,46.331184,46.68958,46.20194,46.25013,46.79191,46.75442,46.24706,46.620937,46.10257,47.0018,46.725098,46.365063,46.41569,46.74771,47.035748,46.779327,46.459995,46.567596,46.85453,46.678513,46.724144,46.43153,46.894524,46.932762,46.664608,47.207653
35.08828,35.441483,35.179787,35.237217,35.109573,34.80417,34.66658,34.918945,34.97541,35.269382,34.790142,35.22458,35.381165,35.69182,35.319813,34.86655,34.872974,35.294926,35.09575,35.459778,35.3467,35.53147,35.05071,34.845467,35.241707,35.614307,35.250973,35.48873,35.1085,35.421078,35.65045
56.414005,56.441875,56.354958,56.64353,56.367805,56.62937,56.57333,56.672497,56.389362,56.554585,56.2249,56.71839,56.873512,56.44626,56.684067,56.32236,56.82383,56.660816,56.382317,56.820927,56.92658,56.83251,56.89349,56.592255,56.953342,56.514374,56.739155,56.92139,56.82822,56.985016,56.530544
53.18635,53.25002,53.259537,53.735115,53.57115,53.462444,53.44072,53.571205,53.593044,53.714527,53.38425,53.701,53.84269,53.573227,54.09459,53.438976,53.88744,53.791473,53.640575,53.99539,54.2099,53.527943,54.208363,53.700233,54.113358,53.400818,53.90775,53.851185,53.48968,54.229416,53.78687
46.249187,45.99373,46.57788,46.618595,46.144585,46.639214,46.435215,46.612576,46.35893,46.270073,46.81015,46.66983,46.333023,46.47406,46.04976,46.472557,46.205193,46.38688,46.478333,46.33597,46.179775,46.293186,46.39822,46.40605,46.547276,47.069893,46.656506,46.77644,46.730568,46.498653,46.41321
46.877094,47.480057,47.03296,47.22752,46.995796,47.145473,47.25074,47.39663,47.41476,47.39491,46.94352,47.330982,47.438263,47.479237,47.588882,47.438236,47.476505,47.3326,47.21101,47.332226,47.57917,47.597866,47.5901,47.718452,47.802525,47.424232,47.45417,47.91264,47.596363,47.872982,47.675262
61.181217,60.76955,61.04818,61.29818,61.370255,61.198307,61.37237,61.156303,61.00531,61.62216,61.32015,61.55651,61.5453,61.460014,61.42616,61.260185,61.30229,61.48228,61.51781,61.346794,61.706467,61.564445,61.685825,61.534492,61.518356,61.339447,61.780674,61.606445,61.53818,61.73266,61.661686
36.741737,36.38227,37.026344,36.42391,36.748886,36.65269,36.01052,36.287918,36.66968,36.45555,36.632233,36.792545,36.640377,37.177406,36.35472,36.323917,36.21577,36.961823,36.76085,36.557278,36.679478,36.98951,36.298405,36.56331,36.335236,37.23101,37.348034,36.36896,36.934628,36.618073,36.98055
54.979332,54.826096,54.98738,55.004395,55.28826,54.90841,54.96015,54.880833,54.907917,54.868107,54.684032,55.01718,55.284737,55.29364,55.13614,55.660213,55.313705,55.028233,55.19794,55.23672,55.37609,54.957115,55.351715,55.23922,54.934597,54.993263,55.477962,55.30169,55.29504,55.520416,55.346554
44.994064,44.546436,45.0608,44.632145,44.98472,45.253994,45.07094,45.190594,45.17815,45.14159,45.18335,45.556877,44.905186,45.609936,44.645275,45.513844,45.382034,45.40452,45.16089,44.695366,45.038673,45.19654,45.158897,45.160896,44.841644,45.55789,45.538704,45.514847,45.142223,45.377262,44.830494
46.844654,47.05452,47.047905,46.64169,46.811836,46.696823,46.797493,46.66792,47.13119,47.15225,47.186928,46.901024,46.745842,47.133217,47.24155,47.09726,47.040836,47.136906,47.37413,47.022175,47.17457,47.31379,47.292458,47.24243,47.06986,47.215813,47.04665,47.326935,47.47957,47.35219,47.368378
52.64265,52.300694,52.190735,51.95533,52.79403,52.78589,52.52268,52.546677,52.600273,52.690456,52.889996,52.503265,52.404373,52.010235,52.866272,52.370697,52.559025,52.683876,52.9714,52.927094,52.721573,52.678074,52.572224,52.951706,52.56736,52.895874,52.689747,52.630005,53.167892,52.771954,52.79894
55.148323,54.75611,54.84639,54.73163,55.31095,54.764626,54.839233,54.765495,54.90779,55.17803,55.052677,54.937412,54.902214,54.911182,54.98685,55.12322,55.155876,55.120396,55.488605,54.998173,55.25639,55.17919,55.335476,55.263153,54.630894,54.741013,55.268433,55.11461,55.35188,55.276352,55.007244
45.46084,45.662308,45.292534,45.16118,45.43643,45.379574,45.21586,45.589188,45.461544,45.292995,45.512173,44.931812,45.451183,45.3973,45.5492,45.735535,45.368458,45.126255,45.721466,45.431927,45.185772,45.695084,45.22578,45.89743,45.32534,45.816673,45.25774,45.95435,45.984688,45.68825,45.82064
46.80754,46.66223,46.982224,47.114403,47.254517,46.856842,47.187794,46.96004,46.71887,47.31492,47.518787,46.92973,47.229855,46.929905,47.203323,47.32653,47.156654,46.869663,47.45203,47.144955,47.01131,47.070023,47.296455,47.404663,46.73733,47.045036,47.226814,47.548073,47.210068,47.141247,47.313133
55.51101,55.51006,55.41668,55.49166,55.94979,55.6896,55.546616,55.446655,55.596302,55.79086,55.27994,55.075756,56.03876,55.660366,55.89776,55.753872,55.769558,55.97598,56.08703,55.65308,56.25999,55.970352,55.915638,56.133583,55.753616,55.058144,56.038815,55.627563,56.131992,55.821693,56.01848
53.185833,53.202835,53.105797,53.03129,53.303192,53.093536,52.978966,53.011055,53.319225,53.3481,53.320187,53.31884,53.227436,53.174473,53.21031,52.845524,53.330433,53.140434,53.318333,53.381786,53.553883,53.641685,53.759212,53.44236,53.44336,53.397095,53.381584,53.217052,53.57208,53.86569,53.290966
40.43957,40.727657,40.67018,40.167442,40.60048,40.145435,40.314804,40.032154,40.381954,40.40839,40.204517,40.427536,40.51816,40.601524,40.405437,40.35693,40.606976,40.67838,40.620537,40.70179,40.677666,41.060726,40.76687,40.701324,40.495792,40.622803,40.924488,40.293186,40.694027,40.520008,40.961006
42.509403,42.623623,42.474533,42.38751,42.371124,42.10601,42.156296,42.36343,42.4181,42.299244,42.419666,42.45801,42.35591,42.641956,42.28428,42.567585,42.229465,42.461967,42.736427,42.535225,42.20533,42.577393,42.42232,42.691185,42.542175,42.96041,42.660915,42.673954,42.689606,42.51273,42.995914
40.413105,40.28652,40.460243,40.4846,40.648804,40.802437,40.764004,40.628265,40.5115,40.887928,40.819416,40.631023,40.746357,40.814842,40.698235,40.7127,40.65929,41.01725,40.766376,40.823063,40.90502,40.995075,40.448997,40.733055,40.73993,41.12146,41.043507,41.006775,40.927364,40.673042,41.027317
54.826782,54.88945,55.081688,54.746582,55.026405,55.469135,55.19259,55.460495,55.58982,55.418457,55.493988,55.19243,54.91424,55.247993,55.305912,55.025837,55.52897,55.289055,55.38375,55.023365,55.38814,55.558475,55.668575,55.56707,55.621136,55.69806,55.30255,55.61869,55.34186,55.858288,55.047916
44.110493,43.884632,43.575256,43.591927,44.148163,43.97935,44.03978,44.06514,43.64053,43.86568,43.781086,43.822346,44.148052,43.711384,43.87374,44.229538,43.89653,44.03151,44.133503,43.996357,43.909027,44.29692,43.71354,44.410065,43.7225,43.98951,44.18083,44.164383,44.363964,43.861057,44.28956
43.839607,43.834457,43.252975,43.678894,43.66858,43.54725,43.510353,43.952106,44.01322,43.671207,43.647854,43.846573,43.652092,43.916,43.77796,44.018993,43.84195,43.98711,43.949238,43.93766,43.94159,43.952534,43.810665,44.19217,44.238483,44.12526,44.092422,44.070415,44.1492,44.297615,44.283245
44.81486,44.476597,44.4806,44.33459,45.20128,44.421494,44.51286,44.258488,44.293137,44.695374,44.513447,44.565968,44.86847,44.56744,44.9158,44.8571,44.870068,44.69377,44.93987,45.037262,44.95356,44.883125,44.66508,44.90574,44.099724,44.482887,45.170467,44.667244,45.11344,44.831963,45.13105
50.68333,50.310204,50.061783,50.49056,50.259003,50.244183,50.045357,50.503086,50.321682,50.218674,49.922092,50.605453,50.41669,50.668697,49.99523,50.36308,50.380993,50.730206,50.35102,50.44603,50.61359,50.633236,50.321644,50.224213,50.57223,50.527504,50.70768,50.580086,50.624928,50.709873,50.385685
44.91356,44.605583,44.947594,45.19749,44.809814,44.620953,44.809746,44.975708,44.67554,44.59327,45.105286,44.765053,44.871605,45.064213,44.762417,45.365387,44.82249,44.81279,45.19057,44.900177,44.738228,44.919968,44.962227,45.03991,44.901512,45.161873,45.159866,45.23583,45.063583,45.055283,45.324265
47.250244,47.41257,47.525078,47.135975,47.339355,47.29427,47.742035,47.313007,47.12104,47.47671,47.442764,47.354805,47.29624,47.164265,47.501038,47.599606,47.550884,47.42115,47.488102,47.540684,47.59063,47.93608,47.742966,47.469482,47.267365,47.550255,47.33702,47.81889,47.57531,47.51398,47.428383
42.9823,43.257725,42.887558,43.68328,43.05121,43.205406,43.44053,43.43906,43.03717,43.21344,43.224884,43.158295,43.59169,43.233795,43.69686,43.49758,43.570076,43.24842,43.129448,44.026222,43.58357,43.332424,43.314034,43.239395,43.934963,43.683487,43.36842,43.935856,43.62608,43.720905,43.923687
48.536247,48.095097,47.38539,47.999435,47.99945,47.677032,47.592297,48.18148,48.064724,47.931744,48.04679,47.91925,47.741516,48.038727,47.935364,48.195988,47.81402,48.137997,48.35536,48.26412,48.12999,48.22908,47.80222,48.03746,48.160847,48.389084,47.91966,48.37773,48.510616,48.52574,48.347897
52.277897,52.722664,52.849052,52.721615,52.482048,52.59468,52.494873,52.549862,52.953163,52.68522,52.690464,52.75701,52.736156,52.99519,52.71017,52.760136,52.85123,52.55972,52.569584,52.893772,52.988876,52.893272,53.06642,52.831314,53.01324,53.240494,52.886032,53.126316,52.975967,53.34402,52.816387
39.613514,39.7713,39.32331,39.567387,39.042213,39.49974,39.358562,39.926285,39.84165,39.587276,39.73527,39.626972,39.154366,39.77829,39.18078,39.4943,39.537197,39.75577,39.64107,39.45863,39.390476,39.926716,39.433273,39.540733,40.01206,40.290283,39.424065,40.165585,39.946415,39.877068,39.55763
48.585526,49.17916,49.204277,48.89722,49.066833,49.272568,49.673347,49.150265,49.431282,49.6381,49.71928,49.491077,49.26248,49.149063,49.509174,49.571114,49.788467,49.217796,49.462112,49.508602,49.322323,49.21993,49.98048,49.839775,49.686184,49.70616,49.34891,49.884964,49.522095,49.639133,49.514126
45.79167,45.92484,45.80851,45.874226,45.73516,46.273506,46.17052,46.423935,46.159424,46.287872,45.89873,45.791306,45.868362,46.14578,46.652523,45.91655,46.026173,46.746902,46.202393,46.230995,46.67568,46.782234,45.951935,46.0514,46.712574,46.500267,46.17232,46.665195,46.19346,46.34191,46.44279
56.58565,56.598835,56.468216,56.732483,56.49424,56.458057,56.4209,56.467075,56.32761,56.692978,56.339764,56.60279,56.87968,56.636932,56.577953,56.250694,56.384842,56.551933,56.56125,56.663002,56.901024,57.042194,56.80258,56.61058,56.81148,56.59462,56.67533,56.84138,57.002403,56.977245,56.76713
52.813416,52.59559,53.076332,53.10434,52.67579,53.175262,53.04426,53.236435,52.945316,52.971565,53.098106,53.12755,53.053955,53.41533,52.768703,53.27311,53.049618,53.19269,53.14314,52.840794,52.90799,52.99787,53.06126,52.986588,53.273724,53.52684,53.22982,53.601994,53.142754,53.179005,53.06888
46.18308,45.660004,46.164833,46.115913,46.27762,46.62125,46.44224,46.485912,46.12615,46.22036,46.51735,46.143772,46.150055,46.121414,46.16963,46.40642,46.262733,46.549114,46.5306,46.153687,46.376846,46.425896,46.19754,46.369904,46.226772,46.453316,46.585007,46.450466,46.57262,46.25573,46.270046
58.847496,58.580673,58.821526,59.385216,58.85285,58.938038,59.30123,59.523895,58.83882,59.152206,59.101032,58.76433,59.13436,59.290455,59.636345,59.75807,59.252308,59.25779,59.569004,59.022163,59.25504,59.11987,59.279915,59.3779,59.459534,59.068398,59.24327,60.078194,59.138412,59.476055,59.62308
50.992855,50.919315,51.2517,51.31508,51.242706,51.09087,51.153435,51.04919,51.274128,51.20847,51.81878,51.00155,51.1135,50.98811,51.369057,51.336205,51.227543,51.115055,51.585804,51.65994,51.37065,51.156178,51.490765,51.41533,51.34923,51.640266,51.33849,51.446106,51.569447,51.480145,51.52681
53.358547,53.25252,52.77455,52.9616,53.25605,52.988934,53.0039,53.0833,52.970184,53.21853,53.056335,53.17711,53.124016,52.962524,53.255245,52.8493,53.085175,53.081005,53.244617,53.58206,53.36181,53.569252,53.23706,53.224434,53.39068,53.57315,53.202374,53.329033,53.60886,53.627064,53.546658
58.682957,58.817932,59.53624,58.957962,59.00216,59.02572,59.322594,58.823326,59.42796,59.46806,60.035965,59.510628,59.027195,59.159138,59.42207,59.291306,59.446064,59.135967,59.758366,59.263306,59.193794,59.063805,60.22273,59.807365,59.582108,59.595238,59.462692,59.47377,59.494267,59.6315,59.525593
51.360546,51.018074,51.449028,51.114574,51.437325,51.72544,51.615574,51.525898,51.636463,51.474705,52.210873,51.61971,51.323765,51.335423,51.33907,51.442883,51.87183,51.371788,51.657856,51.532135,51.49486,51.807312,51.963764,51.87915,51.73415,52.074654,51.72648,51.586224,51.931778,52.02539,51.499527
42.138184,42.333157,42.716667,41.888042,42.702484,42.483078,42.70776,42.06448,42.439808,42.628956,42.67196,42.556705,42.647167,42.75902,42.820267,42.95735,42.81055,42.601543,42.729446,42.696724,42.68096,42.91217,42.693108,43.12702,42.39155,43.011406,43.182175,42.717224,42.992897,42.690662,43.326042
53.000355,52.799297,53.30703,53.299984,52.961685,53.206303,53.458836,53.31621,52.821865,53.158745,53.656147,52.93017,53.15837,52.99561,53.16232,53.240154,53.216965,53.07207,53.55942,53.160496,52.922268,53.33147,53.43199,53.32788,53.380905,53.474052,53.16999,53.620926,53.400494,53.13866,53.42656
44.572735,44.81607,44.435562,44.96726,44.782074,44.883015,44.95903,45.27286,44.963547,44.87606,44.84359,44.670174,45.145718,44.75804,45.395603,45.281605,45.268223,44.993248,45.1049,45.15707,45.08464,44.876648,45.11453,45.463333,45.37462,44.82296,45.050716,45.521248,45.116768,45.285824,45.340694
47.21607,46.876266,46.300552,46.87694,47.140778,46.90616,47.19101,47.28628,46.913967,46.918625,47.09389,47.143894,46.912228,46.604397,47.015644,47.51316,47.302948,47.00187,47.18583,47.37769,47.195255,47.00328,47.300743,47.28367,47.174175,47.080788,46.99613,47.350014,47.30113,47.537563,47.12594
44.666374,44.703854,44.912483,44.48605,44.95733,44.449863,44.334263,44.218857,45.0438,44.45376,45.000942,44.81285,44.629917,44.710808,44.76587,44.866264,45.08873,44.604305,45.01776,45.138817,44.889675,44.675175,45.257465,45.223152,44.73869,44.97605,45.331154,44.43068,45.332287,45.253788,45.189194
46.804188,46.576088,46.206657,46.467968,46.643814,46.483574,46.709465,46.697163,46.464634,46.778244,46.745617,46.80244,46.589638,46.546333,46.792213,46.833332,46.756947,46.811604,46.989388,46.89304,46.70776,46.76894,46.81551,46.861053,46.86164,46.84961,46.74208,47.03479,47.05364,46.957043,47.09096
45.358784,45.6072,46.2676,45.573593,45.46527,45.797962,45.731464,45.51286,46.137264,45.51316,46.157547,46.04442,45.749363,46.011547,45.88353,46.074497,46.375088,45.785625,45.789455,45.98572,45.891502,45.888905,46.36356,46.17501,46.071194,46.30114,46.316113,45.979023,46.313248,46.305244,46.04804
47.77276,47.892704,48.060196,47.91658,47.714912,48.219975,48.073902,48.253464,48.194485,47.92502,48.130177,48.033947,48.022213,48.178066,48.311333,48.248394,48.160225,48.239914,48.190548,48.145317,48.13544,48.194397,48.181896,48.320778,48.565033,48.576782,48.25622,48.52604,48.39533,48.3887,48.452244
55.873623,55.673492,55.936356,55.594597,55.981186,55.99315,55.604885,55.90722,56.07141,55.63299,55.82538,55.581825,55.84975,55.828922,56.022655,55.83923,55.93429,55.844933,56.100067,55.704296,56.212788,56.36152,56.209652,56.36532,55.94687,55.838387,56.21085,55.81704,56.36924,56.46335,55.993904
49.429703,48.680767,49.173668,48.914803,49.483253,48.749973,49.443542,48.732407,48.75889,49.16357,49.516247,49.53057,49.044125,49.043983,49.031017,49.79295,49.67981,49.27101,49.54806,49.352436,49.323505,49.469666,49.55959,49.54876,48.57677,49.04425,49.915836,49.251446,49.744797,49.33869,49.5
40.094234,40.267323,40.168396,40.189556,40.190346,40.250736,40.403294,40.205746,40.310673,40.503178,40.533688,40.42555,40.372276,40.576702,40.221333,40.311443,40.46196,40.420578,40.262604,40.474632,40.564346,40.942764,40.47985,40.52729,40.680378,40.918533,40.623264,40.616512,40.683075,40.728535,40.75623
41.13808,41.863064,41.93676,41.80135,41.58349,41.311954,41.731518,41.432552,41.332703,41.437103,41.49521,41.397694,41.96524,41.82302,41.680202,41.90607,41.70912,41.361588,41.658463,42.09696,41.430473,41.692753,41.88351,41.818245,41.9352,42.24025,41.811752,41.982994,41.46445,41.57455,42.398373
40.652393,40.57899,39.88064,40.849125,40.417145,39.9948,40.53793,40.423786,40.164154,40.75381,40.847748,40.422935,40.422066,40.129215,40.756268,40.39748,40.30846,40.65294,40.776066,41.251175,40.787373,40.821266,40.4302,40.470818,40.89799,40.7949,40.44642,40.92319,40.994564,40.67286,41.233974
51.651035,51.427074,51.88807,51.94174,51.56568,51.91998,52.379368,51.918007,51.73475,52.110596,52.288258,52.222927,51.87629,52.118305,52.158455,52.04305,52.24067,52.252804,52.075096,52.013878,52.27831,52.474285,52.448013,52.157402,52.641426,52.355553,52.44384,52.35513,52.33259,52.405704,52.548504
54.734447,54.45492,54.23423,54.73614,54.587006,54.63645,54.65968,54.708836,54.515675,54.807117,54.926094,54.677307,54.561413,54.331425,54.562057,54.669025,54.43987,54.738445,54.957104,55.0094,54.770153,54.48153,54.71824,54.546562,54.851433,54.95146,54.4481,55.045784,55.038933,54.822174,54.67655
46.472275,46.471474,46.50502,46.07889,46.262962,46.383305,45.853024,46.50838,47.042843,46.19828,46.32667,46.609123,46.144543,46.866108,46.50498,46.49191,46.847446,46.79173,46.7151,46.473286,46.564083,46.472527,46.828255,46.622566,46.79269,46.83304,46.765842,46.575195,46.60556,47.10066,46.495777
48.807373,48.78537,48.75229,48.564568,48.844154,49.21658,48.77893,49.02868,49.06576,49.001236,48.773354,48.861103,48.893948,48.900814,48.88478,48.698032,48.744953,49.2555,48.939686,48.88275,49.256683,49.376137,48.76079,49.075066,49.03771,49.244698,49.12651,49.122997,49.316475,49.097137,48.887096
49.99785,49.80846,49.615875,49.833828,49.996475,49.92872,50.20436,49.752956,49.895485,50.374348,50.21119,50.173317,50.0441,49.988384,50.38965,50.221672,50.149204,50.51112,50.434834,50.496155,50.503967,50.161247,50.21417,50.2191,50.42574,50.213043,50.34909,50.344814,50.71758,50.283836,50.725323
59.836185,59.382755,59.878967,59.730286,60.057785,60.084576,59.968376,59.914097,59.54629,59.94413,59.725063,60.174168,60.157722,59.885128,59.975033,59.669655,59.952076,59.92613,59.914017,59.879955,60.178917,60.194996,60.309986,59.98706,59.926926,59.940636,60.3009,60.01338,59.96234,60.306103,59.904232
55.817253,55.950428,56.273987,56.38796,55.89399,56.00919,56.061184,56.10013,55.848248,55.961376,55.79295,56.02177,56.3749,56.200115,56.482372,55.978874,56.002922,56.16146,56.033394,56.394653,56.498463,56.451416,56.365784,56.0691,56.529785,56.302498,56.362732,56.471252,56.172,56.445038,56.518814
46.729103,46.292892,46.18425,45.970715,46.449097,46.27098,45.925632,46.054493,46.37587,46.067947,46.479,46.371853,46.268345,45.933117,46.245255,45.916718,46.20917,46.47645,46.56247,46.60144,46.49105,46.764732,46.32883,46.705383,46.325287,46.43033,46.751835,45.886154,47.213467,46.50871,46.666485
48.64643,48.511642,48.511337,48.274193,48.4915,48.5772,48.173737,48.46648,48.45974,48.318394,48.05909,48.414745,48.44972,48.629765,48.46382,48.50948,48.06632,48.74182,48.548466,48.47238,48.742733,48.869297,48.09633,48.506218,48.3303,48.80033,48.786377,48.66954,49.054256,48.611523,48.72003
44.67201,44.85162,45.131844,44.935684,44.89132,44.760326,45.061447,44.839497,44.882084,45.128483,45.16584,45.26792,44.903355,45.110687,45.354397,45.092113,45.130592,44.944237,45.184906,45.096577,45.110786,45.137226,45.538124,45.219162,45.183067,45.27333,45.285152,45.405483,45.187523,45.482067,45.457867
43.60073,43.445023,43.53018,43.66196,43.472435,44.031857,43.52118,44.112255,44.12177,43.65773,43.720142,43.708633,43.791477,44.294163,43.866917,44.013733,43.91023,44.25749,43.923763,43.622284,44.00754,43.971165,43.658066,44.046318,44.32182,44.19525,44.22255,44.177044,44.11331,44.2305,44.13061
41.63463,41.50953,41.151848,41.279842,41.523613,41.445717,41.3707,41.368824,41.50364,41.757996,41.73071,41.512283,41.58004,41.229588,41.832104,41.219887,41.510746,41.883335,41.760845,41.880077,41.914898,42.062687,41.4431,41.835083,41.614716,41.545227,41.765774,41.666363,42.283905,41.688747,41.928238
30.828335,31.592442,31.473059,31.184895,30.476896,30.875942,30.747877,31.072876,31.327164,30.965847,30.750866,31.341267,31.143623,31.523678,30.789919,30.83068,31.111404,31.370613,30.84658,30.845669,31.073904,31.681465,31.271088,31.175804,31.380749,31.266737,31.295765,31.408695,31.302338,31.183903,31.066702
37.671883,37.91851,37.61904,37.392693,37.427467,37.710808,37.61313,37.46591,37.77295,37.621613,37.760185,37.697117,37.634445,37.660583,37.341614,37.6334,37.756634,37.933647,37.695004,37.919502,37.71854,38.039036,37.60068,37.760864,37.89619,38.14588,37.78372,37.757427,38.38325,37.65355,37.885536
45.44778,45.11417,44.89821,44.975098,45.454987,45.00649,45.360405,45.21829,45.12024,45.34384,45.318897,45.42503,45.1976,45.35076,45.234406,45.77839,45.624096,45.515564,45.650955,45.50759,45.33782,45.439316,45.40625,45.613213,45.229626,45.491516,45.686127,45.585518,45.574642,45.495605,45.750397
45.275288,44.95484,44.89776,45.197006,45.065163,44.87758,45.0058,44.927994,45.035213,44.817104,45.37622,45.132603,44.95786,44.996048,44.74177,45.335686,45.32378,45.008194,45.16352,45.466957,45.21008,45.221355,45.26416,45.11624,45.201946,45.420746,45.337112,45.11896,45.71618,45.499645,45.3092
47.048325,47.186634,47.40425,47.125786,47.113625,47.445488,47.30005,47.431866,47.580715,47.374138,47.595043,47.532406,47.28656,47.51201,47.443855,47.34052,47.76733,47.422417,47.51725,47.369164,47.384506,47.40903,47.97736,47.548035,47.80041,47.716194,47.44567,47.67424,47.439754,47.89736,47.37083
49.920593,49.892876,49.98165,49.907913,50.297493,50.272778,49.796604,50.16981,50.013664,50.25446,49.72206,50.164993,50.410717,50.33335,50.23486,49.83827,50.07668,50.20967,50.088955,50.178688,50.323475,50.225464,50.071552,50.10784,50.00647,50.31379,50.387352,50.422436,50.049793,50.397655,50.094166
37.395126,37.167164,37.218437,37.19078,37.317146,37.512165,37.250214,37.556183,37.38057,37.339504,37.28072,37.62301,37.546135,37.6975,37.459507,37.57532,37.388348,37.70078,37.520382,37.125816,37.50219,37.657276,37.438587,37.710403,37.48358,37.426865,37.808628,37.628845,37.71797,37.720375,37.69077
50.514683,51.156677,50.96193,50.67545,50.44622,50.89551,50.66789,51.153656,51.365158,50.65098,50.643402,50.629868,50.85586,51.075985,51.00155,51.023678,51.172554,50.920746,51.00855,50.656822,50.904682,51.181206,51.344563,51.48781,51.51988,51.06527,50.93186,51.30906,51.13591,51.39559,51.038143
51.00089,50.780926,50.79638,50.674496,50.97191,51.04542,50.982323,50.937016,50.627735,50.671085,50.54902,50.668842,50.91935,50.69674,50.87116,51.212017,50.79014,51.05594,51.020874,50.99589,51.110268,51.10435,50.74954,50.91987,50.72168,50.920334,51.014893,51.092106,51.347683,50.892235,51.001472
60.159775,60.160652,60.670425,60.68013,60.44329,60.79269,60.37969,60.70115,60.30526,60.048023,59.807697,60.11924,61.019814,60.63624,60.786266,60.402893,60.710842,60.574574,60.32645,60.684868,60.908768,60.7096,60.699856,60.51407,60.9216,60.462547,60.9425,60.642956,60.447895,60.811214,60.676796
46.51781,46.631466,46.91385,47.240185,46.545235,47.005623,47.20117,47.200367,47.07576,47.27955,47.50265,47.46124,46.899544,47.121567,47.112736,46.925533,47.02946,47.252945,47.1466,47.20567,47.103714,46.926495,47.539856,47.016846,47.815834,47.679543,47.11365,47.602684,46.879158,47.378044,47.224586
49.193806,49.419537,49.199684,48.86853,49.334457,49.250813,49.33998,49.24642,49.277946,49.196213,48.893433,49.46839,49.45745,49.177418,49.3427,49.548485,49.554695,49.360966,49.308125,49.345665,49.489025,49.553543,49.70133,49.760536,49.294724,49.18962,49.532383,49.488903,49.56633,49.59186,49.375313
42.21914,42.099396,42.674072,41.992218,42.404213,42.20328,41.89806,41.884327,42.18939,41.885082,42.70043,42.233334,42.25406,42.26222,41.877155,42.078724,42.29788,41.76606,42.370346,42.348427,41.797005,42.325573,42.361088,42.505753,41.937492,42.89688,42.618423,42.01674,42.70717,42.386448,42.508675
50.168423,50.617393,50.146057,50.2199,50.132088,50.204956,50.01307,50.46018,50.58332,50.272194,49.846584,50.315037,50.378555,50.527893,50.168903,50.24567,50.413933,50.32635,50.20575,50.19679,50.546566,50.747265,50.59408,50.638992,50.655315,50.438454,50.432285,50.6606,50.554455,50.8924,50.289497
53.182995,52.76784,52.757637,52.74363,53.03917,52.875004,53.047024,52.873455,53.060608,52.864094,53.665302,52.949368,52.635345,52.43879,53.029903,53.362114,53.2956,52.790325,53.45111,53.294357,53.047768,52.934155,53.439137,53.355125,52.946686,53.105324,52.9477,53.140125,53.82903,53.49809,53.0806
54.015675,53.7174,54.05384,54.632755,54.092674,54.38866,54.43892,54.55676,54.18588,54.327324,54.33646,54.41259,54.392227,54.45678,54.47301,54.42227,54.24618,54.710155,54.545887,54.484856,54.623325,54.19953,54.584053,54.353134,55.06672,54.61016,54.72368,54.67137,54.265114,54.584763,54.764637
47.29853,47.127693,47.377335,47.10085,47.400368,47.045666,47.40391,47.020954,47.272717,47.586422,47.758514,47.595848,47.240734,47.543198,47.6449,47.47665,47.656025,47.517124,47.74789,47.61175,47.625946,47.71413,47.98626,47.554268,47.54545,47.682648,47.6685,47.572,47.579735,47.883972,47.8876
50.55851,50.979122,51.037567,50.481487,50.51927,50.7686,50.511604,50.53247,50.8365,50.659927,50.491737,50.67114,50.894268,50.91792,50.570885,50.714317,50.729298,50.77276,50.72826,50.70107,50.79028,51.038624,50.858852,50.868217,50.717857,50.980072,50.772243,51.0191,51.17776,50.84782,50.69457
42.1615,42.50867,42.326477,42.2338,42.284103,42.43317,42.22491,42.69786,42.521675,42.192993,42.109135,42.484623,42.5106,42.49896,42.218998,42.68802,42.837364,42.185696,42.31263,42.263638,42.15924,42.25265,42.68893,42.638603,42.32923,42.453888,42.378464,42.91352,42.37623,42.781166,42.07586
51.621418,51.477364,51.610855,51.686035,51.624313,51.94595,51.989132,52.000362,51.68616,52.013138,51.85001,51.79537,51.80186,51.890434,52.041744,51.781803,51.677116,52.099426,51.885193,51.7745,52.21526,52.44547,51.856255,51.96823,52.160286,52.182076,52.021873,52.307556,52.071857,52.16328,52.114395
48.233932,48.394943,48.463516,48.951176,48.13022,48.690857,48.424862,48.937786,48.595608,48.256535,48.604504,48.3326,48.526608,48.567562,48.63786,48.490948,48.487366,48.39975,48.487698,48.74466,48.54972,48.482185,48.60043,48.47017,49.238018,49.121544,48.5127,49.044666,48.776997,49.005344,48.77666
55.50232,55.373505,55.484993,55.443512,55.614265,55.469166,55.54969,55.649464,55.587334,55.348515,55.45058,55.175568,55.597153,55.519733,55.53749,56.04602,55.64962,55.64652,55.81435,55.525753,55.78792,55.969765,55.581352,56.137848,55.505936,55.585846,55.964073,55.853046,55.957428,55.731796,55.84067
39.401913,39.844353,39.671783,39.62869,39.484497,39.80842,39.722466,39.82017,39.958538,39.938995,39.96739,40.00012,39.90886,39.976665,39.802235,39.73878,39.612297,39.90223,39.727802,39.920155,39.83561,40.08442,39.81002,40.111023,40.22935,40.53205,39.919514,40.248848,40.011345,40.030617,40.176888
45.92333,46.37492,46.347496,46.72128,46.21525,46.276222,46.47477,46.38118,46.5689,46.668427,46.57623,46.239635,46.700256,46.47082,46.96432,46.38386,46.574387,46.70899,46.594776,46.731876,47.0037,46.95991,46.70732,47.05947,47.087994,46.48487,46.99297,46.868,46.986984,46.781105,47.199165
50.297237,50.910275,50.34498,50.242634,50.302887,50.11411,49.74302,50.154037,50.81919,50.190598,50.3074,50.190193,50.507774,50.261635,50.782784,50.16374,50.392105,50.078594,50.43756,50.85046,50.598064,50.628025,50.571457,50.96422,50.69728,50.690643,50.468483,50.559036,51.222645,51.086533,50.893707
47.507378,47.56318,47.52276,47.88835,47.121887,47.47943,47.40544,47.631466,47.686848,47.545708,47.567265,47.864635,47.646935,47.87752,47.77438,47.60846,47.751453,47.938766,47.69725,47.889683,47.868385,47.553314,47.981762,47.42566,48.304646,47.831886,47.69519,48.037548,47.913845,48.101177,47.869583
41.327435,41.71007,41.471695,41.286724,41.325584,41.28099,41.40591,41.42883,41.451218,41.054226,41.071915,41.292797,41.401207,41.330593,41.46128,41.666714,41.535664,41.46604,41.350834,41.6773,41.58511,41.899044,41.45676,41.803146,41.609753,41.7118,41.784332,41.58306,41.86682,41.60913,41.88973
46.425247,46.360447,46.20115,46.578354,46.56362,46.18205,46.679466,46.208908,46.1166,46.615986,46.4228,46.375736,46.81482,46.57755,46.545628,47.050735,46.531796,46.770874,46.873165,46.746586,46.70577,46.59827,46.514397,46.89708,46.58398,46.37581,46.96577,46.805637,47.048985,46.392532,47.31987
53.12722,52.96343,53.338326,53.287674,53.310196,53.218502,53.263134,53.208466,53.193146,53.534546,53.65321,53.50394,53.350956,53.33619,53.326824,53.250877,53.477196,53.228848,53.62801,53.30941,53.287285,53.247963,53.82077,53.46924,53.304604,53.417747,53.46084,53.66928,53.476498,53.651707,53.316475
51.72091,51.768623,50.93403,51.46712,51.802956,51.34611,51.928944,51.504917,51.261898,52.28219,51.35099,51.79001,51.811203,51.651672,52.09396,51.788864,51.691757,52.015625,51.877213,52.106617,52.330875,52.179306,51.897552,51.724243,51.95749,51.649994,51.666393,52.24903,51.996883,52.11626,52.252148
43.418083,43.29662,43.536507,43.532707,43.606102,43.81286,44.011036,44.018227,43.312683,43.42117,43.01907,43.544903,43.683006,43.81468,43.77674,44.298443,43.704067,44.071068,43.56544,43.574955,44.04197,43.998844,43.606647,43.578835,43.67547,43.71312,43.964256,44.128017,43.36289,43.719727,43.78358
46.127224,46.60597,46.43155,46.19692,46.45568,46.327507,46.364082,46.49129,46.7937,46.289917,46.419216,46.25255,46.606155,46.72358,46.948586,47.045086,47.09519,46.43934,46.834892,46.716946,46.565754,46.402847,47.155437,47.11525,47.00895,46.662315,46.667664,46.82245,46.591908,47.128475,47.09871
48.492256,48.630722,48.837738,48.649864,48.5997,49.08178,48.704212,48.934002,49.211674,48.82784,48.975624,48.945297,48.91374,49.105583,48.74478,48.862965,49.077766,49.092472,49.065285,48.742622,48.83286,48.81417,49.118843,49.34754,49.394234,49.252876,49.30926,49.054577,49.23811,49.126938,49.097874
53.2003,53.382267,52.780884,53.04253,53.21206,53.162273,53.026497,53.33677,53.42893,53.42704,52.84778,53.188553,53.29245,53.286873,53.563538,53.33203,53.365868,53.57541,53.453365,53.48693,53.695923,53.412373,53.347633,53.51645,53.565697,53.265778,53.36474,53.729794,53.63702,53.714905,53.48874
47.85794,48.02854,48.21412,48.030586,47.766006,48.05591,48.08431,48.196674,48.006977,47.697876,47.91768,47.867714,48.07821,47.98281,48.0644,48.124863,48.237198,48.150723,47.993397,48.290466,48.081253,48.48093,48.031235,48.268265,48.33274,48.49196,48.367863,48.37318,48.310513,48.086975,48.345177
61.523876,61.07373,61.404663,61.77192,61.661255,62.04436,61.438156,61.994762,61.872265,61.64792,61.744053,61.642426,62.004684,61.919724,61.65547,61.49899,61.59548,61.9205,61.91591,61.609226,61.95267,61.73408,61.875412,62.08448,62.351696,61.991013,62.189133,61.79405,61.86385,62.163414,61.928436
52.836452,53.451813,53.084885,52.98837,52.925438,52.908257,53.103844,53.043755,53.239246,52.956234,52.575806,52.947388,53.244003,53.42176,53.818707,53.688953,53.64223,53.06357,53.03396,53.513073,53.73125,53.482452,53.64905,53.331703,53.620552,53.257095,53.185417,53.76302,53.56596,54.107433,53.679916
50.33856,50.885357,50.78585,51.091545,50.56225,50.77587,50.708828,50.974545,51.02845,51.043625,50.745804,50.70164,51.016533,51.054714,51.218468,50.863503,50.9076,51.02358,50.979942,51.12005,51.150864,50.8516,51.084652,50.98368,51.40428,51.13559,50.90487,51.556705,50.911587,51.199673,51.12644
39.56736,39.495,38.81801,39.415653,38.9401,39.3404,39.020615,39.589493,39.596577,39.20477,39.348045,39.19683,39.06513,39.407745,39.063892,39.569626,39.48495,39.60063,39.44489,39.46269,39.422787,39.344288,39.058113,39.1699,39.627914,39.577904,39.152565,39.833347,40.139,39.71897,39.272
42.359165,42.91599,42.469467,42.30477,42.846176,42.32453,42.3338,42.21913,42.5175,42.840622,42.137993,42.612873,42.90409,42.895664,43.02435,42.501453,42.8988,42.632267,42.675137,43.091022,42.889328,42.795464,42.818745,42.794167,42.709183,42.817474,42.94404,42.869682,42.824512,43.01823,43.260212
49.254974,49.283283,49.280594,49.42056,48.894623,49.371082,49.454586,49.55221,49.41566,49.541386,49.622345,49.786594,49.463577,49.746418,49.576084,49.407856,49.734207,49.585285,49.43465,49.55805,49.47167,49.696453,49.76198,49.469498,50.09475,49.989418,49.51412,50.10429,49.73922,50.002213,49.752316
46.164185,46.57921,46.42536,46.40005,46.42991,45.8955,46.114506,45.906513,46.474144,46.723602,46.74287,46.614876,46.691273,46.46063,46.643555,46.12472,46.58184,46.282665,46.6469,46.792908,46.54607,46.69471,46.951157,46.9974,46.604412,46.561943,46.78279,46.606777,46.87886,46.82043,47.017124
46.853664,46.48781,46.733894,46.559994,46.68026,46.957806,46.7765,46.96448,46.54987,46.69105,46.735813,47.112053,46.867805,46.91602,46.644836,46.605247,46.694687,46.869137,46.767807,46.58079,46.743652,47.210854,46.936474,46.880157,46.940273,47.138145,47.052868,46.942192,46.937145,47.096466,46.906353
52.590935,52.69829,52.44374,52.112175,53.17827,52.703102,52.455524,52.369984,52.80544,53.091347,52.448357,52.822914,52.98356,52.587753,53.1648,52.37941,52.751854,52.94257,53.001064,52.961906,53.27244,53.027306,53.07552,53.309784,52.685783,52.567177,53.19561,52.63168,53.088463,53.118618,53.076187
58.64056,58.428127,58.40132,58.68323,58.305977,58.498333,58.75573,58.685562,58.677204,58.5089,58.89393,58.89945,58.589626,58.592598,59.023415,58.95842,58.93452,58.86692,58.98559,59.1908,58.86619,58.531,59.236088,58.85102,59.53723,59.08825,58.795963,59.03654,59.051716,59.245968,59.28956
50.226288,50.378487,50.417976,50.185364,50.207108,50.671093,50.587337,50.518356,50.585857,50.544834,50.720104,50.400723,50.409634,50.3887,50.405647,50.54279,50.583717,50.62099,50.586533,50.644337,50.49406,50.721508,50.41465,50.73478,50.726505,51.097015,50.57728,50.93914,51.021656,50.54108,50.631493
49.293545,49.4987,49.343445,49.443336,49.14093,49.420246,49.422977,49.76506,50.12506,49.540936,49.600945,49.572598,49.247055,49.890244,49.958874,49.778862,49.92198,50.041508,49.798664,49.670887,50.14736,49.95324,50.225758,49.868996,50.54713,49.91285,49.75681,49.95554,49.650013,50.462,49.927174
46.702457,46.80933,46.828423,46.538754,46.638054,46.805492,47.11415,47.164585,47.05785,46.927692,47.12756,46.83759,46.532352,46.95164,47.17924,47.515007,47.41084,47.099884,47.276386,46.955803,46.853554,47.100574,47.14264,47.284584,47.07704,47.344543,46.97772,47.696682,47.102226,47.218338,47.15477
44.6067,44.398396,44.535294,44.065613,43.922295,44.937115,44.372227,44.76854,44.56594,44.034256,44.346382,44.65353,44.31867,44.7355,43.82657,44.26479,44.324085,44.740818,44.26873,44.11165,44.246555,45.020447,44.301865,44.390724,44.959053,45.285233,44.561787,44.502197,44.902832,44.608696,44.39181
53.863064,53.57871,53.82643,53.72548,54.01407,54.162968,53.89383,53.789738,53.984108,54.018127,54.17886,54.212597,54.17846,54.020535,53.816425,54.055794,53.96026,54.084198,54.23149,54.055126,53.987133,53.788696,54.08736,54.37906,54.121807,54.304344,54.45154,54.04789,54.594734,54.142475,54.300808
51.707424,51.535366,51.75802,51.454147,52.04203,51.880928,51.676643,51.440132,51.56894,52.084972,51.808067,51.791,52.08113,51.861794,51.631638,51.49072,51.46626,52.00876,52.093082,51.788013,51.922432,52.083874,51.759205,52.070442,51.667244,52.001602,52.21222,51.73066,52.154613,51.64237,52.128693
46.507538,46.30133,46.348526,46.77614,46.483162,46.53029,46.756138,46.60605,46.349365,46.82383,46.94135,47.120384,46.93083,46.494404,47.02514,46.450676,46.95122,46.646614,46.735165,46.893982,46.858185,46.728638,47.334175,46.851707,47.105812,46.506195,46.866566,46.943493,46.988132,47.24816,46.988888
52.374336,52.1275,52.278053,52.22183,52.485764,52.529785,52.34112,52.474678,52.63772,52.558178,52.69614,52.656002,52.450054,52.545807,52.49866,52.761196,52.471275,52.683952,52.85084,52.544926,52.589798,52.250824,52.724335,52.745476,52.577477,52.762573,52.653828,52.77988,52.68604,52.789917,52.57725
57.248276,56.982437,57.35546,57.261993,57.388718,57.41461,57.6054,57.394783,57.311623,57.374897,57.605846,57.310204,57.277668,57.418945,57.72745,57.815563,57.569725,57.477657,57.682755,57.640125,57.776203,57.5866,57.803665,57.51763,57.666023,57.77655,57.57108,57.791103,57.64097,57.938934,57.761967
51.833763,51.919296,52.421898,52.179817,52.523132,52.44146,52.635662,52.114914,52.043106,52.446316,52.206367,52.03051,52.7835,52.502373,52.70925,52.572937,52.500736,52.5237,52.592926,52.39281,52.73532,52.73362,52.630363,52.91993,52.580154,52.324203,53.062233,52.467224,52.613766,52.416683,53.147972
48.941902,48.87844,48.687477,48.623928,48.684593,48.89768,48.610813,48.99319,48.830036,48.797085,48.586006,49.019108,48.825665,48.676056,48.761623,48.445633,48.804924,49.130856,48.797802,49.050545,49.011368,49.151375,48.920177,48.67282,48.968895,49.062325,48.772232,49.053764,48.857082,48.994057,48.557095
43.9512,43.965656,44.1857,44.309345,44.16381,44.18473,44.00292,43.978863,44.06418,44.054337,44.32068,44.106583,44.55103,44.34894,44.217022,44.168327,44.161644,44.075645,44.270214,44.344925,44.274376,44.22565,44.384464,44.421158,44.467213,44.389412,44.538727,44.215626,44.62238,44.49178,44.71847
41.497734,40.683228,40.81369,40.436966,41.620697,41.363182,41.03285,41.167492,41.06566,40.804897,41.062347,40.988613,41.070805,40.901672,41.26622,41.305668,41.212536,41.547512,41.424362,41.279453,41.482014,41.697216,40.8883,41.618538,40.86964,41.241577,41.874382,40.749767,41.610184,41.270336,41.600708
48.63084,48.356407,48.258034,48.57497,48.69615,48.38124,48.835766,48.385235,48.246483,48.589394,48.510952,48.592842,48.590763,48.41942,48.62947,49.030533,48.413883,48.88282,48.78567,48.964417,49.06375,48.850292,48.615334,48.719093,48.673058,48.695793,48.94929,48.7413,49.029045,48.672657,49.16256
46.94529,47.131924,47.20925,47.5605,47.19433,47.6562,47.709667,47.561253,47.349865,47.46325,47.892094,47.086773,47.60699,47.249825,47.346737,47.611534,47.442944,47.26872,47.46369,47.612446,47.42276,47.553802,47.335712,47.799355,47.83873,47.968086,47.535667,47.92202,48.00511,47.51458,47.80847
44.837345,44.655148,44.58029,44.80956,45.00734,44.872395,44.7498,44.733765,44.784058,44.881786,44.944687,44.618946,45.102463,45.01188,44.517384,45.234627,44.435257,45.095566,45.198025,44.91108,44.874645,44.95152,44.34191,45.34738,44.80704,45.25357,45.373745,45.009125,45.4967,44.597855,45.520267
60.611675,60.186695,60.409576,60.89566,60.363167,60.663807,60.323227,60.81554,60.759182,60.54049,60.690323,60.685276,60.568645,60.663605,60.748394,60.445404,60.687763,60.91608,60.869377,60.841785,60.98462,60.479702,60.99837,60.474983,61.22254,60.752663,60.750965,60.897705,60.79927,61.189037,60.589397
40.475353,41.219757,40.949936,41.060345,40.624718,40.65824,40.951347,40.80041,41.047337,41.014328,40.90885,41.28855,41.18364,41.089584,41.245163,41.059753,41.36544,41.003357,40.88528,41.50511,41.105167,40.909233,41.536034,41.161842,41.57875,41.306435,41.11866,41.460335,41.075233,41.375336,41.418304
46.952564,47.116707,47.02282,46.947945,47.036743,47.038708,46.815292,47.109688,47.374474,46.930626,46.923973,46.704456,47.20386,47.340515,47.070385,47.20188,47.20936,47.34588,47.237354,47.09617,47.404457,47.698147,47.07102,47.649506,47.3917,47.30876,47.597763,47.209225,47.51963,47.36406,47.54204
55.526253,55.54604,55.51809,55.67293,55.58403,55.90135,55.806988,55.86604,55.799137,55.622055,55.821625,55.531754,55.818607,55.497013,56.05869,55.919273,55.808437,55.676308,55.64747,56.083954,56.209686,56.107674,55.784657,56.001534,56.034363,56.085976,55.818405,56.203873,56.350243,56.30009,55.945244
37.140503,36.939587,37.442863,37.21525,37.229088,37.49759,37.181786,37.64018,37.30626,37.03936,37.25475,37.598454,37.531216,38.176987,37.246124,37.834114,37.626274,37.350227,37.375683,37.02105,37.078,37.24116,37.630352,37.36487,37.55179,37.883606,37.660538,37.73436,36.981415,37.89009,37.583393
59.509876,59.161762,59.857704,59.57163,59.466553,59.765965,59.83454,59.87494,59.483627,59.698288,59.951385,59.808342,59.508408,59.806576,59.642906,59.800465,59.639977,59.665108,60.06619,59.37147,59.472054,59.677364,60.171078,59.752678,59.883526,60.069572,59.709526,60.14843,59.592293,59.94849,59.70304
46.11275,46.428444,46.359673,46.535904,46.187935,46.42269,46.35254,46.345528,46.51468,46.38532,46.651554,46.647167,46.681835,46.618786,46.380516,46.40978,46.66671,46.431732,46.62072,46.87866,46.253445,46.04075,46.919315,46.605537,47.273148,47.062325,46.59241,46.640274,46.634933,46.723125,46.982807
42.00377,41.681183,42.037727,42.181374,42.091995,42.124985,42.061382,42.085228,41.716446,41.834267,41.64061,42.141758,42.369724,42.30758,41.85956,42.288017,41.889984,42.404373,42.09805,41.855118,42.28334,42.256393,42.080338,42.15822,42.072876,41.869957,42.67469,42.047363,42.180172,42.029606,42.349113
50.159073,50.141056,50.124504,50.535835,49.992897,50.41892,50.452698,50.420086,50.143543,50.530155,50.477665,50.58481,50.553677,50.51634,50.33586,50.404713,50.435623,50.39074,50.22387,50.589474,50.512074,50.449993,50.415817,50.150208,50.69011,50.801003,50.311882,51.06923,50.751205,50.746796,50.43884
44.602814,44.66368,44.93663,45.11597,44.649292,44.615467,45.027836,44.751537,44.657944,44.68637,45.138813,45.05163,44.908623,44.966312,44.899837,45.117455,45.08029,44.724895,44.82362,45.287395,44.956776,45.003372,45.306137,44.897858,45.30829,45.4336,45.13876,45.18759,45.018658,45.303577,45.391422
43.112476,43.43048,43.11738,42.905518,43.125572,43.190403,43.120304,43.310047,43.64726,43.094902,43.27833,43.23743,43.19691,43.143177,43.53983,43.49277,43.581745,43.27427,43.29986,43.34883,43.56798,43.739494,43.586693,43.96086,43.502148,43.368034,43.52198,43.512688,43.898285,43.909603,43.542007
54.60606,54.825905,55.05536,54.60247,54.46884,55.016014,54.743362,55.16889,54.903526,54.54833,54.467667,54.279938,54.579,54.688507,54.76959,54.77463,54.78269,54.823963,54.710236,54.447422,54.97248,55.56503,54.67875,54.936775,54.69486,54.932343,54.7483,55.325855,55.119495,54.96973,54.42017
40.268585,40.380432,40.396156,40.004646,40.612907,40.378784,40.28171,40.306408,40.39455,40.372757,40.110374,40.32778,40.545597,40.583103,39.98262,40.578796,40.54222,40.548428,40.441776,40.21227,40.42786,40.826603,40.338806,40.823204,40.020885,40.477463,40.90409,40.467033,40.540264,40.320892,40.414444
43.39817,43.50538,43.409164,42.942184,43.38546,43.4481,43.329556,43.09499,43.242718,43.137104,43.261757,43.32113,43.44494,43.23452,43.149754,43.289715,43.43126,43.292553,43.21865,43.623344,43.44693,43.90124,43.282196,43.540077,43.30782,43.815468,43.61828,43.296543,44.0751,43.49086,43.639458
46.574512,46.27746,46.41339,46.102276,46.473152,46.704105,46.270294,46.52154,46.671394,46.43553,46.63657,46.430313,46.455757,46.462517,46.515377,46.414238,46.356476,46.87749,46.82518,46.443485,46.642532,46.850258,46.37774,46.90188,46.57457,46.753258,46.87285,46.51079,47.07839,46.579453,46.758602
57.457375,57.579792,57.79876,57.690704,57.916885,57.621033,57.726585,57.65269,57.598274,57.742386,57.78683,57.598103,57.993298,57.8111,58.058952,57.88447,58.168404,57.264477,57.933002,57.834717,57.813465,57.856255,58.407364,58.2024,57.85538,57.796204,57.97684,58.09797,58.01154,58.46498,58.10447
47.566166,47.865646,47.803574,47.656025,47.907562,47.721676,47.731636,47.624035,48.088448,48.178825,48.037388,47.948696,48.022934,48.100212,48.207546,47.84293,48.069008,48.089947,48.19606,48.15966,48.16332,48.14327,48.197617,48.454857,48.258118,48.249603,48.38841,48.15547,48.30768,48.264416,48.56501
54.916386,54.56726,54.555603,54.894577,54.956245,54.9956,54.774723,54.99254,55.05883,55.23582,55.223946,55.07198,54.954998,55.024426,55.327335,54.952663,54.735725,55.170406,55.29745,55.098904,55.37441,55.073532,55.014538,55.261314,55.26534,55.278786,55.244934,55.37235,55.538063,55.55462,55.41164
48.65046,48.735195,48.54592,49.32684,48.388954,48.587246,49.10687,49.159958,48.722908,48.931816,48.91819,48.726463,48.559,49.149902,48.89537,49.359356,48.74516,49.023087,48.99293,48.980587,49.11554,49.10867,48.945736,48.691757,49.555923,49.446777,48.800076,49.733025,49.01788,49.326424,49.35883
56.03411,56.15581,55.891716,55.878227,56.190933,55.980522,56.479515,56.112125,55.89997,56.56362,56.439465,56.199146,56.20612,56.2612,56.825764,56.375412,56.250587,56.057,56.529587,56.62993,56.361145,56.561485,56.610657,56.44204,56.713478,56.924362,56.06816,56.88439,56.41309,56.841297,57.09263
51.87092,51.952995,52.318542,52.121983,51.92418,51.93093,51.812546,52.04819,52.13293,51.872078,52.00037,52.03754,52.21513,52.32268,52.11209,52.29284,52.15164,52.19404,52.417973,52.12668,51.946316,51.89095,52.337616,52.35498,52.25128,52.274597,52.398083,52.385612,52.1358,52.14373,52.3869
40.41051,40.450768,40.806046,40.194286,40.492447,40.516705,40.215046,40.141964,40.429787,40.31778,40.607048,40.52798,40.525036,40.67488,39.9666,40.446068,40.38147,40.2591,40.37536,40.366634,40.33318,40.78679,40.41002,40.502365,40.03135,40.95394,40.67876,40.491768,40.957054,40.576492,40.393177
45.93931,46.34342,46.17198,45.707375,45.980263,46.01808,46.010666,45.870018,46.27263,46.251846,45.88442,46.239586,46.02575,46.4997,46.01232,46.125523,46.172455,46.326603,46.029114,46.22061,46.433197,46.765686,46.183678,46.247093,46.289738,46.76805,46.40252,46.428173,46.5156,46.490665,46.410072
48.10188,48.124187,48.443962,48.04441,47.909775,48.008118,48.383873,48.0324,48.0605,48.12988,48.31282,48.42613,48.213203,48.45034,48.192978,48.319603,48.57108,48.42766,48.33561,48.333862,48.253307,48.765488,48.665245,48.441635,48.610817,48.639313,48.63569,48.45312,48.489124,48.427364,48.726383
47.091995,47.150604,47.203514,47.045853,47.332237,47.226746,47.40871,47.279686,47.07026,47.41979,47.463715,47.02668,47.173946,47.255867,47.672897,47.49775,47.28921,47.32292,47.68937,47.606987,47.309204,47.359203,47.40229,47.316414,47.41636,47.804848,47.197475,47.781334,47.32924,47.437603,47.787056
53.79839,53.443565,53.962074,53.204697,54.44335,54.04444,54.2372,53.653183,53.45547,54.061436,53.741013,53.93257,54.381256,53.899242,53.89237,54.088673,54.204685,54.147366,54.363285,53.72218,53.91524,54.319305,54.261158,54.73459,53.58733,53.689217,54.74911,53.7556,54.030693,53.64924,54.400856
42.96417,42.87619,42.96694,43.107872,42.676376,43.016045,42.78606,43.21243,43.189552,42.639286,43.001945,42.984013,42.93692,43.337666,42.82333,43.388565,42.966366,43.293274,43.224075,43.02508,42.95175,42.89577,43.049698,43.077393,43.49129,43.474266,43.207146,43.266727,43.184723,43.214027,43.330925
56.217575,55.647144,55.53376,55.611164,56.435066,55.883385,55.965042,55.738495,55.798946,56.253006,56.02368,55.807793,56.074604,55.89443,56.187866,56.236584,55.981438,56.275673,56.489643,56.1786,56.494114,56.401035,55.951183,56.446007,55.748665,55.892235,56.467377,56.099213,56.67044,56.24085,56.507782
55.523643,55.230965,54.8133,55.558567,55.25186,55.139473,55.359436,55.35737,55.503677,55.583874,55.637997,55.46567,55.37615,55.114796,55.406017,55.48212,55.418606,55.866856,55.683525,55.897358,55.970985,55.662586,55.519646,55.674774,55.83296,55.442474,55.640903,55.70341,56.02927,55.674343,55.666782
41.65998,41.701416,41.641075,41.626526,41.308945,41.79694,41.81468,41.780537,41.845062,41.52939,42.0223,41.744118,41.51756,41.607174,41.617138,41.859604,42.06049,41.916775,41.811047,41.982372,41.721706,41.939137,41.80211,41.8806,42.187267,42.2109,41.898872,42.00834,42.46551,41.9266,42.00116
41.90144,41.8206,42.086075,41.88052,42.05043,42.10929,42.256905,42.15076,41.952744,41.793243,42.197517,42.100662,42.02243,41.97807,41.848946,42.597786,42.25939,42.00397,42.06312,42.186054,41.97049,42.177174,42.060352,42.324753,41.893703,42.512352,42.369038,42.388092,42.28748,42.12658,42.190178
45.50367,45.60193,44.992554,45.20018,45.428986,45.16701,45.46993,45.42953,45.331642,45.645,45.460663,45.454346,45.61611,45.33138,45.79617,45.667942,45.553356,45.51606,45.65122,45.66186,45.63561,46.000202,45.43885,46.102257,45.538704,45.518745,45.668518,45.98754,46.157455,45.79116,46.1133
40.57374,40.40964,39.93908,40.422752,40.36403,40.15145,40.312878,40.262096,40.113,40.389984,40.45908,40.518475,40.556194,40.229366,40.306282,40.657246,40.57311,40.323654,40.381783,40.77403,40.42258,40.494125,40.13653,40.532104,40.160328,40.454285,40.572456,40.84131,41.253147,40.592106,40.689674
48.09183,48.049564,48.133034,47.75537,47.98198,47.99779,47.728214,48.01948,48.109543,47.875755,48.113495,48.122337,47.960896,48.18751,48.080093,47.85269,47.998413,47.968132,48.30216,48.027996,47.917976,48.225838,48.435513,48.225235,48.334705,48.49614,48.1131,48.079338,48.22092,48.51392,48.3463
52.03425,52.39537,51.92057,52.79222,51.966057,51.953976,52.18243,52.47616,52.355576,52.41957,52.198875,52.28515,52.33859,52.48378,52.76789,52.261055,52.330933,52.3561,52.27819,52.85828,52.865944,52.528156,52.764496,52.172585,53.26453,52.728386,52.187855,52.9808,52.291508,53.18351,52.785416
47.111156,46.883713,47.276215,47.0068,47.07016,47.451435,47.04809,47.203526,47.289593,46.81907,47.37813,46.95917,47.0415,47.211884,46.85832,47.21238,46.84508,47.267395,47.343853,47.097546,47.179237,47.401905,47.07439,47.38153,47.447693,47.815125,47.48364,47.04214,47.649807,47.270798,47.482147
54.32971,54.15679,53.695694,54.483063,53.946274,54.20562,53.97513,54.489098,54.35992,54.175285,54.309074,54.095177,54.014637,54.300613,54.300556,54.26379,54.189056,54.41939,54.58891,54.69035,54.319836,53.89568,54.238396,54.032898,55.079075,54.844994,54.100307,54.69409,54.66435,54.73697,54.65916
43.088093,42.877735,43.14212,43.474472,43.029846,43.263893,43.485783,43.334087,43.11833,43.24387,43.460667,43.31557,43.378387,43.490902,43.35809,43.524498,43.351357,43.582348,43.373062,43.319946,43.620773,43.72442,43.464592,43.497887,43.795822,43.508232,43.77742,43.56248,43.680557,43.601814,43.879124
46.45881,46.66042,47.11386,46.730812,46.821823,46.714832,47.135975,46.400043,46.746346,46.94822,47.275406,46.96031,46.83138,46.680813,47.14511,46.780933,47.01115,46.969734,47.126663,47.280205,47.176403,47.16539,47.561344,47.188873,47.317097,47.19683,47.305614,46.779907,47.21049,47.064415,47.540066
48.12486,47.978863,47.795425,47.515034,47.967064,48.219093,47.96198,48.16066,47.949154,48.140633,47.52048,48.382187,48.142982,48.32767,47.884663,48.067677,48.31912,48.39158,47.964893,47.867302,48.17913,48.384216,48.07101,48.02545,47.955956,48.136,48.23261,48.44212,48.244884,48.336784,47.830555
41.561096,41.583565,41.97986,41.130505,41.645676,41.84329,41.43884,41.525536,41.794266,41.575817,41.71822,41.916943,41.705814,41.793358,41.765125,41.407814,41.735046,41.789497,41.827225,41.47199,41.625305,42.04747,41.94919,42.126488,41.674377,41.92994,42.156445,41.586353,42.107037,41.91968,41.926315
37.315464,37.576984,37.487274,37.091377,37.094048,37.739746,37.193974,37.71662,37.830254,37.235836,37.25522,37.604458,37.49624,37.720425,37.484295,37.666615,37.602066,37.676346,37.325275,37.237312,37.52787,37.731586,37.421574,37.71344,37.55851,37.729454,37.561207,37.90345,37.910427,37.864044,37.344433
42.058342,42.359707,42.42341,42.093716,42.57837,42.429024,42.46452,42.307007,42.19184,42.09458,42.12566,42.161087,42.697605,42.275032,42.226833,42.627213,42.62441,42.08069,42.30058,42.35287,42.366295,42.594524,42.753464,42.80597,42.27182,42.330452,42.59234,42.347336,42.41971,42.547962,42.491127
37.757893,38.393753,38.43022,37.4946,38.353447,37.969086,38.243565,37.55885,38.223507,38.25997,38.604687,37.915276,38.152252,38.00486,38.36984,38.502274,38.266476,37.86708,38.540104,38.335052,38.031372,38.444733,38.40371,39.01676,37.9024,38.573418,38.429432,38.24909,38.919914,38.19243,38.93295
44.82469,44.750294,45.15838,45.200424,44.752457,44.864487,45.08074,45.08559,44.939346,44.8471,45.477695,45.063892,44.97606,45.141174,45.171486,45.39926,45.256744,44.94778,45.237984,45.276245,44.865776,45.039993,45.190376,45.234383,45.269318,45.604156,45.30744,45.5784,45.350647,45.300705,45.548553
48.552437,48.53436,48.283783,48.484222,48.622,48.590103,48.714645,48.83479,48.70002,48.425247,48.733143,48.453773,48.405544,48.238235,48.67959,48.978,49.076622,48.44411,48.691284,48.9019,48.823334,48.722702,48.996567,48.836235,48.741096,48.725433,48.54897,48.96873,48.932907,49.210922,48.52012
50.221104,50.28674,50.415276,50.395233,50.331177,50.617462,50.815994,50.737755,50.123917,50.482605,50.370266,50.62012,50.80478,50.580765,50.62684,50.600372,50.5595,50.495853,50.52936,50.522472,50.383488,50.752136,50.739647,50.791252,50.94988,50.91587,50.707764,50.983562,50.481087,50.653748,50.98821
49.454395,49.348816,49.550613,49.103607,49.486908,49.33273,49.093628,49.14929,49.39274,49.234573,49.324955,49.34313,49.706207,49.709282,49.335846,49.546574,49.330173,49.463055,49.71384,49.257713,49.3668,49.71053,49.501225,49.98185,49.365467,49.533882,49.91129,49.378944,49.94976,49.555904,49.9654
43.66672,43.705593,43.673866,43.997593,43.655212,43.880928,43.45953,44.086464,43.981842,43.711185,43.832226,43.879883,44.00323,44.191956,43.59597,43.96355,43.661865,43.855415,43.9221,43.816048,43.612675,43.63161,43.60269,44.043564,44.07077,44.40535,44.09163,44.300224,44.025337,44.020966,44.08408
40.837276,40.956055,41.32885,41.15651,40.72609,41.004787,41.136623,41.067593,41.092667,41.060738,41.380047,41.442295,40.99581,41.418274,41.01288,41.19655,41.308887,41.17551,41.145515,41.165806,41.014446,41.231342,41.482475,41.088463,41.463043,41.703888,41.341454,41.511044,41.260704,41.431393,41.357456
45.28203,45.12013,45.058144,44.84254,45.110565,45.108627,45.051712,45.07727,45.032158,44.980904,44.978874,45.25516,45.034386,45.306057,44.695198,45.34201,45.220566,45.15106,45.09346,45.084064,45.138287,45.47524,45.12578,45.111946,44.97217,45.50792,45.294052,45.32353,45.51871,45.402634,45.106594
44.150063,43.86827,44.13127,44.074657,43.97576,44.331776,44.09921,44.315826,44.139915,43.94596,43.840485,44.382904,44.25676,44.65572,44.149017,44.365284,44.316433,44.812023,44.3923,44.202606,44.30097,44.16475,44.34279,44.12069,44.749737,44.486763,44.6831,44.270115,44.155403,44.309853,44.607826
42.269337,42.147873,42.30152,42.015038,42.047165,42.11663,42.14935,42.28758,42.316742,41.96203,42.036495,42.322952,42.145554,42.584873,42.299564,42.66616,42.569386,42.647266,42.3901,42.225548,42.474262,42.61186,42.549755,42.35131,42.43498,42.37365,42.570675,42.465084,42.33159,42.605663,42.47588
48.703262,48.652397,48.351006,48.662766,48.848305,48.583157,48.59721,48.608948,48.63108,49.071518,48.679787,48.82439,48.893917,48.699726,48.93277,48.465176,48.926594,48.919437,48.867798,49.040936,49.132828,49.104786,48.870876,48.94883,48.85139,48.738136,49.089306,49.026844,49.201786,49.123535,49.028515
47.295868,47.554745,47.665474,47.683403,47.522034,47.716484,48.162884,47.695404,47.738678,47.987823,48.00535,47.73598,47.743362,47.40515,47.91469,47.922672,48.10832,48.089104,47.975388,47.95557,48.045677,48.04315,48.074547,48.28636,48.03071,47.70851,48.15425,48.17706,48.259533,47.690346,48.01431
50.188927,50.312424,49.757965,50.697205,50.21695,50.162964,50.421967,50.44808,50.49799,50.848034,51.162647,50.128536,50.2939,49.937366,50.62969,50.538406,50.328106,50.33085,50.860294,50.880253,50.569702,50.238876,50.43803,50.73266,50.736458,50.624718,50.121586,51.16724,51.149635,50.698795,50.71004
50.31261,50.32958,50.499947,50.32382,50.178993,50.285427,50.109833,50.314377,50.69305,50.396618,50.596798,50.36548,50.20034,50.697838,50.528664,50.435143,50.498184,50.499237,50.559265,50.431126,50.693645,50.87216,50.53688,50.646713,50.623608,50.872566,50.736526,50.776493,51.050526,51.022556,50.71834
47.763073,47.340042,47.201935,47.658108,47.560944,48.03285,48.232273,48.254654,47.467667,47.922726,47.813778,48.13415,47.857464,47.845684,47.81017,47.99998,47.944103,48.08043,47.775562,47.799553,47.902504,48.156456,47.80762,47.946663,48.3256,48.255013,48.047485,48.40107,48.033802,48.157196,48.147537
48.02692,47.887264,48.173035,48.20553,48.08075,47.9572,48.156513,48.089554,48.221775,47.949688,48.5974,48.25154,48.133274,48.139782,48.615723,48.79795,48.487453,48.166714,48.541576,48.710377,48.22622,47.88343,48.461662,48.52527,48.389885,48.598106,48.513443,48.624897,48.612507,48.58706,48.83735
47.07008,47.37612,47.34201,46.985443,46.89923,47.156433,47.22618,47.282722,47.516026,47.053856,47.30861,47.403076,46.918526,47.310707,47.10937,47.62669,47.644417,47.267673,47.29775,47.434994,47.13595,47.276066,47.452377,47.4329,47.442387,47.88565,47.360626,47.766724,47.657635,47.57871,47.306343
48.576782,49.05042,49.383957,48.51732,48.97367,48.97552,48.755333,48.626766,49.136276,48.971004,48.841278,48.853535,49.364937,49.24665,49.170876,48.94852,49.09739,49.11216,49.280815,48.845535,48.972347,49.317574,49.26765,49.81814,49.068672,49.064285,49.59886,49.01402,49.42269,48.97121,49.58152
43.47563,44.141983,43.66388,43.22277,43.9552,43.5929,43.788277,43.60163,44.029755,44.25222,43.904915,43.842655,44.000957,43.90416,44.58106,43.899143,44.318462,43.895264,44.214367,44.2037,44.04316,44.172,44.39195,44.597313,44.13677,44.066246,44.018093,44.299297,44.126137,44.36577,44.57717
48.658108,48.413136,48.81411,49.112885,48.571793,48.71854,48.27759,48.7549,48.907017,48.412327,48.695236,48.73364,48.88894,49.044914,48.75465,48.712196,48.943867,48.995808,48.8693,48.997646,48.96776,48.610607,48.857502,48.75393,49.12445,48.908455,49.336506,48.83851,49.08376,49.105778,49.01378
39.430737,39.240677,39.150764,39.475437,39.3608,39.169056,39.309975,39.262688,38.97968,39.23286,39.239716,39.486435,39.514347,39.484325,38.94835,39.66857,39.31524,39.395164,39.413815,39.482933,39.234425,39.271515,39.26836,39.257317,39.2178,39.506187,39.556477,39.58749,39.586807,39.317944,39.57019
42.307117,42.295826,42.67714,42.566612,42.349464,42.13562,42.279987,42.253582,42.360115,42.236465,42.291653,42.638203,42.56627,42.931225,42.56342,42.68991,42.80101,42.71355,42.51117,42.78674,42.663727,42.636013,42.76264,42.42418,42.671913,42.77858,43.047752,42.66627,42.42446,42.762135,42.9658
49.39195,49.10557,49.115173,49.449,49.2666,49.331238,49.427837,49.49374,49.615955,49.50206,49.884495,49.404205,49.08328,49.225155,49.633812,49.395226,49.395752,49.734024,49.735928,49.658543,49.932068,49.85969,49.712612,49.697266,49.954624,49.737762,49.69536,49.605938,49.930626,49.961395,49.795303
45.813454,46.013042,45.546654,45.779587,45.693436,45.90841,45.693966,46.14674,46.267643,46.108746,45.706936,46.062134,45.9214,46.366386,46.315273,46.151962,46.114063,46.35129,46.058422,46.089867,46.385464,46.141254,46.102406,46.053444,46.48592,46.28206,46.014854,46.594303,46.167145,46.66665,46.23378
49.356766,49.52512,49.540947,49.638798,49.832115,50.276592,50.244972,50.28951,49.710182,50.12557,50.01128,49.71576,50.38941,49.859806,50.18324,50.148293,50.00674,49.739136,50.00955,49.603096,49.86103,50.078278,50.14441,50.5822,50.18111,49.944496,49.89732,50.565453,50.0091,50.195965,50.13696
46.73495,46.616283,46.657623,46.63138,46.443275,46.40307,46.747204,46.49324,46.58989,46.900394,47.08838,47.28925,46.71872,46.794113,46.76,46.573265,47.107548,46.979668,47.000298,47.090458,46.65371,46.844788,47.270744,46.85936,47.17674,47.09514,47.019764,47.006878,47.026894,46.975616,47.16681
45.487465,44.975483,45.035286,45.622906,45.34735,45.35363,45.532024,45.500847,45.011932,45.128685,45.261246,45.780346,45.500214,45.261963,45.292828,45.56845,45.50776,45.707867,45.439667,45.876743,45.62473,45.122387,45.80416,45.053574,45.853096,45.481583,45.588543,45.409306,45.21352,45.611485,45.547966
41.944344,42.61676,42.232224,42.198544,41.78926,42.22399,42.53361,42.34259,42.263542,42.6451,42.053776,42.58565,42.31236,42.288704,42.29576,41.952232,42.22816,42.67443,42.116234,42.246193,42.57473,43.136642,42.455853,42.576523,42.814342,42.54802,42.489285,42.83156,42.71418,42.36918,42.52492
44.81701,44.66239,44.63507,44.999725,44.82087,44.77206,44.84347,45.01122,44.72319,45.16183,45.097668,44.950363,45.07369,45.105145,45.35027,44.901573,44.886677,45.200905,45.18305,45.27987,45.061676,45.174904,44.747902,45.07229,45.211044,45.403122,45.245304,45.54657,45.15031,45.11675,45.637653
43.282375,43.181793,43.39624,43.619408,43.175415,43.430515,43.78499,43.728043,43.419895,43.42134,43.777145,43.722225,43.564186,43.62952,44.002728,43.86491,43.89413,43.79596,43.678337,43.836395,43.730133,43.766167,43.9502,43.79297,44.232304,43.899803,43.892387,44.034584,43.662857,43.990467,44.223396
57.087452,57.260563,56.768158,57.34915,57.36582,56.810387,56.573277,56.844044,57.310177,57.041763,56.84346,56.8927,57.29299,56.831615,57.263855,57.00456,57.032665,57.099434,57.39422,57.762714,57.591827,56.777367,57.385937,57.35566,57.362904,56.941017,57.327534,57.061527,57.59458,57.524536,57.398106
51.44539,51.819263,51.943184,51.625732,51.385643,51.55908,51.718426,51.51089,51.885426,51.65498,52.090595,51.67625,51.59746,51.54381,52.034035,51.552784,51.8086,51.68311,51.93453,52.038548,51.888714,52.126633,52.276714,52.14039,52.346302,52.1874,51.861748,51.896656,52.300533,52.142612,52.278362
52.873352,53.01266,52.58233,53.194405,52.755623,52.869095,52.823006,53.06052,53.142815,52.728714,52.97866,52.528812,52.97495,52.444542,53.047512,53.008884,53.163445,52.99707,53.082592,53.39974,53.32746,53.063538,53.08639,53.31019,53.394672,52.803055,53.024685,53.179268,53.713894,53.266872,53.09318
43.18187,43.46561,43.33361,42.934795,43.312935,43.2894,42.75237,43.374,43.52045,43.289394,42.80117,43.479885,43.398293,43.74669,43.591938,42.96226,43.674263,43.36366,43.202854,43.330738,43.48792,43.63353,43.598045,43.33937,43.39262,43.538338,43.531254,43.60358,43.243885,44.034447,43.287086
44.91281,44.94942,44.980354,45.321476,45.17054,45.084736,45.294437,45.219475,45.293514,45.202557,45.445236,45.441467,45.448586,45.419918,45.344624,45.769787,45.65445,45.28668,45.316288,45.639217,45.44364,45.08465,45.639275,45.557617,45.6174,45.57627,45.607635,45.66802,45.359947,45.737858,45.660748
52.911522,52.745453,52.901527,52.942425,53.129562,52.85171,53.0361,52.875153,52.819813,52.901848,52.89279,53.06827,53.077904,52.819626,53.229603,53.264656,53.265133,52.98186,53.14898,53.241226,53.364704,53.03283,53.529484,53.175087,52.97836,52.787178,53.25478,53.17173,53.225166,53.463387,53.122364
55.98123,56.361202,56.424164,56.243214,56.02298,56.203552,55.979046,56.452755,56.625343,56.23038,56.05595,56.363007,56.28819,56.51094,56.557343,56.06955,56.554222,56.257233,56.283005,56.22152,56.56534,56.67087,56.92636,56.625053,56.78846,56.468185,56.485634,56.694424,56.367123,57.09721,56.30588
47.2763,47.839466,47.91207,47.324047,47.539696,47.614124,47.747566,47.65196,47.97377,47.729385,47.78796,47.719925,47.711506,47.800743,48.00046,48.0691,48.102394,47.666306,47.83026,47.79388,47.757378,48.038445,48.02926,48.40432,47.81013,48.113556,48.02641,48.285572,48.12493,48.070538,48.07176
38.92663,39.11237,39.07663,38.464428,39.219284,39.04618,39.119534,38.789185,39.135612,39.039555,39.226772,38.774582,38.976646,38.934616,39.48219,39.255676,39.109833,39.30163,39.41671,39.3782,39.371212,39.625927,39.160618,39.602562,39.17785,39.44847,39.408497,39.03575,39.593357,39.19914,39.850407
44.192997,43.831795,44.040344,43.871914,44.057625,43.988194,43.51631,43.8394,44.131233,43.742886,44.000057,44.11505,44.112167,44.258465,43.959835,43.92781,44.081905,44.181675,44.165825,44.056152,44.23059,44.22138,44.222183,44.131203,44.06421,44.0912,44.43536,43.83081,44.448345,44.484386,44.212147
50.172432,50.01235,50.243042,50.15533,50.142967,50.102077,50.030155,50.056133,50.13956,50.146122,50.238186,50.22912,50.105858,50.17432,50.139477,49.982555,50.220345,50.160976,50.08623,50.28271,50.556442,50.824535,50.275795,50.260567,50.11099,50.440483,50.555256,50.359108,50.732357,50.658913,50.23901
46.854126,46.68624,47.371964,47.23637,46.89807,47.03855,46.788326,47.080185,47.055813,46.77432,47.11206,47.373356,47.08468,47.52888,46.84252,47.20566,46.983997,47.157978,47.37142,47.00437,46.76981,46.502327,47.534378,46.953125,47.418568,47.53026,47.364147,47.163574,46.751766,47.24349,47.269
54.783073,54.540817,54.75879,54.807285,55.036613,54.924774,54.651478,54.666817,54.528748,54.998634,54.82899,54.912853,55.3361,54.815723,54.675217,54.438637,54.661938,54.73204,54.898785,54.840458,54.928223,55.071854,54.935375,55.06279,54.694225,54.83825,55.1573,54.90168,55.183704,54.965633,54.90765
48.661053,48.352867,48.462425,48.20095,48.633408,48.38395,48.364483,48.134815,48.480392,48.477448,49.08406,48.766594,48.49207,48.29908,48.602413,48.378777,48.561295,48.38388,48.817944,48.951828,48.517506,48.68097,48.8038,48.909645,48.622704,49.041122,48.8579,48.41397,49.27657,48.915367,49.102207
47.256424,47.65589,47.7733,47.58858,47.21266,47.68411,47.576664,47.830353,47.904716,47.446926,47.559658,47.625526,47.725616,47.934692,48.071354,48.020645,47.966434,47.790558,47.75377,47.723213,47.78944,47.693127,48.069374,47.93885,48.23243,47.94246,47.752403,48.241055,47.845398,48.179985,47.990013
49.692314,49.489017,49.82676,50.27493,50.141846,50.31396,50.168987,50.100796,50.10745,50.388756,50.28883,50.068596,50.368927,50.291782,50.44713,50.105667,50.13897,50.564693,50.327847,50.425983,50.74036,50.182335,50.258015,50.266777,50.656643,50.355186,50.687756,50.36972,50.341995,50.437656,50.62458
47.801746,47.946426,47.55509,48.120926,47.61023,48.14995,48.17363,48.396103,48.14984,48.37152,48.02175,48.078644,48.150597,48.193027,48.608425,47.939533,48.15636,48.64078,48.26182,48.208782,48.5707,48.483486,48.323673,48.29429,49.112648,48.234352,48.184486,48.676113,48.38546,48.568348,48.62781
50.81793,50.531853,49.991226,50.813538,50.208725,50.226334,50.269295,50.853188,50.670696,50.38342,50.26557,50.616234,50.21279,50.623753,50.54264,50.62899,50.53866,51.02038,50.649853,50.883537,50.949615,50.842346,50.420868,50.47529,51.15229,50.87519,50.81179,50.985077,50.93031,51.043827,50.88685
52.78712,52.565697,52.379997,52.655224,52.6575,52.587494,52.791637,52.828293,52.54568,52.528553,52.567856,52.608097,52.696434,52.533463,52.654377,53.01266,53.02426,52.745792,52.726475,52.944416,52.969154,53.038097,52.867737,52.835564,52.801334,52.74858,52.84024,53.053032,53.04462,53.087097,52.772945
51.365498,51.11298,51.18834,50.817448,51.38153,51.20305,50.87231,51.044765,51.111397,51.075542,50.972202,51.240788,51.23906,51.226906,51.07802,51.049244,51.082108,51.246235,51.34888,51.21545,51.297325,51.438747,51.294746,51.279274,51.00422,51.35898,51.406227,51.136795,51.45917,51.44005,51.240932
45.25881,45.41679,44.696182,44.932827,45.240288,44.959763,45.05338,45.216152,45.416412,45.391144,45.316162,45.31234,45.25987,45.10727,45.411674,45.28005,45.66629,45.176075,45.25676,45.557236,45.51175,45.73362,45.413998,45.785507,45.359314,45.38949,45.406803,45.662437,45.87286,45.925503,45.504196
43.47046,43.792324,43.728325,43.560574,43.608162,43.27777,43.536106,43.45136,43.51663,43.589355,43.71706,43.92803,43.82868,43.761204,43.661903,43.765438,44.115204,43.32048,43.82242,43.832165,43.303062,43.51485,44.29382,44.01419,43.775246,43.82003,43.831528,43.946484,43.793602,44.02959,44.02508
52.20623,52.265415,52.467285,52.101265,52.748566,52.55519,52.719406,52.43275,52.37852,52.567284,52.47441,52.334503,52.699398,52.37753,52.81137,52.66283,52.740337,52.554573,52.763264,52.622772,52.801945,52.88994,53.00393,53.054977,52.63095,52.549667,52.846695,52.615307,52.55698,52.77123,52.88884
50.578545,50.445503,50.744324,50.66674,50.671364,50.583645,50.611416,50.777557,50.69805,50.349594,50.288742,50.686665,50.67937,51.025826,50.69366,51.30995,50.833866,50.945923,50.83215,50.7327,50.920753,50.720436,50.84769,50.85972,50.789165,50.887825,51.207195,50.98486,50.68822,50.975708,50.995975
50.45564,50.51039,50.85428,50.303688,50.644493,50.56616,50.427055,50.404755,50.659065,50.31851,50.529194,50.473396,50.619453,50.82512,50.56043,50.744545,50.957447,50.568832,50.753494,50.792812,50.6096,50.77293,50.888268,50.826416,50.71192,51.057648,51.0136,50.63942,50.833004,50.901474,50.940563
49.154934,49.206245,49.174614,49.57987,49.67826,49.33141,49.539864,49.339375,49.36574,49.79121,49.375328,49.571743,49.78197,49.494987,49.813175,49.598686,49.609436,49.782448,49.713364,49.852055,50.033653,49.51591,49.847206,49.798393,49.731552,49.367012,49.99284,49.759384,49.59511,49.761402,49.93776
41.787548,41.90865,42.00006,41.63698,41.67913,41.785755,41.672565,41.644936,42.255577,42.06437,41.99341,42.315964,41.899197,42.235634,41.971878,42.020226,42.192585,42.40484,42.06313,41.945957,42.25975,42.234856,42.187233,42.250732,42.000523,42.036278,42.42398,42.187958,42.498737,42.255264,42.08033
50.999363,50.840954,50.8864,51.402275,51.147774,51.137325,51.039196,51.215748,51.310127,51.189507,51.589878,51.187008,51.31178,50.962036,51.284565,51.339252,51.529495,51.27747,51.584778,51.67833,51.21028,50.652206,51.431942,51.502533,51.49742,51.29023,51.475487,51.512436,51.59951,51.383526,51.414967
44.39997,44.663055,44.648964,44.389076,44.46747,44.469784,44.288464,44.492714,44.63602,44.51412,44.30284,44.39388,44.57599,44.898193,44.395897,44.57154,44.492706,44.720215,44.651787,44.49935,44.60792,44.935936,44.467075,44.735847,44.611145,44.947075,44.848766,44.820015,44.780704,44.65065,44.82256
47.93737,47.71558,47.767006,47.629795,47.938904,47.664658,47.294453,47.405346,47.78994,47.969505,47.537327,48.247936,48.075653,48.16841,47.850945,47.379017,47.587803,48.226627,47.958797,47.942677,48.24408,48.067074,48.066376,47.816833,47.9003,47.851067,48.30694,47.647152,48.06264,48.163887,48.101944
56.884705,56.77069,56.65297,56.929684,57.182976,56.531433,56.710533,56.557587,56.61724,56.901806,56.75477,56.585297,57.10262,56.553734,57.12711,57.15694,56.88218,56.774002,57.186214,57.306732,57.268814,56.816505,57.06223,57.07354,56.521282,56.4905,56.970284,57.12193,57.29482,57.086296,57.067272
40.921276,40.99715,41.31729,41.260834,41.24041,41.09949,41.0902,41.041946,40.953655,41.13162,40.99165,41.05767,41.505383,41.601585,40.77603,41.48353,41.12853,41.242218,41.195194,41.05161,41.102806,41.409466,40.876972,41.439934,40.87709,41.429497,41.806442,41.48206,41.432934,40.971886,41.517845
53.324387,53.23286,53.25315,53.469025,53.19774,53.212067,52.922783,53.2931,53.25997,53.290546,53.09653,53.18175,53.48941,53.740036,53.2104,53.33791,53.33574,53.404663,53.48453,53.36384,53.37992,53.347095,53.271923,53.222626,53.43376,53.531067,53.481247,53.74152,53.63495,53.616104,53.4951
48.7547,48.969276,49.210762,49.14507,49.162346,49.176304,49.07097,49.087692,49.32519,49.314518,48.970745,49.351242,49.462906,49.457283,49.30222,49.300194,49.19436,49.601025,49.286858,49.3357,49.57606,49.266743,49.35765,49.54477,49.405506,49.374763,49.80319,49.47594,49.232166,49.296535,49.490467
45.260883,45.67692,45.549347,45.12301,45.409286,45.4256,45.658665,45.453987,45.766037,45.87074,45.75015,45.868584,45.342,45.450333,45.747643,45.556625,45.956192,45.791595,45.780533,45.838272,45.663784,45.771122,46.011414,45.91008,45.75072,45.964424,45.72197,46.034138,45.79392,45.80045,45.682934
53.418053,53.441547,53.633385,53.858574,53.50094,53.79762,53.74598,53.863907,54.027927,53.97294,53.99109,53.830387,53.607296,54.010082,53.91978,53.774673,53.95525,54.09862,53.900757,54.021652,54.253292,53.95745,54.114216,53.751404,54.39582,54.326958,53.990784,54.272327,53.894577,54.35136,53.91047
58.7704,58.771698,58.666504,58.625847,58.81228,58.69869,58.715008,59.00326,58.721836,58.513577,58.74397,58.23613,58.585575,58.2258,58.83304,58.77932,58.82514,58.379322,58.84353,58.85848,58.85815,59.30254,58.808727,59.163322,58.60454,58.883553,58.701485,59.124653,59.203,59.126537,58.689354
46.79461,46.823067,46.48629,46.65199,46.6398,46.466927,46.36643,46.535328,46.89825,46.55905,46.86891,46.456364,46.646755,46.58204,47.008533,46.723175,46.80677,46.798313,46.977764,47.213177,47.014713,46.991203,46.751503,47.03991,47.041283,46.976517,46.931877,46.835712,47.50059,47.15807,47.331593
54.728966,55.05772,55.313705,54.883636,55.033546,54.94142,54.763092,55.002426,55.480965,54.76053,54.99858,54.86566,54.900276,55.271145,55.291695,55.224075,55.18051,54.88658,55.20076,55.117035,55.330627,55.36342,55.54586,55.621788,55.448265,55.558678,55.50015,55.178314,55.34025,55.820347,55.5165
45.445656,45.515312,45.39511,45.70083,45.451767,45.65389,45.453514,45.640236,45.541927,45.330696,45.39931,45.79843,45.879864,45.727127,45.65995,45.515835,45.724632,45.60427,45.37472,46.081722,45.828392,45.630116,45.843006,45.53385,46.23651,46.097145,45.83004,45.72326,45.74405,46.141262,45.97977
57.74449,57.630653,57.59086,57.983112,58.054527,58.06351,58.12217,58.24047,57.87131,58.20807,58.146034,57.62833,58.19202,57.711983,58.759365,57.98215,58.23527,58.034527,58.32701,58.312378,58.416466,58.315235,58.219326,58.49961,58.396973,57.987793,58.206177,58.562286,58.38292,58.50527,58.527004
45.02478,45.12073,45.32759,45.072235,45.250793,45.50891,45.46017,45.40514,45.80212,45.56452,45.956596,45.41013,45.12802,45.51203,45.558582,45.680027,45.592777,45.687935,45.805958,45.54892,45.542904,45.475067,45.624462,45.888985,45.840256,46.117043,45.751408,45.767574,45.80913,45.72779,45.85369
49.461567,49.35164,49.24234,49.96263,49.315674,49.698418,49.52475,49.92005,49.68737,49.819675,50.032677,49.704845,49.644882,49.526333,49.56066,49.42306,49.72714,49.77235,49.781033,49.986717,49.672226,49.4108,49.744377,49.462685,50.13313,50.0431,49.48621,50.22641,49.78206,49.903515,49.505325
45.57026,45.41099,45.478836,45.39182,45.688736,45.318165,45.309322,45.149265,45.67278,45.530212,45.69495,45.702923,45.752052,45.473015,45.63016,45.60587,45.86321,45.828968,45.745304,45.920376,45.992702,45.865177,45.833076,46.052673,45.48982,45.415222,46.216175,45.451904,46.192207,45.81827,45.886578
45.572563,45.48117,45.52897,45.541927,45.974983,46.18274,46.17806,46.062622,45.801617,45.933582,46.189957,45.598877,46.011356,45.649887,46.023846,46.308304,46.070595,45.9102,46.180923,45.972107,45.876663,45.897587,45.85056,46.454063,45.984,46.15055,46.099506,46.261715,46.298782,45.94526,46.26488
40.389282,40.662083,40.403183,40.430927,40.50305,40.26935,40.041557,40.360165,40.776375,40.351078,40.461517,40.449112,40.42973,40.744087,40.641525,40.482437,40.597942,40.536694,40.669018,40.89345,40.66254,40.530384,40.729366,40.64924,40.912666,41.010086,40.745743,40.571037,40.72609,41.045975,41.03113
44.299877,44.609478,44.420166,44.432346,44.45719,44.53019,44.68899,44.709988,44.814514,44.74234,44.654266,44.657772,44.492393,44.61366,44.91898,44.939438,44.875454,44.83297,44.77831,44.817726,44.928173,44.786877,44.932556,44.93625,44.916138,44.85842,44.7451,45.166454,44.829754,45.043217,44.84599
41.271294,41.474365,41.80603,41.444855,41.286682,41.39033,41.629517,41.40021,41.388832,41.748947,41.601536,41.953293,41.61447,41.809345,41.555668,41.532104,41.67388,41.949375,41.72233,41.701534,41.482136,41.698708,41.80891,41.55561,41.692036,41.962135,41.859592,41.997166,41.470253,41.398052,41.810616
45.95727,46.20032,46.180466,46.226234,46.01758,46.473892,46.13547,46.512245,46.559895,46.125298,46.40953,46.164234,46.437485,46.47101,46.403393,46.367573,46.485107,46.23471,46.35803,46.288803,46.29519,46.39505,46.519955,46.743767,46.899155,46.72036,46.478363,46.633102,46.68304,46.821854,46.650517
53.014317,52.904972,53.294205,53.184563,53.492165,53.291973,53.306423,53.10683,53.183815,53.448578,53.40668,53.14008,53.586723,53.28276,53.56674,53.27051,53.663116,53.33991,53.53133,53.3893,53.69408,53.62836,53.77605,53.71428,53.30497,53.08635,53.768353,53.429882,53.591953,53.667953,53.52522
52.65903,52.687653,52.828514,53.38359,52.532143,52.959194,53.317577,53.106754,52.866104,53.22497,53.529026,53.190186,53.135967,52.855247,53.57733,52.848545,53.02411,53.152256,53.10268,53.469204,53.403736,53.40364,53.387657,53.277016,53.958176,53.484123,53.25273,53.622055,53.56756,53.519096,53.76129
43.508915,44.033546,43.508064,43.83317,43.9635,43.65444,44.162575,43.897297,43.937798,44.434616,44.073853,44.011913,44.066345,43.885387,44.351425,44.06594,44.114872,43.990532,44.11857,44.24551,44.308125,44.332676,44.38443,44.540855,44.375088,44.150345,44.13028,44.51734,44.145027,44.415413,44.558178
36.711414,36.656082,36.23861,36.32882,36.425186,36.38793,36.866676,36.468887,36.38905,36.719368,36.518993,37.058014,36.582966,36.73328,36.386482,37.00657,36.789738,37.050713,36.706593,36.71407,36.703655,36.987892,36.66443,36.871536,36.80592,36.824753,37.01866,36.904472,37.17598,36.665756,37.144714
39.99841,39.755844,40.263786,39.95768,40.28475,40.351303,39.97305,39.979023,40.12865,39.963066,40.262505,39.96964,40.412205,40.212635,40.157913,40.19143,40.26687,40.347084,40.266037,40.187874,40.393536,40.430035,40.143612,40.427025,39.98414,40.156578,40.704746,40.02181,40.56822,40.215813,40.36143
47.04684,47.29428,46.742607,47.201286,46.778847,47.02414,47.29232,47.321655,47.291744,47.361073,47.43248,47.08889,46.738705,46.945374,47.354538,47.264084,47.02069,47.42781,47.40815,47.65435,47.347446,47.39096,46.960335,47.309845,47.799107,47.968224,47.15399,47.85918,47.855434,47.380455,47.761993
46.546528,46.641853,46.81259,46.37148,46.72635,46.61928,46.43203,46.194088,46.60068,46.40505,46.533646,46.539734,46.81687,46.431484,46.568573,46.421207,46.712082,46.66261,46.632355,46.91959,46.853737,47.031296,46.660748,47.02986,46.544613,46.72608,47.2331,46.37008,47.426384,46.659195,47.00287
42.26445,42.11688,42.53086,42.267788,42.347733,42.17275,42.21114,42.095432,42.330994,42.293915,42.614998,42.643456,42.556908,42.725307,42.780273,42.716324,42.56601,42.521526,42.740433,42.56303,42.51695,42.29844,42.966698,42.583344,42.57294,42.51461,42.708622,42.53758,42.53415,42.860218,42.977386
57.05562,56.73255,57.264328,57.06139,57.068672,57.25667,57.112545,57.233177,57.120323,57.071907,56.885887,57.537285,57.258694,57.871876,57.23722,57.383556,57.415054,57.38175,57.310295,56.96518,57.415115,57.2674,57.84401,57.16462,57.697098,57.487846,57.631428,57.40501,57.078407,57.950676,57.465805
48.282948,48.47619,48.113983,48.297096,48.5991,48.11142,48.39759,48.15105,48.50512,48.60287,48.341515,48.87091,48.542847,48.273983,48.5781,48.540947,48.58011,48.602383,48.61911,48.8935,48.87655,48.367527,49.145927,48.819214,48.74861,48.39969,48.756836,48.47346,48.57289,48.902203,48.75286
47.665688,47.641006,47.487434,47.26605,47.933243,48.018528,47.7735,47.79503,47.765965,47.853615,47.869186,47.56361,47.99526,47.712456,47.83752,47.754414,47.859272,47.805897,48.000256,47.834576,47.797886,48.145504,47.717064,48.381226,47.923782,48.14084,48.07824,47.911697,48.314857,47.949535,48.249043
50.370068,50.080826,50.225517,50.41251,50.537918,50.10531,50.617443,50.180843,50.239414,50.54624,50.666893,50.39933,50.582497,50.282604,50.65951,50.936768,50.952595,50.79755,51.02829,50.77545,50.649254,50.409042,50.819168,50.999725,50.480038,50.09816,51.041267,50.677746,50.923576,50.417313,51.028435
63.104195,62.5706,62.94004,63.36128,63.329292,63.119987,63.372692,63.213802,62.887512,63.392685,63.38403,63.12512,63.38604,63.219917,63.389885,63.489986,63.390316,63.219185,63.532726,63.28277,63.582863,63.35217,63.585583,63.44082,63.28846,63.105057,63.544365,63.660004,63.488033,63.68361,63.462643
40.274517,40.265823,40.560417,40.305088,40.47442,40.56562,40.585125,40.330948,40.444847,40.424862,40.473366,40.433098,40.703293,40.733444,40.476482,40.712494,40.606373,40.78147,40.537357,40.413048,40.86978,41.11521,40.655952,40.89705,40.638195,40.590263,41.096237,40.507984,40.930386,40.68728,40.954796
49.274532,49.371395,49.549957,49.347458,49.555656,49.727715,49.185223,49.59013,49.578674,49.164852,49.085594,49.257393,49.799385,49.45005,49.23821,49.451427,49.320892,49.516087,49.459484,49.320908,49.570305,49.598755,49.457417,49.860794,49.405952,49.443726,49.82026,49.446663,49.644455,49.4877,49.367485
40.84507,40.892708,40.819214,40.44164,40.843353,40.982525,41.241863,41.00531,40.861473,41.041294,40.999447,41.13455,40.727062,41.0408,40.74926,41.20193,41.262375,41.163536,41.021404,40.969444,40.942463,41.38355,41.15776,41.05008,41.064034,41.49833,41.05895,41.31375,41.04183,41.12496,41.056805
46.394276,46.972584,46.76095,46.65591,46.511986,47.214268,47.15236,47.303516,47.561317,47.124214,47.334045,47.01682,46.713223,46.992783,47.459167,47.23098,47.328133,47.07824,47.09927,47.03765,47.32331,47.137955,47.68366,47.41665,47.91098,47.533318,46.77642,47.632336,47.239693,47.889896,47.1276
41.495274,42.02997,42.08058,42.057896,41.708817,41.77085,42.148853,41.802647,41.777332,42.14611,42.03403,42.234394,41.96792,41.85442,42.01005,41.905293,42.207203,41.881382,41.762,42.373283,42.084393,42.10039,42.296265,41.823654,42.04331,42.33512,41.98796,42.544983,42.06918,42.144867,41.95028
41.113415,41.107826,41.200523,41.317467,41.15989,41.30294,41.213966,41.471222,41.71557,41.300587,41.536854,41.60547,41.452393,41.759735,41.64666,41.62788,41.821808,41.712925,41.577675,41.45033,41.623352,41.537697,41.79662,41.96837,42.02725,41.635254,42.05517,41.63283,41.68806,42.009773,41.99788
44.642086,45.106728,44.83265,44.774406,44.71997,44.89836,44.644917,45.08709,45.29757,45.06981,44.58699,44.787704,44.9896,45.32964,45.129772,45.107704,45.119667,45.36384,45.271595,44.763832,45.07677,45.0417,45.05474,45.40052,45.285275,44.943558,45.22618,45.46082,45.204643,45.162292,45.228573
40.90444,41.351746,40.739502,40.87121,41.145332,41.123547,41.0764,41.080936,41.367046,41.2493,41.3251,40.981365,41.194286,40.742046,41.05835,41.25454,41.308792,40.998398,41.2136,41.3546,41.19787,41.27161,41.10798,41.803345,41.127754,41.25267,41.237705,41.44595,41.97015,41.329403,41.28238
46.386013,46.19253,46.393257,46.080006,46.67437,46.02245,46.13279,45.758213,46.19971,46.384594,46.52199,46.409245,46.399597,46.246845,46.67494,46.444714,46.42303,46.360752,46.680702,46.765118,46.70328,46.5078,46.655933,46.60308,46.032436,46.33114,46.77902,46.271748,46.902798,46.677082,46.860767
51.281025,51.352142,51.215042,51.13998,51.56839,51.176365,51.475018,51.33928,51.164383,51.403824,51.015533,51.366287,51.532192,51.43613,51.259285,51.967434,51.66462,51.344494,51.506275,51.402203,51.456112,51.472595,51.566277,51.693085,51.028778,51.295868,51.591724,51.865322,51.482933,51.5393,51.41805
55.915447,55.424175,55.52819,55.58068,55.782135,55.899437,55.60533,55.893196,55.92357,55.880558,56.203552,55.822803,55.52461,55.868397,55.366867,55.841812,55.58119,55.87102,56.103546,55.79372,55.775337,55.828274,55.75312,55.77681,55.84507,56.512283,55.760246,56.083225,56.04988,56.096478,55.668213
38.712975,38.612038,38.83139,38.81976,38.878204,38.955254,39.220005,38.844074,38.514175,38.94047,39.040085,39.01828,39.078495,38.993412,38.79073,39.335533,39.046368,39.02027,38.9798,39.07726,38.853184,38.96837,38.86314,38.948166,38.829586,39.26249,39.180676,39.32067,39.15518,38.818928,39.2532
57.482437,56.600014,56.55229,56.849842,56.95125,57.216484,56.868626,57.282715,57.05056,56.778873,56.906147,57.122997,56.90938,56.895298,56.860935,57.13847,56.991722,57.51648,57.223576,57.060635,57.407196,57.30757,56.915802,57.113388,57.21322,57.06877,57.350986,57.09028,57.638763,57.372673,57.008232
45.401375,45.194893,45.097458,45.15222,44.902252,45.059742,45.205555,45.324852,44.950977,45.028896,44.985622,45.645638,45.15012,45.440422,45.290142,45.579693,45.21219,45.432957,45.307224,45.3744,45.168106,45.183193,45.37059,44.97963,45.45235,45.584892,45.19251,45.739246,45.36356,45.542244,45.510227
39.531292,39.56451,39.19478,39.24065,39.155777,39.51792,39.489384,39.784634,39.751278,39.475567,39.811672,39.468136,39.203625,39.258873,39.642555,39.62721,39.773273,39.812634,39.729347,39.70297,39.581005,39.80923,39.58507,39.717743,39.825424,39.811333,39.372787,39.979008,39.94935,39.778324,39.552307
36.993927,37.396084,37.75335,36.893417,37.192924,37.483913,37.51953,37.38716,37.51916,37.52684,37.629353,37.84902,37.319992,37.729977,37.627323,37.469894,37.802315,37.517975,37.470264,37.48765,37.222527,37.672573,37.771038,37.679825,37.596737,38.244858,37.72206,37.91409,37.43728,37.68835,37.740047
50.447487,50.744556,50.75097,50.320904,50.778557,50.545513,50.70384,50.291515,50.68293,51.050117,50.61866,51.109917,50.909237,50.85905,50.72431,50.386517,50.805443,50.879337,50.776165,50.83754,51.042107,51.223167,51.326374,51.09604,50.971413,50.946968,51.153587,50.7223,50.885036,51.049026,51.04912
51.26299,51.315983,51.07985,51.48658,51.15538,51.325607,51.488346,51.682755,51.62783,51.388737,51.374454,51.63326,51.335743,51.802544,51.413204,52.024815,51.869965,51.56689,51.4651,51.640064,51.677574,51.426937,51.811245,51.53472,52.035522,51.948715,51.577503,52.11759,51.574677,52.195633,51.64845
58.116722,58.017933,58.78456,58.62548,58.213585,58.763023,58.902054,58.613194,58.398117,58.75274,58.726543,59.010456,58.77489,58.835228,58.83056,58.558544,58.91894,58.844566,58.698673,58.594425,58.827072,58.60688,59.437218,58.539185,59.23298,58.794647,58.82665,59.044617,58.473396,59.023045,58.674606
49.02364,48.73477,48.5913,48.366035,49.099876,48.629814,48.63435,48.72577,48.67674,49.048084,48.66319,48.872673,48.74189,48.85927,48.956425,48.8189,48.73786,49.030678,49.116646,48.823467,49.042355,49.37584,48.69359,49.142517,48.430504,48.950638,49.199814,49.10849,49.190117,49.042076,49.117107
42.686413,42.39184,42.22866,43.07184,42.25232,42.87025,42.6446,43.16005,42.905624,42.6902,43.1287,42.58307,42.523838,42.59538,42.483963,42.68405,42.773026,43.124043,42.840492,42.89702,42.878212,42.82808,42.476585,42.6595,43.27839,43.086006,42.78066,43.196365,43.225727,42.882225,42.68093
44.856426,44.807865,44.987106,45.17688,44.55539,44.76197,44.309933,44.947342,44.875275,44.63922,44.587337,45.00283,45.01397,45.228016,44.720966,44.614647,44.61258,45.121418,44.82784,44.95803,44.87918,44.90822,44.673145,44.642166,45.026905,45.19951,45.14268,45.170494,44.95817,44.960064,44.948246
38.111393,38.186558,38.101387,38.062737,38.154182,38.127728,38.009476,38.020054,38.40554,38.305954,38.4416,38.55123,38.054054,38.24817,38.07758,38.366974,38.235443,38.389286,38.301693,38.53219,38.34664,38.082924,38.240524,38.214333,38.134068,38.678032,38.393635,38.502834,38.639164,38.4478,38.24632
47.872765,47.69597,48.41404,47.733047,47.92977,48.209877,48.081757,48.14605,47.8748,47.594864,47.828304,48.13906,48.20965,48.488083,47.790257,48.489246,48.255707,48.069675,48.1152,47.711205,47.75795,48.148716,48.326797,48.26021,48.065067,48.40663,48.45536,48.20592,47.90612,48.15325,48.21452
45.385395,45.521786,45.367035,45.463898,45.400887,45.59051,45.556374,45.717106,45.644024,45.645172,45.64423,45.66875,45.51208,45.314453,45.48885,45.44217,45.588665,45.711727,45.747303,45.55751,45.57041,45.667423,45.793213,45.931404,45.810196,45.64633,45.706722,45.83675,45.87038,45.672363,45.58461
41.64865,42.08916,41.966827,41.779606,41.727707,42.176834,42.544903,42.355484,42.216656,42.3703,42.0607,42.209633,41.965046,42.332092,42.588734,42.57446,42.5135,42.549355,42.05072,42.27106,42.612194,42.75792,42.358887,42.267883,42.57781,42.633423,42.18574,43.015865,42.188442,42.59273,42.386246
48.08613,47.436703,47.49273,47.57891,48.077286,47.811752,47.702393,47.89722,47.61235,47.671974,47.780975,47.91735,47.84077,47.80843,47.714054,47.99149,47.85228,47.826176,48.007236,47.70577,47.948906,48.104004,47.935574,48.097298,47.64036,47.805832,48.205826,47.834618,48.159462,48.266266,47.996937
47.62837,47.42086,47.466515,47.146973,47.663864,47.413334,47.342518,47.266617,47.143696,47.39649,47.05532,47.46776,47.6399,47.70594,47.056202,47.749527,47.294876,47.538982,47.59391,47.23145,47.446102,47.726902,47.34397,47.55771,46.972717,47.471657,47.72805,47.58455,47.788734,47.41647,47.54083
45.913517,45.82895,46.28,45.836277,45.830414,45.94717,45.8795,45.65597,45.86429,45.86482,46.039093,46.349052,46.21212,46.070286,45.938404,45.92344,46.19016,46.098606,45.983475,46.064648,46.073307,46.239212,46.29561,46.176064,45.923344,46.043312,46.461407,46.046642,46.5365,46.154724,46.146652
49.252266,49.377712,48.879204,49.274914,49.034386,49.435333,49.509617,49.45495,49.200855,49.543213,49.400654,49.171772,49.279938,49.059048,49.431118,49.108208,49.125893,49.48003,49.278816,49.613583,49.718826,49.951885,49.21393,49.326492,49.833515,49.76835,49.14661,49.809185,49.97423,49.627434,49.58714
50.693203,50.603813,50.727753,50.71702,50.2949,50.661774,50.341656,50.74741,50.634064,50.449486,50.752014,50.37274,50.619,50.412796,50.49538,50.30926,50.604042,50.723656,50.715855,50.746967,50.545834,51.015903,50.30535,50.72719,50.603718,50.873398,50.750282,50.99691,51.307945,50.53423,50.58126
55.578968,55.551964,56.334732,56.347656,55.649513,56.226315,56.40011,56.3055,55.96026,55.964733,56.65349,55.931103,56.10687,55.919785,56.128246,56.27768,56.225746,56.00722,56.36548,56.112038,55.84184,55.97334,56.39029,56.40168,56.51908,56.50669,56.267094,56.658375,56.317665,56.059273,56.320076
36.68573,37.039223,37.09896,36.890965,36.85132,37.244083,37.10749,37.17542,36.81705,36.874527,36.522877,36.95363,37.471333,37.38642,37.07172,37.139328,37.011177,37.417824,36.923695,37.119972,37.043583,37.37347,36.80179,37.178482,37.373974,37.4634,37.446987,37.348248,36.986164,36.796787,37.58132
46.884144,47.45792,47.051758,47.05476,46.82167,46.915195,47.093426,47.021652,47.312714,47.34659,47.318054,47.201702,47.215477,47.22001,47.55835,47.209408,47.274296,47.275986,47.433926,47.586758,47.2418,47.26974,47.48905,47.516037,47.797604,47.641678,47.13798,47.718716,47.628456,47.50164,47.831978
50.68104,50.70019,50.58912,50.672756,50.977287,50.75945,50.913143,51.03118,50.9759,50.7975,50.61836,50.850254,50.902603,50.975555,50.76038,51.524857,51.568336,50.943848,50.95561,50.976555,51.07986,50.86368,51.24388,51.19014,50.79489,50.826202,51.155052,51.361706,50.83442,51.311874,50.70864
52.85461,52.9543,52.929474,53.02434,52.923515,53.06188,53.07314,53.23812,53.252872,53.14538,53.142796,52.98713,53.046528,53.086227,53.528748,53.29844,53.551277,53.265408,53.295826,53.42727,53.431297,53.211117,53.421894,53.29138,53.452858,53.29075,53.215443,53.69734,53.361893,53.628613,53.2737
42.33632,42.327145,42.457138,42.089535,42.182518,42.467804,42.77033,42.457653,42.39287,42.603493,42.722137,42.618748,42.31416,42.53557,42.715393,42.8486,42.858284,42.88062,42.78946,42.620323,42.47743,42.76161,42.571735,42.73755,42.6543,42.87831,42.746197,43.05305,42.97276,42.51622,42.944935
48.62332,48.680386,48.515068,48.87262,48.786896,49.082783,49.22913,49.256264,49.334045,49.131363,49.386734,49.00948,48.8559,48.887268,49.136826,49.372482,49.376297,49.261204,49.244846,49.186253,49.329575,49.07936,49.41948,49.547806,49.69563,49.340477,49.231873,49.453907,49.30593,49.52233,49.271553
49.268406,48.738937,48.54731,49.037766,49.158165,48.921806,49.068752,48.99781,48.834164,48.88913,49.058372,49.094208,49.0645,48.58028,48.85279,49.36453,49.030476,49.297497,49.305855,49.359,49.278534,48.95075,49.04724,49.26574,48.960617,48.8154,49.33934,49.05992,49.57463,49.027176,49.17549
46.20868,46.411915,46.10997,46.196087,46.30455,46.22329,46.10136,46.32594,46.640285,46.262733,46.34641,46.25051,46.194607,46.270374,46.467285,46.505936,46.793915,46.325436,46.50394,46.612465,46.576183,46.312027,46.72306,46.587875,46.55674,46.41858,46.44491,46.604725,46.782486,46.95601,46.403076
50.323307,50.185707,50.28592,50.058907,50.361343,50.60685,49.90504,50.65779,50.65235,49.962547,49.939693,50.13795,50.30046,50.586903,50.269974,50.366257,50.360394,50.38025,50.27291,50.083035,50.598484,50.73392,50.329506,50.57788,50.411514,50.590958,50.650803,50.44223,50.54887,50.96834,50.228474
51.051304,50.65508,51.17901,51.54444,51.211823,51.447132,51.42524,51.304146,50.9227,51.173782,51.203087,51.289833,51.709248,51.521454,51.478146,51.466545,51.388824,51.590202,51.359142,51.544857,51.5856,51.36432,51.243256,51.41243,51.70792,51.50399,52.03431,51.543716,51.653065,51.41397,51.993732
39.14722,39.271023,39.323807,38.76306,39.09114,39.345715,39.261078,39.28762,39.35993,39.044846,39.325333,39.31033,39.04495,39.131065,39.067123,39.42307,39.39612,39.300175,39.29847,39.14189,39.13871,39.56626,39.36044,39.570076,39.173584,39.580902,39.38319,39.416466,39.63381,39.3696,39.234043
55.36048,55.72915,55.518517,55.41675,55.60102,56.021667,56.0024,55.89744,55.815117,55.95629,55.61055,55.480423,55.761562,55.441933,55.98586,55.80058,55.895237,55.993237,55.847275,56.00373,56.10269,56.007298,55.815346,55.996338,56.059258,55.99845,55.70362,56.301678,56.106937,55.843563,55.7694
43.202854,43.150234,43.385178,43.157406,43.194244,43.612915,42.875553,43.48927,43.716232,43.188896,43.273197,43.739647,43.33314,43.57862,42.981346,42.986534,43.261494,43.543686,43.29084,43.132385,43.3392,43.335552,43.5128,43.48317,43.567978,43.7398,43.728855,43.302174,43.457485,43.689045,43.0947
41.370926,41.686516,41.627007,41.621017,41.597458,41.559708,41.336353,41.67625,42.071106,41.59226,41.861744,41.541294,41.798344,42.017166,41.771473,41.858192,41.570015,41.709682,41.8608,41.70982,41.850807,41.949986,41.886204,42.27066,42.112923,42.169937,41.99843,41.87297,41.89191,42.175537,42.24562
42.663834,42.786015,42.831436,42.762486,42.56684,42.985344,43.036236,43.021545,43.019505,42.59056,42.862907,42.67743,42.925766,42.83423,43.097305,43.234306,43.35485,43.225014,42.965385,43.034298,43.192974,43.30915,43.115158,43.319183,43.38766,42.93553,43.269135,43.122707,43.41414,43.141827,43.280888
51.733086,51.979824,52.00123,51.561123,51.573364,51.977455,51.771053,51.896408,52.126373,51.781418,52.049095,52.111267,51.72658,51.892975,51.910397,51.778572,51.84111,51.68473,51.81804,51.875515,51.95176,52.247643,52.290787,52.124237,52.247894,52.531746,51.815674,52.19096,52.37692,52.57506,51.944607
47.795334,47.724747,47.343185,47.917854,47.07785,47.585304,47.49972,48.031754,47.612564,47.4886,47.46193,47.828262,47.64349,47.76846,47.72342,47.5882,47.51807,48.009693,47.750725,47.78134,47.715816,47.78298,47.759335,47.51346,48.45819,47.933434,47.538006,48.162434,47.91685,48.002045,47.940144
36.432816,36.908894,36.289177,36.877388,36.656418,36.29119,36.690666,36.54333,36.568207,36.953663,36.80692,36.528023,36.80934,36.607094,36.823307,37.24592,36.683918,36.614243,36.91441,37.072838,36.73417,36.513206,36.519646,36.97416,36.55585,36.766006,36.665558,37.4537,37.27225,36.74067,37.1734
40.51248,40.68628,40.63359,40.855873,40.588455,40.585056,40.567562,40.984104,40.835667,40.496838,40.928524,40.318542,40.822716,40.73051,41.14234,41.207703,40.901188,40.71736,41.095936,40.96043,40.62896,40.68599,40.692753,41.238876,40.941822,40.949654,40.89211,41.310093,41.0254,40.92127,41.332172
57.778694,57.39546,57.25821,57.624676,57.815254,57.807213,57.77056,58.009953,57.776917,57.853325,57.764885,57.92647,57.74523,57.700687,57.850513,57.936554,57.875984,57.899128,57.98271,57.870037,58.038464,57.832394,58.012764,58.07827,58.05824,57.96177,58.012238,58.15277,58.0108,58.33097,57.91429
45.705505,46.063946,45.928696,45.703636,46.136673,45.99954,46.249275,46.01758,46.110474,46.552307,46.014988,46.21023,46.22721,46.200882,46.590187,46.194576,46.61389,46.428318,46.405144,46.252888,46.406372,46.369083,46.601574,46.56933,46.31093,46.06759,46.429825,46.61734,46.211178,46.40735,46.467583
48.462826,48.832466,48.32215,48.681366,48.413834,48.36657,48.598324,48.39972,48.726547,48.75222,48.666317,48.633877,48.60986,48.50881,48.62184,48.86876,48.536896,48.775578,48.75986,49.0799,48.976723,48.649773,48.800304,48.765236,49.00067,48.88775,48.57894,49.017952,49.201153,48.884933,48.95181
39.934807,39.99658,40.562263,40.290226,40.125732,40.11571,40.48994,40.026882,40.202583,40.293056,40.594883,40.7125,40.23477,40.620567,40.338684,40.717846,40.614204,40.53814,40.65666,40.476723,40.23131,39.999897,40.96875,40.40367,40.67546,40.684937,40.76076,40.506027,40.3177,40.45211,40.852505
49.070168,49.307034,49.05523,49.629536,48.780357,49.019108,49.11254,49.190598,49.17231,49.23865,49.446934,49.472534,49.477627,48.97873,49.48104,49.039654,49.29218,49.2529,49.316803,49.793213,49.28,49.048393,49.532406,49.356705,49.85254,49.3863,49.234993,49.711777,49.809517,49.492226,49.610134
40.48478,41.14378,40.693108,41.57375,40.77385,41.07973,41.226734,41.130848,41.43717,41.528633,41.16481,41.138058,41.39659,41.324623,41.49729,41.348537,41.327435,41.690804,41.212612,41.66834,41.91008,41.043213,41.541264,41.242195,42.135525,41.21898,41.289967,41.723732,41.393818,41.559734,41.567997
43.363674,43.454216,43.301117,43.396523,43.276535,42.950825,43.420963,43.14568,43.056206,43.197662,43.140003,43.46287,43.338394,43.338608,42.92196,43.74142,43.75382,43.337276,43.328953,43.606453,43.292515,43.44975,43.50832,43.32737,43.142303,43.389954,43.5789,43.669636,43.64026,43.355396,43.392918
47.375755,47.163776,47.431435,47.224876,47.319496,47.54645,47.013474,47.270275,47.560814,47.55986,47.64964,47.588787,47.528217,47.66141,47.622574,46.71158,47.41481,47.70014,47.542564,47.53782,47.74459,47.95636,47.636726,47.53469,47.858685,47.845062,47.84728,47.371616,47.85596,47.936714,47.760685
50.208714,50.115295,50.12281,50.22187,50.02964,50.32048,50.35918,50.552696,50.573338,50.281097,50.736362,50.36957,49.927517,50.093967,50.628864,50.21409,50.582058,50.411064,50.47536,50.53999,50.656357,50.762234,50.812126,50.573227,50.966003,50.769463,50.421597,50.63814,50.72274,51.08636,50.524097
43.052605,43.452488,43.38822,43.373657,43.091797,42.92062,42.97064,43.098484,43.42526,43.098145,43.045624,43.358242,43.357857,43.363533,43.70494,43.24285,43.739346,43.421783,43.36437,43.681484,43.608047,43.385742,43.88437,43.468925,43.68763,43.169167,43.624004,43.45508,43.49664,43.803337,43.655067
48.339157,48.36738,48.466072,48.20551,48.44866,48.710552,48.74319,48.53127,49.14368,48.93974,49.081856,48.690807,48.584366,48.67576,49.2482,49.01832,49.13495,49.379543,49.273605,48.79492,49.191475,48.868416,49.136444,49.492416,49.212914,48.630074,49.21721,48.96555,49.394104,49.01079,49.253956
49.240814,49.32891,49.781876,49.362362,49.5095,49.838184,49.932835,49.776142,49.63384,49.67498,49.739132,49.59972,49.613358,49.979507,49.223217,50.107735,49.688023,49.744045,49.85839,49.2298,49.444607,49.843903,49.791718,50.072037,49.77044,50.194542,49.986324,50.06049,49.71011,49.613754,49.81383
50.8949,51.28187,50.942764,50.914917,51.171707,50.719013,51.05009,50.87827,50.507755,50.993374,50.68797,50.69935,51.20624,50.87866,50.954247,51.149612,50.92663,50.484745,51.098125,51.141712,50.797043,51.146408,51.185802,51.121124,50.81032,51.13806,50.76553,51.418972,51.119625,51.13448,51.282722
42.62816,42.476677,42.697205,42.45955,42.816864,42.70308,42.937695,42.6918,42.413948,42.783604,42.720005,42.81646,42.86245,43.045498,42.27362,43.31474,42.793007,42.928516,43.0078,42.63464,42.376892,42.760223,42.480152,43.038452,42.44785,43.21483,43.21744,43.15386,42.872845,42.355125,43.126892
52.429867,52.21203,52.000946,52.219067,52.47328,52.024967,51.60185,52.0659,52.547104,52.19636,52.48713,52.119404,52.339844,52.360554,52.52674,52.139046,52.373062,52.24408,52.664623,52.81218,52.481167,52.24799,52.351715,52.60234,52.493595,52.65728,52.61649,52.319523,52.850533,52.89527,52.84913
46.970562,47.324493,47.54294,46.99623,47.17105,47.185303,47.651604,47.248993,47.088696,47.38096,47.05077,47.618736,47.57371,47.469753,47.688175,47.60359,47.829235,47.489002,47.460735,47.279243,47.34763,47.718277,47.92092,47.931023,47.528362,47.280075,47.856064,47.779476,47.494717,47.49689,47.867016
47.418236,47.261036,47.515045,47.432213,47.147377,47.22725,47.221382,47.307865,47.06016,47.240753,47.376686,47.651073,47.41796,47.355743,47.420895,47.195747,47.1514,47.42795,47.54968,47.49192,47.195602,47.37119,47.52339,47.305756,47.486748,47.63186,47.5013,47.616333,47.597134,47.418457,47.67256
46.615345,47.002438,47.026627,46.923702,46.815384,46.897945,47.128902,46.82657,46.89962,47.070854,47.067852,47.314697,47.152702,47.102604,47.111053,46.92555,47.155952,46.831165,46.844116,47.255207,47.18387,47.309147,47.583233,47.175537,47.489807,47.4998,47.16697,47.29444,47.192802,47.575157,47.384594
56.001957,56.076992,56.512566,55.8593,56.266,56.41094,56.05875,56.371983,56.68227,56.009357,56.45536,56.04237,56.3136,56.455387,56.41406,56.49484,56.487556,56.216576,56.61895,56.151466,56.30223,56.47751,56.833103,56.94156,56.595665,56.68316,56.515205,56.385014,56.31771,56.79578,56.489117
40.994637,41.649456,41.345215,41.419186,41.378067,41.208153,41.665413,41.218685,41.61699,41.780296,41.55811,41.61446,41.345325,41.306202,41.380016,41.37848,41.738815,41.8212,41.61524,42.0233,41.798813,41.611744,42.008453,41.662033,42.02067,41.837975,41.722034,41.629032,41.477333,41.49117,41.739563
47.479263,47.436554,47.55285,47.564003,47.27906,47.56036,47.406837,47.585697,47.728638,47.215927,47.41165,47.580074,47.488625,47.728992,47.44314,47.888794,47.598705,47.90167,47.80295,47.585857,47.661198,47.43919,47.772804,47.75538,48.032894,47.73902,47.91536,47.647926,47.94279,47.749226,47.895515
50.446144,50.170464,50.347534,50.259773,50.705254,50.447887,50.444183,50.336807,50.085762,50.44344,50.048782,50.604637,50.84547,50.632973,50.28747,50.56239,50.50973,50.707584,50.584644,50.53282,50.604584,50.56263,50.653793,50.538986,50.3672,50.42324,50.885185,50.487675,50.327515,50.443253,50.631405
42.780556,42.923004,42.85257,42.581047,42.73974,42.78967,42.571476,42.646984,43.067345,42.831703,43.258976,42.886272,42.71263,42.95444,42.719044,42.781513,42.885265,42.603172,42.93022,42.912018,42.806316,43.1541,42.997616,43.1345,42.948006,43.47142,42.937782,43.028908,43.564564,43.403397,43.10876
40.123962,40.752144,40.815918,40.69342,39.88543,40.408943,40.400646,40.623978,41.198933,40.389885,40.94322,40.72677,40.33089,40.820873,40.81279,40.7332,40.92964,40.788357,40.65056,40.845436,40.707973,40.758144,41.023067,40.973587,41.454834,41.268402,40.864105,41.069717,41.071968,41.14138,41.04908
40.317024,40.688435,40.334084,39.957592,40.58248,40.34972,40.48946,40.47453,40.639454,40.570774,40.31433,40.408596,40.438145,40.50748,40.924644,40.82612,40.6656,40.76816,40.740402,40.74131,40.722088,40.95355,40.483738,41.1305,40.556427,40.839516,40.887913,40.88962,40.828743,40.691776,41.153545
44.510647,44.526028,44.276505,44.637203,44.286842,44.57098,44.49933,44.924793,44.606884,44.374405,44.443718,44.58178,44.467926,44.662704,44.69906,44.464134,44.70344,44.69133,44.539074,44.729805,44.789696,44.929176,44.897682,44.55275,45.339657,44.98017,44.613247,44.849133,44.606205,45.22275,44.857094
53.81312,53.85844,54.039627,53.730587,54.367226,54.282246,53.83167,54.0497,54.3238,53.95702,53.653553,54.005325,54.358753,54.23861,54.383583,54.06127,54.37196,54.205692,54.028934,54.20735,54.729115,54.475437,54.45193,54.539597,54.241756,54.11487,54.712242,54.036407,54.2515,54.76861,54.250313
49.02008,49.104286,48.467155,49.33482,48.568558,48.85201,48.395042,49.21499,49.184338,48.73213,48.489124,48.890312,49.07776,49.203465,49.00788,48.563187,48.840336,49.309875,48.921352,49.26129,49.40494,49.098186,49.158337,48.759712,50.024258,49.125885,48.954163,49.08168,49.094833,49.62493,49.230133
48.112907,48.385002,47.894897,48.05245,48.42,48.20026,48.34484,48.30676,48.30429,48.44381,48.07585,48.19604,48.32564,47.970192,48.223675,48.433537,48.52012,48.464535,48.412056,48.67791,48.529095,48.355076,48.406742,48.53794,48.288372,48.341476,48.35794,48.62945,48.408585,48.318916,48.238987
55.21893,55.1393,55.167244,55.207256,55.470085,55.082554,55.602512,55.20905,55.1552,55.688744,55.658283,55.491512,55.415855,55.24134,55.709354,55.44622,55.60831,55.45658,55.80003,55.71199,55.57184,55.651592,55.91779,55.848686,55.6733,55.587677,55.702503,55.723568,55.582123,55.694946,55.99696
53.30494,53.24195,53.52289,53.99263,53.27884,53.73977,53.4984,53.94287,53.463017,53.270493,53.610516,53.23679,53.559887,53.5172,53.42808,53.43741,53.362465,53.428017,53.42969,53.792004,53.623795,53.69526,53.39189,53.369827,54.01116,54.248558,53.607124,54.00278,53.65702,53.80329,53.636738
48.612755,48.47653,48.52614,48.534756,48.778397,48.13047,48.041527,47.793148,48.33736,48.70286,48.13766,48.802773,48.980995,48.923008,48.553616,48.030037,48.284134,48.862236,48.60394,48.66665,49.213596,49.179882,48.819016,48.77939,48.61049,48.283203,49.41927,48.114033,49.099834,48.893906,49.228134
48.015568,47.848454,47.72258,48.276093,47.764114,48.090435,48.270443,48.201794,47.708828,48.330067,48.018593,48.37985,48.407578,48.418156,47.80355,48.175377,47.839832,48.51534,48.270256,48.056763,48.048103,48.13309,48.09978,48.065567,48.655018,48.404022,48.245457,48.579033,48.22299,47.99559,48.527714
43.561455,44.131897,43.79119,43.588734,43.51419,43.52182,43.517944,43.635616,43.80854,43.605392,43.467487,43.903053,43.729702,43.836113,43.65893,43.714916,44.00408,43.542072,43.575336,43.987095,43.630993,43.89178,43.905045,43.879128,43.883186,44.194176,43.84554,44.145226,44.134773,44.115376,43.91715
53.020317,52.98659,53.58152,53.237343,53.60942,53.314915,53.21178,53.03541,53.072853,53.26749,53.17782,53.180996,53.72661,53.444405,53.373196,53.530598,53.412506,53.299606,53.630604,53.445503,53.31816,53.093227,53.52,53.601357,53.037827,53.298714,53.823032,53.44004,53.402584,53.220882,53.61326
39.980354,39.922325,39.68582,39.78842,39.98056,39.697826,39.58378,39.7207,39.97556,39.78156,40.02608,40.13879,40.04767,40.02425,39.75825,39.9549,40.153355,39.862663,40.04845,40.17572,39.836666,39.925484,40.080616,40.305336,40.051315,40.19861,40.365646,39.915134,40.44022,40.294743,40.38572
47.93145,47.71241,47.582687,47.921677,47.799667,47.740486,47.646732,47.844025,47.701797,47.53223,47.628464,47.797417,47.95257,47.714508,48.065765,47.770237,47.980877,47.92305,47.848858,48.22897,48.194096,48.07169,48.02733,47.906563,48.205357,47.854042,48.150566,47.8595,48.265923,48.33066,48.250084
41.284367,41.073406,41.37075,41.0274,41.513542,41.351185,41.60516,41.141975,41.11694,41.370407,41.524155,41.5085,41.300995,41.225964,41.19325,41.616863,41.471542,41.495586,41.56183,41.378048,41.420135,41.650063,41.49114,41.7136,41.122593,41.51152,41.890923,41.38388,41.822197,41.319828,41.67161
53.154453,53.458935,53.384743,53.152866,53.552666,53.409855,53.559525,53.244034,53.386272,53.714745,53.247868,53.146618,53.58023,53.431194,53.90946,53.739594,53.621048,53.675648,53.718918,53.746273,53.93278,53.755745,53.56031,53.746162,53.42144,53.48353,53.645527,53.95738,53.890804,53.62146,53.83502
39.256847,39.527134,39.13095,38.7612,39.031326,38.84522,38.861504,39.046417,39.656597,39.014557,39.04613,39.464024,38.787582,39.54371,39.184616,39.751587,39.63939,39.477142,39.392937,39.465065,39.318264,39.208073,39.488415,39.34503,39.334652,39.67582,39.381634,39.525723,39.523254,39.757656,39.42893
46.914745,46.32155,46.557243,46.89726,46.992958,46.951694,47.299946,46.94826,46.504063,47.204887,47.13479,47.053654,47.01227,47.035328,46.944576,47.04323,47.07871,47.42636,47.25497,47.071133,47.214592,47.336105,47.014175,47.076035,47.241447,47.155655,47.5326,47.16705,47.179474,46.98498,47.53459
53.86762,53.79799,53.990463,53.585594,54.22814,53.80331,53.803864,53.667942,54.123806,54.067966,54.282654,53.99048,53.85108,54.104042,54.07583,54.17557,54.057884,53.810352,54.368076,54.07619,54.132236,54.123814,54.442547,54.443848,53.962605,54.41012,54.283108,54.081112,54.34212,54.58166,54.38515
48.789154,48.626427,48.96974,49.29995,48.65172,48.727726,49.064037,48.793205,48.6923,49.038445,49.055347,49.658974,49.187843,49.113808,48.951942,48.947777,49.06959,49.310913,49.07352,49.28429,49.08295,48.817936,49.471836,48.979668,49.48569,49.144478,49.501156,49.244343,49.1167,49.104828,49.396503
46.478176,46.598835,46.73706,46.504234,46.932228,46.983288,46.703358,46.9832,46.601433,46.880314,46.101894,46.815178,47.312824,47.353573,47.25661,46.898838,46.810535,47.057728,46.805965,46.61665,47.088573,47.170414,46.873066,47.098206,46.9314,46.87606,47.285496,47.229862,46.586025,47.147533,47.273705
37.236805,37.161083,36.65435,37.450394,37.174988,37.097973,37.30847,37.228283,37.055725,37.515194,37.34607,37.551804,37.257977,37.077545,37.12421,37.28538,37.1344,37.4634,37.181942,37.63002,37.61078,37.37145,37.151024,37.14151,37.363716,37.410248,37.364662,37.6521,37.736156,37.486538,37.393673
47.6237,47.394783,47.609673,47.51429,48.226685,47.880337,47.970573,47.68739,47.526623,47.923267,47.72674,47.75068,48.04026,47.732346,47.444347,48.013264,47.88486,47.93771,48.143135,47.689396,47.80939,47.80197,48.011562,48.265686,47.574802,47.68312,48.3379,47.72068,47.834,47.608513,47.95709
39.980225,40.10058,40.30909,40.234795,39.960938,40.06854,39.960266,39.9152,39.85018,39.733116,39.988773,39.814327,40.086685,40.053947,39.60437,39.895935,39.74627,39.984295,39.887833,40.193882,40.122345,40.531963,39.88221,39.8919,40.077858,40.532364,40.259514,39.991096,40.437702,39.987804,40.22744
40.675232,41.117554,41.2507,41.090233,40.332893,40.814556,40.715286,41.013115,40.87816,40.521755,40.488163,40.905727,40.94728,41.31082,40.712067,40.88185,40.72642,41.172634,40.86392,40.846504,40.7357,41.10247,40.95105,40.810448,41.4705,41.378227,41.07447,41.195736,40.908146,40.827885,41.264614
50.49122,50.68499,50.506523,50.638535,50.671318,50.688847,50.70494,50.778374,50.758747,50.81609,50.680763,50.61296,50.949623,51.00228,51.176247,50.926918,50.773296,50.824577,50.930416,50.984432,51.017868,51.04167,50.89993,51.16696,51.316124,51.21306,51.022774,51.200253,51.072018,51.269257,51.556534
48.49483,48.31256,48.41207,48.69088,48.45553,48.270584,48.60388,48.408794,48.405945,48.668835,48.98876,49.0161,48.50743,48.650124,48.365864,48.419353,48.79302,48.531456,48.641872,49.023327,48.540607,48.715824,48.926388,48.642593,49.01291,49.314285,48.98865,48.80648,48.797623,48.96512,49.043488
42.16905,42.450268,42.280617,42.553837,41.98992,42.105923,42.53974,42.41371,42.21218,42.4208,42.20224,42.352844,42.294174,42.60081,42.503384,42.670742,42.193047,42.708694,42.32126,42.599976,42.73254,42.98991,42.211407,42.388863,42.756924,42.892708,42.613537,43.034092,42.690037,42.52293,42.99026
39.492832,39.556416,39.791504,39.788353,39.69349,39.555008,39.688835,39.641785,39.174473,39.867764,39.30624,40.181797,40.1277,40.12547,39.97067,39.657722,39.63694,39.9651,39.89251,39.750053,39.66029,39.497963,40.21002,39.47277,39.89337,39.664963,39.879757,40.042027,39.18696,39.771137,40.08129
46.294693,45.98486,46.07933,46.565247,46.446815,45.96865,46.13849,46.0998,46.07674,46.247154,46.57828,46.388924,46.50929,46.47884,46.19999,46.429756,46.377766,46.22794,46.6224,46.644367,46.29392,46.169296,46.63147,46.504333,46.599285,46.580994,46.746014,46.339687,46.486958,46.635895,46.975086
48.63844,49.03612,49.051125,49.379906,48.842575,48.87294,49.047165,49.090237,49.3486,49.384693,49.40978,49.332844,49.13035,49.460327,49.44889,49.242466,49.491688,49.183468,49.305805,49.533127,49.36455,48.99098,49.725952,49.244247,49.812653,49.647163,49.299416,49.80214,49.208225,49.81201,49.533855
43.967117,44.513344,44.254517,44.070538,43.84774,43.924747,43.841892,44.304375,44.871784,44.218575,44.700523,43.970734,43.994762,44.242767,44.8075,44.37544,44.59718,44.293945,44.77669,44.410686,44.170002,44.391052,44.5529,45.077805,44.74347,44.56907,44.370228,44.81201,44.89425,44.738625,44.857113
44.69784,44.40557,44.42871,44.29526,44.58484,44.378735,44.001423,44.25567,44.43457,44.31439,44.2232,44.375587,44.593357,44.84078,44.084843,44.300545,44.545925,44.860065,44.772614,44.57487,44.432667,44.658535,44.311855,44.531013,44.516598,44.71711,45.035267,44.280415,44.79319,44.382523,44.850784
49.640484,49.875446,49.949806,49.598515,49.89039,49.63188,49.71473,49.575035,49.50114,49.88367,49.516914,49.46304,49.874237,49.616257,49.714676,49.593056,49.563145,49.823456,49.962288,49.768562,49.84882,50.27869,49.695095,50.0065,49.42295,49.758827,49.977264,49.984306,50.04906,49.509956,49.91305
39.74407,40.190594,40.321434,39.779545,40.15065,40.208015,40.334167,40.14792,40.475838,40.145252,40.085735,40.10825,40.140507,40.37829,40.34878,40.725315,40.73706,40.559864,40.406284,40.294098,40.42785,40.41599,40.549416,40.721573,40.38441,40.41223,40.69663,40.47797,40.335552,40.342575,40.527687
67.53778,67.99326,67.954346,67.68682,67.64307,68.2018,67.85661,68.17626,68.501236,68.159775,68.227585,67.48731,67.92075,67.993515,68.27357,67.84123,68.01367,67.913956,68.34514,67.83621,68.17531,68.36441,68.40287,68.65418,68.718185,68.451866,67.83334,68.536865,68.50878,68.6032,68.163864
38.82233,38.881985,38.441704,38.778652,38.866066,38.820564,38.933037,39.01167,38.927055,39.189476,39.273403,39.1698,38.91252,38.74029,38.8235,38.86878,39.04962,38.857502,39.052513,38.954296,38.882923,39.09332,39.17441,39.328613,39.0744,39.08692,38.96963,39.28848,39.32324,39.303738,39.038467
48.97484,49.2348,49.37938,49.233047,48.99955,49.226227,49.371086,49.339504,49.37042,49.13117,49.267963,49.253136,49.133488,49.3712,49.224392,49.466377,49.60627,49.3596,49.318066,49.446613,49.382156,49.496857,49.648438,49.40461,49.708298,49.743782,49.47828,49.646114,49.42252,49.59938,49.450943
54.997883,54.85356,54.999596,55.037487,55.072,55.065968,54.9718,55.04433,55.18345,55.075897,55.15771,55.012016,55.028465,54.95867,55.088375,55.11996,55.330456,55.314762,55.403458,55.347588,55.295265,55.060043,55.313316,55.287132,55.24376,55.1864,55.40867,55.285572,55.46181,55.261536,55.165997
53.98571,53.86292,53.209282,54.30833,53.89054,53.587368,54.022457,54.066532,53.665096,54.283806,54.087547,53.89451,54.041912,53.74592,54.314148,53.924362,54.051437,53.972424,54.151363,54.551685,54.34451,54.197136,54.093533,54.045403,54.482204,54.11592,53.956245,54.623665,54.391033,54.51724,54.524124
42.291065,43.09597,42.96176,42.623066,42.33187,42.965775,42.764313,42.936363,42.992702,42.98796,42.853157,42.66271,42.91235,42.951412,43.259953,42.57421,42.87785,42.94859,42.924595,42.96656,42.78452,43.049202,43.009663,42.970947,43.446453,43.3834,42.60034,43.477753,43.015415,43.005737,43.15329
42.516,42.508377,42.194824,42.47743,42.315193,42.34931,42.11789,42.54338,42.70579,42.25549,42.19756,42.709385,42.68103,42.750374,42.672813,42.662125,42.6424,42.87968,42.620716,42.710453,42.761303,42.51248,42.703186,42.82522,43.036564,42.547836,42.943604,42.62144,42.82955,42.96365,43.014175
50.939823,51.34578,51.496788,51.463646,50.93003,51.17495,51.844627,51.33359,51.160534,51.537888,51.697784,51.71639,51.336124,51.362038,51.84811,51.60948,51.669357,51.299774,51.383152,51.892136,51.55658,51.565067,52.105408,51.332565,52.03626,52.038307,51.237244,52.17998,51.459053,51.92847,51.82487
43.798275,43.688866,44.291344,44.216152,43.86622,44.21275,44.013996,44.056652,44.1206,44.107685,44.284325,44.493668,44.120724,44.44544,43.91834,43.935997,44.126816,44.325085,44.14416,44.04877,44.180397,44.113937,44.44944,44.05661,44.470634,44.538963,44.578506,44.23877,44.2111,44.381935,44.22824
42.57783,42.319717,42.149895,42.259964,42.71694,42.691498,42.771065,42.813236,42.386894,42.20651,42.303383,42.34328,42.502495,42.28053,42.21635,43.096836,42.714977,42.635155,42.52933,42.58748,42.666153,42.81717,42.402122,42.849113,42.403152,42.64942,42.84493,42.657,42.77675,42.595898,42.58272
57.68839,57.362965,57.03785,57.33519,57.43087,57.271023,57.23738,57.478462,57.365246,57.55505,57.47328,57.34081,57.470295,57.56095,57.579662,57.73795,57.39637,57.54116,57.869213,57.60856,57.56883,57.505375,57.46214,57.56662,57.5421,57.65043,57.355495,57.99716,57.92063,57.87364,57.76722
45.296204,45.28338,45.356514,45.295635,45.221245,45.117195,45.51895,45.404957,45.675037,45.416725,45.67336,45.763577,45.218456,45.597763,45.9856,45.952446,45.79486,45.893593,45.832825,45.793163,45.87742,45.620796,46.15443,45.83097,46.071186,45.735542,45.82209,45.79765,45.564342,46.08076,46.110428
38.584377,39.143288,39.01169,38.557755,39.37731,38.69976,38.91283,38.20505,39.139175,39.420475,39.585957,38.915016,39.09828,38.65339,39.1829,38.95955,39.258026,38.87538,39.4353,39.572964,39.154182,38.97709,39.421883,39.65496,38.750614,39.125954,39.30259,38.934254,39.661903,39.030697,39.490585
45.348705,45.457554,45.631607,45.343136,45.8097,45.506588,45.324116,45.295162,45.589268,45.642826,45.41087,45.56481,45.836487,45.898815,45.679886,45.480373,45.849827,45.726173,45.770016,45.754574,45.81595,45.759506,45.932835,45.834274,45.684193,45.72103,46.11124,45.550026,45.656193,45.882893,45.97173
46.621635,46.65123,46.474327,46.390884,46.523468,46.50036,46.48842,46.37933,46.850887,46.897152,46.834568,46.890972,46.52963,46.97173,46.374752,46.857025,46.70013,46.91694,46.90396,46.69858,46.785717,46.78886,46.7533,46.856796,46.771168,47.101692,46.900177,46.97422,47.26225,46.948853,46.89504
48.42641,48.311016,48.37671,48.324764,48.59632,48.358532,48.35874,48.418762,48.597713,48.43858,48.56291,48.44803,48.465412,48.41688,48.67431,48.957,48.62453,48.626217,48.839798,48.648453,48.731083,48.436966,48.695087,48.868942,48.334858,48.45041,48.758545,48.788963,48.858788,48.77769,48.671013
49.877655,50.10843,50.246986,49.770885,50.04651,50.18235,50.3411,50.034565,50.06015,50.211918,49.96485,50.238228,50.115917,50.101505,50.01955,50.120792,50.14424,50.18966,50.001133,49.979927,50.416477,50.912624,50.306038,50.540405,50.11381,50.391624,50.53148,50.383553,50.596664,50.354504,50.248077
46.445396,46.09663,46.34781,46.03027,46.506905,46.612705,46.174427,46.4643,46.606182,46.446327,46.831333,46.520065,46.44583,46.286312,46.9575,46.303417,46.536995,46.5264,46.74369,46.536613,46.642395,46.696003,46.588356,46.925415,46.427753,46.61458,46.76983,46.604607,47.052807,46.97059,46.73047
48.97477,48.31804,48.637352,48.639275,49.007706,48.635876,48.53982,48.463448,48.656075,48.84993,49.091713,49.240093,48.918884,48.961292,48.971725,48.619312,49.08368,48.9124,49.086025,49.073498,49.018208,48.94262,49.195843,49.056435,48.91278,48.966187,49.526443,48.682373,49.340275,49.40377,49.375713
41.773174,41.43831,41.32866,41.794636,41.307663,41.370872,41.3373,41.693077,41.38057,41.33833,41.45431,41.72744,41.49221,41.570316,41.517868,41.447308,41.59443,41.886868,41.526936,41.96712,41.742184,41.791252,41.453495,41.231575,41.808758,41.851494,41.746616,41.834095,41.747402,41.76822,41.72546
33.634098,34.036747,34.462242,33.85773,33.948036,34.357536,34.16381,33.94658,34.100456,34.184597,34.295708,34.020927,34.33296,34.25273,33.997795,34.224606,34.068573,34.405464,34.312103,34.094753,33.914352,34.130203,33.965935,34.349735,34.02034,34.49491,34.385555,34.38843,34.391857,33.618176,34.3451
62.198963,61.548275,61.86715,62.72082,62.149094,61.867542,61.951496,62.265656,61.74097,61.95828,61.909096,62.09658,62.263226,62.374916,62.127132,62.358772,62.08209,62.22396,62.546562,62.24826,62.224697,61.71884,62.403004,62.031387,62.508823,62.058777,62.55334,62.427788,62.11925,62.47485,62.58061
39.144707,39.721428,39.324783,39.375233,39.07113,39.6012,39.19508,39.813858,40.075077,39.457508,39.06954,39.29064,39.290867,39.93766,39.430664,39.682808,39.344006,39.985058,39.322186,39.355877,39.997463,40.04344,39.24329,39.60711,39.931946,40.007317,39.612103,40.052135,39.692924,39.898304,39.487297
51.54823,51.085827,51.13614,51.25993,51.253227,51.617218,51.179623,51.73766,51.48992,51.10305,51.015144,51.59344,51.50684,51.855972,50.875877,51.732567,51.366608,51.825928,51.531784,51.10485,51.40728,51.3267,51.492775,51.418083,51.72947,51.62874,51.640022,51.539944,51.316483,51.63833,51.287785
49.76743,49.696785,49.839058,49.707542,49.71695,49.82391,50.123886,49.982586,49.93511,50.04151,50.093113,50.154007,49.887814,49.9872,50.536243,50.347622,50.43207,50.285732,50.33759,50.149353,50.186234,50.014565,50.52943,50.260506,50.330833,49.990753,50.15989,50.510788,50.179653,50.410133,50.377804
47.69346,48.03307,47.882484,47.682373,47.97943,47.929813,47.63423,47.71294,47.942265,47.9818,47.77465,47.66872,48.304665,47.849434,47.988525,47.839233,47.772842,47.838985,47.976166,47.94297,48.060375,48.227596,47.79416,48.440727,47.706665,47.89029,48.125614,48.154964,48.547314,47.987717,48.128998
54.78826,54.38056,54.413864,54.826477,54.633667,54.95123,54.983356,55.043865,54.414257,54.93982,54.685623,54.76814,54.948566,54.642166,54.785526,54.623825,54.584915,55.178665,54.945923,54.775097,55.03478,55.18142,54.730724,54.844444,55.10828,54.82615,54.97017,55.149452,55.025093,54.771957,54.9598
47.79824,47.7637,47.340347,47.80157,47.522324,47.62819,47.31982,47.86642,47.59192,47.418507,47.23041,47.57617,47.860905,47.681118,47.565166,47.8137,47.239876,47.785816,47.7425,47.70957,47.754333,47.587143,47.51127,47.653336,47.827602,47.672356,47.54952,47.967503,47.91895,47.82837,47.768547
50.034214,50.24039,49.9766,50.34954,50.023697,50.045258,50.364967,50.33941,50.25302,50.346146,50.369278,49.88868,50.13559,50.02631,50.960434,50.489017,50.262257,50.497932,50.548447,50.769947,50.78965,50.61083,50.3942,50.45427,50.779507,50.472473,50.224957,50.879745,50.65867,50.64346,50.88584
47.980286,47.83278,47.96443,47.736355,48.10073,47.95724,47.505367,47.975605,48.11428,47.831074,47.793728,47.93224,47.986008,48.188824,47.933914,47.709583,48.443142,48.05465,48.053913,48.135643,48.083717,48.18725,48.17069,48.019073,47.967785,48.19512,48.365974,48.02851,48.037968,48.427402,47.919827
55.752453,55.700535,55.326927,55.67211,55.980957,55.619236,55.819214,55.674313,55.694714,56.04359,56.00258,55.5881,55.818203,55.559715,55.974316,55.944405,56.041187,55.649788,56.02534,56.296646,56.11508,55.961628,55.974022,55.999763,55.846577,56.030052,55.777985,56.249725,56.292473,56.293568,56.050926
41.269505,40.921417,41.199677,40.918934,41.407516,41.483948,41.250675,41.192818,40.85046,41.249542,41.42019,41.22797,41.557964,41.105675,41.242023,41.175488,40.957172,41.28972,41.45863,41.21565,41.046505,41.49205,40.884895,41.600777,40.91806,41.494766,41.60764,41.358467,41.777523,40.98724,41.67466
53.57493,53.399975,53.46035,53.527813,53.838753,53.418396,53.950485,53.556602,53.32806,53.77955,53.65884,53.870163,53.823914,53.740356,53.752876,54.22723,53.91914,53.706944,53.962387,53.923965,53.743717,53.71038,53.996628,54.063644,53.70589,53.896362,54.102158,54.109444,53.827106,53.892826,54.243504
29.887207,30.393953,30.186258,30.385948,29.802828,30.175112,30.178055,30.42819,30.181232,30.293201,30.063372,30.345703,30.289917,30.481297,30.066626,30.064344,30.021706,30.42544,29.99548,30.11476,30.199362,30.766956,29.941952,30.365805,30.510452,30.698215,30.519749,30.763378,30.487173,30.221104,30.546812
47.997173,48.021755,48.014267,48.313828,48.239586,48.052723,48.22007,48.19847,48.122227,48.346397,48.391346,47.99425,48.390064,48.18076,48.536552,48.505928,48.264957,48.147396,48.49235,48.252,48.41584,48.500553,48.223995,48.870926,48.22685,48.17971,48.66118,48.72479,48.94116,48.53429,48.834137
45.617443,45.359947,45.680115,45.549675,45.868828,45.675617,45.79474,45.425053,45.188305,45.64447,45.851418,45.962166,45.950188,45.595375,45.61,45.380585,45.581493,45.571392,45.697315,46.048046,45.70532,45.908978,46.06258,45.6556,45.878746,46.167343,45.962112,45.505703,45.655815,45.849995,46.129322
43.353455,43.052376,43.081673,43.180286,43.02217,43.354332,43.398815,43.63013,43.165474,43.251568,43.484783,43.445423,43.051228,43.33586,43.079597,43.539433,43.28283,43.516136,43.463844,43.288677,43.131176,43.389366,43.257126,43.149223,43.432365,43.841827,43.189568,43.842278,43.322243,43.397644,43.261017
47.51574,47.423286,48.185013,47.614716,47.451935,47.75999,48.07499,47.556442,47.745,47.8821,48.389988,48.217213,47.529575,47.888077,48.04633,47.923954,48.08282,48.04507,48.14494,47.98511,47.846878,47.876793,48.475437,47.84645,48.191666,48.351807,48.083115,48.110893,48.09208,48.07965,48.190964
46.030384,46.054737,45.91977,45.89076,46.165253,45.893593,46.03094,46.015278,45.928055,46.02889,46.24659,45.96827,46.032368,45.83725,46.37554,46.116802,46.118027,45.88605,46.345104,46.36141,46.12959,46.22375,46.448086,46.30995,46.205807,46.282097,46.028606,46.270794,46.296284,46.491894,46.474796
52.764816,53.250828,52.892395,53.23487,52.875504,53.0268,53.13535,53.214817,53.062904,53.19523,53.066895,52.908318,53.214527,52.960785,53.29864,52.95348,53.031403,53.073555,53.18187,53.595043,53.19395,53.234547,53.188892,53.281082,53.759815,53.699326,53.067142,53.641026,53.324142,53.292706,53.59361
45.069405,44.74666,44.981483,44.486076,45.251625,45.359547,44.93575,45.147213,45.230785,44.985825,45.10454,45.18552,45.044075,45.06812,45.346367,45.300827,45.385696,45.199192,45.375843,44.8747,45.228546,45.13819,45.393272,45.54119,44.9185,44.977005,45.433887,45.15966,45.54702,45.603474,45.12426
42.227913,42.253742,42.35582,42.42611,41.62542,42.18369,42.293484,42.573063,42.362568,42.175865,42.443153,42.761242,41.89813,42.587093,41.913494,42.094704,42.47389,42.530613,42.228928,42.228733,42.160225,42.6098,42.75709,41.98912,43.02723,42.997925,42.282078,42.70258,42.212624,42.718376,42.213066
43.425858,43.90019,43.82522,43.623592,43.936752,43.417984,43.751812,43.24313,43.72134,43.866787,43.782173,43.877018,43.861794,43.931713,43.950172,44.004406,43.74544,43.710087,43.87399,44.34798,44.07611,43.87651,44.132298,43.98783,43.97239,44.36615,44.108162,43.90007,43.9728,44.110256,44.534523
47.28417,46.77531,47.104996,46.846493,47.115776,47.262787,47.179245,47.126606,47.01027,46.978477,47.21053,47.076714,46.91791,46.826015,47.061882,47.293972,47.396572,47.463108,47.38669,47.159157,47.325996,47.336613,47.19329,47.13642,46.828785,46.95627,47.361458,47.2321,47.653008,47.141094,46.91524
45.752934,46.106518,45.44052,45.48362,45.686386,45.802044,45.947834,45.93636,46.000603,45.96106,45.713707,45.659428,45.731007,45.715416,46.033268,46.383663,45.885643,46.03681,46.010742,45.962387,46.173977,46.15841,45.849392,46.19948,45.963623,45.97731,45.66087,46.47633,46.443977,46.171883,46.03443
53.641533,53.534252,53.025368,53.231194,53.24746,53.46795,53.591316,53.73836,53.589043,53.76437,53.962074,53.487705,53.079716,53.194088,53.46987,53.414913,53.36297,53.647877,53.89457,53.737263,53.441414,53.83666,53.439056,53.736755,53.94739,54.27616,53.282818,54.080746,54.08234,53.739304,53.780792
44.036205,44.40365,43.581337,44.164093,44.136223,43.32785,43.81947,43.868603,43.88273,43.955658,43.668736,43.903507,44.10426,44.18768,44.154545,44.572678,44.23445,43.854347,44.12337,44.6416,44.201458,44.0461,44.180157,44.14418,44.167316,44.269844,44.062916,44.54226,44.14615,44.535397,44.675854
47.790302,47.92387,48.20404,48.07405,47.99166,48.285255,48.328377,48.248535,48.199535,48.206127,48.139595,48.31693,48.308167,48.29019,48.50577,48.4354,48.31832,48.485744,48.328583,48.275795,48.486782,48.253407,48.610012,48.416237,48.584976,48.34189,48.44639,48.575336,48.236744,48.47413,48.459984
49.52248,49.495293,49.382095,49.807945,49.638138,49.345543,49.862972,49.63668,49.396824,49.693905,49.700268,49.71685,49.69865,49.598896,49.796963,49.889393,50.039143,49.741154,49.83898,50.178665,49.881325,49.74123,50.141644,49.715317,50.09201,49.878395,49.861916,50.026424,49.65288,50.007885,50.102337
58.8992,59.208794,59.170464,59.36861,59.34562,59.33981,59.371555,59.224274,59.2978,59.52402,59.241795,58.914555,59.61716,59.334496,59.48731,59.382442,59.24118,59.37108,59.522934,59.549076,59.72387,59.5596,59.472996,59.71341,59.709064,59.526665,59.545876,59.691956,59.68034,59.527184,59.775776
37.171127,37.02235,37.42865,37.15384,37.709694,37.154415,37.802696,37.006145,36.813587,37.611412,38.043507,37.59246,37.395103,37.333794,37.40284,37.85617,37.280018,37.190365,37.783604,37.795414,37.0932,37.283092,37.52631,37.552223,37.089497,38.157707,37.630634,37.682224,37.41749,37.232067,38.159863
48.429188,48.266064,48.69638,48.64087,48.55358,48.70867,49.343113,48.711044,48.455265,48.636295,49.15987,48.83849,48.61483,48.45175,48.616642,49.455566,48.922977,48.873344,48.954296,49.02704,48.726143,48.665104,49.003613,48.95614,48.877686,49.16606,48.947853,49.150223,48.903954,48.601715,49.03111
41.749786,42.556465,42.261948,41.270405,41.938736,41.960907,42.16788,41.716476,41.963314,42.14202,41.629326,42.041233,42.218967,42.263706,42.307014,42.219337,42.445942,41.9682,41.932095,42.03429,42.133873,42.817463,42.335716,42.48841,41.9806,42.294792,42.140533,42.47415,42.555267,42.36528,42.454754
53.9147,53.51545,53.85633,54.04841,54.043236,54.07193,53.83051,53.876232,54.035492,53.620754,54.081554,53.935127,54.073643,53.857845,54.02415,53.87268,54.150517,54.136497,54.04228,54.508606,54.48007,54.06911,54.384796,54.042038,54.5431,54.27549,54.46919,53.679214,54.226776,54.4811,54.303047
47.10271,47.288105,47.081345,47.266666,47.029495,47.06195,47.409588,47.496696,47.387085,47.3688,47.34738,47.221825,47.1252,47.36161,47.864902,47.65728,47.760487,47.61285,47.603355,47.692127,47.614483,47.537006,47.700638,47.481964,47.8666,47.57406,47.369076,48.003414,47.400322,47.80824,47.777996
40.55623,40.46243,40.277046,40.522728,40.35945,40.412155,40.186775,40.593647,40.64009,40.39972,40.68059,40.2906,40.635357,40.96,40.654602,40.67846,40.59894,40.75146,40.823345,40.72532,40.584396,40.772213,40.48358,40.7129,41.053688,41.03932,40.723682,40.804996,40.841442,40.92301,41.240788
51.00318,50.503258,50.736275,50.789124,51.114616,50.85165,50.754753,50.760326,50.692917,50.645535,50.81237,50.87434,50.967236,50.909313,50.778893,51.00193,50.992764,50.777794,50.93908,50.882515,51.19817,51.203537,51.16149,51.074593,50.809998,50.84269,51.3423,50.759945,51.320827,51.4539,51.08641
54.879456,54.88644,54.588554,55.156746,54.80751,55.174416,55.18913,55.379585,54.889317,55.006966,54.693977,54.751705,55.338078,54.929634,55.353157,55.285374,55.13606,55.432186,55.266174,55.265198,55.34486,55.08032,55.0884,55.268295,55.6674,54.931183,55.13084,55.570827,55.32314,55.143944,55.432102
50.00695,49.846046,50.194427,49.634846,50.14437,50.225502,50.10454,50.113792,50.101078,50.040634,49.90386,50.222355,50.0676,50.309162,49.895077,50.147926,50.136635,50.41727,50.236008,49.916363,50.2014,50.5735,50.215378,50.440628,50.12973,50.482307,50.657433,50.160225,50.184486,50.179977,50.27397
38.773148,39.046688,38.933662,38.62163,38.296646,38.634995,38.656807,38.881332,39.152454,38.668346,38.501347,39.20719,38.46444,39.503017,38.82071,38.842148,39.21065,39.42457,38.72414,38.949608,39.190556,39.48325,39.270298,38.609146,39.63822,39.541435,39.11614,39.11086,38.791622,39.489735,39.124672
50.673756,51.04957,50.974,51.391342,50.7051,51.22269,51.24756,51.380905,51.43934,51.39619,51.500706,51.46154,51.310284,51.340347,51.582085,51.087532,51.37484,51.28852,51.264412,51.438587,51.463116,51.227184,51.848747,51.501923,52.298565,51.693207,51.286476,51.782505,51.41899,51.948784,51.641167
61.159565,60.39077,60.990875,60.78421,61.260857,61.49973,61.24231,61.22528,60.98905,61.304604,60.991837,61.156708,61.38844,61.32806,61.268654,61.137672,61.205944,61.861446,61.459484,60.97706,61.705452,61.712734,61.19401,61.443474,61.243736,61.08171,61.85971,61.254658,61.385487,61.241127,61.327152
56.468094,56.11853,56.691605,56.603348,56.22705,56.26267,56.2534,56.365204,56.186207,56.14121,56.66187,56.34592,56.309258,56.34296,56.26459,56.214104,56.392292,56.379665,56.69324,56.64987,56.21027,56.48349,56.563526,56.32991,56.57058,56.878166,56.63616,56.57066,56.62728,56.42841,56.63671
44.291805,44.406055,44.93405,44.039524,44.45742,44.70737,44.275414,44.312202,44.98902,44.403877,44.321365,44.791584,44.741936,45.254562,44.23086,44.66294,44.969955,45.026974,44.60908,44.153904,44.805756,45.050278,45.025875,45.09005,44.739296,44.697433,45.395027,44.369762,44.797264,44.874603,44.6525
41.999794,41.863483,42.382637,41.953896,42.002693,41.985462,41.84928,41.91105,42.082333,41.87266,41.941097,42.21953,42.090218,42.6032,42.0975,42.218224,42.249706,42.456383,42.31746,42.067837,42.20264,42.25579,42.40062,42.100166,42.26652,42.342484,42.6319,42.092693,42.10217,42.307346,42.486683
39.4702,39.712833,39.64515,39.543922,39.821426,39.98112,39.735756,39.99399,39.64323,39.658268,39.427784,39.277832,40.066536,39.840942,39.950012,40.16009,39.664066,39.86408,39.98559,39.582405,39.700615,39.846523,39.46277,40.218536,39.65616,39.745445,39.952824,40.189342,40.006588,39.62432,40.1517
48.351284,47.993942,48.099907,47.937927,48.04017,47.988655,48.115147,48.104633,48.14772,48.09564,47.954308,48.61669,48.08829,48.428078,48.20217,48.276966,48.60824,48.737366,48.39177,48.282383,48.420574,48.54438,48.514526,48.38932,48.468555,48.267113,48.874084,48.29384,48.52215,48.49584,48.57052
53.484104,53.756638,53.68509,53.94588,53.59207,53.83372,53.95385,53.864223,54.05158,53.800293,53.687023,53.626335,53.80279,53.825447,54.347027,54.203957,53.92949,54.23135,53.981174,54.24184,54.62471,54.06968,54.195263,54.042442,54.56063,53.983,54.068188,54.239964,54.26842,54.372955,54.322163
46.982292,47.44514,47.284653,47.57078,47.176826,47.44754,47.46132,47.69101,47.579548,47.452164,47.338978,47.160614,47.46642,47.507076,47.541576,47.67141,47.39362,47.60871,47.510086,47.671066,47.581985,47.5587,47.28551,47.725105,47.89288,47.97798,47.6283,48.095295,47.62143,47.520657,47.827244
48.288765,48.378693,48.364037,48.538685,48.110794,48.11817,48.432987,48.35317,48.59491,48.64453,48.927563,48.819065,48.29377,48.72839,48.667225,48.729126,48.658833,48.429955,48.684338,48.609962,48.5715,48.61825,48.916164,48.790115,48.919662,48.981133,48.687687,49.103733,49.060562,49.203007,49.016354
55.217464,54.919624,55.25869,54.985363,55.22329,55.0002,55.129707,54.962162,54.835484,54.95583,55.2818,54.98416,55.402145,55.30951,55.36162,55.258976,55.088043,55.04682,55.58054,55.162132,55.06247,55.603603,55.39374,55.783974,55.443726,55.46363,55.690247,55.16677,55.69828,55.409992,56.201717
42.29946,42.293148,42.700592,42.080666,42.866264,42.48629,42.34411,42.27732,42.366055,42.535427,42.18701,42.63873,42.79959,43.023045,42.523373,42.61647,42.631336,42.60777,42.672966,42.30707,42.59979,42.81354,42.812187,42.882202,42.29615,42.64126,43.186638,42.48148,42.401268,42.7499,42.91726
53.11719,52.620003,52.526,52.882885,52.9962,52.82474,52.81547,53.028545,52.864326,52.84565,52.815857,52.941654,52.830193,53.135254,52.95091,53.354664,52.92333,53.1281,53.228024,52.994484,53.20118,53.026283,52.96259,53.088913,53.10829,53.149452,53.28056,53.232807,53.339127,53.446392,53.362293
51.939606,51.965057,52.279396,52.520985,52.272644,52.6362,52.509396,52.83867,52.62502,52.45435,52.66698,51.951397,52.356277,52.653713,52.521397,53.09945,52.592354,52.538425,52.81353,52.3621,52.473347,52.168606,52.43658,52.661896,52.676094,52.837273,52.477985,53.23564,52.44604,52.6587,52.525486
53.366566,53.311584,53.67012,53.188293,53.607407,53.546196,53.50887,53.344795,53.45224,53.279926,53.43033,53.446205,53.543804,53.558,53.853867,53.728615,53.634933,53.442066,53.61097,53.7178,53.842587,53.836494,53.88713,53.773094,53.646202,53.845703,53.853973,53.59816,53.847946,54.06427,53.97092
50.373978,50.47272,50.177437,49.988377,50.563507,49.94426,50.19424,50.16924,50.16864,50.106483,49.94004,49.99023,50.226063,50.480633,50.06047,51.04022,50.29621,50.130478,50.513687,50.423885,50.286457,50.451084,50.257698,50.504242,49.93632,50.652863,50.346424,50.658886,50.396496,50.48919,50.5931
40.739094,40.920788,40.862633,41.094193,40.79187,40.50252,40.654667,40.732533,40.576817,40.617676,40.444355,40.68637,41.141792,40.983727,40.766724,40.955025,40.826077,40.95729,40.94503,40.924576,40.922302,41.02238,41.01544,40.985764,40.945805,40.62194,41.164555,40.942326,40.900383,40.82194,41.243
52.413788,52.43487,52.18821,52.541607,52.462784,52.666862,52.75329,52.747437,52.70608,52.628414,52.59652,52.305683,52.660217,52.507904,52.82922,52.89274,52.884766,52.957844,52.85824,52.885334,53.03691,52.87969,52.73664,53.034935,53.19664,52.72538,52.89806,52.971672,53.131317,52.9029,53.08009
42.367844,42.71774,43.50592,42.79591,43.053993,43.089863,43.37511,42.85607,43.260956,43.17469,43.289284,43.00818,43.2067,43.630318,43.33263,43.701843,43.824123,43.462063,43.437717,43.122917,43.29391,43.30891,43.65916,43.712524,43.378796,43.43212,43.940422,43.406513,43.114243,43.22519,43.74141
38.199863,37.942215,38.166,37.940357,38.495987,37.83779,37.986145,37.714176,38.043537,38.03486,37.97936,38.407402,38.213295,38.36545,38.30173,38.50418,38.190384,38.485794,38.37476,38.39628,38.573196,38.43571,38.263603,38.552666,37.934265,38.1912,39.11199,37.974255,38.57603,38.37451,38.918125
39.26269,39.12187,39.44178,38.995,38.898987,39.49996,39.03412,39.515133,39.297817,38.6622,39.557365,39.020866,39.043194,38.88707,39.138504,39.002502,39.11343,39.115185,39.28365,39.13478,38.90216,39.570374,39.180336,39.420837,39.351917,39.673584,39.176132,39.225304,39.63907,39.303013,39.22341
49.938255,49.836006,49.4216,49.814392,50.058357,49.62629,49.95551,49.91617,50.017708,50.076035,50.00575,49.978203,49.998444,49.870506,50.0687,50.514435,50.132847,50.178406,50.35617,50.166527,50.313972,49.971397,50.391407,50.438744,50.11763,49.789726,50.091892,50.27797,50.14223,50.36192,50.24752
48.81228,49.099503,48.913788,48.52132,48.778236,48.4447,48.37359,48.34757,48.811493,48.672634,48.5619,48.80133,48.900146,48.721157,48.877937,48.808014,48.772957,48.694946,49.048153,48.835728,48.812508,48.84467,49.11762,49.19365,48.60162,48.538666,48.928726,48.83359,49.449734,49.014347,49.050705
50.1916,49.773315,49.803444,50.12559,50.418083,49.995415,50.168034,49.80787,49.923584,50.29459,50.275608,50.33634,50.382633,50.191425,50.020046,50.287373,50.263206,50.429928,50.475105,50.55835,50.516052,50.109432,50.546852,50.253685,50.3571,50.203102,50.585068,50.045803,50.376995,50.369072,50.567303
48.702396,48.9014,48.477287,48.843834,48.302864,48.919006,48.712658,49.47072,49.17411,48.70879,48.527805,49.111107,48.63594,49.38732,48.759464,49.108757,49.06511,48.986362,48.79122,48.646816,48.845867,48.879253,49.216225,48.842484,49.77284,49.47976,48.73268,49.5826,48.764282,49.738644,48.887997
53.371555,53.581604,53.313034,53.3994,53.76307,53.543785,53.12138,53.347145,53.58849,53.51312,53.0662,53.04203,53.82172,53.483833,53.806614,53.200302,53.49753,53.64495,53.536415,53.981636,54.121655,53.944195,53.383854,53.732574,53.67174,53.623985,53.89031,53.54624,53.966988,53.832108,53.89892
39.7351,39.399464,40.4731,39.60293,40.17604,40.37196,40.13252,39.88686,39.91269,39.769608,40.374027,39.970104,40.192833,40.314667,39.77648,40.356445,40.21757,40.11541,40.367393,39.676273,39.725517,40.121605,40.16816,40.561607,39.83186,40.37175,40.806126,39.86117,40.27423,39.85387,40.435173
53.45195,53.228977,53.56524,52.861717,53.821213,53.486965,53.76756,53.379658,53.16845,53.482716,53.60988,53.5229,53.508186,53.59793,53.48821,53.927273,53.723434,53.20428,53.804462,53.386288,53.3274,53.81772,53.956383,53.941154,53.291832,53.937393,53.71897,53.70018,53.574623,53.865555,53.893417
45.91274,46.04432,46.18019,46.04127,45.909004,46.159863,45.985565,46.096973,46.316677,45.872665,46.07738,46.243946,46.04364,46.045605,46.164112,46.02312,46.254105,46.267242,46.028976,46.378124,46.4235,46.380825,46.371964,46.29769,46.49416,46.47013,46.49913,46.182358,46.500866,46.51038,46.28272
33.808784,33.916702,34.23198,33.45959,33.381973,33.445015,33.139366,33.504982,33.780132,33.08912,33.194565,34.117256,33.561714,34.60955,33.02329,34.10218,33.81642,33.833942,33.75474,33.326107,33.106068,33.492798,33.81425,33.544548,33.599648,34.20103,34.093533,33.73019,33.711864,33.77021,33.86143
55.03779,54.685543,55.130028,55.052116,55.34417,54.963676,55.259525,54.927345,54.847507,55.068436,55.21096,55.077522,55.24796,55.24666,55.306488,55.709198,55.333996,55.14758,55.532852,55.310997,55.306995,55.098694,55.490646,55.425514,55.076008,55.21688,55.586426,55.377926,55.368385,55.413857,55.669323
44.703133,45.061207,44.9196,45.020782,44.741272,44.916214,45.19827,44.950737,45.10215,45.20764,45.06473,45.05832,45.09336,45.307865,45.197216,45.36146,45.487778,45.317158,45.084694,45.34974,45.402824,45.358643,45.32845,45.169746,45.513504,45.378586,45.255962,45.630863,45.429214,45.433083,45.431263
41.18311,41.014515,40.664124,41.549107,41.197556,41.129414,41.410374,41.21294,40.945232,41.810654,41.632034,41.543636,41.402657,40.94354,41.244087,41.163704,41.20321,41.47563,41.30107,41.681606,41.618244,41.354733,41.169853,41.14337,41.195778,41.25049,41.277184,41.87573,41.773266,41.35256,41.234238
38.55525,38.93088,38.69149,38.74802,38.928093,38.744213,39.109013,38.757572,38.970726,39.093807,39.138386,38.672516,38.82956,38.64304,39.02571,39.116947,39.018158,39.01445,39.123646,39.042034,39.265633,39.37001,39.177696,39.48826,39.06002,38.91121,39.169147,39.101727,39.4091,39.083584,39.32154
52.018772,51.97971,51.961655,51.935215,52.063194,52.310028,52.314976,52.232117,52.231445,52.660183,52.363415,52.569954,52.1867,52.407055,52.284508,51.905285,52.344124,52.517113,52.246414,52.34981,52.52563,52.775894,52.368244,52.3994,52.658676,52.875267,52.588398,52.682777,52.569927,52.66442,52.504158
62.133347,61.7635,62.068817,61.955,62.2554,62.1303,61.960865,62.07813,62.341045,62.085922,62.221825,62.095543,62.054344,62.249718,62.358536,62.30517,62.27928,62.286343,62.549725,62.206547,62.550888,62.329823,62.55982,62.60013,62.424217,62.323395,62.66171,62.2363,62.62841,62.796837,62.53043
56.24306,55.71443,55.652435,55.940567,56.38114,56.348526,55.97344,56.287785,55.891384,56.116554,55.48586,56.096504,56.357437,56.424156,55.941463,56.115757,55.910957,56.50008,56.24389,56.006516,56.49175,56.327785,56.00991,56.150475,56.31132,56.207825,56.59636,56.148052,56.183132,56.386513,56.352703
47.754917,47.955498,47.280647,48.40638,48.004143,47.564938,48.337708,47.99341,47.47021,48.418575,47.825356,47.994328,48.37203,48.063923,48.123108,48.15017,48.119553,48.064407,48.131317,48.402966,48.30941,48.222095,48.326416,48.20791,48.661354,48.00833,48.21085,48.561966,48.097965,48.309025,48.81653
62.072746,61.41041,61.68493,62.040657,62.132942,62.142235,62.096874,62.099586,61.99447,62.05406,62.265755,62.001244,62.152885,61.859062,62.172333,62.21091,62.150623,62.266586,62.483566,62.062355,62.482315,62.11191,62.519264,62.475914,62.374573,61.80091,62.43877,62.09906,62.52209,62.51562,62.26709
43.05752,43.07037,43.25107,43.474186,43.246964,43.13608,43.661102,43.250942,42.944176,43.74804,43.230705,43.91887,43.672806,43.792698,43.819237,43.49489,43.695843,43.932293,43.630352,43.747055,43.58231,43.39473,43.790627,43.44436,43.933987,43.598343,44.032845,43.907085,43.278965,43.485386,44.254475
47.638603,47.653473,47.06552,47.457794,47.414436,47.45027,47.546913,47.960827,47.52675,47.58257,47.256493,47.472324,47.417194,47.741524,47.970478,47.85185,47.79467,47.7769,47.808945,47.759846,47.74287,47.792126,47.681873,47.640793,48.10604,47.886444,47.529682,48.25042,47.73275,48.181046,48.06206
53.50122,53.41509,52.889137,53.582623,53.576904,53.399994,53.66041,53.64203,53.28265,53.58462,53.176403,53.34928,53.78723,53.32605,53.960842,53.897526,53.60681,53.78167,53.767544,53.89147,54.056892,53.6233,53.73447,53.805763,53.93185,53.233368,53.647903,53.93688,53.868103,53.898186,54.042736
47.882736,48.06667,47.96534,47.98363,47.4729,48.00627,47.932198,48.214878,48.47022,47.888477,48.28316,48.235825,47.778053,48.122856,48.086147,48.24303,48.47591,48.27996,48.25471,48.19627,48.017056,47.983143,48.42541,48.33796,48.75341,48.493996,48.180016,48.528877,48.595505,48.527126,48.248463
53.778076,53.93062,53.773735,54.145523,53.989777,54.042747,54.17236,53.980186,54.102215,54.152637,54.05463,54.145744,54.351105,53.8302,54.764225,54.188583,54.26977,54.285564,54.157074,54.709713,54.78818,54.199226,54.508553,54.446228,54.6879,54.077187,54.4029,54.413223,54.638184,54.659138,54.661297
40.45598,40.93571,41.354805,40.252487,40.792374,40.78391,40.702335,40.536537,41.09634,40.755302,40.815727,41.058876,40.87289,41.054626,40.8341,40.856712,41.3487,40.956886,40.993423,40.769897,40.69425,41.129955,41.296135,41.497627,40.772583,41.114494,41.498653,40.88046,41.100754,40.91266,41.096622
44.375034,44.803337,44.80104,44.483074,44.49814,44.613823,44.721878,44.825855,44.84433,44.46139,44.274963,44.724358,44.51001,44.899548,44.7429,45.084362,44.831303,44.89628,44.78365,44.662064,44.789406,44.82949,45.029957,44.96962,45.057564,45.02925,44.986053,45.015915,44.654182,44.96158,44.99636
41.26523,40.876293,41.124283,41.147976,41.30729,41.125427,41.37774,41.06455,40.48778,41.10951,40.783405,41.43337,41.497234,41.621925,40.98865,41.60367,41.36247,41.345776,41.12932,41.279995,41.22453,41.356544,41.15227,40.87265,40.959812,41.36036,41.59096,41.496044,41.216637,41.237183,41.532326
39.331375,39.32948,39.773003,39.38343,38.933884,39.153507,39.516632,39.30263,39.41252,39.21315,39.929543,39.954872,39.033646,39.6237,39.149506,39.84768,39.714085,39.32389,39.403202,39.49884,39.178425,39.524155,39.838463,39.298523,39.44799,40.14083,39.47369,39.935764,39.71444,39.811676,39.439476
42.19374,42.448524,41.999214,42.701485,42.293488,42.265068,42.553635,42.60738,42.219784,42.412437,42.00063,42.4822,42.622425,42.61098,42.48786,42.78915,42.605534,42.598797,42.345646,42.763424,42.786224,42.39616,42.79371,42.229195,42.977467,42.50715,42.391987,42.91527,42.214798,42.862778,42.659622
50.884743,50.87531,50.978027,50.978546,50.772453,51.184296,51.07316,51.35378,51.270905,51.054306,51.185863,50.95497,50.87098,51.157177,51.044323,51.34388,51.057377,51.343475,51.30728,51.013683,51.166748,51.23604,51.068172,51.27993,51.36591,51.52677,51.168556,51.63279,51.33857,51.271046,51.151848
36.197903,36.47236,36.674393,36.51835,36.838493,36.357975,36.866917,36.120537,36.230785,36.900578,36.689278,36.74804,37.009975,36.888943,36.724396,36.928463,36.737312,36.723083,36.86862,36.802055,36.744423,36.779343,36.98482,37.034554,36.636272,36.719788,37.224915,36.751972,36.79239,36.583122,37.471027
50.358196,49.84537,49.9439,50.30983,50.154633,49.852303,49.860924,50.10154,49.970173,50.016674,50.219315,50.0262,49.913788,50.12921,49.83537,50.09428,49.992733,50.283073,50.45529,50.261272,50.164204,50.284073,49.999187,50.12171,50.11122,50.37162,50.504704,50.2382,50.485085,50.21387,50.3928
53.28669,53.25393,53.659348,53.55945,53.400787,53.627666,53.877037,53.56721,53.499073,53.57715,53.47937,53.494766,53.716022,53.761192,53.969067,53.921463,54.003994,54.133945,53.77112,53.947613,54.097446,53.99678,53.8016,53.809517,54.072075,53.835686,54.20732,54.005756,53.882874,53.73404,54.18112
53.44378,53.45783,53.318375,53.554417,53.546906,53.589092,53.32175,53.556576,53.811787,53.669605,54.007656,54.013527,53.7265,53.46302,54.041107,53.304447,53.82944,53.378765,53.78556,54.152664,53.728043,53.266502,54.320915,53.86669,54.29063,54.05477,53.649582,53.81371,53.9641,54.52743,53.956226
39.9829,40.164043,40.059074,40.306103,39.961143,39.915855,39.712353,40.078728,40.120457,39.865944,39.68553,39.96601,40.301,40.76315,39.94404,40.608006,40.03386,40.159252,40.181843,39.94779,40.130714,40.033394,40.01154,40.184853,40.20677,40.233185,40.403522,40.48613,40.424282,40.43121,40.538788
42.926224,42.600285,42.448647,42.949936,42.931686,42.967014,42.555344,43.2308,43.100822,42.545723,42.78398,42.813946,42.8782,42.9839,42.766735,43.21666,43.125465,42.97874,42.988613,42.964973,43.028107,42.716568,42.910316,43.080116,43.083035,42.992577,43.2114,43.059692,43.11344,43.42458,42.937534
46.61059,47.069843,46.731506,47.26699,47.05542,46.98059,47.350796,47.175423,47.190628,47.349174,47.11354,46.93576,47.209976,47.023827,47.916,47.52881,47.144753,47.266068,47.214638,47.61921,47.93462,47.40858,47.479633,47.49244,47.73433,47.271294,47.26524,47.750412,47.423767,47.80987,47.81907
53.58492,53.688713,53.674004,53.543983,53.65619,53.676113,53.570663,53.60086,54.025772,53.82911,53.88167,53.387474,53.56992,53.76937,54.022507,53.617535,53.94122,54.079773,54.123478,54.068867,54.19037,54.180714,53.968388,54.040512,54.24553,54.09738,54.046715,53.894157,54.250683,54.109898,54.21836
49.050213,49.308147,48.66117,49.32496,49.14176,49.076954,49.055763,49.395958,49.29491,49.44886,48.840473,49.04782,49.264404,49.40797,49.10805,49.0383,49.248516,49.542137,49.306824,49.43053,49.573483,49.516228,49.26583,49.30339,49.84489,49.486076,49.39291,49.585335,49.258495,49.53431,49.498234
55.058056,55.21864,55.48194,55.106426,55.037872,55.324097,55.147007,55.26863,55.31702,55.00295,54.977993,54.982784,55.29453,55.342304,55.19219,55.268932,55.018894,55.332153,55.324707,54.969967,55.42441,55.837803,55.301506,55.735344,55.467445,55.434235,55.64122,55.390717,55.767452,55.41096,55.566277
47.700558,47.862705,48.2081,48.24125,47.98365,48.20579,48.19313,48.28833,48.18325,47.99162,47.93563,47.898907,48.221817,48.40668,48.411415,48.55204,48.09825,48.461014,48.26748,48.252163,48.5149,48.293026,48.217644,48.327103,48.544384,48.47129,48.54317,48.558746,48.13646,48.331245,48.61226
32.11877,32.1621,32.27037,31.546108,32.310684,32.24724,32.012787,31.978117,32.449482,31.952,32.355972,32.19041,32.050568,32.455223,31.748184,32.658585,32.22766,32.302998,32.386692,32.04145,32.002167,32.407623,32.04519,32.72911,31.939526,32.79577,32.69446,32.08627,32.660713,32.19757,32.551445
51.45132,51.582397,51.81433,51.433872,51.525078,52.00201,52.028496,52.024345,51.669746,51.773796,51.89816,51.699635,51.805965,51.776417,51.795223,52.088154,51.726578,51.780792,52.024006,51.596397,51.502064,51.828842,51.922092,52.103188,51.9768,52.26452,51.676254,52.370567,51.839767,51.774532,51.93893
51.79893,51.6497,51.02391,51.43727,51.694992,51.451244,51.336662,51.524612,51.71661,51.694897,51.52423,51.807163,51.67589,51.712288,51.633156,51.587677,51.95146,51.615013,51.68311,51.962513,51.98661,51.800056,51.98121,51.77571,52.00125,51.797295,51.763115,51.78519,52.167152,52.50095,51.870556
49.978214,50.204487,50.052032,50.210903,50.296455,50.352634,50.426826,50.26354,50.337955,50.37525,50.76302,50.052643,50.48513,50.144894,50.222008,50.34635,50.652596,49.938427,50.390247,50.56029,50.33099,50.531918,50.68746,50.788597,50.702766,50.72757,50.34615,50.571747,50.808395,50.78774,50.60176
49.644302,49.13014,49.50889,49.260223,49.553802,49.094425,49.298817,48.995415,49.158516,48.958424,49.76679,49.286892,49.124996,49.111603,48.846348,49.55466,49.440666,49.134335,49.591713,49.63437,49.28456,49.62472,49.54246,49.501144,49.076794,49.742813,49.72593,49.086628,49.927944,49.48082,49.582184
45.899445,45.626865,45.690254,46.09431,45.665306,45.89119,46.12743,45.955185,45.79561,46.198757,46.503963,46.0318,45.870914,45.79351,46.082863,45.764133,45.90889,46.31921,46.275764,46.231632,46.170673,46.326454,46.080704,46.082527,46.497646,46.300674,46.182068,46.2744,46.500988,46.078037,46.46905
49.461803,49.188835,49.35929,49.006027,49.413483,49.079937,48.814716,49.010063,49.257313,48.93048,49.391827,49.094612,49.277508,49.050804,49.17849,49.167103,49.274517,49.054264,49.53803,49.288124,49.209446,49.481846,49.46497,49.647636,48.955658,49.18699,49.49441,49.065804,49.816414,49.521454,49.385715
41.687355,41.75378,41.58091,42.036407,41.384796,41.76277,41.697678,42.158363,41.747818,41.742413,41.742413,41.927277,41.96001,42.02556,41.861317,41.959053,41.76153,41.955288,41.785213,41.81195,41.802784,41.93255,41.795795,41.830956,42.18473,42.075783,41.790997,42.492733,41.943073,42.110634,41.983963
53.4725,53.618492,53.481506,53.084393,53.46309,53.839108,53.72738,53.764217,53.902042,53.86827,54.014793,53.33919,53.3829,53.227753,53.839367,53.57848,53.611374,53.836372,54.043644,53.631626,53.741344,54.1247,53.622353,54.2554,53.789566,53.99904,53.601337,54.084606,54.344273,53.71323,53.766224
55.1497,55.19876,55.0468,55.274376,55.235992,55.333366,55.464943,55.470825,55.593376,55.629837,55.581436,55.288765,55.40546,55.616978,55.532543,55.785374,55.419193,55.853287,55.96729,55.578346,55.605408,55.3393,55.724174,55.802757,56.129494,55.82756,55.531216,55.85741,55.488853,55.61338,55.972763
38.562912,39.061417,38.46869,38.41915,38.712227,38.69385,38.733654,38.814632,39.096138,39.00089,38.699486,38.77138,38.904995,38.91477,39.24577,39.074257,39.227448,39.12978,39.049896,39.013954,39.085743,39.108303,39.024536,39.447662,39.17239,38.883736,39.070118,39.278217,39.290764,39.206795,39.35679
47.39502,47.48172,47.62509,47.656677,47.790123,47.65426,47.622353,47.487865,47.670483,47.71995,47.73003,47.666252,47.895275,47.755222,47.82877,47.73516,47.848003,47.8055,47.856304,48.07793,47.992283,47.6761,48.0459,47.846825,47.976795,47.925125,48.02627,47.78071,47.815983,47.97308,48.063675
48.744255,48.627346,48.707832,48.906616,48.728905,48.386486,48.23244,48.318275,48.578587,48.4158,48.440628,48.59824,48.808445,48.72745,48.574924,48.65117,48.351734,48.855858,48.95275,48.9682,48.832886,48.57017,48.595943,48.8263,48.755283,48.713676,49.24519,48.522606,49.244637,48.643112,49.27632
50.3151,49.999126,50.26439,50.365116,50.38169,50.299343,50.27535,50.31439,49.95548,50.145725,50.33948,50.116734,50.34848,50.31059,50.069744,50.288555,50.069675,50.25043,50.484314,50.417587,50.24645,50.45618,50.27355,50.247192,50.372963,50.73343,50.481796,50.398956,50.401524,50.333813,50.60455
51.06734,50.96036,51.572998,51.144585,50.784615,51.335632,51.383633,51.254433,51.558865,51.02034,51.950844,51.521965,50.907852,51.16706,51.327255,51.355347,51.73169,51.348507,51.397327,51.52908,51.350513,51.49033,51.868687,51.463036,51.819054,51.954468,51.514595,51.515224,51.797394,51.80097,51.395527
33.403442,33.77356,33.920704,33.962757,33.588333,33.598488,33.748,33.711964,33.608665,33.559986,33.70658,33.69904,33.906166,33.91265,33.916496,33.783783,34.018547,33.7951,33.72298,34.071888,33.81027,33.978058,33.99055,33.834984,34.119396,34.056866,34.138004,33.978493,33.84696,33.92613,34.308952
50.48715,50.30975,50.30446,50.493687,50.09533,50.607212,50.782642,50.893208,50.464443,50.543507,50.829815,50.49988,50.319542,50.492966,50.79153,50.60854,50.587856,50.752426,50.681267,50.659737,50.68428,51.12232,50.57709,50.70143,51.173916,51.170723,50.59928,51.17084,50.989937,50.944363,51.004166
37.445507,37.511765,37.362907,37.40825,37.24386,37.453857,37.405678,37.589634,37.64606,37.278976,37.46585,37.927418,37.460484,37.44553,37.40278,37.64717,37.752537,37.749672,37.38402,37.797104,37.62489,37.55536,37.713135,37.58287,37.739662,37.787323,37.730507,37.7345,37.72354,37.79463,37.49829
48.669437,48.588993,48.9401,49.460278,48.493866,49.04347,48.81439,49.200176,49.17339,48.88715,49.077263,48.80758,48.80216,49.096886,48.948982,48.940586,48.99509,49.458385,49.155956,49.079197,49.318874,48.90093,49.072422,48.7703,49.576157,49.141205,49.20434,49.362762,49.185772,49.151558,48.961437
49.807415,49.658325,49.688858,49.48163,50.174873,49.88843,49.641422,49.665604,49.681793,49.737774,49.57288,49.82744,50.153435,49.95549,49.697212,49.92259,49.709763,49.80089,50.021812,49.83167,49.86386,49.892506,49.92296,50.249504,49.759315,49.99267,50.277664,49.72613,50.070335,50.001606,50.23812
48.233864,48.09002,48.803886,48.035576,48.79146,48.4497,48.340748,48.13608,48.42932,48.429054,48.547928,48.48204,48.60715,48.910877,48.78876,48.76447,48.637985,48.54245,48.928825,48.492542,48.541027,48.535732,48.86926,48.926537,48.41375,48.837997,49.161274,48.471348,48.575657,48.785667,49.195282
55.42278,55.839813,56.18621,56.49987,55.421417,55.89502,55.886456,56.050457,56.426105,55.97284,56.208313,56.00907,55.88229,56.110382,56.10005,55.823532,56.423817,56.28877,56.0443,56.448242,56.3811,56.01006,56.51019,56.0691,56.92946,56.46113,56.397038,56.472637,56.246597,56.421364,56.13265
47.31922,47.088703,46.933388,47.36902,47.479736,46.906364,47.14313,47.257687,46.92076,47.119987,47.112286,47.085617,47.509003,47.245167,47.403442,47.64495,47.280983,47.143932,47.494194,47.44951,47.35064,47.38308,47.307915,47.630836,47.149178,47.1558,47.59218,47.55065,47.473946,47.52717,47.82082
43.101738,43.127228,42.94374,43.29171,43.316483,42.990192,43.264496,43.082233,43.24771,43.120758,43.680218,42.900032,43.08675,42.809772,43.076992,43.6092,43.185925,43.196293,43.541386,43.77283,43.314465,43.177437,43.174335,43.569687,43.286015,43.6176,43.388596,43.368717,43.700127,43.185074,43.6553
50.365932,50.699795,50.66667,50.53743,50.86496,50.417896,50.20527,50.243877,50.973904,50.81417,50.82545,50.721706,50.888462,50.886364,50.502415,50.79303,50.61829,50.52137,51.057194,50.77268,50.634293,50.310474,51.037746,51.26381,50.66219,50.8788,51.012684,50.74974,51.021023,50.943565,50.991837
45.175484,45.683388,45.19703,45.434887,44.904747,45.310905,44.898884,45.581966,45.944195,45.361748,45.399296,45.327995,45.23822,45.26321,45.733555,45.21108,45.382946,45.621174,45.465565,45.72116,45.68382,45.403297,45.4991,45.50225,45.896446,45.63521,45.166607,45.94417,45.796146,45.870953,45.331554
52.50961,52.885902,52.776306,52.707012,52.57283,52.720604,52.36062,52.43898,53.093273,52.631725,52.63184,52.66713,53.149017,53.088387,52.706665,52.739944,52.800686,52.851433,52.791096,52.939064,53.085632,52.977207,53.012653,53.235313,53.305325,53.016655,53.15928,52.778313,53.442345,53.200993,53.248608
45.130028,44.81273,45.251648,44.86564,45.350792,45.222927,45.04073,45.15552,44.9536,44.7116,44.939625,45.069912,45.357334,45.177578,45.281017,45.279842,45.451218,45.207718,45.405514,45.144295,45.085274,45.244896,45.458977,45.578835,45.195606,45.090614,45.775246,44.94759,45.26709,45.311794,45.61971
43.566063,43.892044,43.810036,43.251907,43.76744,43.3221,43.585884,43.348312,43.8167,43.509274,43.68441,43.90427,43.666416,43.687294,44.11222,43.99035,44.23389,43.612362,43.877583,44.1369,43.843433,43.884197,44.372684,44.221756,43.84127,43.9205,44.072155,43.787323,44.019123,44.28765,44.294098
53.04345,52.52002,52.744392,53.089237,52.99955,52.964073,53.081623,53.06524,52.859726,53.040276,53.341167,53.276478,53.195457,53.138546,53.36229,53.367023,53.25128,53.20633,53.441128,53.332943,53.200325,52.84372,53.50661,53.21659,53.47764,53.214302,53.310333,53.373425,53.255512,53.552612,53.577473
47.085773,47.698425,47.37623,47.510212,47.116844,47.407757,47.221317,47.62221,48.153004,47.531548,47.485214,46.998642,47.24444,47.431347,47.835003,47.34358,47.649117,48.033535,47.775017,47.789913,48.05244,47.948746,47.630516,47.958847,48.283504,47.732445,47.754486,47.81395,47.924976,47.7694,47.841278
41.136814,41.020073,41.555466,41.05054,41.315033,41.35615,40.93666,41.1566,41.7784,41.419815,41.849438,41.713654,41.164043,41.607296,41.139854,41.21985,41.645973,41.476963,41.611847,41.219757,41.276405,41.32348,41.67013,41.727127,41.23911,41.729584,41.928932,41.404472,41.71833,41.706493,41.287216
43.440243,43.58933,43.70884,43.662872,43.576256,43.720028,44.034065,43.792336,43.400486,43.670944,43.722294,43.38947,43.81197,43.57815,43.688576,43.982807,43.80436,43.91749,43.93597,43.867466,43.62334,43.97525,43.60961,43.96785,43.836407,43.96424,43.938293,44.123817,43.91104,43.348557,44.144302
59.984745,59.838005,60.141586,60.02353,59.64054,60.162758,59.50038,59.9475,60.07978,59.654663,59.881767,59.834812,60.09428,60.288948,59.89592,59.677586,59.590557,59.943005,60.1008,59.817738,60.01027,60.136055,60.02682,60.064247,60.51633,60.42653,60.15546,60.023476,60.66117,60.43508,60.337505
44.82419,45.07376,44.544037,45.03311,45.126457,45.249664,45.59998,45.50076,45.155098,45.490448,45.422806,45.061043,45.22578,44.87643,45.48596,45.535927,45.51761,45.29224,45.300186,45.6784,45.37669,45.38146,45.127464,45.657784,45.584908,45.68743,45.275898,45.983326,45.521008,45.41076,45.629066
53.92804,53.87724,53.68341,54.078003,53.879723,53.677185,53.96655,53.784813,54.040993,54.00319,54.20865,54.122433,53.94949,53.713654,54.274685,54.08156,54.37664,53.995255,54.14465,54.48318,54.49294,54.119076,54.64578,54.25081,54.414886,53.90908,54.18031,54.201576,54.601223,54.719536,54.277992
41.270943,41.88807,42.24108,41.827133,41.592506,41.725018,42.225746,41.801407,42.079174,42.117954,42.179504,42.12815,41.751137,42.239697,42.308434,42.371452,42.443256,42.049694,42.01152,42.11282,42.210648,42.18698,42.659122,42.11261,42.312855,42.41114,42.127224,42.62078,41.922188,42.453053,42.248016
46.18731,45.236687,45.88662,45.916294,45.811478,46.37079,45.4592,46.211864,45.898438,45.55038,45.953,46.28794,46.07764,46.4127,45.775806,45.795376,45.69188,46.222904,45.97679,45.724865,45.97396,45.859688,45.8762,45.61917,46.135807,46.352448,46.264908,45.90804,46.0443,46.42516,45.908054
50.779976,50.59981,50.67559,50.65152,50.910385,50.602123,50.855774,50.782063,50.531437,50.6821,50.515503,50.999508,50.916786,50.759922,50.838627,51.076435,50.970665,50.840595,50.911415,50.843437,50.955452,50.972523,51.198215,51.09147,50.746735,50.68032,51.16927,50.995712,50.85153,51.09787,51.00249
45.72358,46.296566,46.13285,45.992447,45.970688,46.26503,45.816334,46.249535,46.318535,45.835907,45.39203,45.83013,46.412018,46.481064,46.07225,46.14366,46.31359,46.103073,45.836056,45.955723,46.393375,46.48137,46.262135,46.359528,46.42097,46.168106,46.36574,46.336243,46.265125,46.596478,46.150314
60.14478,59.85807,60.160805,60.091785,60.059914,60.221794,60.229412,60.22066,60.503216,60.1168,60.66605,60.28869,60.014004,60.221664,60.183414,60.565594,60.623257,60.232555,60.493195,60.35248,60.43812,60.337757,60.706833,60.627113,60.564804,60.6222,60.532936,60.5279,60.829403,60.88608,60.35551
54.741554,54.482826,54.923943,54.5291,55.049065,54.997963,54.55158,54.76227,55.0179,54.635986,54.815994,54.887978,55.108418,54.975193,54.743656,54.944824,54.807163,54.835274,54.97578,54.67693,55.054016,55.062176,55.11318,55.44126,54.76228,54.948235,55.40667,54.737984,55.144447,55.248096,54.952076
51.62869,51.18219,51.629066,51.615894,51.520172,51.372288,51.120346,51.2996,51.43445,51.267914,51.360424,51.993526,51.73253,51.882,51.25008,51.26913,51.57135,51.564407,51.452568,51.46184,51.79055,51.755608,52.114098,51.50238,51.709984,51.5366,52.070957,51.27432,51.636974,52.166523,51.57276
48.454575,48.736736,48.360466,48.43294,48.60164,48.458298,48.899475,48.79395,48.57181,48.896954,48.635033,48.687054,48.87383,48.92804,49.080242,49.21865,49.183376,48.722538,48.964283,48.872692,48.686447,48.918427,48.996746,49.249306,49.047695,48.986275,48.86992,49.48818,48.903202,49.122128,49.395874
54.371708,54.015488,53.86818,54.252125,54.240524,54.179707,54.242077,54.374733,54.699017,54.651752,55.037823,54.610447,53.963963,54.190872,54.80671,54.323166,54.526794,54.581482,54.82213,54.750534,54.79376,54.522736,54.75382,54.796677,54.9363,54.82061,54.66187,54.747055,55.06891,55.2084,54.861763
53.04598,52.898018,53.29412,53.031498,53.312668,53.18183,52.900345,53.065205,53.35556,53.2376,53.103485,53.53263,53.324078,53.60062,53.110016,53.01928,53.41121,53.35699,53.243355,53.222767,53.5749,53.43229,53.836018,53.270973,53.394283,53.446747,53.6429,53.192783,53.02986,53.8431,53.130474
54.209393,54.499474,54.599213,54.49224,54.507637,54.46739,54.933064,54.42558,54.279087,54.84567,54.547665,54.786633,54.906136,54.508205,54.87468,54.720364,54.844715,54.672127,54.781498,54.861748,54.761887,54.666763,55.260788,54.848396,54.898117,54.60077,54.6999,55.05165,54.620934,54.74295,54.90705
47.976597,48.070774,47.77771,47.910812,48.015884,47.895504,47.931942,48.100624,48.26038,48.254208,47.975204,48.222885,48.07195,48.263577,48.53803,48.233448,48.2968,48.428818,48.332855,48.35631,48.536594,48.309975,48.43948,48.364563,48.503468,48.250572,48.332935,48.520195,48.303356,48.694515,48.522335
50.439247,50.298527,49.957695,50.44259,50.6065,50.475937,50.34189,50.600044,50.760338,50.585705,50.676487,50.31481,50.469917,50.217426,50.726936,50.44307,50.694416,50.75888,50.82295,50.88863,50.997444,50.666214,50.760517,50.939087,50.95655,50.53514,50.785625,50.597054,50.912,50.985622,50.7792
46.261234,46.37603,46.385185,46.222767,46.55915,45.991142,46.497513,46.085583,46.243565,46.655823,46.90074,46.04731,46.491848,46.077644,47.09937,46.686,46.692585,46.36719,46.956844,46.81995,46.585815,46.889385,46.52471,47.19873,46.16407,46.352997,46.773674,46.90158,47.202908,46.51376,47.250744
43.569695,43.188644,43.166847,43.220356,43.742287,43.49635,43.57155,43.42577,43.18213,43.319725,43.279564,43.431595,43.630016,43.475956,42.926117,43.81928,43.491814,43.684013,43.566425,43.50982,43.520813,43.727478,43.301575,43.720184,43.26836,43.63128,43.9778,43.401253,43.672863,43.30321,43.686115
44.330185,44.730713,44.664566,44.62992,44.478188,44.301353,44.588264,44.304085,44.5263,44.699825,44.362087,45.283028,44.8865,44.835434,44.560547,44.448902,45.090324,44.722572,44.31016,45.130733,44.961594,44.807808,45.402264,44.474518,44.99391,44.866646,44.890747,44.814423,44.419037,45.12739,44.645386
50.372616,50.431698,50.93318,50.408813,50.828728,50.636326,50.625828,50.374397,50.43761,50.506927,50.78042,50.75323,50.974792,50.543297,50.80965,50.797993,50.81779,50.3121,50.894245,50.74102,50.47638,50.42883,51.242756,51.082657,50.50189,50.66897,50.900887,50.706112,50.83427,50.86228,50.917107
45.15823,45.481712,45.57122,45.130848,45.50312,45.48624,45.554733,45.48104,45.731037,45.765224,45.738804,45.771877,45.551437,45.932575,45.65421,45.83937,46.14145,45.49319,45.666004,45.637123,45.59234,45.629623,46.200115,45.74193,45.69531,46.039375,45.580334,46.098003,45.425983,46.190464,45.56803
47.74657,48.093193,47.627167,47.82412,47.889038,47.402004,47.599213,47.657784,48.051098,47.832577,48.05692,47.733162,47.777096,47.877335,48.04675,48.24938,48.11602,47.545746,48.139774,48.316807,47.902866,47.776234,48.172337,48.289352,48.049026,48.25171,47.91936,48.29249,48.3911,48.499233,48.42183
44.185364,44.34441,44.570404,44.44552,44.126053,44.58469,44.855106,44.663185,44.3701,44.541683,44.698833,44.890358,44.557465,44.656597,44.23174,44.78203,44.475605,44.65038,44.455055,44.541042,44.35186,44.689735,44.669315,44.619873,44.846596,45.260506,44.62589,45.087902,44.502647,44.50497,44.673233
51.862812,51.72837,51.512756,51.570007,52.153366,51.96547,52.08815,51.908268,51.99084,52.26183,52.058876,52.120327,52.20051,52.012283,52.37177,52.133057,52.400864,52.296146,52.514694,52.149788,52.243706,52.04269,52.60718,52.6847,52.53066,51.925148,52.442764,52.110035,52.3215,52.446354,52.677834
44.37545,44.27695,44.09233,44.35789,44.325256,44.69974,44.45249,44.924854,44.78895,44.510796,44.524017,44.53533,44.5836,44.76083,44.828564,44.73585,44.78666,44.866684,44.610542,44.53026,44.90078,44.901127,44.679535,44.913948,45.113285,44.805542,44.809647,44.982456,44.771656,45.201706,44.84777
54.723793,54.857315,54.974495,54.744034,55.22695,54.672676,54.901424,54.562603,54.88717,55.26162,54.979256,54.921864,54.835056,54.874657,55.06021,54.876934,55.064465,54.92947,55.26013,55.189884,55.300205,55.149803,55.433594,55.146797,54.822163,55.049873,55.22851,55.11141,55.14507,55.27891,55.119293
55.198776,55.20425,55.39347,55.10228,54.873314,55.067158,54.704567,55.07223,55.322975,54.97654,54.79531,55.37033,55.093925,55.70345,55.303257,54.766296,55.24236,55.41544,55.123844,55.321167,55.52475,55.67097,55.516014,54.98111,55.77472,55.73533,55.520622,55.288445,55.380825,55.895077,55.491955
50.644646,50.80638,50.862457,51.040527,50.69802,50.986687,51.045185,51.00892,50.90274,51.274693,51.347668,51.120087,51.030796,50.98239,51.00274,50.664745,50.99195,50.920315,51.178493,51.011494,50.9144,51.06916,51.41517,51.166832,51.536736,51.377792,50.991516,51.410534,51.253365,51.313034,51.230213
55.771706,55.308365,55.470818,55.50237,55.804337,55.82206,55.549618,55.61765,55.52784,55.8798,55.69136,55.912224,55.81763,55.731697,55.65643,55.475266,55.4386,55.86337,55.90075,55.633812,55.980816,55.85864,55.904125,55.72625,55.733177,55.778084,55.878372,55.785213,55.99224,56.053932,55.72463
50.646732,51.149918,51.074562,51.177284,51.037827,51.422203,51.3888,51.509365,51.387688,51.345654,51.26337,50.896297,51.455307,51.10815,51.61273,51.357403,51.352375,51.331146,51.358624,51.417603,51.44764,51.44953,51.342606,51.81909,51.754124,51.547165,51.394516,51.852566,51.46576,51.41231,51.60653
50.68656,50.054535,50.04088,50.070004,50.220856,50.519188,50.430077,50.792168,50.608673,50.06599,50.356106,50.78509,50.044395,50.583767,50.37814,50.83715,50.74878,50.723183,50.417294,50.38676,50.74888,50.86669,50.66016,50.611954,50.857857,50.901863,50.826435,50.655277,50.795628,51.2919,50.578453
44.39663,44.371517,44.05387,44.43353,43.955757,44.29997,44.297768,44.45215,44.684147,44.418274,44.41981,44.663948,44.150665,44.414074,44.450104,44.519135,44.61569,44.839767,44.26732,44.64585,45.060787,44.834373,44.57164,44.326454,44.800728,44.545586,44.519382,44.841034,45.03813,45.060276,44.320168
51.049797,51.387962,51.62317,51.342987,51.139,51.601707,51.48003,51.623955,51.78612,51.332054,51.62603,51.4486,51.3648,51.751537,51.56869,51.717155,51.78081,51.456627,51.53708,51.60106,51.57563,51.53669,52.014633,51.58381,52.11412,52.192734,51.454292,51.938366,51.49018,52.09931,51.601475
54.60235,54.519897,54.42106,54.547634,54.779175,55.096046,54.937607,54.863293,54.939037,54.949562,55.036667,54.65388,55.0066,54.69488,54.879845,54.85303,54.926678,55.006638,54.94243,55.01598,55.216496,55.20858,54.90431,55.319397,55.284847,55.166817,55.09902,55.039856,55.435432,55.169067,55.149097
44.347282,44.745373,44.569077,44.65281,44.316338,44.509674,44.809723,44.620033,44.73173,45.113754,45.626293,45.091885,44.690628,44.503445,44.84044,44.6014,44.862286,44.367016,44.931572,45.0557,44.26558,44.608707,44.983856,45.18332,45.05426,45.506584,44.599136,45.508255,45.356945,44.99627,45.14945
51.08261,50.648445,50.756668,50.921543,51.40194,50.894455,51.038235,50.809246,50.706337,51.011196,50.928234,50.956955,51.33561,50.882786,51.43436,51.25312,50.95586,51.22801,51.319645,51.360744,51.588154,51.32958,51.22427,51.413193,50.997223,50.824677,51.57036,50.994617,51.381725,51.314922,51.68061
47.200718,47.68508,48.104706,47.254166,47.902145,47.560303,47.654186,47.22015,47.52522,47.883373,47.540047,47.686573,47.92117,47.442055,47.745483,47.211494,47.74326,47.740505,47.717327,47.877396,47.789265,48.224506,47.829132,48.217247,47.291145,47.797485,48.334568,47.671036,47.81265,47.33443,47.88241
42.47717,42.402893,42.329956,42.511505,42.4523,42.339592,42.330856,42.50336,42.528034,42.35371,42.55203,42.298874,42.393887,42.47169,42.588596,42.55435,42.766827,42.65266,42.63147,42.841972,42.69757,42.836426,42.406982,42.702805,42.64962,42.7845,42.934624,42.726135,43.000004,42.757122,42.927315
43.310753,42.86888,42.98587,43.18472,42.860977,42.832794,42.600727,42.893803,42.713104,42.66947,42.82056,43.23619,43.0255,43.04479,42.728134,42.614967,42.777756,43.058464,42.850414,43.09473,43.117188,43.388954,42.93006,42.733147,42.98558,43.129288,43.32419,42.90515,43.44481,43.27352,43.10742
41.49069,41.23559,41.21546,40.897583,41.03698,41.261223,40.917976,41.19867,41.509453,41.0151,41.513283,41.136066,40.829163,41.14491,41.027195,41.294983,41.32617,41.398518,41.430004,41.17342,41.28129,41.665726,41.038445,41.428062,41.056103,41.51616,41.413036,41.36134,42.210087,41.503166,41.217346
41.877388,42.0345,41.861626,42.214752,41.795624,41.749416,42.12469,42.08359,42.368896,42.063282,42.531307,42.300476,41.689163,41.93336,42.523678,42.32696,42.690464,42.16473,42.118374,42.79037,42.544926,42.29976,42.54296,42.248245,42.63128,42.592293,42.36608,42.60945,42.617466,42.92678,42.50113
50.03448,50.560585,50.447113,50.273308,50.376892,50.411842,50.851345,50.59145,50.48338,50.656216,50.597572,50.721813,50.440964,50.358673,50.50798,50.54948,50.980267,50.37752,50.463245,50.9205,50.466232,50.685303,51.070282,50.760582,50.9426,51.206856,50.56512,51.049957,50.333378,50.814762,50.635178
52.4444,52.387867,52.49063,52.846798,52.821404,52.631718,53.052372,52.76256,52.356674,52.903465,52.81315,52.52954,53.070942,52.613518,52.82144,53.11794,52.93837,52.737167,52.96287,52.905556,52.866493,52.891235,52.85904,53.166092,52.738605,52.684288,53.06482,53.27239,52.972965,52.739376,53.119724
44.074745,43.862675,43.800423,44.08638,43.97194,44.147163,44.03394,44.125927,44.001247,43.98132,44.051174,44.034637,44.242165,43.99951,43.79976,44.030907,43.952938,44.41284,44.052933,44.202854,44.33288,44.542046,43.831116,44.317116,44.254593,44.27986,44.520107,44.15414,44.563053,44.037422,44.31602
49.93147,49.60808,49.723724,49.813725,50.10209,50.45093,50.258953,50.22061,50.047222,50.247154,50.06173,49.81498,49.893097,50.129383,49.940876,50.058666,49.88063,50.66524,50.348507,50.11075,50.499233,50.43496,49.883682,50.073647,50.489746,50.58229,50.413334,50.179718,50.313354,50.076363,50.354305
47.326775,46.771904,46.801674,47.253483,47.458755,46.874123,47.260567,47.01077,46.936737,47.528587,47.32964,47.50648,47.385868,47.39164,47.47456,47.593357,47.457043,47.56471,47.53906,47.470493,47.72299,47.516697,47.375107,47.54242,47.10065,47.07808,47.92562,47.584793,47.69836,47.63181,47.812378
45.37323,45.53059,45.140144,45.660564,45.38762,45.56173,45.438427,45.545544,45.697643,45.553658,45.68335,45.581947,45.517555,45.267544,45.63031,45.46564,45.613903,45.521088,45.51172,45.93371,45.967834,45.52067,45.893383,45.563942,46.015873,45.66304,45.455658,45.750717,46.07632,46.169193,45.567554
51.97004,52.120865,51.975655,52.323635,51.750336,52.1248,52.15672,52.382683,52.47949,52.13272,52.46935,52.16473,52.004738,52.254547,52.39901,52.55125,52.484604,52.296234,52.44463,52.51155,52.31407,52.02364,52.513313,52.352722,52.895657,52.68257,52.159897,52.853725,52.648746,52.767742,52.501175
44.377,44.226345,44.10003,43.90046,44.377235,44.099167,44.565975,43.890854,44.31594,44.60793,44.974766,44.65261,44.01696,44.140957,44.519417,44.570915,44.507015,44.37393,44.56427,44.765575,44.72676,44.83588,44.68725,44.660004,44.414364,44.870872,44.581787,44.53536,45.236183,44.926853,44.90718
45.996117,45.735977,45.94185,45.92763,46.371704,45.80092,45.98198,45.715958,45.653374,46.20164,45.84248,46.224026,46.41729,46.243107,46.534054,46.1099,45.983242,46.381107,46.41135,46.332405,46.396904,46.26393,46.22101,46.421783,46.080418,46.00361,46.82901,46.095047,46.25545,46.181355,47.00669
55.763138,55.47647,55.436462,55.24772,55.88909,55.543205,55.419926,55.453274,55.512993,55.570423,55.543705,55.512165,55.675217,55.524963,55.75601,55.729755,55.538834,55.536964,55.932636,55.690247,55.757015,55.875813,55.631783,56.11773,55.440304,55.735123,55.996117,55.71303,56.283665,55.96642,56.083233
46.354008,46.809643,46.39363,46.986637,46.073364,46.583454,46.781834,47.156887,47.004906,46.688557,46.683006,46.79592,46.371716,46.68484,46.818382,47.063343,46.898327,46.830215,46.632736,46.83696,46.983917,46.719387,47.067413,46.6727,47.386395,47.012413,46.430058,47.608173,46.85894,47.358654,46.566864
43.37276,44.00663,43.9003,43.678677,43.929283,43.93363,44.19907,43.907352,44.10508,44.073837,43.81307,43.953167,43.922848,43.965347,44.40456,44.178642,44.064445,44.063362,43.892742,44.22845,44.543858,44.439537,44.43085,44.367165,44.431084,44.372833,44.23577,44.289177,44.03197,44.510204,44.446987
52.21099,51.913773,51.93624,51.838085,51.926933,52.17045,51.83329,52.09946,52.28767,52.07956,52.43847,51.91398,52.000946,52.084118,52.202557,51.82714,51.974453,52.31401,52.387794,52.131237,52.361732,52.71131,52.16028,52.419212,52.491306,52.48961,52.256935,52.17114,52.75515,52.531765,52.4467
45.21571,45.348763,45.13343,45.317886,45.220337,44.762283,45.206142,45.090252,45.171894,45.363728,45.325977,45.619797,45.219257,45.42414,45.652054,45.324738,45.577065,45.37168,45.54819,45.829414,45.459564,45.33509,45.96955,45.342735,45.82639,45.63064,45.48067,45.578266,45.25296,45.874466,45.95527
43.289,43.68267,43.39753,43.873013,43.153824,43.712276,43.523125,43.98638,44.064175,43.565277,43.76703,43.844368,43.727345,43.729534,43.835236,43.633663,43.852573,43.893867,43.613102,44.012142,43.895798,43.624107,44.060043,43.84459,44.65785,44.138435,43.7043,44.119305,43.77791,44.23226,43.8695
45.640194,45.906082,45.51297,45.491566,45.988182,45.47477,45.7136,45.366127,45.428726,45.851284,45.405945,45.72851,46.053284,45.543163,46.037334,45.845234,45.689655,45.753387,45.969254,46.070442,45.98179,45.8037,46.03283,46.087715,45.698654,45.5038,45.916393,45.82071,46.097702,45.857098,46.2947
48.250484,48.057938,48.061752,48.1304,47.832245,48.201748,48.317585,48.5661,48.205833,47.996307,48.28889,47.891525,47.77336,48.361618,47.974865,48.822598,48.261845,48.344604,48.449474,47.998116,48.105087,48.497154,48.006786,48.24379,48.335648,48.704247,48.151173,48.8881,48.624477,48.405697,48.330833
53.826035,53.95617,54.041534,54.06111,54.05549,53.961872,54.18735,54.18912,54.17576,54.1828,54.242012,54.06935,53.986004,54.129414,53.916447,54.35593,54.231014,54.11733,54.36956,54.17521,54.12179,54.16274,54.496147,54.396576,54.33055,54.506706,54.236057,54.52573,54.039074,54.325153,54.180225
42.56214,42.610287,42.76124,42.506027,42.855034,42.569572,42.762043,42.322598,42.49068,42.8917,42.94849,42.69552,42.96296,42.874866,42.99924,42.95799,42.845203,42.641747,42.856213,42.94112,42.952785,43.189255,42.781776,43.09292,42.525146,42.979515,43.13416,43.04772,43.417347,43.034424,43.387806
45.18102,45.29713,45.54007,45.09666,45.11622,45.210285,45.350456,45.359528,45.510834,45.193832,45.29933,45.492466,45.16881,45.476757,45.13854,45.588646,45.82326,45.615505,45.34731,45.387066,45.42646,45.81074,45.541378,45.63247,45.336773,45.680237,45.81909,45.69497,45.532787,45.482372,45.321415
59.318806,58.995426,59.660126,59.170433,59.3015,59.65027,59.33645,59.448586,59.300537,59.196156,59.508102,59.338,59.428833,59.22711,59.463543,58.9432,59.40102,59.359993,59.51904,59.249466,59.45888,59.93889,59.677597,59.754723,59.59205,59.623962,59.82435,59.360363,59.848816,59.676777,59.537968
48.15839,48.194588,48.336906,48.06779,48.346367,48.42805,48.346638,48.230247,48.247684,48.50052,48.343643,48.41284,48.33507,48.3725,48.17818,48.118053,48.36862,48.48936,48.464527,48.389774,48.438442,48.587925,48.571907,48.36815,48.44741,48.676956,48.511032,48.473,48.465847,48.44891,48.370335
50.388428,50.64416,50.666412,50.84203,50.649994,50.447235,50.526043,50.30713,50.48979,50.75751,50.394566,50.896694,50.993828,50.90444,50.58394,50.312103,50.760403,50.819977,50.603527,51.17978,50.99295,50.771282,51.108196,50.54811,51.190437,51.003586,51.081028,50.676964,50.64783,50.91557,51.07082
53.680252,53.76221,53.807648,53.861755,53.78093,53.548,53.593224,53.72571,53.883442,53.57606,53.855206,53.605667,53.94756,53.67982,53.825584,53.966793,54.24058,53.639015,53.997707,54.045948,53.837704,53.898003,54.138226,54.32972,53.87834,53.76452,54.166977,54.035732,54.26237,54.12717,54.03309
46.129967,45.985115,46.013397,46.57354,46.261368,46.08418,46.324196,46.34886,45.875763,46.23906,46.235435,46.456448,46.72029,46.40519,46.31208,46.313206,46.383736,46.21918,46.289482,46.472195,46.361515,46.40327,46.684525,46.440384,46.676647,46.341537,46.58381,46.536545,46.182243,46.63937,46.73615
36.675106,37.492928,37.773407,37.07036,37.362198,37.48254,37.623386,37.16891,37.793903,37.472675,37.633293,37.611473,37.603897,37.792206,37.986214,37.906654,37.85004,37.47081,37.470745,37.7433,37.776146,37.672504,38.089245,38.125572,37.96388,38.10328,37.985874,37.747646,37.714203,38.037308,38.258236
54.0878,53.89293,54.211212,54.376408,54.25007,54.619926,54.407936,54.737507,54.194935,54.191936,54.2035,54.014164,54.448658,54.250095,54.217556,54.456505,54.348473,54.441338,54.434406,54.2336,54.377,54.414803,54.274517,54.44655,54.433796,54.46463,54.48186,54.749577,54.310314,54.335327,54.202675
56.83735,56.717533,56.22142,56.955307,56.695053,56.688625,57.08569,56.97507,56.86661,57.226208,57.06465,56.904034,56.7395,56.675915,57.486774,56.788166,57.297935,57.250053,57.02809,57.664173,57.700714,57.399857,57.318813,56.857353,57.756783,57.213562,56.92746,57.45518,57.2674,57.70529,57.35237
53.09399,53.201294,52.8435,53.152855,52.92491,52.89688,52.956356,53.246456,53.51597,53.077206,53.286682,52.923885,52.823044,52.968388,53.61856,53.355297,53.392105,53.16104,53.262836,53.4922,53.731186,53.643215,53.344418,53.54416,53.51575,53.362274,53.28615,53.67834,53.940147,54.036163,53.472626
45.367496,45.465652,45.158142,45.88577,44.974434,45.242672,45.224995,45.58648,45.829308,45.368977,45.443073,45.454754,45.26138,45.637234,45.70388,45.408108,45.734097,45.940365,45.441277,45.88713,46.259243,45.87513,45.898945,45.304794,46.434464,45.62317,45.62318,45.771194,45.83049,46.309017,45.69539
50.5789,50.68759,50.848206,50.930843,50.762108,50.9086,51.312263,51.100414,51.01726,51.01346,51.195225,51.034332,51.02766,51.09118,51.37522,51.63495,51.67431,51.17856,51.301617,51.30605,51.16189,50.84523,51.65621,51.30773,51.551918,51.1978,51.176476,51.628864,51.022533,51.44524,51.38919
52.930332,53.124603,52.934418,53.120186,52.913406,53.04513,53.063343,53.331593,53.21554,53.213463,53.066017,53.25861,53.289375,53.094536,53.463554,52.960712,53.35599,53.1999,53.241055,53.21142,53.40904,53.43485,53.814095,53.470055,53.728916,53.10373,53.15228,53.527634,53.182144,53.77623,53.25753
43.28699,43.475964,43.451866,42.91736,43.557915,42.944107,43.289566,42.909306,42.9556,43.37582,43.071373,43.414825,43.642612,43.299335,43.461483,43.091515,43.50248,43.487274,43.532734,43.65334,43.28014,43.96068,43.444275,43.920654,43.229115,43.480568,44.055508,43.271065,43.552685,43.093155,44.161484
45.972782,45.867046,46.09977,45.728146,45.67668,46.350677,45.545826,46.335175,46.20601,45.686188,45.511105,45.971592,45.978287,46.642963,45.830437,45.792534,45.703964,46.368797,45.857994,45.61509,46.136036,46.538914,45.77369,45.85771,46.361702,46.64361,46.221733,46.188297,45.99759,46.38255,46.021477
38.344746,37.932354,37.73958,37.989937,38.139915,38.213287,38.236427,38.351063,38.24278,38.231827,38.44284,38.61042,37.97898,38.222366,37.976818,38.350613,38.4187,38.49463,38.128983,38.465668,38.42357,38.609383,38.063385,38.277374,38.30315,38.822754,38.604366,38.513332,38.63376,38.612003,38.338875
66.6952,66.945465,66.44888,66.88747,66.971596,66.61821,66.91185,66.92035,66.752075,66.984764,66.63115,66.67722,67.02608,66.431564,67.161835,66.86018,66.99097,66.69258,67.07352,67.398415,67.21935,66.87164,67.48248,67.126396,67.294624,66.84617,66.66083,67.28309,66.84452,67.3555,66.99353
45.47485,45.82071,45.88041,45.141308,45.884018,45.56844,45.36022,45.241985,45.950157,45.835274,45.661083,45.822178,45.83632,45.914776,45.696846,45.4885,45.587234,45.790237,45.88433,45.658455,45.88022,46.228218,45.924313,46.440613,45.66546,46.03945,46.336887,45.562088,46.16682,45.930786,46.2168
43.492878,43.55295,43.335762,43.16223,43.13536,43.573772,43.02542,43.740532,43.881966,43.22838,43.104694,43.435944,43.26797,43.743126,43.67651,43.468098,43.387203,43.89315,43.49191,43.330074,43.81054,43.95015,43.369972,43.652573,43.83311,43.767235,43.670807,43.76083,43.873478,44.011158,43.631554
48.176464,48.30083,47.790955,48.318386,48.171074,48.12187,47.917812,48.01425,47.972446,48.3857,47.94251,48.32363,48.48111,48.125122,48.10021,47.81884,47.778183,48.109726,47.929634,48.536694,48.607468,48.417343,48.100807,47.922325,48.257534,48.382393,48.045048,48.473442,48.632748,48.591938,48.18495
48.994617,48.84128,49.018288,49.187344,48.74916,48.908157,49.02446,49.12896,49.000713,49.18444,49.30095,49.176487,48.832497,49.27736,49.15357,49.26368,49.016197,49.219112,49.26396,49.144173,49.188145,49.22123,49.111916,48.929466,49.210148,49.535103,49.107895,49.758656,49.393486,49.433098,49.254204
43.49094,43.288185,43.320328,43.498806,42.964355,43.171375,43.22569,43.378414,43.245983,43.31261,43.559376,43.437862,43.091618,43.611195,43.458904,43.38036,43.17535,43.683567,43.512905,43.73564,43.452618,43.70189,43.087624,43.05304,43.72416,44.20353,43.47985,43.89202,43.80922,43.570805,43.927204
51.543335,51.576714,51.24067,51.926598,51.48638,51.71403,51.491936,51.82035,51.694107,51.497307,51.44334,51.253197,51.711815,51.613388,51.342854,51.816944,51.43272,51.798843,51.752365,51.818356,51.87903,51.548717,51.49662,51.61886,52.06718,51.823402,51.629383,51.91832,52.01815,51.771152,51.73642
47.936466,48.486458,48.215767,47.978783,48.50228,47.701836,47.82675,47.412186,47.90412,48.211338,47.75049,48.098072,48.64582,48.111156,48.166565,48.184395,47.948467,47.805065,48.15136,48.468422,48.376793,48.242523,48.392868,48.506393,47.716995,47.96543,48.36597,48.12929,48.575813,48.289516,48.54114
32.981464,32.967167,32.71212,32.99338,33.20411,32.938416,33.05786,32.906033,33.048332,33.277817,32.97027,33.334652,33.32891,33.175037,33.193283,33.41663,33.51308,33.56927,33.14643,33.443676,33.539566,33.22714,33.08878,33.329735,32.952232,32.893646,33.684303,33.37273,33.52747,33.22413,33.365788
47.34661,47.065845,47.508194,47.14035,47.488525,47.352844,47.261497,47.215996,47.262806,47.36078,47.78264,47.41699,47.51794,47.62122,47.66433,47.560463,47.293865,47.170692,47.663177,47.30564,47.381065,47.771824,47.511913,47.90567,47.303436,47.825928,47.818417,47.62562,48.001728,47.897903,48.08992
51.29109,51.168114,51.47637,51.381012,51.694992,51.32342,51.358353,51.067207,50.852074,51.60799,51.477123,51.351433,51.95229,51.24657,51.540524,51.065437,50.92889,51.236805,51.627686,51.473015,51.39109,51.799843,51.271458,51.942894,51.118515,51.454193,51.945824,51.483643,51.96554,51.215282,52.10433
38.883816,39.031307,39.38604,38.856686,38.796204,39.60451,38.82782,39.414234,39.6274,38.649418,38.825684,39.250393,39.31365,39.66451,38.846386,39.269814,39.58452,39.609066,39.01695,39.00272,39.13313,39.21902,39.23155,39.33129,39.587597,39.58467,39.66247,39.19778,39.22644,39.32834,39.0477
47.18618,46.9512,46.766754,46.97837,47.23925,46.981327,46.953045,47.146664,47.078503,46.721313,47.13913,46.827026,47.100624,46.801502,46.861355,47.501476,47.256824,47.001137,47.36725,47.308342,46.987705,46.981884,47.080097,47.553368,47.034756,47.15806,47.357563,47.130238,47.527,47.18466,47.34512
43.399364,43.171246,42.93165,43.22162,43.400314,43.024323,43.229897,43.35892,43.043213,43.21367,43.034706,43.28995,43.26656,43.33276,43.380287,43.268394,43.566277,43.459126,43.30253,43.60278,43.596954,43.84535,43.39706,43.342896,43.45527,43.468826,43.688255,43.463245,43.342445,43.701466,43.689342
53.2001,52.832706,53.379852,53.086,53.3767,53.214096,53.084427,52.994984,53.149,53.116184,53.020145,53.408714,53.411552,53.518326,53.028763,53.453445,53.389366,53.484455,53.404373,53.140915,53.443512,53.39247,53.363384,53.560364,53.025528,53.21852,54.06436,53.241913,53.650448,53.365494,53.45381
46.124462,46.43228,46.19526,46.236794,46.17816,46.15344,46.175674,46.145493,46.302044,46.1839,46.358738,46.331005,46.320694,45.95936,46.35717,46.202343,46.324665,46.2057,46.421303,46.717728,46.34219,46.143906,46.73531,46.40068,46.60963,46.45603,46.167934,46.393677,46.5397,46.528687,46.43737
43.81917,43.951527,43.783974,43.87468,43.721542,43.936634,43.96529,44.12212,44.08684,44.072506,43.9089,44.329746,43.97172,44.08026,44.079617,43.97987,44.187054,44.28397,43.99779,44.089996,44.195152,44.249683,44.26586,44.202843,44.391796,44.23973,44.25352,44.409027,44.198017,44.38047,44.15668
49.455948,49.685764,49.56785,49.336193,49.74507,49.55429,49.40141,49.41948,49.81305,49.72209,49.415623,49.778515,49.734356,49.766056,49.731537,49.573387,49.72379,49.8405,49.777058,49.891506,49.98101,49.779346,50.005642,49.90326,49.85849,49.87484,49.96926,49.70381,49.796585,50.015278,49.88661
41.561153,41.94773,41.336205,41.5177,41.498634,41.350174,41.871403,41.8764,41.72584,41.79117,41.58757,41.760143,41.534264,41.56729,41.98607,41.98014,42.04808,41.862507,41.846004,41.90208,41.882244,42.168655,42.060776,42.174026,42.095837,41.821648,41.806004,42.271317,41.91439,42.106415,42.133507
38.481804,38.973434,38.9692,38.43494,38.792915,38.59142,38.863605,38.557655,39.386665,38.877876,39.449947,38.768856,38.485798,38.87022,38.96762,39.335224,39.370224,38.91379,39.235073,39.16804,38.980186,39.094376,39.335735,39.567,39.08521,39.445328,39.220222,39.071735,39.388584,39.25831,39.375023
44.167404,44.374107,43.717407,44.43987,43.874153,44.240707,44.463634,44.581448,44.228535,44.462116,44.32962,44.35205,44.41224,44.05696,44.447018,44.443058,44.38199,44.611618,44.463326,44.593067,44.385445,44.312675,44.328888,44.53785,44.91106,44.374992,44.207085,44.983845,44.780403,44.389683,44.62951
54.807053,54.34036,53.95111,54.37427,54.802246,54.52615,54.568165,54.544395,54.479073,54.60922,54.687824,54.628456,54.594227,54.141716,54.506554,54.788887,54.706505,54.536,54.734955,54.86874,54.948277,54.680515,54.779316,54.830734,54.477386,54.45507,54.631226,54.72413,55.193558,55.082962,54.529415
52.326866,52.267334,52.867973,52.476555,52.633057,52.735584,52.8425,52.64175,52.372883,52.79324,52.593327,52.789417,52.884415,52.902115,52.997303,52.628525,52.92212,52.80411,52.841057,52.5991,52.80428,53.005234,53.13711,52.897133,52.861485,52.811317,53.119728,53.016113,52.64848,52.93825,53.036484
42.31482,42.240578,42.084282,42.696712,42.025505,42.349243,42.275948,42.577324,42.49163,42.18507,42.20836,42.89702,42.402134,42.651585,42.49576,42.849636,42.450733,42.64099,42.130093,42.765526,42.897003,42.22248,42.617302,42.04371,42.850315,42.722763,42.449642,42.944695,42.56632,43.162224,42.409035
49.878185,49.68211,49.919586,49.902294,49.877586,49.76942,49.786266,49.763065,50.060413,50.07247,50.183655,50.103214,49.932003,50.172432,50.02598,50.18374,50.026283,50.210476,50.25967,50.01784,50.255592,50.120197,50.203243,50.216125,50.006332,50.102898,50.343723,50.27022,50.396065,50.3297,50.2252
52.10366,51.846016,51.6056,52.258965,51.8332,51.7226,51.833115,51.977047,52.172836,51.753582,52.23689,52.12478,52.064617,51.922623,52.17248,52.493885,52.212852,52.179203,52.30968,52.58165,52.293816,51.772625,52.29015,52.36859,52.56893,52.178795,52.335075,52.271984,52.661057,52.536808,52.602367
57.44305,56.97731,57.033318,57.570255,57.871452,57.58427,57.422493,57.510536,57.2026,57.571728,57.302536,57.399548,57.863987,57.460167,57.500805,57.63386,57.436146,57.634033,57.85659,57.72664,57.772705,57.100414,57.74156,57.545654,57.61924,57.33718,57.737965,57.567795,57.440582,57.6901,57.67175
36.639866,36.36318,36.98877,36.63948,36.52153,36.543617,36.54994,36.58367,36.71922,36.196175,36.750202,36.828953,36.41068,36.99149,36.35092,37.041206,36.90786,36.966328,36.76532,36.725864,36.669342,36.845863,36.782658,36.684685,36.700447,37.143784,37.340725,36.633305,36.81426,36.77248,36.946762
55.65292,55.418175,55.50212,55.57566,56.158195,55.565437,55.557533,55.54912,55.220234,55.563976,55.33332,55.310078,56.018997,55.764057,55.958294,56.02644,55.467564,55.407043,55.9798,55.82658,55.849438,55.63783,55.816307,55.844124,55.487667,55.675316,55.83296,55.831955,55.70531,56.027046,56.23292
48.95605,49.027218,49.209366,49.110905,48.51654,49.018295,48.71848,49.05247,49.257828,49.099976,48.975616,49.30741,48.789448,49.50124,49.006332,48.65662,48.851948,49.45514,48.96069,49.073067,49.42301,49.561546,49.16376,48.665024,49.5646,49.713593,49.147865,49.44147,49.28243,49.550323,49.055683
49.796753,49.709126,49.50141,50.08599,49.95147,50.014084,50.076916,50.143135,49.881115,50.515846,50.228947,49.90633,50.16675,50.14545,50.082382,50.06681,49.87779,50.22349,50.146027,50.16594,50.367306,50.354458,49.835995,50.06797,50.168686,50.387238,50.030373,50.76554,50.24532,50.27287,50.199406
41.155895,41.388912,41.68844,41.717854,41.16239,41.62454,41.515224,41.663654,41.69138,41.508713,41.511803,41.572945,41.69784,41.74581,41.560234,41.6294,41.88362,41.90723,41.501648,41.528847,41.76436,41.851635,41.59215,41.814926,41.77984,41.605904,42.08273,42.023247,41.973656,41.6407,41.63967
56.836514,56.292446,57.15452,56.66039,56.439705,57.12985,56.665703,56.96801,56.860565,56.32005,56.759758,57.164085,56.633556,56.850708,56.218094,56.62565,56.869728,56.97449,56.6634,56.463913,56.794895,57.008972,57.13329,56.65451,56.88493,57.070602,57.11354,56.73703,56.9414,57.045933,56.195694
40.858913,41.180607,41.179802,40.85296,41.02884,40.949615,40.671562,40.783436,41.412876,41.061993,41.356804,40.98855,41.147503,41.332764,41.362316,40.814148,41.259777,41.142765,41.370457,41.347298,41.211636,41.397118,41.448845,41.574623,41.610832,41.56888,41.502426,41.018322,41.580914,41.579327,41.837063
51.561768,51.334675,51.488045,51.151424,51.912254,51.651943,51.77231,51.54386,51.172012,51.514427,51.266167,51.495808,51.809967,51.563286,51.555508,51.781746,51.791737,51.608112,51.75742,51.61326,51.614758,51.918377,51.72346,51.93229,51.42726,51.67272,52.031948,51.663643,51.700108,51.632214,51.9412
51.59431,50.95373,51.31916,51.46851,51.787933,51.284275,51.357033,51.18225,51.199795,51.57852,51.899963,51.554638,51.63887,51.51605,51.488914,51.685726,51.463696,51.574425,52.19911,51.63838,51.362225,51.157516,51.699875,51.884514,51.42016,51.52108,52.038586,51.480778,51.93286,51.51734,52.16476
40.379154,40.780605,40.78103,40.80372,40.318687,40.60686,40.64706,40.648067,40.846317,40.822884,41.010548,40.84209,40.648457,40.892723,40.685387,40.519295,40.70291,40.901947,40.812225,40.993565,40.73098,40.915684,40.924427,40.772873,41.33543,41.436707,40.850273,41.072433,40.947395,40.890995,41.131435
49.85995,50.49029,50.644524,50.01119,50.208275,50.241,49.8257,50.10327,50.630436,49.875683,49.891506,49.954105,50.23481,50.549854,50.05783,50.32155,50.34533,50.07935,50.20527,50.3514,50.274696,50.33699,50.4535,50.46425,50.39349,50.843155,50.477528,50.32218,50.33123,50.567314,50.33878
48.828793,48.32877,48.829475,48.452938,48.734505,48.57402,48.60862,48.576508,48.41,48.177166,48.73459,48.730335,48.628838,48.699223,48.0925,48.98926,48.620003,48.597824,48.92309,48.54171,48.22802,48.72158,48.651665,49.035988,48.4674,49.06675,49.235725,48.528957,48.957752,48.50038,49.02407
48.89109,48.72421,48.41726,48.698647,48.471603,48.50729,48.49023,48.780445,48.69641,48.66372,48.56312,48.927807,48.842056,49.083347,48.55666,48.553307,48.74343,49.049465,48.80674,48.827408,48.848873,49.253532,48.87457,48.90065,49.37854,49.151176,49.065575,48.88717,48.951015,49.116333,49.253597
51.675053,51.015285,51.653862,51.809494,51.637115,51.62883,51.594006,51.667183,51.466717,51.598442,51.954002,51.481873,51.607685,51.802666,51.947033,52.05266,51.503735,51.95859,52.178448,51.69549,51.87079,51.67387,51.562653,51.77446,51.629486,51.793594,52.106792,52.031002,52.11217,51.80276,52.186665
45.945404,45.9733,45.943283,46.291046,45.690613,45.71762,45.992107,46.05096,45.89381,45.680687,46.05378,46.018574,45.99517,46.136356,46.126,46.503597,46.08619,46.039196,46.19876,46.379604,46.030293,45.853546,46.343857,45.969536,46.537174,46.371437,46.010666,46.424606,46.15768,46.375416,46.54119
44.25968,44.228912,44.1296,44.08081,44.082565,44.000847,44.11455,44.031868,44.2624,44.16348,44.799675,43.974106,44.185757,43.892216,44.720123,44.39316,44.292786,44.234604,44.691853,44.624153,44.275024,44.504673,44.224655,44.83233,44.35421,44.43196,44.410423,44.532265,45.247734,44.430435,45.018974
39.728786,39.684593,39.568504,40.055134,39.167778,39.88655,39.664124,40.352455,39.950825,39.222122,39.585712,39.872726,39.515118,39.84205,39.368816,40.048958,40.197956,39.959045,39.57212,39.81849,39.638866,39.62741,39.781467,39.54538,40.286827,40.108154,39.830273,40.253483,39.955627,40.09979,39.486786
44.777504,45.108303,45.00074,44.785583,45.038864,45.008568,44.693394,44.940914,45.415726,45.202194,44.83428,45.567516,45.196827,45.648415,44.99491,44.989265,45.031536,45.233574,45.019787,45.051723,45.336945,45.20376,45.520916,45.323418,45.4793,45.60853,45.449947,45.219578,45.01263,45.745537,45.294846
62.869324,62.532753,62.88138,62.999897,63.03076,62.934128,62.886585,63.01312,62.90451,63.02407,62.99166,63.109158,63.040253,63.025185,63.0279,62.861336,63.088448,63.083824,63.290936,63.103867,63.235954,62.90213,63.7081,62.98736,63.373966,63.069054,63.120102,63.11369,62.728848,63.479282,62.958992
58.598125,58.499187,58.559235,58.65128,58.451797,58.89595,59.023376,58.747543,58.63105,58.95887,58.74287,58.896267,58.90556,58.767445,59.016327,58.761322,59.045437,59.163906,58.90665,58.984303,59.18819,59.07798,59.1221,58.88748,59.372906,58.894737,58.992805,59.20218,59.301754,59.102688,59.0777
51.134087,51.16486,51.010757,50.837517,51.19085,50.99252,50.96546,51.23886,51.09705,51.001587,51.064793,51.243988,51.13919,51.000645,51.047417,51.472652,51.195736,50.75615,51.342323,50.949745,50.81502,50.991055,51.39498,51.628845,50.83155,51.1576,51.112858,51.563656,51.426353,51.493816,51.093605
